cat_Sex,con_Length,con_Diameter,con_Height,con_Whole_weight,con_Shucked_weight,con_Viscera_weight,con_Shell_weight
M,0.455,0.365,0.095,0.514,0.2245,0.101,0.15
M,0.35,0.265,0.09,0.2255,0.0995,0.0485,0.07
F,0.53,0.42,0.135,0.677,0.2565,0.1415,0.21
M,0.44,0.365,0.125,0.516,0.2155,0.114,0.155
I,0.33,0.255,0.08,0.205,0.0895,0.0395,0.0636
I,0.425,0.3,0.095,0.3515,0.141,0.0775,0.12
F,0.53,0.415,0.15,0.7775,0.237,0.1415,0.33
F,0.545,0.425,0.125,0.768,0.312,0.1495,0.26
M,0.475,0.37,0.125,0.5095,0.2165,0.1125,0.165
F,0.55,0.44,0.15,0.8945,0.3145,0.151,0.32
F,0.525,0.38,0.14,0.6065,0.194,0.1528,0.2052
M,0.43,0.35,0.11,0.406,0.1675,0.081,0.135
M,0.49,0.38,0.135,0.5415,0.2175,0.095,0.19
F,0.523,0.405,0.145,0.6845,0.2725,0.171,0.205
F,0.47,0.355,0.1,0.4755,0.1675,0.0805,0.1537
M,0.5,0.4,0.13,0.6034,0.258,0.133,0.1862
I,0.355,0.28,0.102,0.2905,0.095,0.0395,0.115
F,0.44,0.34,0.1,0.451,0.188,0.087,0.13
M,0.365,0.295,0.08,0.2555,0.097,0.043,0.1
I,0.45,0.32,0.1,0.381,0.1705,0.075,0.115
M,0.355,0.28,0.095,0.2455,0.0955,0.062,0.075
I,0.38,0.275,0.1,0.2255,0.08,0.049,0.085
F,0.562,0.44,0.155,0.964,0.4275,0.214,0.27
F,0.55,0.415,0.135,0.7635,0.318,0.21,0.2
F,0.615,0.48,0.165,1.1615,0.5347,0.301,0.305
F,0.56,0.44,0.14,0.9285,0.3825,0.188,0.3
F,0.58,0.445,0.163,0.9955,0.41259999999999997,0.272,0.285
M,0.59,0.445,0.14,0.931,0.356,0.234,0.28
M,0.605,0.474,0.18,0.9365,0.394,0.219,0.295
M,0.575,0.425,0.14,0.8635,0.393,0.227,0.2
M,0.58,0.47,0.165,0.9975,0.3935,0.242,0.33
F,0.68,0.56,0.165,1.639,0.6055,0.2805,0.46
M,0.665,0.525,0.165,1.4012,0.5591,0.3575,0.4039
F,0.68,0.55,0.175,1.798,0.8891,0.3788,0.455
M,0.714,0.55,0.2,1.7095,0.7078,0.4115,0.49
M,0.465,0.355,0.105,0.4795,0.227,0.124,0.125
F,0.54,0.423,0.151,1.217,0.5305,0.3075,0.34
F,0.45,0.355,0.105,0.5225,0.237,0.1165,0.145
F,0.575,0.45,0.135,0.883,0.381,0.2035,0.26
M,0.355,0.29,0.1,0.3275,0.134,0.086,0.09
F,0.45,0.335,0.105,0.425,0.1865,0.091,0.115
F,0.55,0.425,0.135,0.8515,0.362,0.196,0.27
I,0.24,0.175,0.06,0.07,0.0315,0.0235,0.02
I,0.205,0.15,0.055,0.042,0.0255,0.015,0.012
I,0.21,0.15,0.05,0.042,0.0175,0.0125,0.015
I,0.39,0.295,0.095,0.203,0.0875,0.045,0.075
M,0.47,0.37,0.12,0.5795,0.293,0.227,0.10729999999999999
F,0.46,0.375,0.12,0.4605,0.1775,0.11,0.15
I,0.325,0.245,0.07,0.161,0.0755,0.0255,0.045
F,0.525,0.425,0.16,0.8355,0.3545,0.2135,0.2434
I,0.52,0.41,0.12,0.595,0.2385,0.111,0.19
M,0.4,0.32,0.095,0.3144,0.1335,0.06,0.1
M,0.485,0.36,0.13,0.5415,0.2595,0.096,0.16
F,0.47,0.36,0.12,0.4775,0.2105,0.1055,0.15
M,0.405,0.31,0.1,0.385,0.173,0.0739,0.11
F,0.5,0.4,0.14,0.6615,0.2565,0.1755,0.1986
M,0.445,0.35,0.12,0.4425,0.192,0.0955,0.135
M,0.502,0.385,0.135,0.5895,0.2765,0.12,0.17
I,0.245,0.19,0.06,0.086,0.042,0.014,0.025
F,0.505,0.392,0.125,0.583,0.246,0.13,0.175
M,0.45,0.345,0.105,0.4115,0.18,0.1125,0.135
M,0.505,0.405,0.11,0.625,0.305,0.16,0.175
F,0.53,0.41,0.13,0.6965,0.302,0.1935,0.2
M,0.425,0.325,0.095,0.3785,0.1705,0.08,0.1
M,0.52,0.4,0.12,0.58,0.234,0.1315,0.185
M,0.475,0.355,0.12,0.48,0.234,0.1015,0.135
M,0.565,0.44,0.16,0.915,0.354,0.1935,0.32
F,0.595,0.495,0.185,1.285,0.416,0.224,0.4304
F,0.475,0.39,0.12,0.5305,0.2135,0.1155,0.17
I,0.31,0.235,0.07,0.151,0.063,0.0405,0.045
M,0.555,0.425,0.13,0.7665,0.264,0.168,0.275
F,0.4,0.32,0.11,0.353,0.1405,0.0985,0.1
F,0.595,0.475,0.17,1.247,0.48,0.225,0.425
M,0.57,0.48,0.169,1.185,0.474,0.261,0.38
F,0.605,0.45,0.195,1.098,0.481,0.2895,0.315
F,0.611,0.475,0.15,1.0075,0.4425,0.221,0.28
F,0.604,0.475,0.14,0.944,0.3949,0.1736,0.315
F,0.588,0.47,0.15,0.922,0.363,0.2058,0.2866
F,0.539,0.425,0.14,0.788,0.296,0.1595,0.285
F,0.615,0.475,0.17,1.1025,0.4695,0.2355,0.345
F,0.575,0.445,0.14,0.941,0.3845,0.252,0.285
M,0.62,0.51,0.175,1.615,0.5638,0.298,0.675
F,0.52,0.424,0.165,0.9885,0.396,0.2267,0.32
M,0.595,0.475,0.16,1.3175,0.408,0.234,0.58
M,0.58,0.45,0.14,1.013,0.38,0.216,0.36
F,0.57,0.465,0.18,1.295,0.339,0.2225,0.5048
M,0.625,0.465,0.14,1.195,0.4825,0.205,0.4041
M,0.56,0.44,0.16,0.8645,0.3305,0.2075,0.26
F,0.46,0.355,0.13,0.517,0.2205,0.114,0.165
M,0.575,0.45,0.16,0.9775,0.34650000000000003,0.231,0.33
M,0.565,0.425,0.135,0.8115,0.341,0.1675,0.255
M,0.555,0.44,0.15,0.755,0.307,0.1525,0.26
M,0.595,0.465,0.175,1.115,0.4348,0.254,0.39
F,0.629,0.495,0.165,1.262,0.5134,0.318,0.39
M,0.695,0.54,0.19,1.494,0.5905,0.33590000000000003,0.485
F,0.665,0.525,0.195,1.606,0.5755,0.3432,0.48
M,0.535,0.435,0.15,0.725,0.269,0.1385,0.25
M,0.47,0.375,0.13,0.523,0.214,0.132,0.145
M,0.47,0.37,0.13,0.5225,0.198,0.133,0.165
F,0.475,0.375,0.125,0.5785,0.2775,0.085,0.155
I,0.36,0.265,0.095,0.2315,0.105,0.046,0.075
M,0.55,0.435,0.145,0.843,0.328,0.1915,0.255
M,0.53,0.435,0.16,0.883,0.316,0.164,0.335
M,0.53,0.415,0.14,0.724,0.3105,0.1675,0.205
M,0.605,0.47,0.16,1.1735,0.4975,0.2405,0.345
F,0.52,0.41,0.155,0.727,0.291,0.1835,0.235
F,0.545,0.43,0.165,0.802,0.2935,0.183,0.28
F,0.5,0.4,0.125,0.6675,0.261,0.1315,0.22
F,0.51,0.39,0.135,0.6335,0.231,0.179,0.2
F,0.435,0.395,0.105,0.3635,0.136,0.098,0.13
M,0.495,0.395,0.125,0.5415,0.2375,0.1345,0.155
M,0.465,0.36,0.105,0.431,0.172,0.107,0.175
I,0.435,0.32,0.08,0.3325,0.1485,0.0635,0.105
M,0.425,0.35,0.105,0.393,0.13,0.063,0.165
F,0.545,0.41,0.125,0.6935,0.2975,0.146,0.21
F,0.53,0.392,0.115,0.5915,0.233,0.1585,0.18
F,0.49,0.375,0.135,0.6125,0.2555,0.102,0.22
M,0.44,0.34,0.105,0.402,0.1305,0.0955,0.165
F,0.56,0.43,0.15,0.8825,0.3465,0.172,0.31
M,0.405,0.305,0.085,0.2605,0.1145,0.0595,0.085
F,0.47,0.365,0.121,0.4205,0.163,0.1035,0.14
I,0.385,0.295,0.085,0.2535,0.103,0.0575,0.085
F,0.515,0.425,0.14,0.766,0.304,0.1725,0.255
M,0.37,0.265,0.075,0.214,0.09,0.051,0.07
I,0.36,0.28,0.08,0.1755,0.081,0.0505,0.07
I,0.27,0.195,0.06,0.073,0.0285,0.0235,0.03
I,0.375,0.275,0.09,0.238,0.1075,0.0545,0.07
I,0.385,0.29,0.085,0.266,0.112,0.061,0.08
M,0.665,0.535,0.16,1.7255,0.744,0.2635,0.54
F,0.682,0.54,0.165,1.959,0.6623,0.3607,0.78
M,0.595,0.48,0.165,1.262,0.4992,0.283,0.41
F,0.44,0.35,0.125,0.4035,0.175,0.063,0.129
F,0.34099999999999997,0.26,0.09,0.1915,0.085,0.036,0.062
I,0.35,0.26,0.095,0.211,0.086,0.056,0.068
I,0.265,0.2,0.065,0.0975,0.04,0.0205,0.028
I,0.425,0.33,0.115,0.406,0.1635,0.081,0.1355
F,0.305,0.23,0.08,0.156,0.0675,0.0345,0.048
M,0.345,0.255,0.09,0.2005,0.094,0.0295,0.063
F,0.405,0.325,0.11,0.3555,0.151,0.063,0.117
M,0.375,0.285,0.095,0.253,0.096,0.0575,0.0925
F,0.565,0.445,0.155,0.826,0.3428,0.2055,0.2475
F,0.55,0.428,0.132,0.741,0.2939,0.145,0.2665
M,0.65,0.52,0.181,1.3445,0.519,0.306,0.4465
M,0.56,0.455,0.155,0.797,0.34,0.1671,0.2425
M,0.475,0.375,0.13,0.5175,0.2075,0.1165,0.17
F,0.49,0.38,0.125,0.549,0.245,0.1075,0.1658
I,0.46,0.35,0.12,0.515,0.224,0.108,0.1565
I,0.28,0.205,0.08,0.127,0.052,0.039,0.042
I,0.175,0.13,0.055,0.0315,0.0105,0.0065,0.0125
I,0.17,0.13,0.095,0.03,0.013,0.008,0.01
M,0.59,0.475,0.145,1.053,0.4415,0.262,0.325
F,0.605,0.48,0.185,1.1185,0.469,0.2585,0.335
F,0.662,0.515,0.196,1.3715,0.5065,0.305,0.4167
F,0.605,0.485,0.16,1.0565,0.37,0.2125,0.355
F,0.565,0.45,0.135,0.9885,0.387,0.1495,0.31
M,0.515,0.405,0.135,0.722,0.32,0.131,0.21
F,0.575,0.46,0.19,0.994,0.392,0.2425,0.34
M,0.645,0.524,0.215,1.514,0.546,0.2615,0.635
F,0.58,0.455,0.17,0.9075,0.3756,0.2135,0.285
F,0.575,0.462,0.165,1.124,0.2985,0.1785,0.44
M,0.605,0.465,0.165,1.056,0.4215,0.2351,0.34
F,0.605,0.485,0.16,1.222,0.53,0.2575,0.28
M,0.61,0.495,0.175,1.2445,0.544,0.297,0.3464
F,0.725,0.612,0.19899999999999998,2.141,0.65,0.384,1.005
M,0.65,0.545,0.23,1.752,0.5605,0.31179999999999997,0.815
M,0.725,0.574,0.19,2.55,1.0359,0.5169,0.725
F,0.725,0.57,0.175,2.124,0.9523,0.4515,0.5879
F,0.68,0.57,0.206,1.842,0.7528,0.408,0.5395
F,0.705,0.56,0.204,1.981,0.8175,0.311,0.76
F,0.68,0.515,0.175,1.6185,0.5704,0.409,0.62
M,0.695,0.55,0.204,1.9565,0.8069,0.541,0.5607
F,0.53,0.395,0.145,0.775,0.308,0.169,0.255
M,0.525,0.435,0.155,1.065,0.486,0.233,0.285
F,0.52,0.405,0.115,0.776,0.32,0.1845,0.22
I,0.235,0.16,0.04,0.048,0.0185,0.018,0.015
I,0.36,0.26,0.09,0.1785,0.0645,0.037,0.075
I,0.315,0.21,0.06,0.125,0.06,0.0375,0.035
I,0.315,0.245,0.085,0.1435,0.053,0.0475,0.05
I,0.225,0.16,0.045,0.0465,0.025,0.015,0.0109
M,0.58,0.475,0.15,0.97,0.385,0.2165,0.35
M,0.57,0.48,0.18,0.9395,0.399,0.2,0.295
M,0.64,0.51,0.175,1.368,0.515,0.266,0.57
F,0.56,0.45,0.148,1.0235,0.429,0.268,0.3
F,0.62,0.475,0.175,1.0165,0.4355,0.214,0.325
F,0.645,0.51,0.182,1.5675,0.6815,0.367,0.46
M,0.623,0.49,0.19,1.218,0.5212,0.2965,0.355
F,0.63,0.48,0.15,1.0525,0.392,0.336,0.285
F,0.63,0.5,0.185,1.383,0.54,0.3177,0.38
F,0.63,0.48,0.16,1.199,0.5265,0.335,0.315
F,0.585,0.46,0.17,1.0165,0.365,0.271,0.29
M,0.615,0.48,0.18,1.1595,0.4845,0.2165,0.325
M,0.61,0.487,0.17,1.0225,0.419,0.2405,0.36
M,0.58,0.46,0.15,0.927,0.276,0.1815,0.342
I,0.355,0.275,0.085,0.22,0.092,0.06,0.15
F,0.52,0.4,0.14,0.8145,0.459,0.1965,0.195
M,0.5,0.405,0.155,0.772,0.346,0.1535,0.245
F,0.505,0.41,0.15,0.644,0.285,0.145,0.21
M,0.618,0.5,0.185,1.3035,0.4445,0.2635,0.465
M,0.56,0.45,0.16,0.922,0.432,0.178,0.26
M,0.585,0.46,0.149,0.922,0.3635,0.213,0.285
F,0.45,0.345,0.12,0.4165,0.1655,0.095,0.135
M,0.5,0.4,0.165,0.825,0.254,0.205,0.2861
F,0.5,0.4,0.145,0.63,0.234,0.1465,0.23
F,0.53,0.435,0.17,0.8074,0.2985,0.155,0.275
M,0.42,0.335,0.115,0.369,0.171,0.071,0.12
F,0.44,0.34,0.14,0.482,0.186,0.1085,0.16
I,0.4,0.3,0.11,0.315,0.109,0.067,0.12
I,0.435,0.34,0.11,0.3784,0.1495,0.085,0.12
F,0.525,0.415,0.17,0.8325,0.2755,0.1685,0.2777
I,0.37,0.28,0.095,0.2655,0.122,0.052,0.08
F,0.49,0.365,0.145,0.6345,0.1995,0.1625,0.22
M,0.335,0.25,0.09,0.181,0.0755,0.0415,0.06
F,0.415,0.325,0.105,0.38,0.1595,0.0785,0.12
M,0.5,0.405,0.14,0.6155,0.241,0.1257,0.205
F,0.485,0.395,0.16,0.66,0.24760000000000001,0.128,0.235
M,0.55,0.405,0.14,0.8025,0.244,0.1635,0.255
M,0.45,0.35,0.13,0.46,0.174,0.111,0.135
I,0.405,0.3,0.12,0.324,0.1265,0.07,0.11
M,0.47,0.36,0.135,0.501,0.1665,0.115,0.165
F,0.415,0.305,0.13,0.32,0.1305,0.0755,0.105
F,0.445,0.325,0.125,0.455,0.1785,0.1125,0.14
F,0.47,0.35,0.145,0.5175,0.187,0.1235,0.18
F,0.437,0.375,0.15,0.5755,0.22,0.144,0.19
F,0.445,0.355,0.15,0.485,0.181,0.125,0.155
I,0.425,0.38,0.105,0.3265,0.1285,0.0676,0.1
F,0.5,0.37,0.135,0.45,0.1715,0.1055,0.155
F,0.39,0.29,0.092,0.3055,0.121,0.082,0.09
I,0.365,0.27,0.085,0.205,0.078,0.0485,0.065
F,0.58,0.465,0.165,1.1015,0.404,0.2095,0.35
F,0.53,0.415,0.14500000000000002,0.783,0.2935,0.158,0.245
M,0.555,0.445,0.135,0.836,0.336,0.1625,0.275
M,0.565,0.44,0.175,0.9025,0.31,0.193,0.325
M,0.625,0.504,0.215,1.4455,0.496,0.287,0.435
I,0.275,0.215,0.075,0.1155,0.0485,0.029,0.035
I,0.44,0.35,0.135,0.435,0.1815,0.083,0.125
I,0.295,0.225,0.08,0.124,0.0485,0.032,0.04
I,0.075,0.055,0.01,0.002,0.001,0.0005,0.0015
I,0.13,0.1,0.03,0.013,0.0045,0.003,0.004
I,0.11,0.09,0.03,0.008,0.0025,0.002,0.003
I,0.16,0.12,0.035,0.021,0.0075,0.0045,0.005
M,0.565,0.425,0.16,0.9425,0.3495,0.2185,0.275
I,0.27,0.2,0.07,0.1,0.034,0.0245,0.035
I,0.23,0.175,0.065,0.0645,0.026,0.0105,0.02
I,0.3,0.23,0.08,0.1275,0.0435,0.0265,0.04
I,0.33,0.255,0.085,0.1655,0.063,0.039,0.06
I,0.35,0.26,0.085,0.1911,0.0705,0.0451,0.06
I,0.32,0.245,0.08,0.1585,0.0635,0.0325,0.05
I,0.36,0.275,0.085,0.1975,0.0745,0.0415,0.07
I,0.305,0.245,0.075,0.156,0.0675,0.038,0.045
I,0.345,0.27,0.11,0.2135,0.082,0.0545,0.07
I,0.33,0.25,0.105,0.1715,0.0655,0.035,0.06
M,0.59,0.47,0.18,1.1235,0.4205,0.2805,0.36
F,0.595,0.455,0.155,1.1244,0.5135,0.2165,0.3
F,0.585,0.46,0.185,1.094,0.4485,0.217,0.345
M,0.6,0.495,0.165,1.2415,0.485,0.2809,0.34
M,0.56,0.445,0.175,1.011,0.3835,0.2052,0.37
M,0.56,0.45,0.157,1.07,0.3805,0.175,0.41
M,0.545,0.46,0.16,0.8975,0.317,0.1655,0.345
F,0.635,0.505,0.17400000000000002,1.415,0.605,0.297,0.365
F,0.59,0.458,0.16,1.1015,0.4775,0.2555,0.295
F,0.54,0.475,0.155,0.928,0.394,0.194,0.26
F,0.57,0.44,0.125,0.865,0.3675,0.1725,0.27
M,0.53,0.422,0.165,0.8945,0.319,0.239,0.245
I,0.245,0.195,0.06,0.095,0.0445,0.0245,0.026
M,0.27,0.2,0.08,0.1205,0.0465,0.028,0.04
F,0.46,0.38,0.159,0.639,0.3,0.1525,0.16
M,0.52,0.45,0.15,0.895,0.3615,0.186,0.235
M,0.35,0.275,0.11,0.2925,0.1225,0.0635,0.0905
M,0.47,0.39,0.15,0.6355,0.2145,0.0885,0.255
F,0.45,0.36,0.125,0.4995,0.2035,0.1,0.17
M,0.64,0.525,0.215,1.3744,0.4535,0.2855,0.55
M,0.59,0.5,0.2,1.187,0.412,0.2823,0.37
M,0.62,0.485,0.205,1.1376,0.3875,0.2505,0.385
M,0.644,0.505,0.225,1.4153,0.6245,0.3335,0.4131
M,0.63,0.515,0.155,1.0939,0.4105,0.197,0.41
M,0.655,0.54,0.215,1.844,0.7547,0.4092,0.585
F,0.66,0.53,0.185,1.3485,0.493,0.245,0.49
M,0.639,0.5,0.24,1.7136,0.5936,0.3345,0.69
M,0.68,0.54,0.205,1.484,0.6204,0.3115,0.4652
F,0.515,0.425,0.135,0.712,0.2665,0.1495,0.25
F,0.535,0.415,0.185,0.8415,0.314,0.1585,0.3
I,0.36,0.285,0.105,0.2415,0.0915,0.057,0.075
F,0.462,0.355,0.12,0.4495,0.177,0.104,0.15
M,0.485,0.395,0.14,0.6295,0.2285,0.127,0.225
M,0.515,0.38,0.175,0.9565,0.3625,0.158,0.31
F,0.535,0.415,0.17,0.879,0.295,0.1965,0.285
M,0.53,0.435,0.155,0.699,0.288,0.1595,0.205
F,0.495,0.4,0.155,0.6445,0.242,0.1325,0.205
M,0.44,0.355,0.125,0.4775,0.132,0.0881,0.19
F,0.535,0.435,0.16,0.8105,0.3155,0.1795,0.24
M,0.54,0.435,0.18,0.996,0.3835,0.226,0.325
F,0.565,0.505,0.21,1.2765,0.501,0.32180000000000003,0.355
M,0.61,0.471,0.165,1.116,0.428,0.2205,0.315
F,0.565,0.455,0.175,1.013,0.342,0.207,0.35
M,0.6,0.495,0.195,1.0575,0.4411,0.19,0.375
I,0.295,0.215,0.085,0.128,0.049,0.034,0.04
I,0.275,0.205,0.075,0.1105,0.043000000000000003,0.0285,0.035
I,0.28,0.21,0.085,0.1065,0.039,0.0295,0.03
M,0.49,0.395,0.14,0.549,0.2215,0.1275,0.15
M,0.37,0.28,0.105,0.234,0.0905,0.0585,0.075
F,0.405,0.305,0.095,0.3485,0.1455,0.0895,0.1
F,0.54,0.435,0.175,0.892,0.322,0.174,0.335
M,0.37,0.28,0.1,0.252,0.1065,0.0595,0.074
M,0.36,0.27,0.1,0.217,0.0885,0.0495,0.0715
F,0.47,0.36,0.13,0.472,0.1701,0.114,0.15
I,0.2,0.145,0.06,0.0352,0.0125,0.0095,0.011
I,0.165,0.12,0.03,0.0215,0.007,0.005,0.005
M,0.65,0.515,0.24,1.5415,0.471,0.369,0.535
M,0.55,0.41,0.125,0.7605,0.2505,0.1635,0.195
M,0.57,0.443,0.145,0.9055,0.3925,0.2355,0.275
F,0.63,0.485,0.19,1.2435,0.4635,0.3055,0.39
M,0.56,0.433,0.14,0.971,0.443,0.2045,0.265
M,0.595,0.455,0.195,1.3305,0.4595,0.3235,0.345
M,0.62,0.47,0.2,1.2255,0.381,0.27,0.435
M,0.63,0.485,0.185,1.3,0.4857,0.2945,0.46
I,0.45,0.355,0.11,0.4585,0.194,0.067,0.14
F,0.635,0.535,0.19,1.242,0.576,0.2475,0.39
I,0.45,0.35,0.1,0.3675,0.1465,0.1015,0.12
F,0.58,0.455,0.155,0.8365,0.315,0.1828,0.32
I,0.33,0.255,0.095,0.1593,0.066,0.0255,0.06
I,0.265,0.21,0.06,0.0965,0.0427,0.022,0.03
I,0.19,0.145,0.04,0.038,0.0165,0.0065,0.015
M,0.385,0.31,0.1,0.2845,0.1065,0.075,0.1
I,0.265,0.205,0.07,0.1055,0.039,0.041,0.035
M,0.335,0.265,0.105,0.222,0.0765,0.056,0.075
I,0.355,0.275,0.09,0.2396,0.097,0.053,0.08
I,0.32,0.255,0.1,0.1755,0.073,0.0415,0.065
M,0.51,0.4,0.13,0.6712,0.27,0.1665,0.205
M,0.36,0.295,0.105,0.241,0.0865,0.053,0.095
I,0.36,0.28,0.09,0.2255,0.0885,0.04,0.09
M,0.5,0.38,0.155,0.5955,0.2135,0.161,0.2
F,0.4,0.325,0.12,0.3185,0.134,0.0565,0.095
I,0.3,0.22,0.077,0.121,0.0475,0.042,0.035
I,0.235,0.175,0.04,0.0705,0.0335,0.015,0.02
F,0.74,0.568,0.207,1.5947,0.598,0.4085,0.4934
M,0.62,0.465,0.19,1.3415,0.5705,0.3219,0.377
M,0.6,0.482,0.19,1.0875,0.403,0.2655,0.325
F,0.59,0.45,0.185,1.2772,0.473,0.276,0.425
M,0.62,0.475,0.185,1.325,0.6045,0.2965,0.33
F,0.565,0.45,0.195,1.0124,0.406,0.2505,0.285
M,0.587,0.455,0.145,1.165,0.581,0.2275,0.30369999999999997
F,0.62,0.51,0.205,1.3475,0.4775,0.2565,0.48
M,0.62,0.465,0.185,1.274,0.5748,0.3065,0.32
I,0.505,0.375,0.136,0.568,0.2325,0.1495,0.17
F,0.46,0.425,0.155,0.746,0.3005,0.152,0.24
M,0.49,0.39,0.132,0.707,0.2795,0.2185,0.18
M,0.525,0.42,0.16,0.756,0.2745,0.173,0.2455
I,0.34,0.26,0.08,0.2,0.08,0.0555,0.055
I,0.375,0.305,0.115,0.2715,0.092,0.074,0.09
M,0.61,0.48,0.15,1.2,0.56,0.2455,0.3492
F,0.61,0.495,0.161,1.153,0.536,0.2865,0.245
F,0.585,0.45,0.17,0.8685,0.3325,0.1635,0.27
F,0.57,0.46,0.14,0.9535,0.4465,0.2065,0.245
M,0.58,0.455,0.17,0.93,0.408,0.259,0.22
M,0.635,0.515,0.17,1.275,0.509,0.286,0.34
M,0.7,0.55,0.205,1.8168,0.7415,0.49,0.4677
M,0.675,0.525,0.185,1.587,0.6935,0.336,0.395
F,0.645,0.516,0.19,1.8085,0.7035,0.3885,0.5430999999999999
M,0.745,0.592,0.215,2.499,0.9265,0.5446,0.7
F,0.685,0.545,0.18,1.768,0.7495,0.4076,0.485
M,0.605,0.49,0.182,1.2657,0.5568,0.287,0.35
F,0.59,0.465,0.15,0.997,0.392,0.246,0.34
F,0.657,0.525,0.181,1.4225,0.61,0.3204,0.445
F,0.6,0.48,0.15,1.029,0.4085,0.2705,0.295
F,0.62,0.5,0.175,1.186,0.4985,0.3015,0.35
M,0.641,0.515,0.16,1.016,0.4007,0.244,0.355
M,0.58,0.465,0.145,0.887,0.3995,0.1702,0.265
F,0.58,0.455,0.12,1.0735,0.479,0.2735,0.265
M,0.63,0.49,0.18,1.13,0.4726,0.2765,0.315
F,0.705,0.56,0.179,1.719,0.8017000000000001,0.3475,0.47400000000000003
F,0.65,0.545,0.165,1.566,0.6645,0.3455,0.415
F,0.7,0.565,0.195,1.6525,0.692,0.3265,0.5
F,0.707,0.58,0.186,1.787,0.585,0.453,0.6
F,0.7,0.575,0.17,1.31,0.5095,0.314,0.4197
M,0.685,0.52,0.15,1.2807,0.4635,0.292,0.4
F,0.675,0.545,0.195,1.8087,0.6845,0.3695,0.605
M,0.63,0.49,0.17,1.1775,0.4935,0.3365,0.285
F,0.585,0.45,0.16,1.077,0.4995,0.2875,0.25
M,0.565,0.465,0.175,0.995,0.3895,0.183,0.37
F,0.618,0.495,0.185,1.1135,0.3705,0.3135,0.33
M,0.6,0.47,0.18,1.1405,0.3755,0.2464,0.385
M,0.54,0.42,0.145,0.8283,0.33,0.189,0.25
M,0.485,0.4,0.135,0.663,0.313,0.137,0.2
M,0.47,0.375,0.12,0.5565,0.2214,0.122,0.195
M,0.545,0.425,0.14200000000000002,0.8445,0.373,0.191,0.235
F,0.455,0.37,0.105,0.4925,0.216,0.1245,0.135
M,0.526,0.42,0.155,0.7385,0.3515,0.1568,0.215
M,0.46,0.38,0.135,0.482,0.207,0.1225,0.145
M,0.49,0.42,0.125,0.609,0.239,0.1435,0.22
I,0.465,0.375,0.12,0.471,0.222,0.119,0.14
I,0.415,0.325,0.1,0.3215,0.1535,0.0595,0.105
M,0.475,0.375,0.125,0.593,0.277,0.115,0.18
F,0.47,0.375,0.125,0.5615,0.252,0.137,0.18
I,0.365,0.295,0.095,0.25,0.1075,0.0545,0.08
I,0.345,0.275,0.095,0.1995,0.0755,0.0535,0.07
I,0.39,0.31,0.1,0.302,0.116,0.064,0.115
F,0.5,0.395,0.14,0.7155,0.3165,0.176,0.24
M,0.47,0.38,0.145,0.5865,0.2385,0.144,0.185
M,0.535,0.44,0.15,0.6765,0.256,0.1255,0.26
M,0.573,0.455,0.15,0.9953,0.4355,0.2026,0.31
F,0.485,0.365,0.12,0.5885,0.27,0.131,0.175
M,0.515,0.455,0.135,0.7225,0.309,0.1625,0.235
F,0.435,0.325,0.11,0.4335,0.178,0.0985,0.155
F,0.515,0.415,0.14,0.6935,0.3115,0.152,0.2
I,0.44,0.345,0.12,0.365,0.1655,0.083,0.11
F,0.525,0.44,0.15,0.8425,0.3685,0.1985,0.2324
M,0.45,0.355,0.11,0.479,0.2125,0.1045,0.15
M,0.59,0.485,0.12,0.911,0.39,0.182,0.29
M,0.555,0.45,0.145,0.915,0.4,0.246,0.285
M,0.57,0.44,0.095,0.827,0.3395,0.2215,0.235
M,0.59,0.5,0.165,1.1045,0.4565,0.2425,0.34
M,0.585,0.475,0.12,0.945,0.4683,0.2115,0.2304
F,0.58,0.46,0.12,0.9935,0.4625,0.2385,0.28
M,0.545,0.44,0.12,0.8565,0.3475,0.1715,0.24
F,0.605,0.495,0.17,1.2385,0.528,0.2465,0.39
F,0.62,0.47,0.14,1.0325,0.3605,0.224,0.36
F,0.63,0.5,0.175,1.3135,0.5595,0.267,0.4
M,0.63,0.505,0.165,1.352,0.488,0.278,0.45
F,0.63,0.5,0.155,1.005,0.367,0.199,0.36
M,0.545,0.41,0.14,0.625,0.223,0.16,0.21
F,0.6890000000000001,0.54,0.165,1.5015,0.518,0.358,0.4699
I,0.49,0.38,0.12,0.529,0.2165,0.139,0.155
F,0.49,0.39,0.135,0.5785,0.2465,0.123,0.2
I,0.29,0.225,0.07,0.101,0.036,0.0235,0.035
I,0.26,0.2,0.07,0.092,0.037,0.02,0.03
M,0.58,0.45,0.175,1.068,0.425,0.203,0.32
F,0.61,0.485,0.165,1.0915,0.4373,0.2435,0.33
M,0.6,0.452,0.16,1.015,0.3995,0.1735,0.33
F,0.56,0.455,0.125,0.943,0.344,0.129,0.375
F,0.5660000000000001,0.45,0.17,1.0475,0.3775,0.1705,0.385
F,0.57,0.45,0.175,0.9555,0.38,0.1665,0.295
F,0.577,0.45399999999999996,0.155,1.036,0.4375,0.196,0.325
M,0.565,0.455,0.17,0.9065,0.342,0.156,0.32
M,0.545,0.42,0.14,0.7505,0.2475,0.13,0.255
I,0.44,0.345,0.1,0.366,0.122,0.0905,0.12
M,0.5,0.41,0.14700000000000002,0.662,0.2815,0.137,0.22
I,0.36,0.275,0.095,0.217,0.084,0.0435,0.09
I,0.385,0.305,0.095,0.252,0.0915,0.055,0.09
M,0.39,0.3,0.09,0.3055,0.143,0.0645,0.085
M,0.5,0.415,0.165,0.6885,0.249,0.138,0.25
I,0.36,0.275,0.11,0.2335,0.095,0.0525,0.085
I,0.335,0.26,0.1,0.192,0.0785,0.0585,0.07
F,0.505,0.401,0.14,0.85,0.275,0.1864,0.285
I,0.395,0.295,0.1,0.2715,0.134,0.0325,0.085
F,0.418,0.325,0.105,0.3635,0.159,0.077,0.12
F,0.56,0.455,0.19,0.714,0.283,0.129,0.275
M,0.565,0.435,0.161,0.9815,0.3857,0.136,0.39
M,0.565,0.455,0.185,0.9265,0.354,0.1575,0.375
M,0.618,0.5,0.164,1.098,0.4765,0.232,0.375
F,0.565,0.455,0.15,0.8205,0.365,0.159,0.26
M,0.696,0.565,0.215,1.891,0.7402,0.4725,0.58
F,0.675,0.528,0.16,1.41,0.592,0.3175,0.42
F,0.6819999999999999,0.555,0.195,1.4385,0.581,0.37620000000000003,0.36
F,0.565,0.49,0.155,0.9245,0.3879,0.2195,0.255
M,0.703,0.55,0.175,1.2915,0.57,0.3045,0.33
M,0.575,0.47,0.14,0.8375,0.3485,0.1735,0.24
F,0.666,0.54,0.175,1.221,0.51,0.2521,0.39
I,0.36,0.28,0.105,0.199,0.0695,0.045,0.08
I,0.415,0.31,0.11,0.2965,0.123,0.057,0.106
F,0.525,0.41,0.135,0.7317,0.293,0.1525,0.235
M,0.38,0.285,0.1,0.2665,0.115,0.061,0.075
F,0.585,0.465,0.17,0.9915,0.3865,0.224,0.265
I,0.24,0.185,0.07,0.0715,0.026,0.018,0.025
I,0.22,0.165,0.055,0.0545,0.0215,0.012,0.02
I,0.255,0.195,0.07,0.0735,0.0255,0.02,0.025
I,0.175,0.125,0.05,0.0235,0.008,0.0035,0.008
F,0.677,0.55,0.19,1.3905,0.5764,0.3035,0.4
M,0.655,0.53,0.195,1.3516,0.567,0.2735,0.41
F,0.68,0.55,0.21,1.7445,0.5975,0.305,0.625
M,0.675,0.528,0.181,1.3149,0.545,0.2665,0.3962
F,0.53,0.44,0.135,0.7835,0.313,0.1715,0.2185
F,0.515,0.405,0.12,0.646,0.2895,0.1405,0.177
I,0.43,0.34,0.12,0.3575,0.151,0.0883,0.1045
I,0.52,0.405,0.12,0.627,0.2645,0.1415,0.181
F,0.545,0.415,0.16,0.7715,0.272,0.1455,0.2765
M,0.53,0.415,0.175,0.7395,0.261,0.1395,0.2645
F,0.465,0.35,0.115,0.421,0.1565,0.091,0.1345
M,0.665,0.54,0.175,1.347,0.5716,0.30019999999999997,0.415
M,0.735,0.59,0.205,1.5049000000000001,0.637,0.3405,0.4325
F,0.66,0.545,0.185,1.3358,0.5567,0.2635,0.455
F,0.7,0.548,0.185,1.8075,0.7055,0.3215,0.475
F,0.575,0.455,0.155,0.9325,0.3605,0.2445,0.3
M,0.57,0.465,0.125,0.8288,0.3785,0.1765,0.2189
F,0.58,0.46,0.154,0.9955,0.429,0.212,0.26
M,0.63,0.48,0.145,1.0115,0.4235,0.237,0.305
F,0.585,0.465,0.14,0.908,0.381,0.1615,0.315
M,0.5609999999999999,0.45,0.13,0.92,0.378,0.1893,0.29
M,0.625,0.489,0.15,1.2415,0.5235,0.2632,0.36
M,0.54,0.42,0.135,0.8075,0.3485,0.1795,0.235
F,0.57,0.455,0.165,1.0595,0.48969999999999997,0.2195,0.285
M,0.59,0.455,0.145,1.0061,0.475,0.19,0.285
M,0.58,0.46,0.155,0.921,0.357,0.181,0.29
M,0.655,0.507,0.17300000000000001,1.2895,0.5345,0.2855,0.3851
M,0.668,0.53,0.19,1.2635,0.486,0.2635,0.415
M,0.628,0.5,0.183,1.369,0.5875,0.2185,0.37
F,0.625,0.5,0.15,0.953,0.3445,0.2235,0.305
M,0.64,0.52,0.175,1.248,0.4245,0.2595,0.48
F,0.605,0.471,0.165,1.0105,0.435,0.222,0.3
F,0.615,0.525,0.155,1.0385,0.427,0.2315,0.345
M,0.555,0.45,0.175,0.874,0.3588,0.202,0.272
F,0.58,0.46,0.18,0.854,0.3665,0.1635,0.2786
F,0.62,0.52,0.225,1.1835,0.378,0.27,0.395
F,0.606,0.47,0.225,1.115,0.378,0.2807,0.36
F,0.6,0.505,0.19,1.129,0.43,0.256,0.36
F,0.617,0.485,0.19,1.1745,0.4385,0.2305,0.42
M,0.6,0.47,0.175,1.105,0.4865,0.247,0.315
M,0.589,0.46,0.235,0.8395,0.3325,0.157,0.305
M,0.585,0.455,0.225,1.055,0.3815,0.221,0.365
M,0.56,0.435,0.18,0.889,0.36,0.204,0.25
I,0.56,0.445,0.13999999999999999,0.8735,0.3005,0.209,0.275
F,0.68,0.529,0.185,1.1095,0.439,0.245,0.34
F,0.455,0.35,0.14,0.5185,0.221,0.1265,0.135
F,0.49,0.38,0.145,0.6725,0.249,0.181,0.21
M,0.31,0.22,0.085,0.146,0.061,0.0365,0.045
F,0.275,0.195,0.07,0.08,0.031,0.0215,0.025
M,0.27,0.195,0.08,0.1,0.0385,0.0195,0.03
M,0.4,0.29,0.115,0.2795,0.1115,0.0575,0.075
M,0.28,0.2,0.08,0.0915,0.033,0.0215,0.03
M,0.325,0.23,0.09,0.147,0.06,0.034,0.045
F,0.345,0.25,0.09,0.203,0.078,0.059,0.055
M,0.21,0.15,0.05,0.0385,0.0155,0.0085,0.01
F,0.36,0.27,0.09,0.1885,0.0845,0.0385,0.055
I,0.365,0.26,0.115,0.218,0.0935,0.0445,0.07
M,0.2,0.155,0.055,0.035,0.0145,0.008,0.01
M,0.235,0.16,0.06,0.0545,0.0265,0.0095,0.015
M,0.175,0.125,0.04,0.024,0.0095,0.006,0.005
M,0.155,0.113,0.04,0.0155,0.0065,0.003,0.005
F,0.57,0.445,0.155,0.733,0.282,0.159,0.235
F,0.57,0.45,0.16,0.9715,0.3965,0.255,0.26
M,0.385,0.3,0.095,0.24,0.0885,0.059,0.085
I,0.53,0.42,0.135,0.752,0.299,0.156,0.205
F,0.46,0.355,0.13,0.458,0.192,0.1055,0.13
I,0.475,0.37,0.12,0.4705,0.1845,0.1055,0.155
F,0.435,0.335,0.11,0.38,0.1695,0.086,0.11
I,0.47,0.37,0.14,0.4985,0.2095,0.1225,0.145
I,0.465,0.38,0.13,0.454,0.1895,0.08,0.155
I,0.52,0.394,0.14,0.5775,0.2,0.145,0.179
M,0.29,0.23,0.075,0.1165,0.043,0.0255,0.04
M,0.275,0.205,0.07,0.094,0.0335,0.02,0.0325
F,0.375,0.29,0.115,0.2705,0.093,0.066,0.0885
F,0.5,0.375,0.14,0.604,0.242,0.1415,0.179
F,0.44,0.355,0.115,0.415,0.1585,0.0925,0.131
M,0.42,0.325,0.115,0.2885,0.1,0.057,0.1135
M,0.445,0.35,0.115,0.3615,0.1565,0.0695,0.117
F,0.38,0.29,0.105,0.257,0.099,0.051,0.085
I,0.32,0.245,0.075,0.1555,0.0585,0.038,0.049
M,0.255,0.195,0.065,0.08,0.0315,0.018,0.027
M,0.205,0.155,0.045,0.0425,0.017,0.0055,0.0155
F,0.565,0.447,0.16,0.795,0.3605,0.1555,0.23
M,0.555,0.425,0.18,0.875,0.3695,0.2005,0.255
I,0.65,0.515,0.16,1.1625,0.495,0.203,0.33
I,0.615,0.49,0.155,0.9885,0.4145,0.195,0.345
I,0.56,0.44,0.165,0.8,0.335,0.1735,0.25
I,0.48,0.37,0.12,0.514,0.2075,0.131,0.155
I,0.485,0.39,0.125,0.591,0.287,0.141,0.1594
I,0.5,0.385,0.15,0.6265,0.2605,0.1665,0.16
I,0.525,0.405,0.15,0.795,0.3075,0.205,0.255
F,0.66,0.5,0.165,1.1905,0.4585,0.298,0.37
F,0.66,0.53,0.17,1.326,0.519,0.2625,0.44
I,0.52,0.4,0.145,0.66,0.267,0.1055,0.22
F,0.44,0.34,0.105,0.364,0.148,0.0805,0.1175
I,0.515,0.4,0.12,0.659,0.2705,0.179,0.17
F,0.475,0.35,0.115,0.452,0.1715,0.092,0.155
F,0.545,0.415,0.15,0.7335,0.2795,0.163,0.2185
F,0.47,0.355,0.13,0.5465,0.2005,0.1348,0.185
M,0.35,0.255,0.065,0.179,0.0705,0.0385,0.06
I,0.485,0.355,0.13,0.581,0.245,0.132,0.168
I,0.435,0.33,0.125,0.406,0.1685,0.1055,0.096
M,0.28,0.21,0.08,0.1085,0.041,0.0265,0.0345
F,0.41,0.32,0.115,0.387,0.165,0.1005,0.0985
I,0.45,0.35,0.14,0.474,0.21,0.109,0.1275
I,0.45,0.345,0.135,0.443,0.1975,0.0875,0.1175
F,0.59,0.472,0.155,1.066,0.3954,0.2275,0.415
F,0.57,0.44,0.153,0.9535,0.3785,0.201,0.305
I,0.594,0.475,0.15,0.9665,0.4145,0.2,0.345
F,0.601,0.475,0.14,1.133,0.5275,0.2355,0.312
I,0.56,0.425,0.14,0.9175,0.4005,0.1975,0.26
F,0.585,0.435,0.175,0.982,0.4055,0.2495,0.2919
I,0.58,0.445,0.15,0.8865,0.383,0.209,0.255
F,0.63,0.48,0.175,1.3675,0.4983,0.3035,0.515
F,0.625,0.49,0.175,1.233,0.5565,0.2835,0.365
I,0.55,0.425,0.15,0.8371999999999999,0.376,0.171,0.245
F,0.645,0.525,0.176,1.4635,0.6615,0.3435,0.3504
I,0.46,0.355,0.14,0.4935,0.216,0.133,0.115
F,0.41,0.305,0.1,0.363,0.1735,0.065,0.11
I,0.495,0.39,0.125,0.6983,0.284,0.162,0.2
I,0.52,0.425,0.17,0.6805,0.2882,0.174,0.195
F,0.55,0.41,0.145,0.8285,0.3095,0.1905,0.25
M,0.45,0.335,0.14,0.4625,0.164,0.076,0.15
F,0.405,0.31,0.12,0.3095,0.138,0.058,0.095
I,0.51,0.4,0.15,0.745,0.2735,0.1675,0.235
F,0.37,0.29,0.115,0.25,0.0979,0.057,0.075
I,0.525,0.417,0.175,0.874,0.3974,0.207,0.205
F,0.66,0.52,0.191,1.2955,0.5176999999999999,0.2674,0.42
M,0.535,0.42,0.15,0.6995,0.2575,0.153,0.24
I,0.575,0.455,0.18,0.8525,0.3015,0.1825,0.3
F,0.55,0.43,0.14,0.7135,0.2565,0.186,0.225
I,0.605,0.47,0.14,0.939,0.3385,0.201,0.32
I,0.605,0.495,0.145,1.054,0.369,0.2255,0.36
F,0.56,0.445,0.195,0.981,0.305,0.2245,0.335
I,0.535,0.42,0.145,0.926,0.398,0.1965,0.25
F,0.385,0.315,0.11,0.286,0.1225,0.0635,0.0835
F,0.39,0.3,0.1,0.265,0.1075,0.06,0.0865
I,0.47,0.345,0.115,0.4885,0.2005,0.108,0.166
I,0.515,0.39,0.14,0.5555,0.2,0.1135,0.2235
I,0.425,0.345,0.125,0.425,0.16,0.0795,0.154
M,0.345,0.27,0.09,0.195,0.078,0.0455,0.059
I,0.485,0.37,0.13,0.458,0.181,0.113,0.136
M,0.37,0.285,0.1,0.228,0.0675,0.0675,0.081
M,0.35,0.265,0.09,0.1775,0.0575,0.042,0.068
F,0.44,0.345,0.17,0.4085,0.15,0.0825,0.1515
M,0.195,0.145,0.05,0.032,0.01,0.008,0.012
M,0.325,0.24,0.075,0.155,0.0475,0.0355,0.06
I,0.495,0.37,0.125,0.4775,0.185,0.0705,0.169
I,0.45,0.35,0.145,0.525,0.2085,0.1,0.1655
M,0.415,0.328,0.135,0.3772,0.128,0.07,0.148
F,0.47,0.355,0.14,0.433,0.1525,0.095,0.152
M,0.32,0.24,0.085,0.17,0.0655,0.047,0.049
M,0.31,0.225,0.075,0.1295,0.0455,0.0335,0.044
M,0.235,0.17,0.055,0.0515,0.018,0.0105,0.0195
M,0.345,0.255,0.08,0.169,0.06,0.0425,0.054
I,0.485,0.38,0.14,0.673,0.3076,0.13,0.195
F,0.5,0.385,0.115,0.6785,0.2945,0.138,0.195
F,0.5,0.393,0.105,0.498,0.1795,0.114,0.17
I,0.465,0.36,0.105,0.498,0.214,0.116,0.14
F,0.525,0.405,0.135,0.658,0.2655,0.1125,0.225
F,0.425,0.335,0.095,0.322,0.1205,0.061,0.125
F,0.398,0.305,0.095,0.2815,0.1255,0.0525,0.09
I,0.539,0.415,0.145,0.944,0.3845,0.185,0.265
M,0.34,0.265,0.085,0.1835,0.077,0.046,0.065
I,0.475,0.365,0.115,0.49,0.223,0.1235,0.1335
F,0.43,0.34,0.12,0.391,0.1555,0.095,0.1405
M,0.46,0.365,0.125,0.467,0.1895,0.0945,0.158
I,0.47,0.36,0.13,0.5225,0.198,0.1065,0.165
M,0.36,0.295,0.1,0.2105,0.066,0.0525,0.075
M,0.355,0.265,0.09,0.168,0.05,0.041,0.063
M,0.38,0.235,0.1,0.258,0.1055,0.054,0.08
M,0.355,0.26,0.085,0.1905,0.081,0.0485,0.055
I,0.44,0.345,0.12,0.487,0.1965,0.108,0.16
F,0.51,0.4,0.13,0.5735,0.219,0.1365,0.195
M,0.325,0.24,0.085,0.173,0.0795,0.038,0.05
I,0.62,0.485,0.18,1.1785,0.4675,0.2655,0.39
F,0.59,0.45,0.16,0.9,0.358,0.156,0.28500000000000003
M,0.33,0.255,0.095,0.1875,0.0735,0.045,0.06
M,0.441,0.34,0.13,0.3715,0.1605,0.0795,0.105
I,0.445,0.33,0.12,0.347,0.12,0.084,0.105
M,0.33,0.215,0.075,0.1145,0.045,0.0265,0.035
M,0.48,0.375,0.145,0.777,0.216,0.13,0.17
I,0.46,0.35,0.12,0.4885,0.193,0.105,0.155
F,0.475,0.36,0.121,0.447,0.1695,0.081,0.14
M,0.255,0.18,0.065,0.079,0.034,0.0183,0.025
I,0.335,0.245,0.09,0.1665,0.0595,0.04,0.06
I,0.47,0.35,0.13,0.466,0.1845,0.099,0.145
M,0.31,0.225,0.08,0.1345,0.054,0.024,0.05
F,0.37,0.28,0.11,0.2305,0.0945,0.0465,0.075
M,0.295,0.215,0.075,0.129,0.05,0.0295,0.0402
F,0.555,0.436,0.165,0.97,0.336,0.2315,0.295
F,0.615,0.515,0.17,1.14,0.4305,0.2524,0.42
I,0.58,0.49,0.172,1.3165,0.5305,0.254,0.41
F,0.585,0.475,0.185,0.9585,0.4145,0.1615,0.33
M,0.65,0.525,0.18,1.626,0.6333,0.3445,0.53
I,0.535,0.45,0.17,0.781,0.3055,0.1555,0.295
F,0.415,0.34,0.13,0.3675,0.146,0.0885,0.12
F,0.38,0.305,0.105,0.281,0.1045,0.0615,0.09
I,0.45,0.355,0.12,0.412,0.1145,0.0665,0.16
F,0.395,0.295,0.095,0.2245,0.078,0.054,0.08
I,0.455,0.35,0.12,0.4835,0.1815,0.144,0.16
F,0.485,0.38,0.15,0.605,0.2155,0.14,0.18
M,0.55,0.425,0.155,0.9175,0.2775,0.243,0.335
F,0.45,0.35,0.145,0.5425,0.1765,0.123,0.175
M,0.475,0.385,0.145,0.6175,0.235,0.108,0.215
F,0.5,0.38,0.155,0.655,0.2405,0.143,0.205
F,0.53,0.41,0.165,0.8115,0.24,0.169,0.24
M,0.49,0.39,0.15,0.573,0.225,0.124,0.17
F,0.49,0.385,0.15,0.6241,0.241,0.14,0.2092
F,0.52,0.395,0.18,0.64,0.158,0.11,0.245
M,0.54,0.415,0.145,0.74,0.2867,0.168,0.245
F,0.5,0.375,0.115,0.5945,0.185,0.148,0.19
F,0.45,0.38,0.165,0.8165,0.3256,0.1915,0.24910000000000002
F,0.37,0.275,0.1,0.2225,0.093,0.026,0.08
I,0.37,0.275,0.1,0.2295,0.0885,0.0465,0.07
M,0.485,0.37,0.14,0.5725,0.204,0.1415,0.175
F,0.435,0.325,0.115,0.3915,0.154,0.094,0.12
M,0.535,0.405,0.185,0.8345,0.3175,0.1725,0.29
M,0.51,0.4,0.14,0.6515,0.2455,0.1665,0.185
M,0.569,0.44,0.185,0.909,0.344,0.2325,0.255
F,0.535,0.4,0.15,0.8045,0.3345,0.2125,0.22769999999999999
F,0.535,0.405,0.125,0.927,0.26,0.1425,0.345
M,0.525,0.4,0.17,0.7305,0.279,0.2055,0.195
F,0.59,0.44,0.15,0.9555,0.366,0.2425,0.295
M,0.5,0.375,0.15,0.636,0.2535,0.145,0.19
I,0.255,0.19,0.075,0.0865,0.0345,0.0205,0.025
F,0.43,0.325,0.115,0.3865,0.1475,0.1065,0.11
M,0.38,0.29,0.12,0.283,0.1175,0.0655,0.085
I,0.165,0.11,0.02,0.019,0.0065,0.0025,0.005
I,0.315,0.23,0.09,0.1285,0.043,0.04,0.04
I,0.155,0.105,0.05,0.0175,0.005,0.0035,0.005
M,0.265,0.205,0.1,0.1165,0.0545,0.0285,0.035
F,0.43,0.335,0.12,0.444,0.155,0.1145,0.14
F,0.395,0.315,0.105,0.3515,0.1185,0.091,0.1195
M,0.385,0.285,0.105,0.2905,0.1215,0.0685,0.0875
F,0.48,0.385,0.135,0.536,0.1895,0.142,0.173
F,0.445,0.33,0.105,0.4525,0.18,0.103,0.123
I,0.395,0.295,0.115,0.316,0.1205,0.0595,0.1105
M,0.4,0.3,0.125,0.417,0.191,0.09,0.1175
M,0.415,0.325,0.14,0.417,0.1535,0.1015,0.144
M,0.315,0.25,0.09,0.203,0.0615,0.037,0.0795
F,0.345,0.26,0.09,0.207,0.0775,0.0435,0.06670000000000001
M,0.36,0.295,0.13,0.2765,0.0895,0.057,0.1005
I,0.295,0.225,0.09,0.1105,0.0405,0.0245,0.032
I,0.325,0.25,0.08,0.176,0.0595,0.0355,0.063
M,0.375,0.3,0.1,0.2465,0.104,0.0475,0.083
I,0.28,0.205,0.055,0.1135,0.045,0.0275,0.0335
M,0.355,0.265,0.085,0.201,0.069,0.053,0.0695
M,0.35,0.255,0.08,0.1915,0.08,0.0385,0.063
I,0.275,0.2,0.065,0.1035,0.0475,0.0205,0.03
I,0.29,0.205,0.07,0.0975,0.036,0.019,0.035
I,0.25,0.19,0.06,0.0765,0.036,0.0115,0.0245
I,0.18,0.125,0.035,0.0265,0.0095,0.0055,0.0085
I,0.15,0.1,0.025,0.015,0.0045,0.004,0.005
I,0.16,0.11,0.025,0.018,0.0065,0.0055,0.005
M,0.555,0.455,0.16,1.0575,0.3925,0.228,0.293
M,0.555,0.44,0.15,1.092,0.416,0.212,0.4405
M,0.525,0.41,0.13,0.99,0.3865,0.243,0.295
M,0.465,0.36,0.08,0.488,0.191,0.125,0.155
F,0.49,0.36,0.11,0.5005,0.161,0.107,0.195
M,0.4,0.305,0.085,0.297,0.108,0.0705,0.1
F,0.48,0.375,0.105,0.525,0.2185,0.1195,0.155
M,0.505,0.401,0.125,0.77,0.2735,0.159,0.255
F,0.52,0.4,0.12,0.6515,0.261,0.2015,0.165
M,0.525,0.4,0.13,0.8295,0.2405,0.1825,0.275
M,0.545,0.42,0.13,0.879,0.374,0.1695,0.23
M,0.52,0.4,0.12,0.823,0.298,0.189,0.265
M,0.505,0.38,0.13,0.656,0.227,0.1785,0.22
M,0.525,0.425,0.12,0.8665,0.2825,0.176,0.29
M,0.51,0.39,0.125,0.6501,0.262,0.1835,0.175
M,0.52,0.385,0.115,0.669,0.2385,0.172,0.205
F,0.52,0.405,0.125,0.6435,0.2415,0.1735,0.21
F,0.535,0.41,0.135,0.862,0.2855,0.1525,0.32
M,0.445,0.345,0.09,0.3795,0.143,0.074,0.125
F,0.53,0.44,0.205,0.835,0.32,0.2175,0.263
F,0.36,0.265,0.09,0.2065,0.078,0.057,0.06
F,0.535,0.42,0.15,0.7365,0.2785,0.186,0.2276
F,0.52,0.405,0.14,0.7814,0.2795,0.183,0.26
M,0.536,0.415,0.13,0.8425,0.275,0.1945,0.265
F,0.547,0.42,0.13,1.001,0.34,0.226,0.265
F,0.656,0.52,0.2,1.7872999999999999,0.673,0.4805,0.45
M,0.52,0.385,0.14,0.6595,0.2485,0.2035,0.1749
M,0.535,0.42,0.13,0.8055,0.301,0.181,0.28
M,0.695,0.515,0.175,1.5165,0.578,0.4105,0.39
F,0.51,0.39,0.105,0.612,0.187,0.15,0.195
M,0.485,0.355,0.12,0.547,0.215,0.1253,0.14
F,0.592,0.46,0.17,1.1322999999999999,0.4971,0.3045,0.28700000000000003
F,0.58,0.455,0.17300000000000001,1.1365,0.5001,0.3005,0.275
M,0.65,0.515,0.175,1.4805,0.5295,0.3207,0.525
M,0.62,0.505,0.177,1.5275,0.69,0.368,0.35
M,0.615,0.525,0.155,1.1375,0.367,0.236,0.3426
F,0.605,0.495,0.19,1.2645,0.469,0.2729,0.41
M,0.574,0.44,0.155,1.116,0.4775,0.2315,0.27
M,0.57,0.43,0.12,1.0615,0.348,0.167,0.31
M,0.585,0.461,0.15,1.0098,0.435,0.202,0.325
F,0.55,0.44,0.155,0.946,0.313,0.1825,0.335
F,0.54,0.44,0.135,0.959,0.2385,0.221,0.3
M,0.672,0.51,0.19,1.613,0.6383,0.361,0.47
F,0.61,0.47,0.145,1.058,0.403,0.296,0.32
M,0.545,0.45,0.15,0.978,0.3365,0.1905,0.3
F,0.59,0.445,0.13,1.1325,0.3825,0.234,0.3632
M,0.345,0.27,0.095,0.197,0.0665,0.05,0.07
F,0.55,0.43,0.155,0.785,0.289,0.227,0.233
F,0.53,0.425,0.146,0.949,0.3485,0.2395,0.278
F,0.53,0.455,0.165,0.9805,0.3155,0.2815,0.2965
I,0.495,0.375,0.14,0.521,0.2,0.123,0.17
M,0.385,0.275,0.115,0.2685,0.0975,0.0825,0.085
M,0.455,0.34,0.135,0.462,0.1675,0.158,0.12
M,0.49,0.38,0.14,0.7605,0.35509999999999997,0.167,0.185
M,0.53,0.41,0.165,0.732,0.189,0.17,0.31
M,0.505,0.385,0.145,0.6344,0.236,0.179,0.2
M,0.49,0.387,0.14,0.6385,0.2305,0.142,0.195
M,0.465,0.35,0.14,0.5755,0.2015,0.1505,0.19
F,0.47,0.36,0.145,0.537,0.1725,0.1375,0.195
M,0.56,0.41,0.165,0.93,0.3505,0.237,0.3
M,0.505,0.385,0.15,0.6415,0.246,0.152,0.215
M,0.556,0.435,0.145,0.8815,0.292,0.1978,0.255
I,0.385,0.28,0.125,0.244,0.102,0.038,0.085
I,0.215,0.155,0.06,0.0525,0.021,0.0165,0.015
M,0.55,0.415,0.175,1.042,0.3295,0.2325,0.2905
F,0.515,0.39,0.13,0.5755,0.2332,0.13,0.177
M,0.495,0.385,0.135,0.709,0.211,0.1375,0.262
F,0.505,0.39,0.16,0.644,0.2475,0.2025,0.1635
F,0.6,0.465,0.165,0.8875,0.309,0.246,0.262
F,0.57,0.465,0.16,0.8935,0.3145,0.1933,0.2928
F,0.474,0.375,0.135,0.556,0.1925,0.1315,0.1685
M,0.47,0.37,0.18,0.51,0.1915,0.1285,0.1625
M,0.587,0.45,0.165,0.9215,0.4175,0.225,0.256
M,0.58,0.465,0.16,1.0345,0.315,0.2316,0.3635
M,0.515,0.405,0.145,0.695,0.215,0.1635,0.234
M,0.53,0.41,0.155,0.7155,0.2805,0.1685,0.214
M,0.44,0.335,0.11,0.394,0.157,0.096,0.122
M,0.52,0.42,0.16,0.745,0.255,0.157,0.2885
F,0.425,0.345,0.11,0.3665,0.125,0.081,0.117
M,0.46,0.34,0.135,0.495,0.1655,0.117,0.185
M,0.45,0.335,0.125,0.349,0.119,0.1055,0.115
M,0.425,0.33,0.119,0.4405,0.152,0.0935,0.155
I,0.37,0.275,0.1,0.22,0.094,0.045,0.065
M,0.515,0.38,0.135,0.6615,0.2875,0.2095,0.155
M,0.405,0.305,0.12,0.3185,0.1235,0.0905,0.095
I,0.28,0.205,0.07,0.1015,0.041,0.03,0.03
F,0.48,0.4,0.125,0.759,0.2125,0.179,0.24
F,0.44,0.34,0.13,0.4195,0.153,0.1155,0.13
M,0.52,0.41,0.115,0.807,0.2855,0.179,0.235
M,0.505,0.405,0.136,0.875,0.2665,0.174,0.285
F,0.49,0.365,0.13,0.6835,0.165,0.1315,0.205
I,0.235,0.175,0.055,0.067,0.027,0.0125,0.018
I,0.255,0.185,0.06,0.088,0.0365,0.021,0.023
I,0.315,0.24,0.085,0.1715,0.071,0.0345,0.0535
I,0.325,0.25,0.08,0.1735,0.0765,0.0345,0.049
I,0.335,0.25,0.08,0.183,0.0735,0.04,0.0575
I,0.35,0.27,0.09,0.2055,0.075,0.0575,0.062
I,0.35,0.25,0.07,0.18,0.0655,0.048,0.054
I,0.36,0.3,0.085,0.27,0.1185,0.064,0.0745
I,0.365,0.275,0.135,0.24,0.108,0.0445,0.0735
I,0.37,0.275,0.14,0.2215,0.097,0.0455,0.0615
I,0.38,0.275,0.095,0.1375,0.086,0.0585,0.0605
I,0.385,0.29,0.095,0.312,0.143,0.0635,0.086
I,0.385,0.3,0.1,0.2895,0.1215,0.063,0.09
I,0.395,0.29,0.095,0.319,0.138,0.08,0.082
I,0.395,0.29,0.095,0.304,0.127,0.084,0.077
I,0.4,0.31,0.1,0.306,0.13,0.06,0.094
I,0.41,0.325,0.1,0.38930000000000003,0.208,0.0655,0.106
I,0.415,0.32,0.11,0.3735,0.175,0.0755,0.109
M,0.415,0.305,0.1,0.3149,0.156,0.0505,0.091
I,0.425,0.325,0.1,0.398,0.1185,0.0645,0.0945
I,0.485,0.365,0.115,0.501,0.2435,0.084,0.1465
I,0.445,0.335,0.1,0.4895,0.2745,0.086,0.1105
I,0.445,0.325,0.1,0.3772,0.1795,0.1,0.089
I,0.45,0.35,0.13,0.547,0.245,0.1405,0.1405
M,0.47,0.375,0.12,0.5805,0.266,0.0935,0.169
I,0.475,0.365,0.125,0.5465,0.229,0.1185,0.172
F,0.48,0.365,0.135,0.6395,0.2945,0.113,0.175
I,0.485,0.355,0.105,0.498,0.2175,0.096,0.1525
M,0.49,0.385,0.125,0.609,0.2927,0.096,0.1775
F,0.495,0.41,0.125,0.7555,0.3355,0.129,0.214
M,0.5,0.4,0.125,0.5975,0.27,0.1275,0.166
M,0.505,0.44,0.15,0.7946,0.3415,0.1629,0.239
M,0.525,0.395,0.13,0.7635,0.3375,0.1425,0.225
M,0.54,0.425,0.125,0.891,0.4815,0.1915,0.202
F,0.54,0.42,0.14,0.805,0.369,0.1725,0.21
F,0.545,0.44,0.135,0.9185,0.429,0.2015,0.2375
F,0.55,0.43,0.125,0.923,0.4035,0.175,0.283
M,0.55,0.45,0.15,1.0145,0.407,0.2015,0.2875
F,0.55,0.45,0.15,0.875,0.362,0.1755,0.2765
M,0.555,0.435,0.145,0.9685,0.4423,0.168,0.2771
M,0.565,0.45,0.152,1.0213,0.4486,0.24,0.265
M,0.57,0.455,0.15,0.952,0.3895,0.2155,0.2745
M,0.546,0.435,0.13,0.7535,0.349,0.1755,0.194
F,0.575,0.463,0.14,0.958,0.442,0.1815,0.2705
M,0.59,0.475,0.165,1.077,0.4545,0.244,0.3095
M,0.59,0.46,0.158,1.102,0.455,0.2055,0.3497
F,0.595,0.464,0.15,1.11,0.498,0.228,0.33
F,0.595,0.48,0.16,1.2095,0.5225,0.296,0.32
F,0.618,0.475,0.16,1.1405,0.547,0.231,0.271
F,0.595,0.465,0.14,1.113,0.5175,0.244,0.305
M,0.6,0.475,0.175,1.3445,0.549,0.2875,0.36
F,0.6,0.475,0.155,1.21,0.653,0.1695,0.3205
M,0.6,0.495,0.175,1.29,0.606,0.276,0.3445
M,0.617,0.475,0.175,1.382,0.609,0.2325,0.3985
F,0.605,0.455,0.16,1.1035,0.4834,0.3015,0.2662
F,0.65,0.5,0.175,1.377,0.6697,0.3159,0.292
F,0.615,0.52,0.15,1.3435,0.629,0.2605,0.345
M,0.615,0.51,0.15,1.296,0.6263,0.26890000000000003,0.32
M,0.615,0.499,0.165,1.34,0.5315,0.2815,0.41
F,0.64,0.505,0.16,1.3725,0.6285,0.3089,0.3685
M,0.62,0.5,0.165,1.307,0.6355,0.2545,0.315
F,0.625,0.49,0.155,1.0747,0.3645,0.162,0.411
F,0.625,0.49,0.2,1.3825,0.6264,0.285,0.381
M,0.63,0.505,0.165,1.2281,0.4525,0.2755,0.406
F,0.635,0.508,0.17,1.3555,0.584,0.305,0.39
F,0.635,0.5,0.15,1.376,0.6495,0.361,0.31
F,0.635,0.485,0.165,1.2945,0.668,0.2605,0.2715
F,0.64,0.488,0.165,1.486,0.7595,0.332,0.327
M,0.65,0.514,0.179,1.4346,0.675,0.315,0.4137
M,0.655,0.52,0.188,1.4095,0.586,0.291,0.405
M,0.738,0.58,0.205,2.0805,0.959,0.4719,0.5274
M,0.66,0.53,0.17,1.3905,0.5882,0.212,0.453
M,0.66,0.529,0.19,1.5318,0.755,0.3376,0.3921
F,0.706,0.585,0.16,1.309,0.5445,0.2945,0.413
F,0.675,0.525,0.189,1.8095,0.784,0.391,0.455
F,0.665,0.525,0.155,1.4895,0.628,0.3405,0.42
F,0.68,0.533,0.195,1.6617,0.861,0.322,0.4078
F,0.651,0.54,0.16,1.4276,0.5817,0.3043,0.475
M,0.695,0.56,0.186,1.6996,0.8455,0.3312,0.455
M,0.73,0.595,0.199,1.6426,0.6854,0.419,0.47000000000000003
I,0.205,0.14,0.05,0.046,0.0165,0.012,0.0135
I,0.24,0.175,0.055,0.0705,0.025,0.014,0.021
I,0.24,0.175,0.065,0.0665,0.031,0.0135,0.017
I,0.255,0.19,0.05,0.083,0.0295,0.0215,0.027
I,0.255,0.18,0.055,0.083,0.031,0.0215,0.02
I,0.265,0.195,0.06,0.092,0.0345,0.025,0.0245
I,0.28,0.12,0.075,0.117,0.0455,0.029,0.0345
I,0.295,0.23,0.08,0.1625,0.065,0.05,0.0385
I,0.3,0.235,0.08,0.131,0.05,0.0265,0.043
I,0.3,0.23,0.095,0.1385,0.056,0.0365,0.037
I,0.305,0.22,0.07,0.141,0.062,0.031,0.037
I,0.315,0.235,0.075,0.1485,0.0585,0.0375,0.0425
I,0.315,0.23,0.07,0.144,0.053,0.0305,0.04
I,0.32,0.24,0.09,0.1575,0.07,0.0265,0.0425
I,0.325,0.24,0.075,0.187,0.0825,0.0445,0.05
I,0.33,0.265,0.083,0.196,0.0775,0.0305,0.0445
I,0.335,0.25,0.075,0.1825,0.0705,0.044,0.055
I,0.335,0.25,0.075,0.186,0.0945,0.038,0.0445
I,0.34,0.25,0.075,0.1785,0.0665,0.0455,0.045
I,0.34,0.247,0.07,0.2225,0.104,0.0425,0.055
I,0.345,0.265,0.1,0.2455,0.111,0.0535,0.065
I,0.37,0.29,0.095,0.249,0.1045,0.058,0.067
I,0.37,0.28,0.095,0.2865,0.1505,0.069,0.0795
I,0.375,0.28,0.09,0.215,0.084,0.06,0.055
I,0.385,0.265,0.08,0.251,0.124,0.037,0.07
I,0.41,0.31,0.09,0.339,0.155,0.0695,0.09
I,0.41,0.305,0.09,0.3535,0.157,0.0745,0.1
I,0.41,0.31,0.09,0.3335,0.1635,0.061,0.091
I,0.415,0.33,0.09,0.3595,0.17,0.081,0.09
I,0.42,0.32,0.115,0.376,0.169,0.092,0.1
I,0.42,0.315,0.1,0.3435,0.157,0.0795,0.09
I,0.425,0.34,0.1,0.382,0.164,0.096,0.1
I,0.425,0.315,0.1,0.377,0.1645,0.072,0.105
I,0.43,0.325,0.1,0.3586,0.1575,0.0825,0.105
I,0.43,0.325,0.09,0.425,0.217,0.087,0.1052
I,0.435,0.325,0.12,0.3995,0.1815,0.061,0.1125
I,0.435,0.34,0.115,0.3925,0.1825,0.078,0.1145
I,0.44,0.345,0.13,0.4495,0.209,0.0835,0.134
I,0.44,0.325,0.09,0.35,0.148,0.067,0.105
F,0.451,0.335,0.11,0.4355,0.2025,0.1095,0.1195
I,0.445,0.35,0.13,0.4104,0.1695,0.0945,0.1195
I,0.45,0.36,0.13,0.478,0.191,0.127,0.137
I,0.45,0.355,0.105,0.4445,0.197,0.093,0.1335
I,0.45,0.345,0.11,0.47,0.2355,0.1045,0.1135
I,0.45,0.335,0.105,0.447,0.2335,0.153,0.119
I,0.455,0.355,0.125,0.5325,0.225,0.126,0.1465
I,0.455,0.375,0.12,0.497,0.2355,0.1055,0.1295
I,0.46,0.36,0.1,0.4635,0.2325,0.093,0.115
I,0.46,0.345,0.105,0.449,0.196,0.0945,0.1265
I,0.465,0.365,0.115,0.467,0.2315,0.0925,0.113
I,0.465,0.37,0.115,0.534,0.261,0.098,0.143
I,0.465,0.345,0.11,0.4415,0.1755,0.1156,0.12
F,0.465,0.35,0.125,0.482,0.23,0.106,0.1095
M,0.47,0.365,0.12,0.612,0.327,0.15,0.14
F,0.47,0.365,0.12,0.582,0.29,0.092,0.146
I,0.475,0.37,0.125,0.537,0.222,0.1215,0.15
F,0.475,0.37,0.13,0.5843,0.3245,0.11,0.127
M,0.48,0.375,0.115,0.6765,0.3205,0.1065,0.1899
M,0.48,0.385,0.145,0.64,0.2925,0.1405,0.1783
M,0.48,0.36,0.1,0.439,0.194,0.099,0.12
M,0.48,0.376,0.12,0.6015,0.312,0.117,0.14
F,0.485,0.37,0.115,0.4785,0.1995,0.0955,0.129
M,0.49,0.385,0.125,0.649,0.32,0.1364,0.1695
M,0.495,0.395,0.135,0.6335,0.3035,0.1295,0.1495
M,0.495,0.4,0.135,0.61,0.272,0.1435,0.144
M,0.5,0.39,0.135,0.6595,0.3145,0.1535,0.1565
I,0.5,0.385,0.12,0.56,0.2835,0.103,0.135
M,0.5,0.385,0.135,0.6425,0.3195,0.129,0.1535
M,0.5,0.4,0.125,0.6725,0.336,0.12,0.1825
F,0.505,0.39,0.13,0.674,0.3165,0.141,0.1785
I,0.505,0.39,0.15,0.685,0.362,0.131,0.156
M,0.505,0.41,0.137,0.642,0.289,0.133,0.155
I,0.505,0.355,0.125,0.601,0.25,0.1205,0.185
M,0.51,0.415,0.135,0.769,0.3935,0.1455,0.19
I,0.51,0.375,0.127,0.5785,0.238,0.1225,0.175
I,0.51,0.405,0.135,0.769,0.3655,0.1585,0.18
M,0.51,0.405,0.15,0.7035,0.347,0.134,0.1885
M,0.51,0.41,0.131,0.796,0.3865,0.1815,0.1955
F,0.515,0.405,0.14,0.834,0.367,0.2,0.23
M,0.515,0.39,0.155,0.7125,0.3695,0.137,0.155
F,0.525,0.415,0.14,0.724,0.3475,0.173,0.175
M,0.525,0.4,0.125,0.7014,0.334,0.1575,0.17
F,0.53,0.407,0.13,0.7585,0.325,0.197,0.205
F,0.53,0.425,0.15,0.8495,0.328,0.232,0.202
M,0.53,0.405,0.138,0.6515,0.2715,0.1605,0.186
F,0.535,0.4,0.135,0.8215,0.3935,0.196,0.205
M,0.535,0.43,0.14,0.7165,0.2855,0.1595,0.2155
M,0.535,0.417,0.14,0.874,0.3735,0.229,0.2195
F,0.55,0.445,0.155,0.9905,0.544,0.178,0.218
F,0.55,0.43,0.14,0.8105,0.368,0.161,0.1983
F,0.56,0.455,0.16,0.967,0.4525,0.207,0.274
I,0.565,0.4,0.13,0.6975,0.3075,0.1665,0.18
M,0.57,0.45,0.155,1.195,0.5625,0.2603,0.295
F,0.57,0.45,0.155,1.1935,0.513,0.21,0.343
F,0.57,0.446,0.15,1.107,0.54,0.255,0.27
M,0.57,0.445,0.14,1.0635,0.5265,0.2195,0.24
M,0.57,0.46,0.17,0.9035,0.4075,0.1935,0.214
M,0.575,0.475,0.16,1.114,0.4955,0.2745,0.3176
F,0.575,0.46,0.16,1.103,0.538,0.221,0.249
F,0.58,0.46,0.159,1.1155,0.5575,0.2255,0.29
F,0.58,0.46,0.18,1.0515,0.4095,0.2595,0.276
M,0.58,0.455,0.145,1.012,0.4985,0.2115,0.2835
F,0.58,0.45,0.145,1.137,0.5585,0.22,0.3134
M,0.58,0.49,0.13,1.1335,0.586,0.2499,0.237
M,0.59,0.465,0.155,1.136,0.5245,0.2615,0.275
M,0.59,0.47,0.16,1.206,0.479,0.2425,0.309
F,0.59,0.459,0.145,1.063,0.5155,0.2445,0.25
F,0.595,0.47,0.155,1.121,0.4515,0.178,0.155
F,0.595,0.45,0.15,1.114,0.5865,0.2134,0.25
M,0.595,0.475,0.165,1.213,0.5969,0.2863,0.274
F,0.595,0.46,0.14,1.0045,0.4655,0.2095,0.2515
M,0.595,0.452,0.15,1.044,0.518,0.2205,0.27
F,0.624,0.49,0.15,1.2583,0.5265,0.2645,0.295
M,0.605,0.475,0.155,1.161,0.572,0.2455,0.275
M,0.605,0.492,0.155,1.2249999999999999,0.6025,0.262,0.2925
M,0.61,0.47,0.15,1.1625,0.565,0.258,0.3085
M,0.61,0.475,0.155,1.168,0.554,0.239,0.3064
F,0.615,0.48,0.16,1.2525,0.5515,0.2595,0.33
F,0.62,0.51,0.18,1.3315,0.594,0.276,0.3947
F,0.625,0.48,0.17,1.3555,0.6235,0.278,0.365
M,0.625,0.49,0.175,1.3325,0.5705,0.271,0.405
F,0.608,0.475,0.175,1.1435,0.4755,0.2475,0.349
F,0.625,0.49,0.165,1.288,0.573,0.3035,0.315
M,0.625,0.485,0.2,1.38,0.5845,0.2714,0.401
M,0.63,0.489,0.155,1.278,0.637,0.275,0.3181
F,0.63,0.495,0.165,1.3075,0.599,0.284,0.315
M,0.63,0.48,0.16,1.1785,0.5185,0.2382,0.3447
M,0.635,0.504,0.166,1.375,0.6229,0.311,0.3955
M,0.672,0.525,0.185,1.4065,0.684,0.3,0.3745
M,0.64,0.505,0.155,1.4025,0.705,0.2655,0.3357
F,0.64,0.5,0.17,1.5175,0.693,0.326,0.4257
F,0.64,0.5,0.175,1.394,0.4935,0.291,0.4
F,0.645,0.5,0.155,1.2205,0.6145,0.236,0.3185
M,0.645,0.52,0.175,1.636,0.779,0.342,0.432
M,0.645,0.52,0.175,1.5771,0.709,0.366,0.4
F,0.645,0.505,0.165,1.4325,0.684,0.308,0.336
F,0.645,0.5,0.175,1.3385,0.6076,0.299,0.349
F,0.645,0.5,0.16,1.2465,0.5475,0.327,0.3
F,0.645,0.515,0.15,1.2202,0.515,0.2055,0.385
M,0.65,0.495,0.16,1.304,0.57,0.312,0.3725
M,0.65,0.52,0.21,1.6333,0.6665,0.308,0.46
M,0.65,0.525,0.185,1.5554,0.6645,0.3225,0.477
F,0.655,0.484,0.16,1.494,0.6895,0.331,0.1825
M,0.661,0.51,0.175,1.6995,0.8515,0.3792,0.403
F,0.66,0.505,0.185,1.528,0.69,0.3025,0.441
M,0.66,0.535,0.19,1.5905,0.6473,0.297,0.5175
M,0.66,0.524,0.195,1.6275,0.594,0.3897,0.485
F,0.66,0.475,0.165,1.3695,0.6529,0.294,0.335
M,0.67,0.529,0.165,1.6085,0.682,0.3145,0.4005
F,0.675,0.54,0.225,1.587,0.7027,0.2995,0.435
F,0.675,0.565,0.195,1.8375,0.8092,0.3615,0.553
M,0.68,0.535,0.189,1.607,0.7245,0.3187,0.498
M,0.69,0.537,0.175,1.7005,0.8255,0.362,0.4526
M,0.69,0.55,0.198,1.872,0.893,0.4015,0.4934
F,0.676,0.535,0.193,1.8385,0.8035,0.396,0.503
F,0.662,0.535,0.19,1.685,0.693,0.42,0.4045
M,0.714,0.565,0.205,2.198,1.0818,0.4642,0.5475
M,0.685,0.546,0.195,1.9525,0.7645,0.4172,0.6265999999999999
F,0.715,0.525,0.187,1.56,0.6655,0.383,0.4409
F,0.682,0.53,0.22,1.7783,0.8183,0.44,0.4588
M,0.765,0.6,0.21,2.302,1.0354,0.509,0.6205
I,0.185,0.13,0.045,0.029,0.012,0.0075,0.0095
I,0.195,0.15,0.045,0.0375,0.018,0.006,0.011
I,0.195,0.135,0.04,0.0325,0.0135,0.005,0.0095
I,0.2,0.155,0.04,0.0347,0.0155,0.009,0.007
I,0.225,0.165,0.055,0.059,0.027,0.0125,0.015
I,0.245,0.18,0.065,0.071,0.03,0.013,0.0215
I,0.25,0.18,0.065,0.0685,0.0245,0.0155,0.0225
I,0.265,0.195,0.055,0.084,0.0365,0.0175,0.025
I,0.275,0.195,0.065,0.106,0.054,0.02,0.028
I,0.28,0.21,0.085,0.1075,0.0415,0.024,0.034
I,0.285,0.22,0.065,0.096,0.0405,0.0205,0.03
I,0.3,0.22,0.08,0.1255,0.055,0.0265,0.039
I,0.315,0.235,0.077,0.151,0.065,0.027,0.039
I,0.32,0.225,0.085,0.1415,0.0675,0.0295,0.0405
I,0.34,0.265,0.08,0.2015,0.09,0.0475,0.055
I,0.37,0.28,0.1,0.221,0.1165,0.0265,0.0635
I,0.375,0.28,0.08,0.2345,0.1125,0.0498,0.067
I,0.375,0.281,0.1,0.2325,0.1165,0.042,0.065
I,0.385,0.29,0.08,0.2485,0.122,0.0495,0.065
I,0.4,0.32,0.095,0.348,0.194,0.053,0.087
I,0.405,0.3,0.11,0.32,0.172,0.044,0.093
I,0.41,0.3,0.1,0.282,0.1255,0.057,0.0875
I,0.41,0.325,0.1,0.3245,0.132,0.072,0.106
I,0.42,0.3,0.105,0.316,0.1255,0.07,0.1035
I,0.42,0.32,0.11,0.3625,0.174,0.0635,0.105
I,0.42,0.31,0.095,0.279,0.1255,0.051,0.088
I,0.425,0.325,0.115,0.3685,0.162,0.0865,0.1045
M,0.43,0.335,0.12,0.397,0.1985,0.0865,0.1035
I,0.435,0.33,0.11,0.413,0.2055,0.096,0.096
I,0.435,0.345,0.115,0.418,0.222,0.0735,0.106
I,0.44,0.33,0.11,0.3705,0.1545,0.084,0.12
I,0.445,0.345,0.105,0.409,0.1675,0.1015,0.117
I,0.445,0.34,0.145,0.434,0.1945,0.0905,0.13
I,0.445,0.335,0.11,0.411,0.1985,0.0935,0.109
I,0.45,0.365,0.125,0.462,0.2135,0.0985,0.1315
I,0.45,0.34,0.12,0.4925,0.241,0.1075,0.12
I,0.45,0.33,0.105,0.3715,0.1865,0.0785,0.0975
I,0.45,0.33,0.112,0.411,0.1945,0.1,0.098
I,0.45,0.33,0.11,0.3685,0.16,0.0885,0.102
I,0.46,0.35,0.115,0.4155,0.18,0.098,0.1175
M,0.47,0.36,0.105,0.544,0.27,0.1395,0.129
I,0.47,0.38,0.125,0.4845,0.211,0.1075,0.142
I,0.475,0.35,0.11,0.4565,0.206,0.099,0.13
I,0.475,0.35,0.1,0.4545,0.2165,0.111,0.115
I,0.48,0.367,0.116,0.6245,0.3395,0.1085,0.1665
M,0.49,0.465,0.125,0.5575,0.235,0.13,0.141
I,0.5,0.375,0.14,0.5495,0.248,0.112,0.1585
I,0.5,0.375,0.12,0.542,0.215,0.116,0.17
I,0.5,0.38,0.125,0.519,0.2485,0.1135,0.134
F,0.5,0.39,0.125,0.5215,0.2485,0.117,0.131
F,0.505,0.39,0.125,0.5445,0.246,0.15,0.1405
I,0.51,0.405,0.125,0.6795,0.3465,0.1395,0.182
F,0.51,0.4,0.125,0.545,0.261,0.115,0.1385
I,0.51,0.389,0.125,0.5575,0.2615,0.1195,0.1525
I,0.51,0.38,0.115,0.5155,0.215,0.1135,0.166
I,0.515,0.385,0.125,0.6115,0.3175,0.1265,0.158
M,0.52,0.4,0.145,0.7765,0.3525,0.1845,0.185
I,0.52,0.38,0.135,0.5395,0.2295,0.133,0.157
I,0.501,0.38,0.125,0.5545,0.288,0.1295,0.167
F,0.52,0.46,0.15,1.019,0.523,0.1985,0.254
I,0.525,0.4,0.13,0.6455,0.325,0.1245,0.17
I,0.525,0.4,0.14,0.601,0.2685,0.1285,0.1835
M,0.525,0.405,0.12,0.7334999999999999,0.3755,0.1555,0.201
I,0.525,0.395,0.12,0.608,0.297,0.1395,0.1405
I,0.53,0.4,0.125,0.617,0.279,0.127,0.19
I,0.535,0.39,0.125,0.599,0.2595,0.149,0.169
I,0.54,0.42,0.14,0.6665,0.3125,0.138,0.1895
M,0.545,0.39,0.135,0.7835,0.4225,0.1815,0.156
M,0.545,0.41,0.12,0.8160999999999999,0.434,0.1405,0.19
M,0.545,0.415,0.14,0.82,0.4615,0.127,0.218
F,0.55,0.415,0.135,0.8145,0.412,0.1855,0.175
F,0.55,0.43,0.15,0.84,0.395,0.195,0.223
F,0.55,0.425,0.15,0.8315,0.411,0.1803,0.2165
M,0.56,0.43,0.145,0.8995,0.464,0.1775,0.234
M,0.56,0.445,0.16,0.8965,0.42,0.2175,0.2215
F,0.56,0.44,0.155,0.6405,0.336,0.1765,0.245
M,0.56,0.415,0.145,0.852,0.43,0.1885,0.205
M,0.565,0.445,0.15,0.9725,0.4565,0.2395,0.23
M,0.565,0.435,0.15,0.99,0.5795,0.1825,0.206
F,0.565,0.45,0.175,1.0095,0.447,0.2375,0.2645
M,0.57,0.46,0.15,1.0375,0.5415,0.2035,0.25
F,0.57,0.445,0.145,0.8775,0.412,0.20650000000000002,0.22
I,0.5630000000000001,0.44,0.15,0.755,0.3425,0.16,0.224
F,0.575,0.46,0.145,0.9945,0.466,0.2406,0.2402
F,0.575,0.45,0.16,1.068,0.556,0.214,0.2575
M,0.558,0.435,0.14,0.8515,0.401,0.191,0.222
F,0.575,0.47,0.165,0.869,0.435,0.197,0.238
M,0.575,0.455,0.135,0.907,0.4245,0.197,0.26
I,0.575,0.435,0.13,0.805,0.3155,0.2155,0.245
M,0.575,0.445,0.17,1.0828,0.549,0.2175,0.281
M,0.575,0.445,0.145,0.8515,0.4009,0.1945,0.22
M,0.58,0.455,0.15,1.114,0.4765,0.2155,0.265
M,0.58,0.476,0.167,1.859,0.945,0.426,0.441
M,0.58,0.445,0.135,0.814,0.3775,0.1915,0.22
M,0.569,0.45,0.14,0.9615,0.486,0.1815,0.253
M,0.58,0.45,0.145,1.0025,0.547,0.1975,0.2295
F,0.58,0.45,0.155,0.9749,0.385,0.246,0.265
M,0.589,0.46,0.145,0.9335,0.478,0.1825,0.235
M,0.585,0.465,0.16,0.9555,0.4191,0.236,0.265
M,0.59,0.47,0.15,0.9955,0.481,0.232,0.24
F,0.6,0.475,0.16,1.0265,0.485,0.2495,0.2565
M,0.6,0.455,0.17,1.1915,0.696,0.2395,0.24
F,0.6,0.465,0.152,1.1025,0.5455,0.262,0.25
M,0.6,0.465,0.155,1.0165,0.512,0.2465,0.225
F,0.605,0.47,0.165,1.1775,0.611,0.244,0.292
M,0.61,0.475,0.14,1.1175,0.555,0.257,0.274
M,0.605,0.48,0.17,1.1835,0.582,0.2533,0.317
F,0.605,0.475,0.165,1.056,0.433,0.21939999999999998,0.357
M,0.61,0.485,0.156,1.0145,0.4986,0.212,0.2415
M,0.61,0.485,0.154,1.0438,0.4852,0.2255,0.2865
M,0.608,0.47,0.165,1.052,0.498,0.2263,0.267
M,0.615,0.46,0.17,1.1889,0.5967,0.272,0.27
F,0.615,0.465,0.15,0.923,0.4615,0.212,0.2415
M,0.615,0.475,0.155,1.027,0.447,0.25,0.285
M,0.62,0.47,0.141,1.0315,0.5315,0.2005,0.2475
M,0.62,0.45,0.2,0.858,0.4285,0.1525,0.2405
F,0.62,0.48,0.16,1.1125,0.5635,0.257,0.281
F,0.658,0.51,0.175,1.3731,0.7335,0.2715,0.332
M,0.625,0.48,0.185,1.2065,0.587,0.29,0.286
M,0.63,0.47,0.155,1.1325,0.589,0.211,0.287
M,0.63,0.5,0.175,1.2922,0.5635,0.3065,0.3425
F,0.635,0.495,0.015,1.1565,0.5115,0.308,0.2885
M,0.64,0.515,0.165,1.369,0.632,0.3415,0.358
M,0.645,0.53,0.195,1.39,0.5856,0.2945,0.3735
F,0.645,0.48,0.17,1.1345,0.528,0.24350000000000002,0.305
F,0.65,0.5,0.19,1.464,0.6415,0.339,0.4245
M,0.65,0.5,0.155,1.202,0.565,0.2691,0.294
M,0.655,0.515,0.178,1.3579999999999999,0.553,0.369,0.345
F,0.655,0.516,0.175,1.434,0.6451,0.3725,0.364
F,0.66,0.53,0.185,1.346,0.546,0.2705,0.476
M,0.665,0.518,0.16,1.3054999999999999,0.629,0.2909,0.34
I,0.665,0.498,0.17,1.2975,0.6035,0.291,0.3595
F,0.642,0.516,0.205,1.3744,0.6075,0.3025,0.353
F,0.685,0.54,0.215,1.7025,0.664,0.3655,0.4735
F,0.685,0.539,0.165,1.519,0.6599,0.3685,0.4
F,0.69,0.532,0.155,1.3951,0.624,0.3105,0.39
M,0.676,0.53,0.19,1.5871,0.7355,0.3765,0.3865
F,0.658,0.519,0.17,1.5535,0.6941,0.3485,0.3946
M,0.713,0.56,0.185,1.74,0.885,0.3715,0.445
F,0.7,0.565,0.18,1.751,0.895,0.3832,0.415
F,0.7,0.531,0.19,1.2065,0.5557,0.2527,0.3484
F,0.671,0.525,0.183,1.6644,0.8545,0.307,0.4316
F,0.705,0.55,0.17,1.219,0.6395,0.236,0.301
F,0.71,0.56,0.189,1.652,0.735,0.381,0.4525
M,0.715,0.556,0.19,1.8983,0.8357,0.407,0.5075
M,0.715,0.535,0.19,1.6755,0.889,0.313,0.4167
F,0.724,0.58,0.195,2.103,1.0265,0.48,0.5375
F,0.72,0.55,0.2,1.9965,0.9035,0.4245,0.5001
M,0.72,0.535,0.145,1.313,0.691,0.3109,0.2685
M,0.6859999999999999,0.536,0.185,1.978,0.9746,0.4255,0.4505
F,0.73,0.575,0.185,1.9475,0.931,0.38,0.4825
M,0.657,0.519,0.185,1.7155,0.952,0.4041,0.329
M,0.713,0.565,0.215,1.2755,0.5758,0.3054,0.3737
F,0.75,0.57,0.21,2.236,1.109,0.5192,0.5125
F,0.755,0.596,0.208,2.505,1.0891,0.513,0.6785
M,0.735,0.58,0.205,1.6554,0.7236,0.4015,0.44580000000000003
M,0.774,0.63,0.215,2.4417999999999997,1.488,0.4917,0.586
I,0.185,0.375,0.12,0.4645,0.196,0.1045,0.15
I,0.245,0.205,0.06,0.0765,0.034,0.014,0.0215
I,0.25,0.185,0.065,0.0685,0.0295,0.014,0.0225
I,0.25,0.19,0.065,0.0835,0.039,0.015,0.025
I,0.275,0.195,0.09,0.1125,0.0545,0.0295,0.0355
I,0.305,0.215,0.065,0.1075,0.044,0.0205,0.038
I,0.31,0.225,0.07,0.1055,0.435,0.015,0.04
I,0.315,0.23,0.08,0.1375,0.0545,0.0341,0.0445
I,0.315,0.23,0.07,0.1145,0.046,0.0235,0.0385
I,0.325,0.225,0.075,0.139,0.0565,0.032,0.09
I,0.33,0.25,0.095,0.2085,0.102,0.0395,0.052
I,0.33,0.205,0.095,0.1595,0.077,0.032,0.0435
I,0.335,0.245,0.09,0.2015,0.096,0.0405,0.048
I,0.34,0.25,0.09,0.179,0.0775,0.033,0.055
I,0.345,0.255,0.095,0.1945,0.0925,0.037,0.055
I,0.345,0.255,0.085,0.2005,0.105,0.037,0.05
I,0.35,0.27,0.075,0.215,0.1,0.036,0.065
I,0.35,0.255,0.09,0.1785,0.0855,0.0305,0.0525
I,0.36,0.27,0.085,0.196,0.0875,0.035,0.064
I,0.365,0.27,0.085,0.1875,0.081,0.042,0.058
I,0.365,0.27,0.085,0.196,0.0825,0.0375,0.06
I,0.365,0.265,0.085,0.213,0.0945,0.049,0.06
I,0.37,0.29,0.09,0.2445,0.089,0.0655,0.075
I,0.37,0.28,0.085,0.217,0.1095,0.035,0.062
I,0.375,0.29,0.095,0.213,0.096,0.041,0.061
I,0.375,0.29,0.085,0.2385,0.118,0.045,0.0695
I,0.375,0.275,0.09,0.218,0.093,0.0405,0.0755
I,0.375,0.275,0.095,0.2465,0.11,0.0415,0.0775
I,0.375,0.28,0.08,0.2025,0.0825,0.048,0.065
I,0.375,0.27,0.085,0.218,0.0945,0.039,0.07
I,0.38,0.275,0.11,0.256,0.11,0.0535,0.0755
I,0.38,0.27,0.08,0.2105,0.0865,0.042,0.07
I,0.385,0.29,0.09,0.2615,0.111,0.0595,0.0745
I,0.385,0.28,0.085,0.2175,0.097,0.038,0.067
I,0.385,0.3,0.095,0.302,0.152,0.0615,0.0735
I,0.385,0.28,0.09,0.228,0.1025,0.042,0.0712
I,0.39,0.3,0.095,0.3265,0.1665,0.0575,0.089
I,0.395,0.305,0.105,0.284,0.1135,0.0595,0.0945
I,0.395,0.295,0.095,0.2725,0.115,0.0625,0.085
I,0.395,0.27,0.093,0.2985,0.1445,0.061,0.082
I,0.4,0.29,0.1,0.2675,0.1205,0.0605,0.0765
I,0.405,0.285,0.09,0.2645,0.1265,0.0505,0.075
I,0.41,0.335,0.11,0.33,0.157,0.0705,0.17
I,0.42,0.305,0.09,0.328,0.168,0.0615,0.082
I,0.425,0.325,0.11,0.3335,0.173,0.045,0.1
I,0.425,0.32,0.1,0.3055,0.126,0.06,0.106
I,0.425,0.31,0.09,0.29619999999999996,0.1385,0.065,0.08
I,0.43,0.34,0.0,0.428,0.2065,0.086,0.115
I,0.43,0.315,0.095,0.378,0.175,0.08,0.1045
I,0.435,0.315,0.11,0.3685,0.1615,0.0715,0.12
I,0.44,0.34,0.12,0.438,0.2115,0.083,0.12
I,0.45,0.33,0.105,0.448,0.208,0.089,0.12
I,0.455,0.345,0.105,0.4005,0.164,0.0755,0.126
F,0.455,0.365,0.115,0.4305,0.185,0.108,0.1245
I,0.455,0.33,0.1,0.372,0.358,0.0775,0.11
I,0.46,0.356,0.105,0.466,0.2225,0.099,0.11
I,0.46,0.35,0.105,0.3705,0.1575,0.077,0.114
F,0.46,0.365,0.125,0.4785,0.206,0.1045,0.141
I,0.465,0.34,0.11,0.346,0.1425,0.073,0.113
I,0.47,0.365,0.1,0.411,0.175,0.0855,0.135
I,0.47,0.355,0.18,0.48,0.2055,0.105,0.1505
I,0.47,0.355,0.12,0.393,0.167,0.0885,0.115
I,0.475,0.355,0.1,0.5035,0.2535,0.091,0.14
I,0.475,0.38,0.12,0.441,0.1785,0.0885,0.1505
I,0.475,0.36,0.11,0.492,0.211,0.11,0.15
I,0.48,0.37,0.125,0.5435,0.244,0.101,0.165
I,0.48,0.355,0.115,0.4725,0.2065,0.10350000000000001,0.132
I,0.48,0.365,0.1,0.461,0.2205,0.0835,0.135
I,0.495,0.355,0.12,0.4965,0.214,0.1045,0.1495
I,0.495,0.38,0.13,0.5125,0.2185,0.1215,0.16
M,0.495,0.395,0.12,0.553,0.224,0.1375,0.167
I,0.5,0.38,0.135,0.594,0.2945,0.104,0.1565
M,0.5,0.42,0.135,0.6765,0.302,0.1415,0.2065
I,0.5,0.375,0.145,0.5795,0.239,0.1375,0.185
I,0.5,0.41,0.14,0.6615,0.2585,0.1625,0.196
I,0.5,0.375,0.125,0.5489,0.259,0.124,0.157
I,0.5,0.395,0.14,0.6215,0.2716,0.1205,0.195
I,0.505,0.405,0.13,0.6015,0.2727,0.11,0.18
I,0.505,0.38,0.12,0.594,0.2595,0.1435,0.18
I,0.505,0.395,0.105,0.551,0.248,0.103,0.171
I,0.515,0.38,0.12,0.625,0.3265,0.1295,0.16
M,0.515,0.42,0.135,0.711,0.337,0.144,0.205
F,0.515,0.4,0.135,0.6965,0.32,0.1255,0.175
I,0.52,0.389,0.13,0.5825,0.233,0.1365,0.18
I,0.52,0.395,0.125,0.663,0.3005,0.131,0.1905
I,0.525,0.398,0.125,0.6965,0.369,0.1385,0.164
I,0.525,0.41,0.155,0.842,0.332,0.1415,0.2751
I,0.53,0.415,0.13,0.694,0.3905,0.111,0.167
I,0.53,0.416,0.155,0.81,0.4725,0.111,0.192
I,0.53,0.415,0.11,0.5745,0.2525,0.1235,0.189
I,0.53,0.425,0.136,0.7675,0.419,0.1205,0.21
I,0.535,0.4,0.135,0.6025,0.2895,0.121,0.154
I,0.535,0.415,0.15,0.5765,0.3595,0.135,0.225
F,0.535,0.41,0.13,0.7145,0.335,0.144,0.2075
F,0.535,0.435,0.15,0.717,0.3475,0.15689999999999998,0.194
F,0.54,0.42,0.145,0.8655,0.4315,0.163,0.2175
I,0.54,0.42,0.14,0.7265,0.3205,0.1445,0.229
I,0.545,0.435,0.135,0.7715,0.372,0.148,0.227
F,0.545,0.437,0.15,0.8,0.3535,0.163,0.207
I,0.545,0.43,0.15,0.7285,0.302,0.1315,0.2545
I,0.545,0.405,0.135,0.5945,0.2667,0.1185,0.185
M,0.55,0.43,0.145,0.7991,0.3745,0.171,0.223
F,0.55,0.405,0.125,0.651,0.2965,0.137,0.2
M,0.565,0.436,0.15,0.8745,0.413,0.1905,0.248
M,0.557,0.435,0.14,0.7535,0.3285,0.1555,0.2325
I,0.55,0.425,0.135,0.7305,0.3325,0.1545,0.215
M,0.555,0.44,0.14,0.8705,0.407,0.156,0.2682
I,0.555,0.43,0.155,0.7395,0.2782,0.1435,0.28
I,0.555,0.43,0.14,0.7665,0.341,0.165,0.23
I,0.555,0.425,0.149,0.7905,0.3485,0.1765,0.225
I,0.56,0.425,0.135,0.8205,0.3715,0.185,0.236
I,0.56,0.425,0.145,0.688,0.3095,0.1305,0.2165
F,0.56,0.445,0.155,1.224,0.5565,0.3225,0.2695
I,0.56,0.455,0.145,0.974,0.547,0.1615,0.235
I,0.565,0.44,0.175,0.8735,0.414,0.21,0.21
F,0.565,0.45,0.145,0.8506,0.4215,0.1685,0.225
M,0.565,0.445,0.15,0.796,0.3635,0.184,0.219
M,0.565,0.39,0.146,0.744,0.352,0.13,0.1685
I,0.57,0.45,0.145,0.751,0.3046,0.2195,0.2215
I,0.57,0.45,0.135,0.794,0.3815,0.1415,0.245
F,0.57,0.46,0.135,0.9516,0.397,0.2525,0.2655
M,0.57,0.435,0.155,0.873,0.382,0.183,0.2705
I,0.57,0.44,0.13,0.7665,0.347,0.1785,0.202
M,0.57,0.435,0.125,0.8965,0.383,0.1835,0.275
F,0.575,0.42,0.135,0.857,0.461,0.147,0.2125
F,0.575,0.48,0.165,1.078,0.511,0.2095,0.306
M,0.575,0.46,0.155,0.892,0.4415,0.176,0.22
M,0.58,0.46,0.155,1.4395,0.6715,0.3411,0.2955
M,0.58,0.455,0.135,0.7955,0.405,0.167,0.204
F,0.58,0.445,0.15,0.858,0.3839,0.156,0.253
M,0.585,0.465,0.155,0.9145,0.4555,0.1965,0.235
M,0.585,0.469,0.185,1.171,0.522,0.2535,0.335
F,0.582,0.449,0.16,1.0505,0.48,0.234,0.285
M,0.611,0.46799999999999997,0.165,1.1135,0.5825,0.2345,0.274
M,0.585,0.474,0.165,1.409,0.8,0.229,0.295
M,0.585,0.475,0.15,1.065,0.5315,0.199,0.2843
M,0.585,0.45,0.18,0.7995,0.336,0.1855,0.2511
I,0.59,0.445,0.135,0.7715,0.328,0.1745,0.2305
M,0.59,0.47,0.18,1.187,0.5985,0.246,0.2915
M,0.59,0.455,0.155,0.8855,0.388,0.188,0.275
F,0.595,0.465,0.15,0.8586,0.4089,0.196,0.2255
F,0.595,0.465,0.155,1.026,0.4645,0.112,0.305
M,0.6,0.475,0.17,1.1315,0.508,0.272,0.309
M,0.6,0.48,0.155,1.014,0.451,0.1885,0.325
I,0.6,0.475,0.15,1.12,0.565,0.2509,0.27
F,0.6,0.465,0.155,1.04,0.4755,0.25,0.28
F,0.6,0.455,0.145,0.8895,0.419,0.1715,0.269
M,0.6,0.46,0.155,0.9595,0.4496,0.189,0.295
I,0.605,0.485,0.15,1.2537,0.6315,0.226,0.33
M,0.605,0.49,0.14,0.9755,0.419,0.206,0.315
I,0.5660000000000001,0.435,0.13,0.9377,0.432,0.174,0.26
M,0.611,0.475,0.175,1.076,0.463,0.2195,0.335
F,0.605,0.47,0.16,1.0835,0.5025,0.2215,0.275
M,0.565,0.433,0.15,0.871,0.407,0.1835,0.25
M,0.61,0.48,0.165,1.244,0.543,0.257,0.3691
M,0.61,0.475,0.17,1.0265,0.435,0.2335,0.3035
I,0.61,0.465,0.15,0.9605,0.4495,0.1725,0.286
M,0.61,0.48,0.17,1.137,0.4565,0.29,0.347
M,0.61,0.46,0.16,1.0384,0.494,0.197,0.275
F,0.615,0.475,0.155,1.0243,0.4475,0.193,0.2895
F,0.615,0.47,0.165,1.0844,0.4465,0.2195,0.34
M,0.615,0.5,0.16,1.054,0.4845,0.228,0.295
F,0.615,0.475,0.165,1.023,0.4905,0.1955,0.3035
M,0.615,0.475,0.17,1.129,0.4929,0.302,0.3
M,0.615,0.496,0.165,1.118,0.446,0.3195,0.3
F,0.615,0.475,0.155,1.115,0.484,0.2225,0.355
M,0.635,0.51,0.189,1.3007,0.5715,0.2812,0.39
M,0.62,0.487,0.18,1.2555,0.5765,0.254,0.355
F,0.616,0.5,0.15,1.293,0.596,0.3135,0.3363
F,0.62,0.475,0.16,1.1295,0.463,0.25429999999999997,0.33
M,0.588,0.448,0.17,1.1282,0.4955,0.2345,0.315
M,0.625,0.505,0.175,1.15,0.5475,0.256,0.3045
F,0.625,0.515,0.16,1.264,0.5715,0.326,0.321
F,0.625,0.481,0.17099999999999999,1.2035,0.5865,0.239,0.3185
F,0.63,0.485,0.161,1.4484,0.6832,0.345,0.345
F,0.63,0.505,0.18,1.272,0.6025,0.295,0.315
M,0.614,0.485,0.145,1.062,0.5065,0.1785,0.3365
I,0.63,0.475,0.145,1.0605,0.5165,0.2195,0.28
M,0.63,0.495,0.16,1.0948,0.497,0.221,0.315
M,0.635,0.49,0.16,1.101,0.534,0.1865,0.3455
F,0.635,0.5,0.165,1.4595,0.705,0.2645,0.39
F,0.621,0.495,0.175,1.211,0.5462,0.2725,0.323
M,0.635,0.475,0.17,1.1935,0.5205,0.2695,0.3665
M,0.635,0.51,0.155,0.986,0.405,0.2255,0.2966
M,0.71,0.565,0.23,1.521,0.644,0.327,0.406
M,0.64,0.525,0.18,1.3135,0.4865,0.2789,0.4075
M,0.645,0.51,0.16,1.1835,0.556,0.2385,0.3271
M,0.645,0.5,0.181,1.401,0.6165,0.3515,0.3725
M,0.645,0.513,0.16,1.5075,0.7455,0.245,0.4325
F,0.65,0.505,0.165,1.1938,0.4785,0.274,0.349
F,0.65,0.59,0.22,1.6557,0.77,0.3434,0.435
M,0.65,0.519,0.175,1.5365,0.6865,0.3585,0.405
M,0.65,0.51,0.19,1.542,0.7285,0.3735,0.375
F,0.65,0.51,0.17,1.567,0.7089,0.349,0.391
F,0.674,0.525,0.19,1.3595,0.564,0.3215,0.3985
M,0.655,0.519,0.169,1.6445,0.7305,0.3595,0.4309
M,0.655,0.52,0.19,1.4545,0.6,0.3865,0.383
M,0.655,0.51,0.175,1.3585,0.6395,0.294,0.3504
F,0.64,0.495,0.182,1.548,0.724,0.3525,0.3925
F,0.66,0.515,0.17,1.337,0.5844,0.3125,0.3575
F,0.665,0.53,0.18,1.491,0.6345,0.342,0.435
F,0.6880000000000001,0.53,0.225,1.5615,0.63,0.487,0.3725
F,0.67,0.505,0.175,1.0145,0.4375,0.271,0.3745
M,0.675,0.545,0.185,1.6977,0.876,0.3135,0.4035
M,0.697,0.545,0.205,1.7676,0.8145,0.387,0.461
F,0.695,0.565,0.19,1.7635,0.7465,0.401,0.4975
F,0.7,0.545,0.13,1.556,0.6725,0.374,0.195
F,0.705,0.533,0.167,1.1652,0.5329,0.2655,0.3166
M,0.705,0.555,0.203,1.6558,0.6931,0.3463,0.528
F,0.671,0.53,0.18,1.5345,0.96,0.4195,0.43
F,0.71,0.55,0.17,1.614,0.743,0.345,0.4152
F,0.72,0.575,0.17,1.9335,0.9848,0.389,0.51
M,0.72,0.549,0.215,2.0882,0.9515,0.564,0.4935
F,0.725,0.6,0.2,1.737,0.6677,0.3585,0.595
F,0.73,0.58,0.20099999999999998,1.7375,0.6785,0.4345,0.52
F,0.727,0.565,0.199,2.1275,0.949,0.46,0.565
M,0.745,0.573,0.194,2.2869,1.1565,0.497,0.558
M,0.75,0.571,0.199,2.3899,1.232,0.519,0.5582
F,0.739,0.592,0.25,2.255,0.8905,0.5224,0.7196
I,0.14,0.105,0.035,0.014,0.0055,0.0025,0.004
I,0.23,0.165,0.06,0.0515,0.019,0.0145,0.036
I,0.365,0.265,0.135,0.2215,0.105,0.047,0.0605
I,0.365,0.255,0.08,0.1985,0.0785,0.0345,0.053
I,0.37,0.27,0.095,0.232,0.1325,0.041,0.0615
I,0.375,0.28,0.085,0.3155,0.187,0.046,0.067
I,0.385,0.3,0.09,0.247,0.1225,0.044,0.0675
I,0.395,0.295,0.09,0.3025,0.143,0.0665,0.0765
I,0.4,0.29,0.11,0.329,0.188,0.0455,0.0825
I,0.4,0.3,0.09,0.2815,0.1185,0.061,0.08
I,0.405,0.31,0.095,0.3425,0.1785,0.064,0.0855
I,0.405,0.29,0.09,0.2825,0.112,0.075,0.0815
I,0.405,0.3,0.105,0.304,0.1455,0.061,0.0805
I,0.41,0.32,0.095,0.2905,0.141,0.063,0.073
M,0.415,0.315,0.115,0.3895,0.2015,0.065,0.103
I,0.425,0.34,0.105,0.389,0.2015,0.0905,0.088
I,0.43,0.34,0.105,0.4405,0.2385,0.0745,0.1075
I,0.44,0.34,0.105,0.369,0.164,0.08,0.1015
I,0.44,0.32,0.12,0.4565,0.2435,0.092,0.1025
I,0.44,0.365,0.11,0.4465,0.213,0.089,0.1135
M,0.45,0.335,0.116,0.4475,0.2165,0.126,0.11
I,0.455,0.335,0.135,0.501,0.274,0.0995,0.1065
I,0.46,0.355,0.11,0.436,0.1975,0.096,0.125
I,0.47,0.345,0.14,0.4615,0.229,0.1105,0.116
I,0.47,0.35,0.125,0.4315,0.19,0.1165,0.1175
I,0.47,0.359,0.12,0.3685,0.126,0.0835,0.1365
M,0.475,0.37,0.125,0.6344,0.347,0.136,0.142
I,0.475,0.365,0.115,0.459,0.2175,0.093,0.1165
F,0.475,0.365,0.115,0.566,0.281,0.117,0.1335
I,0.48,0.36,0.125,0.542,0.2795,0.1025,0.147
I,0.485,0.38,0.12,0.4725,0.2075,0.1075,0.147
M,0.485,0.39,0.085,0.6435,0.2945,0.103,0.198
M,0.485,0.37,0.13,0.526,0.2485,0.105,0.1555
F,0.495,0.38,0.12,0.573,0.2655,0.1285,0.144
M,0.505,0.385,0.105,0.5363,0.239,0.1245,0.1555
F,0.505,0.38,0.135,0.6855,0.361,0.1565,0.161
I,0.515,0.395,0.128,0.556,0.2695,0.096,0.17
M,0.549,0.425,0.145,0.9365,0.497,0.181,0.2185
I,0.515,0.4,0.126,0.5625,0.25,0.1245,0.17
M,0.52,0.395,0.125,0.559,0.254,0.1329,0.149
M,0.525,0.4,0.14,0.7205,0.3685,0.1645,0.1735
I,0.53,0.43,0.129,0.7045,0.346,0.1415,0.189
M,0.53,0.4,0.125,0.7575,0.398,0.151,0.175
F,0.545,0.41,0.14,0.7405,0.3296,0.1775,0.203
F,0.55,0.43,0.14,0.84,0.375,0.218,0.1945
M,0.55,0.425,0.16,0.793,0.343,0.2035,0.215
F,0.56,0.43,0.15,0.8745,0.453,0.161,0.22
F,0.56,0.435,0.15,0.8715,0.4755,0.1835,0.1835
M,0.57,0.445,0.15,0.9875,0.504,0.207,0.249
M,0.575,0.465,0.15,1.08,0.595,0.2339,0.238
M,0.575,0.46,0.165,0.9155,0.4005,0.2465,0.2385
F,0.58,0.46,0.175,1.165,0.65,0.2205,0.3055
F,0.58,0.435,0.14,0.9309,0.475,0.2165,0.2095
M,0.585,0.455,0.15,0.906,0.4213,0.23,0.2356
M,0.59,0.44,0.15,0.8725,0.387,0.2016,0.245
M,0.601,0.465,0.15,1.151,0.602,0.239,0.2515
F,0.59,0.46,0.145,0.9905,0.453,0.218,0.275
F,0.595,0.45899999999999996,0.16,1.04,0.452,0.2232,0.308
M,0.6,0.455,0.155,0.945,0.4365,0.2085,0.25
M,0.6,0.465,0.2,1.259,0.6405,0.1985,0.3498
F,0.605,0.485,0.165,0.9515,0.4535,0.193,0.2765
F,0.605,0.485,0.16,1.201,0.494,0.2875,0.38
F,0.605,0.515,0.17,1.289,0.6,0.2945,0.3315
F,0.61,0.485,0.17,1.1005,0.5125,0.229,0.305
I,0.607,0.475,0.13,0.8425,0.353,0.1915,0.251
M,0.625,0.485,0.164,1.049,0.5025,0.231,0.25
F,0.62,0.435,0.15,1.012,0.477,0.236,0.275
M,0.62,0.48,0.167,1.0725,0.4815,0.235,0.312
M,0.648,0.509,0.175,1.4105,0.691,0.322,0.3465
M,0.625,0.47,0.18,1.136,0.502,0.3245,0.3005
F,0.63,0.47,0.145,1.1005,0.5044,0.23679999999999998,0.276
F,0.63,0.5,0.175,1.1105,0.467,0.268,0.329
M,0.63,0.484,0.15,1.1315,0.481,0.2745,0.305
M,0.63,0.48,0.15,1.271,0.6605,0.2984,0.31
F,0.63,0.49,0.225,1.336,0.6805,0.259,0.3245
F,0.635,0.505,0.145,1.1345,0.505,0.2655,0.315
M,0.635,0.51,0.185,1.308,0.544,0.318,0.377
F,0.64,0.515,0.205,1.5335,0.6635,0.3345,0.4377
M,0.645,0.515,0.175,1.546,0.7035,0.365,0.415
M,0.645,0.51,0.155,1.4876,0.6405,0.3585,0.43
F,0.65,0.505,0.165,1.318,0.626,0.3015,0.335
F,0.631,0.501,0.165,1.3508,0.59,0.326,0.3601
F,0.65,0.515,0.175,1.466,0.677,0.2987,0.3952
F,0.65,0.5,0.16,1.3825,0.702,0.32280000000000003,0.3195
M,0.65,0.485,0.14,1.175,0.6146,0.2435,0.215
F,0.655,0.54,0.195,1.5555,0.695,0.296,0.444
M,0.655,0.521,0.215,1.7835,0.8885,0.3913,0.4195
M,0.66,0.505,0.165,1.374,0.589,0.3374,0.345
F,0.665,0.515,0.18,1.389,0.5974,0.324,0.395
M,0.67,0.545,0.2,1.714,0.833,0.374,0.41
M,0.67,0.51,0.175,1.6235,0.7533,0.4475,0.3692
M,0.67,0.5,0.19,1.519,0.616,0.388,0.415
M,0.653,0.5,0.181,1.741,0.7665,0.3255,0.4685
M,0.68,0.529,0.17,1.4113,0.6406999999999999,0.306,0.395
M,0.669,0.525,0.2,1.7825,0.8262,0.3325,0.461
M,0.7,0.55,0.17,1.684,0.9308,0.3265,0.32
M,0.7,0.555,0.202,1.7859,0.73,0.3665,0.595
F,0.705,0.54,0.165,1.675,0.7079,0.4095,0.4536
F,0.574,0.454,0.2,0.8355,0.3222,0.2016,0.26990000000000003
M,0.697,0.555,0.194,2.21,1.2018,0.4913,0.4904
M,0.74,0.573,0.18,1.7933999999999999,0.8173,0.427,0.446
F,0.75,0.575,0.211,1.9364999999999999,0.942,0.397,0.4925
I,0.21,0.17,0.045,0.0475,0.019,0.011,0.013
I,0.285,0.21,0.055,0.101,0.0415,0.017,0.0335
I,0.295,0.215,0.07,0.121,0.047,0.0155,0.0405
I,0.3,0.23,0.085,0.117,0.05,0.0175,0.0415
I,0.305,0.225,0.09,0.1465,0.063,0.030699999999999998,0.0415
I,0.335,0.255,0.08,0.168,0.079,0.0355,0.05
I,0.35,0.26,0.075,0.18,0.09,0.0245,0.055
I,0.355,0.27,0.075,0.1775,0.079,0.0315,0.054
I,0.355,0.26,0.09,0.1985,0.0715,0.0495,0.058
I,0.36,0.27,0.095,0.2,0.073,0.056,0.061
I,0.36,0.275,0.075,0.2205,0.0985,0.044,0.066
I,0.36,0.265,0.075,0.1845,0.083,0.0365,0.055
I,0.365,0.278,0.085,0.2225,0.0935,0.0525,0.066
I,0.37,0.27,0.095,0.2175,0.097,0.046,0.065
I,0.375,0.28,0.08,0.2165,0.0935,0.0925,0.07
I,0.38,0.285,0.095,0.243,0.0895,0.0665,0.075
I,0.38,0.29,0.1,0.237,0.108,0.0395,0.082
I,0.385,0.29,0.09,0.2365,0.1,0.0505,0.076
I,0.385,0.28,0.095,0.257,0.119,0.059,0.07
I,0.385,0.3,0.09,0.308,0.1492,0.056,0.0872
I,0.39,0.3,0.09,0.252,0.1065,0.053,0.08
I,0.39,0.285,0.1,0.281,0.1275,0.062,0.077
I,0.39,0.29,0.1,0.2225,0.095,0.0465,0.073
I,0.41,0.3,0.09,0.304,0.129,0.071,0.0955
I,0.41,0.3,0.09,0.28,0.141,0.0575,0.0706
I,0.415,0.325,0.1,0.313,0.139,0.0625,0.0965
I,0.425,0.325,0.11,0.317,0.135,0.048,0.09
I,0.398,0.315,0.08,0.303,0.131,0.0585,0.095
I,0.435,0.335,0.1,0.3295,0.129,0.07,0.11
I,0.435,0.325,0.11,0.367,0.1747,0.08,0.105
I,0.45,0.34,0.095,0.3245,0.1385,0.064,0.105
I,0.45,0.335,0.11,0.4195,0.181,0.085,0.1345
I,0.455,0.36,0.115,0.457,0.2085,0.0855,0.147
I,0.46,0.35,0.11,0.4,0.176,0.083,0.1205
I,0.46,0.355,0.11,0.4255,0.2015,0.081,0.13
I,0.465,0.37,0.115,0.4365,0.188,0.0815,0.147
I,0.465,0.345,0.11,0.393,0.1825,0.0735,0.12
I,0.47,0.355,0.125,0.499,0.21,0.0985,0.155
I,0.475,0.36,0.145,0.6325,0.2825,0.137,0.19
M,0.475,0.36,0.1,0.4285,0.1965,0.099,0.112
I,0.475,0.36,0.125,0.4905,0.205,0.1305,0.125
I,0.48,0.37,0.125,0.474,0.179,0.1035,0.175
I,0.48,0.37,0.12,0.536,0.251,0.114,0.15
M,0.48,0.355,0.16,0.464,0.221,0.106,0.239
I,0.485,0.375,0.13,0.6025,0.2935,0.1361,0.16
I,0.49,0.375,0.115,0.4615,0.204,0.0945,0.1396
I,0.49,0.4,0.135,0.6345,0.3035,0.1285,0.169
I,0.495,0.37,0.125,0.4715,0.2075,0.091,0.15
I,0.495,0.4,0.105,0.602,0.2505,0.1265,0.19
I,0.5,0.4,0.12,0.6089,0.261,0.143,0.1935
I,0.5,0.39,0.12,0.5955,0.2455,0.147,0.173
M,0.482,0.375,0.14,0.559,0.2375,0.135,0.169
I,0.51,0.395,0.13,0.6025,0.2613,0.143,0.1713
F,0.489,0.375,0.11,0.6065,0.3005,0.131,0.15
I,0.515,0.398,0.125,0.4725,0.1815,0.125,0.138
I,0.515,0.35,0.105,0.4745,0.213,0.123,0.1275
M,0.515,0.395,0.125,0.6635,0.32,0.14,0.17
I,0.515,0.39,0.125,0.5705,0.238,0.1265,0.185
I,0.52,0.41,0.145,0.646,0.2965,0.1595,0.165
I,0.52,0.39,0.13,0.5545,0.2355,0.1095,0.1895
M,0.525,0.415,0.144,0.845,0.3525,0.1687,0.2875
I,0.525,0.39,0.12,0.664,0.3115,0.147,0.178
I,0.525,0.4,0.135,0.615,0.261,0.159,0.175
I,0.525,0.4,0.14,0.654,0.305,0.16,0.169
M,0.525,0.4,0.147,0.707,0.282,0.1605,0.225
I,0.53,0.42,0.12,0.5965,0.2555,0.141,0.177
I,0.53,0.43,0.135,0.6255,0.245,0.1455,0.2135
I,0.515,0.4,0.145,0.555,0.1935,0.1305,0.195
I,0.53,0.42,0.13,0.8365,0.3745,0.167,0.249
I,0.535,0.4,0.13,0.657,0.2835,0.1548,0.175
I,0.54,0.43,0.17,0.836,0.3725,0.1815,0.24
I,0.54,0.425,0.14,0.742,0.2883,0.1395,0.2334
I,0.54,0.43,0.14,0.8195,0.3935,0.1725,0.2295
M,0.54,0.455,0.14,0.972,0.419,0.255,0.269
I,0.54,0.42,0.14,0.6275,0.2505,0.1175,0.235
I,0.54,0.425,0.135,0.7205,0.2955,0.169,0.2208
I,0.54,0.425,0.135,0.686,0.2766,0.1545,0.213
I,0.545,0.4,0.13,0.686,0.3285,0.1455,0.18
I,0.545,0.375,0.12,0.543,0.2375,0.1155,0.1725
I,0.545,0.42,0.125,0.717,0.358,0.112,0.22
I,0.55,0.435,0.14,0.7625,0.327,0.1685,0.259
I,0.55,0.425,0.15,0.639,0.269,0.1345,0.217
I,0.55,0.42,0.135,0.816,0.3995,0.1485,0.23
I,0.55,0.415,0.145,0.7815,0.373,0.16,0.2215
I,0.55,0.425,0.15,0.7665,0.339,0.176,0.21
I,0.555,0.395,0.13,0.5585,0.222,0.1245,0.17
I,0.555,0.435,0.14,0.765,0.3945,0.159,0.206
M,0.555,0.46,0.145,0.9005,0.3845,0.158,0.2765
I,0.56,0.445,0.15,0.8225,0.3685,0.187,0.236
M,0.5670000000000001,0.44,0.13,0.7235,0.349,0.149,0.2
M,0.56,0.425,0.135,0.849,0.3265,0.189,0.2645
I,0.565,0.42,0.155,0.743,0.31,0.186,0.231
F,0.565,0.44,0.15,0.863,0.435,0.149,0.27
M,0.565,0.44,0.125,0.802,0.36410000000000003,0.1825,0.215
M,0.565,0.43,0.15,0.831,0.4245,0.163,0.219
F,0.57,0.45,0.135,0.7805,0.3345,0.185,0.21
M,0.57,0.45,0.14,0.7315,0.3385,0.148,0.192
I,0.57,0.435,0.17,0.8657,0.4,0.166,0.25
I,0.57,0.43,0.145,0.833,0.354,0.144,0.2815
I,0.57,0.445,0.155,0.867,0.3705,0.1705,0.28
I,0.57,0.445,0.145,0.7405,0.306,0.172,0.1825
M,0.575,0.455,0.165,0.867,0.3765,0.1805,0.268
I,0.575,0.425,0.135,0.7965,0.364,0.196,0.239
F,0.575,0.47,0.155,1.116,0.509,0.238,0.34
I,0.575,0.45,0.125,0.78,0.3275,0.188,0.235
F,0.575,0.46,0.185,0.985,0.3745,0.2209,0.355
F,0.575,0.465,0.195,0.9965,0.417,0.1931,0.3359
I,0.575,0.445,0.17,0.8015,0.3475,0.1465,0.25
I,0.575,0.45,0.135,0.8445,0.3615,0.1801,0.254
F,0.575,0.435,0.15,1.1321,0.4605,0.218,0.36
M,0.575,0.445,0.16,0.839,0.3599,0.198,0.239
M,0.575,0.44,0.16,0.9615,0.483,0.166,0.2621
F,0.564,0.435,0.15,0.834,0.428,0.1515,0.23
F,0.58,0.46,0.155,1.0335,0.469,0.2225,0.295
M,0.58,0.43,0.146,0.798,0.3618,0.173,0.2285
I,0.58,0.445,0.125,0.7095,0.303,0.1405,0.235
F,0.585,0.445,0.14,0.913,0.4305,0.2205,0.253
M,0.59,0.49,0.167,1.1215000000000002,0.559,0.235,0.309
I,0.564,0.45,0.145,1.022,0.428,0.268,0.265
I,0.59,0.46,0.145,0.9015,0.419,0.1785,0.26
F,0.595,0.435,0.15,0.9,0.4175,0.17,0.265
M,0.595,0.45,0.14,0.838,0.3965,0.194,0.217
M,0.595,0.45,0.145,0.959,0.463,0.2065,0.2535
I,0.595,0.46,0.15,0.8335,0.377,0.1925,0.235
F,0.6,0.46,0.165,0.9735,0.427,0.2045,0.3
F,0.6,0.475,0.15,1.13,0.575,0.196,0.305
M,0.6,0.48,0.169,0.9165,0.4135,0.2038,0.2725
I,0.6,0.48,0.17,0.9175,0.38,0.2225,0.29
F,0.6,0.48,0.18,1.0645,0.4495,0.2455,0.325
M,0.6,0.47,0.166,1.059,0.504,0.2363,0.275
M,0.593,0.47,0.16,1.2172,0.5198,0.3045,0.3613
F,0.605,0.455,0.145,0.9775,0.468,0.1775,0.275
M,0.605,0.475,0.145,0.884,0.3924,0.1905,0.27
F,0.605,0.47,0.145,0.8025,0.379,0.2265,0.22
F,0.605,0.48,0.14,0.991,0.4735,0.2345,0.24
F,0.605,0.47,0.155,0.974,0.393,0.224,0.3345
F,0.605,0.505,0.18,1.434,0.7285,0.2742,0.431
M,0.61,0.475,0.155,0.983,0.4565,0.228,0.27090000000000003
F,0.61,0.465,0.16,1.0889,0.4835,0.2515,0.28
F,0.61,0.472,0.15,1.2550000000000001,0.6025,0.2915,0.3085
M,0.61,0.476,0.163,1.022,0.449,0.2345,0.2945
F,0.61,0.483,0.16,1.1155,0.3835,0.223,0.379
I,0.597,0.465,0.125,0.9225,0.436,0.2049,0.2194
M,0.61,0.47,0.17,1.1185,0.5225,0.2405,0.31
F,0.61,0.485,0.18,1.2795,0.5735,0.2855,0.355
M,0.615,0.48,0.16,1.0175,0.473,0.2395,0.2714
M,0.615,0.475,0.175,1.224,0.6035,0.261,0.311
F,0.62,0.485,0.18,1.154,0.4935,0.256,0.315
F,0.648,0.515,0.155,1.2002,0.5227999999999999,0.2605,0.335
M,0.62,0.515,0.175,1.221,0.535,0.241,0.395
F,0.62,0.54,0.165,1.139,0.4995,0.2435,0.3426
I,0.62,0.49,0.16,1.066,0.46,0.246,0.305
F,0.62,0.48,0.164,1.2977,0.582,0.3045,0.3425
I,0.62,0.481,0.14,0.8565,0.3595,0.16,0.295
I,0.62,0.45,0.135,0.924,0.358,0.2265,0.2965
M,0.62,0.48,0.15,1.266,0.6285,0.2575,0.3357
F,0.62,0.48,0.175,1.0405,0.464,0.2225,0.3
M,0.625,0.49,0.165,1.1165,0.4895,0.2615,0.3325
M,0.625,0.475,0.16,1.0845,0.5005,0.2355,0.3105
M,0.625,0.5,0.163,1.0985,0.4645,0.22,0.354
F,0.625,0.47,0.162,1.1955,0.5593,0.2055,0.354
F,0.625,0.485,0.175,1.362,0.6765,0.2615,0.3705
I,0.625,0.475,0.15,1.044,0.438,0.2865,0.278
M,0.63,0.505,0.17,1.0915,0.4615,0.266,0.3
F,0.618,0.5,0.18,1.2254,0.514,0.2325,0.3995
F,0.63,0.49,0.17,1.1745,0.5255,0.273,0.3273
M,0.63,0.5,0.165,1.233,0.6565,0.2315,0.3035
M,0.649,0.495,0.175,1.2695,0.5754,0.271,0.328
I,0.635,0.5,0.165,1.489,0.715,0.3445,0.3615
M,0.635,0.505,0.17,1.4345,0.611,0.309,0.418
F,0.635,0.49,0.175,1.2435,0.5805,0.313,0.305
F,0.635,0.49,0.17,1.2615,0.5385,0.2665,0.38
F,0.64,0.505,0.165,1.2235,0.5215,0.2695,0.36
M,0.64,0.515,0.18,1.247,0.5475,0.2925,0.3685
M,0.669,0.525,0.185,1.707,0.763,0.4205,0.4475
M,0.645,0.505,0.15,1.1673,0.5423,0.2615,0.335
M,0.645,0.5,0.175,1.345,0.5645,0.3337,0.386
M,0.645,0.5,0.19,1.5595,0.6215999999999999,0.3715,0.472
M,0.645,0.507,0.19,1.4745,0.6229,0.2699,0.4596
M,0.662,0.51,0.195,1.226,0.5885,0.2215,0.3745
M,0.645,0.506,0.16,1.33,0.6665,0.309,0.317
F,0.645,0.498,0.16,1.2277,0.5815,0.276,0.315
F,0.645,0.5,0.175,1.3476000000000001,0.554,0.308,0.415
F,0.645,0.51,0.19,1.363,0.573,0.362,0.36
M,0.645,0.485,0.15,1.2215,0.5695,0.2735,0.3243
F,0.645,0.48,0.19,1.4419,0.6925,0.3426,0.35
F,0.65,0.495,0.172,1.337,0.615,0.3195,0.335
M,0.65,0.505,0.19,1.274,0.59,0.23,0.391
M,0.65,0.525,0.185,1.488,0.7073,0.337,0.378
F,0.65,0.51,0.166,1.3652,0.6385,0.2905,0.3665
M,0.655,0.55,0.18,1.274,0.586,0.281,0.365
F,0.641,0.51,0.15,1.0711,0.4795,0.223,0.305
F,0.655,0.505,0.19,1.3485,0.5571999999999999,0.2745,0.425
F,0.655,0.505,0.195,1.4405,0.688,0.3805,0.363
M,0.66,0.5,0.165,1.3195,0.667,0.269,0.341
F,0.66,0.535,0.175,1.5175,0.6698000000000001,0.3009,0.415
M,0.66,0.518,0.195,1.5505,0.6505,0.3295,0.495
M,0.663,0.51,0.173,1.6375,0.7685,0.3545,0.4445
M,0.672,0.525,0.175,1.443,0.6635,0.3431,0.353
M,0.64,0.505,0.16,1.289,0.5861000000000001,0.253,0.3665
F,0.665,0.505,0.16,1.2915,0.631,0.2925,0.32
M,0.652,0.52,0.175,1.3725,0.606,0.32,0.395
M,0.665,0.5,0.175,1.2975,0.6075,0.314,0.315
M,0.67,0.505,0.16,1.2585,0.6255,0.311,0.308
M,0.67,0.525,0.165,1.39,0.711,0.2865,0.3
F,0.67,0.52,0.19,1.32,0.5235,0.3108,0.4275
F,0.67,0.55,0.177,1.566,0.858,0.3438,0.354
F,0.67,0.54,0.195,1.6185,0.74,0.3531,0.465
M,0.675,0.525,0.16999999999999998,1.2835,0.572,0.2755,0.3545
F,0.675,0.51,0.195,1.382,0.6045,0.3175,0.338
M,0.68,0.52,0.195,1.4535,0.592,0.391,0.4125
F,0.68,0.51,0.19,1.6075,0.714,0.339,0.4705
M,0.685,0.52,0.15,1.3735,0.6209,0.293,0.32
F,0.685,0.553,0.194,1.638,0.7775,0.375,0.438
M,0.69,0.55,0.2,1.569,0.687,0.3675,0.4217
M,0.7,0.565,0.17500000000000002,1.8565,0.7978000000000001,0.3935,0.5203
F,0.7,0.556,0.21,1.773,0.6805,0.48,0.512
F,0.705,0.544,0.17,1.58,0.6435,0.4565,0.265
M,0.704,0.5579999999999999,0.215,2.009,0.9895,0.4475,0.4896
F,0.71,0.57,0.195,1.9805,0.9925,0.4925,0.48
F,0.71,0.54,0.205,1.5805,0.802,0.287,0.435
F,0.71,0.567,0.22,2.015,0.798,0.4661,0.566
M,0.695,0.57,0.195,1.8726,0.919,0.366,0.485
M,0.6869999999999999,0.55,0.183,2.125,1.1455,0.4425,0.511
F,0.72,0.525,0.18,1.445,0.631,0.33549999999999996,0.435
M,0.725,0.565,0.21,2.1425,1.03,0.487,0.5383
F,0.73,0.56,0.19,2.0399,0.799,0.5195,0.5655
F,0.735,0.59,0.215,1.747,0.7275,0.403,0.557
F,0.74,0.565,0.205,2.119,1.0110000000000001,0.5141,0.482
F,0.75,0.57,0.202,1.938,0.7735,0.4202,0.575
M,0.75,0.595,0.205,2.2205,1.083,0.4699,0.4944
F,0.77,0.602,0.19599999999999998,2.2809,0.9186,0.6415,0.642
F,0.775,0.586,0.188,1.2719,0.5784,0.28700000000000003,0.3635
I,0.275,0.175,0.09,0.2315,0.0861,0.057,0.0705
I,0.375,0.245,0.1,0.394,0.166,0.091,0.1125
F,0.375,0.27,0.135,0.597,0.272,0.131,0.1675
M,0.39,0.3,0.125,0.5534,0.3035,0.0955,0.143
I,0.435,0.3,0.12,0.5965,0.259,0.139,0.1645
M,0.445,0.32,0.12,0.414,0.199,0.09,0.117
I,0.455,0.335,0.105,0.422,0.229,0.0865,0.1
I,0.455,0.325,0.135,0.82,0.4005,0.1715,0.211
I,0.455,0.345,0.11,0.434,0.207,0.0855,0.1215
I,0.465,0.325,0.14,0.7615,0.362,0.1535,0.209
M,0.465,0.36,0.115,0.5795,0.2953,0.1395,0.12
I,0.485,0.365,0.105,0.5205,0.195,0.123,0.182
M,0.485,0.37,0.14300000000000002,0.968,0.419,0.2455,0.2365
I,0.485,0.345,0.16,0.869,0.3085,0.185,0.319
M,0.49,0.355,0.16,0.8795,0.3463,0.215,0.2825
M,0.5,0.37,0.15,1.0615,0.494,0.223,0.296
M,0.515,0.35,0.155,0.9225,0.4185,0.198,0.273
M,0.515,0.395,0.135,1.0157,0.472,0.2495,0.252
M,0.525,0.365,0.17,0.9605,0.438,0.2225,0.276
M,0.525,0.38,0.125,0.65,0.303,0.155,0.159
M,0.53,0.41,0.14,0.7545,0.3495,0.1715,0.2105
F,0.535,0.425,0.135,0.771,0.3765,0.1815,0.1795
I,0.535,0.385,0.132,1.0835,0.4955,0.2295,0.304
I,0.545,0.42,0.165,0.8935,0.4235,0.2195,0.228
F,0.545,0.415,0.2,1.358,0.567,0.318,0.403
F,0.545,0.385,0.15,1.1185,0.5425,0.2445,0.2845
F,0.55,0.38,0.165,1.2367,0.543,0.294,0.3345
M,0.55,0.449,0.16,1.3364,0.6325,0.311,0.344
M,0.57,0.455,0.175,1.02,0.4444,0.2145,0.29
M,0.575,0.44,0.185,1.025,0.5075,0.2245,0.2485
I,0.575,0.45,0.13,0.8145,0.403,0.1715,0.213
F,0.58,0.43,0.17,1.48,0.6535,0.324,0.36310000000000003
M,0.587,0.469,0.145,0.953,0.3945,0.2685,0.258
I,0.585,0.45,0.15,0.8876000000000001,0.3975,0.2035,0.253
M,0.6,0.495,0.175,1.3005,0.6195,0.284,0.3535
M,0.609,0.465,0.165,1.038,0.4994,0.2205,0.251
M,0.605,0.475,0.175,1.2525,0.5575,0.3055,0.343
M,0.605,0.48,0.15,1.15,0.575,0.232,0.297
F,0.61,0.475,0.15,1.1135,0.5232,0.2575,0.3005
F,0.615,0.455,0.145,1.1155,0.5045,0.238,0.315
M,0.62,0.47,0.145,1.0865,0.511,0.2715,0.2565
M,0.625,0.495,0.175,1.254,0.5815,0.286,0.3582
M,0.625,0.49,0.185,1.1613,0.5163,0.2535,0.344
M,0.635,0.497,0.195,1.172,0.445,0.3115,0.3475
F,0.635,0.475,0.15,1.1845,0.533,0.307,0.291
F,0.64,0.475,0.14,1.0725,0.4895,0.2295,0.31
M,0.645,0.5,0.16,1.3815,0.672,0.326,0.315
F,0.65,0.525,0.19,1.6125,0.777,0.3685,0.3965
F,0.619,0.485,0.16,1.2290999999999999,0.5715,0.2785,0.3075
F,0.655,0.52,0.2,1.5475,0.713,0.314,0.466
M,0.655,0.545,0.19,1.4245,0.6325,0.333,0.378
F,0.665,0.515,0.185,1.2806,0.5595,0.293,0.3502
F,0.675,0.53,0.175,1.4465,0.6775,0.33,0.389
F,0.685,0.535,0.175,1.5845,0.7175,0.3775,0.4215
F,0.695,0.55,0.185,1.679,0.805,0.3707,0.3965
M,0.695,0.53,0.19,1.726,0.7625,0.436,0.455
F,0.705,0.541,0.18,1.5395,0.6075,0.3675,0.4645
F,0.712,0.55,0.195,2.073,1.0715,0.4265,0.5015
M,0.72,0.56,0.189,1.5865,0.691,0.375,0.4425
M,0.73,0.575,0.21,2.0211,0.8466,0.4158,0.643
I,0.185,0.135,0.04,0.027,0.0105,0.0055,0.009
I,0.24,0.18,0.055,0.0555,0.0235,0.013,0.018
I,0.31,0.215,0.075,0.1275,0.0565,0.0275,0.036
I,0.34,0.26,0.085,0.1885,0.0815,0.0335,0.06
I,0.35,0.265,0.08,0.2,0.09,0.042,0.06
I,0.365,0.27,0.085,0.197,0.0815,0.0325,0.065
I,0.365,0.275,0.085,0.223,0.098,0.0375,0.075
I,0.365,0.27,0.075,0.2215,0.095,0.0445,0.07
I,0.39,0.31,0.105,0.2665,0.1185,0.0525,0.081
I,0.405,0.3,0.09,0.269,0.103,0.067,0.11
I,0.41,0.315,0.095,0.2805,0.114,0.0345,0.11
I,0.41,0.335,0.105,0.3305,0.1405,0.064,0.105
I,0.415,0.31,0.09,0.2815,0.1245,0.0615,0.085
I,0.415,0.31,0.1,0.2805,0.114,0.0565,0.0975
I,0.415,0.31,0.095,0.311,0.1125,0.0625,0.115
I,0.42,0.325,0.1,0.368,0.1675,0.0625,0.1135
I,0.43,0.34,0.1,0.3405,0.1395,0.0665,0.12
I,0.435,0.335,0.1,0.3245,0.135,0.0785,0.098
I,0.435,0.33,0.11,0.38,0.1515,0.0945,0.11
I,0.435,0.33,0.105,0.335,0.156,0.0555,0.105
I,0.435,0.345,0.12,0.3215,0.13,0.056,0.1185
I,0.445,0.33,0.11,0.358,0.1525,0.067,0.1185
I,0.465,0.37,0.11,0.445,0.1635,0.096,0.166
I,0.47,0.359,0.12,0.487,0.196,0.099,0.135
I,0.475,0.34,0.105,0.4535,0.203,0.08,0.1465
I,0.485,0.385,0.13,0.568,0.2505,0.178,0.154
I,0.485,0.36,0.12,0.5155,0.2465,0.1025,0.147
I,0.485,0.37,0.115,0.457,0.1885,0.0965,0.15
I,0.495,0.38,0.135,0.5095,0.2065,0.1165,0.165
I,0.495,0.38,0.145,0.5,0.205,0.148,0.1505
I,0.495,0.375,0.14,0.494,0.181,0.1028,0.191
I,0.5,0.38,0.11,0.5605,0.28,0.1162,0.15
I,0.505,0.405,0.13,0.599,0.2245,0.1175,0.225
I,0.505,0.4,0.13999999999999999,0.7045,0.334,0.1425,0.207
F,0.51,0.4,0.12,0.7005,0.347,0.1105,0.195
I,0.515,0.415,0.135,0.7125,0.285,0.152,0.245
I,0.54,0.42,0.15,0.6725,0.2555,0.1335,0.235
M,0.515,0.385,0.11,0.5785,0.253,0.16,0.14
I,0.52,0.41,0.11,0.5185,0.2165,0.0915,0.184
I,0.52,0.415,0.14,0.6375,0.308,0.1335,0.168
I,0.52,0.395,0.125,0.5805,0.2445,0.1243,0.165
I,0.52,0.38,0.115,0.6645,0.3285,0.17,0.1425
I,0.52,0.385,0.115,0.581,0.2555,0.156,0.143
I,0.525,0.415,0.12,0.5944,0.2805,0.12,0.1695
I,0.525,0.405,0.145,0.6965,0.3045,0.1535,0.21
I,0.525,0.4,0.145,0.6095,0.248,0.159,0.175
I,0.53,0.416,0.14,0.677,0.298,0.0965,0.23
I,0.53,0.43,0.16,0.7245,0.321,0.1275,0.24
I,0.53,0.395,0.13,0.575,0.247,0.1384,0.183
I,0.53,0.405,0.12,0.632,0.2715,0.148,0.1875
I,0.535,0.455,0.14,1.0015,0.53,0.1765,0.244
F,0.54,0.425,0.16,0.9455,0.3675,0.2005,0.295
I,0.54,0.395,0.135,0.6426000000000001,0.2705,0.155,0.192
I,0.54,0.39,0.125,0.6255,0.2525,0.158,0.19
I,0.5579999999999999,0.425,0.14,0.8145,0.3368,0.231,0.244
I,0.545,0.43,0.14,0.687,0.2615,0.1405,0.25
I,0.55,0.435,0.14,0.7995,0.295,0.1747,0.247
I,0.55,0.45,0.13,0.804,0.3375,0.1405,0.23
M,0.555,0.435,0.14,0.7495,0.341,0.1645,0.214
M,0.555,0.426,0.125,0.599,0.2345,0.1465,0.194
M,0.555,0.4,0.13,0.7075,0.332,0.1642,0.18
I,0.555,0.45,0.175,0.738,0.304,0.1755,0.22
F,0.555,0.455,0.135,0.837,0.382,0.171,0.235
I,0.571,0.445,0.148,0.832,0.3455,0.1851,0.279
F,0.565,0.445,0.125,0.8305,0.3135,0.1785,0.23
M,0.565,0.415,0.125,0.667,0.302,0.1545,0.185
M,0.565,0.455,0.155,0.9355,0.421,0.183,0.26
M,0.565,0.435,0.145,0.8445,0.3975,0.158,0.2485
M,0.565,0.45,0.16,0.895,0.415,0.195,0.246
I,0.565,0.46,0.155,0.8715,0.3755,0.215,0.25
M,0.57,0.46,0.158,1.0005,0.454,0.2099,0.2987
M,0.57,0.455,0.155,0.832,0.3585,0.174,0.277
M,0.57,0.44,0.175,0.9563,0.3805,0.2285,0.283
M,0.57,0.415,0.13,0.88,0.4275,0.1955,0.238
F,0.57,0.44,0.12,0.803,0.382,0.1525,0.234
M,0.575,0.45,0.13,0.785,0.318,0.193,0.2265
M,0.575,0.45,0.155,0.9881,0.495,0.2137,0.235
M,0.575,0.435,0.135,0.992,0.432,0.2225,0.239
M,0.575,0.455,0.155,1.013,0.4685,0.2085,0.295
M,0.575,0.455,0.145,0.876,0.3795,0.1615,0.27
F,0.575,0.465,0.175,1.099,0.4735,0.202,0.35
I,0.575,0.45,0.14200000000000002,0.8715,0.45,0.1813,0.225
I,0.575,0.45,0.135,0.8245,0.3375,0.2115,0.239
F,0.575,0.43,0.155,0.7955,0.3485,0.1925,0.22
M,0.575,0.455,0.155,0.857,0.3384,0.173,0.269
M,0.58,0.45,0.195,0.8573000000000001,0.4035,0.173,0.225
F,0.58,0.5,0.165,0.925,0.37,0.185,0.3005
M,0.571,0.45,0.15,1.0465,0.4893,0.2185,0.2795
M,0.556,0.44,0.145,0.7905,0.3435,0.1645,0.242
M,0.559,0.44,0.138,0.8295,0.3365,0.2005,0.2485
M,0.595,0.455,0.15,0.886,0.4315,0.201,0.223
F,0.6,0.47,0.153,0.97,0.4576,0.1955,0.264
M,0.587,0.46,0.164,1.1805,0.456,0.337,0.329
M,0.613,0.475,0.15,0.969,0.386,0.2195,0.30110000000000003
F,0.6,0.465,0.16,1.133,0.4712,0.2885,0.298
I,0.605,0.49,0.167,1.071,0.47,0.1935,0.3401
F,0.605,0.455,0.145,0.862,0.334,0.1985,0.3
M,0.605,0.47,0.18,1.1155,0.479,0.2442,0.321
M,0.602,0.48,0.167,1.031,0.4375,0.2615,0.27
F,0.61,0.46,0.145,1.1185,0.478,0.2945,0.2985
F,0.61,0.46,0.155,0.9805,0.4255,0.2286,0.265
F,0.61,0.47,0.165,1.1785,0.566,0.2785,0.294
M,0.615,0.47,0.145,1.0285,0.4435,0.2825,0.27540000000000003
M,0.615,0.47,0.15,1.0875,0.4975,0.283,0.2914
F,0.615,0.495,0.16,1.255,0.5815,0.3195,0.3225
F,0.615,0.495,0.2,1.219,0.564,0.248,0.3885
M,0.62,0.49,0.16,1.035,0.44,0.2525,0.285
F,0.62,0.49,0.15,1.195,0.4605,0.302,0.355
F,0.62,0.495,0.17,1.062,0.372,0.213,0.34
M,0.62,0.495,0.195,1.5145,0.579,0.346,0.4939
M,0.62,0.47,0.17,1.309,0.587,0.4405,0.325
M,0.62,0.46599999999999997,0.155,1.0295,0.445,0.2315,0.335
M,0.625,0.495,0.155,1.0485,0.487,0.212,0.3215
M,0.656,0.515,0.168,1.331,0.5725,0.3005,0.361
M,0.625,0.505,0.185,1.1565,0.52,0.2405,0.3535
F,0.625,0.445,0.168,1.09,0.46,0.2965,0.304
F,0.625,0.52,0.18,1.354,0.4845,0.351,0.375
F,0.625,0.47,0.145,0.984,0.475,0.2,0.2697
M,0.63,0.49,0.155,1.2525,0.63,0.246,0.289
F,0.635,0.485,0.165,1.2695,0.5635,0.3065,0.3395
F,0.635,0.52,0.165,1.3405,0.5065,0.296,0.412
F,0.635,0.505,0.155,1.2895,0.594,0.314,0.345
M,0.635,0.525,0.16,1.195,0.5435,0.246,0.335
M,0.635,0.5,0.165,1.273,0.6535,0.213,0.365
M,0.635,0.515,0.165,1.229,0.5055,0.2975,0.3535
M,0.64,0.53,0.165,1.1895,0.4765,0.3,0.35
F,0.64,0.48,0.145,1.054,0.508,0.24,0.2805
F,0.64,0.515,0.165,1.3115,0.4945,0.2555,0.41
I,0.64,0.49,0.135,1.1,0.488,0.2505,0.2925
M,0.628,0.49,0.155,1.1285,0.477,0.269,0.34
F,0.64,0.485,0.185,1.4195,0.6735,0.3256,0.3745
F,0.645,0.51,0.193,1.6195,0.7815,0.322,0.4675
M,0.645,0.49,0.175,1.32,0.6525,0.2375,0.3385
F,0.645,0.52,0.21,1.5535,0.616,0.3655,0.474
I,0.65,0.52,0.15,1.238,0.5495,0.296,0.3215
F,0.65,0.51,0.155,1.2111,0.483,0.278,0.3645
F,0.65,0.51,0.185,1.375,0.531,0.384,0.3985
F,0.655,0.515,0.189,1.412,0.6195,0.2485,0.497
F,0.655,0.525,0.175,1.348,0.5855,0.2605,0.3991
M,0.655,0.52,0.17,1.1445,0.53,0.223,0.348
F,0.66,0.535,0.205,1.4415,0.5925,0.2775,0.49
M,0.66,0.51,0.175,1.218,0.5055,0.303,0.37
F,0.665,0.507,0.15,1.2475,0.4625,0.2955,0.3595
M,0.665,0.515,0.177,1.2695,0.5115,0.2528,0.436
M,0.665,0.517,0.193,1.429,0.6715,0.29,0.395
F,0.67,0.53,0.173,1.4015,0.643,0.2465,0.416
M,0.675,0.515,0.182,1.312,0.556,0.29,0.4115
F,0.675,0.51,0.185,1.3932,0.6295,0.3025,0.3855
M,0.678,0.54,0.19,1.5797999999999999,0.6354,0.354,0.4715
M,0.68,0.531,0.185,1.534,0.671,0.379,0.384
M,0.651,0.535,0.155,1.3845,0.6715,0.2145,0.4127
M,0.69,0.55,0.18,1.6915,0.7107,0.339,0.5
M,0.695,0.541,0.185,1.5715,0.6971999999999999,0.2755,0.4505
F,0.7,0.575,0.205,1.773,0.605,0.4113,0.538
M,0.7,0.55,0.175,1.3933,0.6611,0.2985,0.375
M,0.7,0.55,0.195,1.6245,0.675,0.3811,0.4931
M,0.705,0.574,0.22,1.866,0.8739,0.4224,0.4395
F,0.72,0.5630000000000001,0.18,1.7769,0.8186,0.3605,0.501
M,0.72,0.5539999999999999,0.19,1.3754,0.6056,0.2837,0.38079999999999997
F,0.725,0.568,0.205,1.6195,0.7025,0.3655,0.488
F,0.75,0.55,0.195,1.8325,0.83,0.366,0.5025
M,0.76,0.612,0.219,2.173,0.9938,0.4915,0.5918
I,0.135,0.13,0.04,0.029,0.0125,0.0065,0.008
I,0.16,0.11,0.025,0.0195,0.0075,0.005,0.006
I,0.21,0.15,0.055,0.0465,0.017,0.012,0.015
I,0.28,0.21,0.075,0.1195,0.053,0.0265,0.03
I,0.28,0.2,0.065,0.0895,0.036,0.0185,0.03
I,0.285,0.215,0.06,0.0935,0.031,0.023,0.03
I,0.29,0.21,0.07,0.1115,0.048,0.0205,0.03
I,0.29,0.21,0.06,0.1195,0.056,0.0235,0.03
I,0.29,0.21,0.065,0.097,0.0375,0.022,0.03
I,0.32,0.24,0.07,0.133,0.0585,0.0255,0.041
I,0.325,0.25,0.07,0.1745,0.0875,0.0355,0.04
I,0.335,0.25,0.08,0.1695,0.0695,0.044,0.0495
I,0.35,0.235,0.08,0.17,0.0725,0.0465,0.0495
I,0.35,0.258,0.07,0.1605,0.0715,0.0335,0.046
I,0.355,0.27,0.105,0.271,0.1425,0.0525,0.0735
I,0.36,0.27,0.085,0.2185,0.1065,0.038,0.062
I,0.36,0.27,0.085,0.196,0.0905,0.034,0.053
I,0.375,0.28,0.08,0.226,0.105,0.047,0.065
I,0.375,0.275,0.085,0.22,0.109,0.05,0.0605
I,0.395,0.29,0.095,0.3,0.158,0.068,0.078
I,0.405,0.25,0.09,0.2875,0.128,0.063,0.0805
I,0.415,0.325,0.11,0.316,0.1385,0.0795,0.0925
I,0.425,0.315,0.095,0.3675,0.1865,0.0675,0.0985
I,0.43,0.32,0.11,0.3675,0.1675,0.102,0.105
I,0.435,0.325,0.12,0.346,0.159,0.084,0.095
M,0.45,0.33,0.105,0.4955,0.2575,0.082,0.129
I,0.46,0.35,0.11,0.4675,0.2125,0.099,0.1375
M,0.47,0.365,0.135,0.522,0.2395,0.1525,0.145
I,0.47,0.375,0.105,0.441,0.167,0.0865,0.145
I,0.475,0.365,0.12,0.5185,0.268,0.1095,0.1365
M,0.505,0.39,0.12,0.653,0.3315,0.1385,0.167
I,0.51,0.395,0.135,0.5915,0.288,0.1315,0.185
M,0.505,0.385,0.115,0.4825,0.21,0.1035,0.1535
I,0.51,0.455,0.135,0.6855,0.2875,0.154,0.2035
M,0.515,0.4,0.127,0.6335,0.3019,0.145,0.168
M,0.525,0.41,0.13,0.6875,0.3435,0.1495,0.1765
F,0.549,0.43,0.15,0.741,0.325,0.1855,0.196
F,0.53,0.405,0.13,0.6355,0.2635,0.1565,0.185
M,0.564,0.44,0.146,0.8371000000000001,0.356,0.1905,0.2385
F,0.55,0.47,0.15,0.9205,0.381,0.2063,0.2675
F,0.56,0.41,0.16,0.8215,0.342,0.184,0.253
M,0.565,0.445,0.145,0.9255,0.4345,0.212,0.2475
F,0.57,0.435,0.15,0.8295,0.3875,0.156,0.2379
M,0.584,0.46,0.163,1.063,0.513,0.22,0.2826
M,0.59,0.465,0.165,1.1369,0.5296,0.273,0.275
F,0.6,0.45,0.13999999999999999,0.837,0.37,0.1665,0.2346
M,0.605,0.445,0.14,0.982,0.4295,0.2085,0.295
M,0.61,0.49,0.16,1.112,0.465,0.228,0.341
F,0.625,0.515,0.18,1.3485,0.5255,0.252,0.3925
M,0.66,0.522,0.195,1.5655,0.7345,0.353,0.386
I,0.255,0.19,0.06,0.086,0.04,0.0185,0.025
I,0.27,0.195,0.065,0.1065,0.0475,0.0225,0.0285
I,0.28,0.215,0.067,0.132,0.072,0.022,0.033
I,0.285,0.215,0.07,0.1075,0.051,0.0259,0.027
I,0.32,0.255,0.085,0.17070000000000002,0.072,0.033,0.057
I,0.325,0.24,0.07,0.152,0.0565,0.0305,0.054
I,0.385,0.28,0.1,0.2755,0.1305,0.061,0.0725
I,0.395,0.295,0.1,0.293,0.14,0.062,0.082
F,0.4,0.305,0.16,0.368,0.173,0.0705,0.105
I,0.405,0.31,0.09,0.312,0.138,0.06,0.087
I,0.415,0.305,0.12,0.336,0.165,0.076,0.0805
I,0.42,0.315,0.115,0.355,0.1895,0.065,0.087
I,0.44,0.305,0.115,0.379,0.162,0.091,0.11
I,0.417,0.32,0.12,0.378,0.152,0.0825,0.12
M,0.45,0.35,0.13,0.4655,0.2075,0.1045,0.135
M,0.455,0.355,0.115,0.5991,0.332,0.116,0.1371
M,0.46,0.345,0.12,0.4935,0.2435,0.1175,0.132
M,0.46,0.345,0.11,0.4595,0.235,0.0885,0.116
M,0.455,0.36,0.11,0.4955,0.2665,0.085,0.121
I,0.465,0.355,0.09,0.4325,0.2005,0.074,0.1275
F,0.475,0.38,0.14,0.689,0.3165,0.1315,0.1955
I,0.48,0.35,0.135,0.5465,0.2735,0.0995,0.158
M,0.485,0.39,0.135,0.617,0.25,0.1345,0.1635
I,0.49,0.37,0.11,0.538,0.271,0.1137,0.139
M,0.5,0.39,0.135,0.7815,0.361,0.1575,0.2385
F,0.5,0.38,0.14,0.6355,0.277,0.143,0.1785
M,0.505,0.385,0.13,0.6435,0.3135,0.149,0.1515
M,0.525,0.385,0.1,0.5115,0.246,0.1005,0.1455
M,0.535,0.42,0.137,0.738,0.3401,0.1895,0.1795
F,0.535,0.42,0.13,0.699,0.3125,0.1565,0.2035
F,0.54,0.385,0.14,0.7655,0.3265,0.116,0.2365
F,0.54,0.42,0.13,0.7505,0.368,0.1675,0.1845
F,0.554,0.43,0.16,0.844,0.3945,0.1738,0.231
M,0.55,0.41,0.13,0.9077,0.4455,0.2115,0.213
I,0.55,0.42,0.115,0.668,0.2925,0.137,0.209
F,0.565,0.44,0.135,0.83,0.393,0.1735,0.2414
M,0.58,0.45,0.12,0.8685,0.418,0.1475,0.2605
F,0.58,0.448,0.15,0.839,0.3485,0.2216,0.192
F,0.613,0.485,0.15,1.079,0.4145,0.2115,0.356
M,0.595,0.465,0.15,0.8585,0.3845,0.1765,0.262
F,0.604,0.47,0.19,1.1345,0.492,0.2595,0.3375
F,0.61,0.43,0.14,0.909,0.438,0.2,0.22
M,0.61,0.48,0.165,1.2435,0.5575,0.2675,0.3492
F,0.62,0.49,0.16,1.056,0.493,0.2162,0.2725
M,0.645,0.495,0.15,1.2095,0.603,0.2225,0.339
M,0.65,0.5,0.14,1.238,0.6165,0.2355,0.32
F,0.665,0.525,0.21,1.644,0.7197,0.3395,0.4275
M,0.685,0.555,0.2,1.7471,0.813,0.387,0.49
F,0.69,0.54,0.18,1.6792,0.73,0.3975,0.462
F,0.705,0.57,0.185,1.761,0.747,0.3725,0.488
F,0.71,0.5,0.15,1.3165,0.6833,0.2815,0.28
M,0.72,0.585,0.196,1.914,0.9155,0.3839,0.479
F,0.72,0.55,0.215,1.7698,0.7152,0.4825,0.477
F,0.73,0.555,0.18,1.6895,0.8397,0.1965,0.4935
F,0.71,0.57,0.22,2.0092,0.8689,0.39999999999999997,0.6585
F,0.505,0.39,0.115,0.66,0.3045,0.1555,0.175
M,0.53,0.425,0.13,0.7455,0.2995,0.1355,0.245
F,0.505,0.385,0.115,0.616,0.243,0.1075,0.21
I,0.405,0.305,0.09,0.2825,0.114,0.0575,0.095
M,0.415,0.3,0.1,0.3355,0.1545,0.0685,0.095
M,0.5,0.39,0.145,0.651,0.273,0.132,0.22
M,0.425,0.33,0.08,0.361,0.134,0.0825,0.125
M,0.47,0.35,0.1,0.4775,0.1885,0.0885,0.175
F,0.4,0.31,0.115,0.3465,0.1475,0.0695,0.115
I,0.37,0.29,0.1,0.25,0.1025,0.0505,0.085
M,0.5,0.38,0.155,0.6543,0.2655,0.1365,0.215
I,0.41,0.31,0.11,0.315,0.124,0.082,0.095
M,0.375,0.29,0.1,0.276,0.1175,0.0565,0.085
F,0.502,0.385,0.125,0.5395,0.2175,0.128,0.165
M,0.585,0.48,0.16,1.04,0.434,0.265,0.285
M,0.595,0.455,0.155,1.041,0.416,0.2105,0.3296
F,0.675,0.542,0.18,1.6885,0.562,0.3705,0.6
F,0.665,0.535,0.20400000000000001,2.1835,0.7535,0.39189999999999997,0.885
M,0.62,0.484,0.166,1.2105,0.5185,0.2555,0.335
I,0.325,0.25,0.055,0.166,0.076,0.051,0.045
I,0.455,0.355,0.08,0.452,0.2165,0.0995,0.125
M,0.525,0.403,0.13,0.7185,0.3204,0.1975,0.175
I,0.385,0.29,0.09,0.232,0.0855,0.0495,0.08
I,0.13,0.095,0.035,0.0105,0.005,0.0065,0.0035
I,0.18,0.13,0.045,0.0275,0.0125,0.01,0.009
I,0.31,0.225,0.05,0.1445,0.0675,0.0385,0.045
F,0.375,0.29,0.08,0.282,0.1405,0.0725,0.08
F,0.48,0.38,0.12,0.608,0.2705,0.1405,0.185
I,0.455,0.37,0.125,0.433,0.201,0.1265,0.145
M,0.425,0.325,0.1,0.3295,0.1365,0.0725,0.11
I,0.475,0.36,0.11,0.4555,0.177,0.0965,0.145
F,0.435,0.35,0.12,0.4585,0.192,0.1,0.13
F,0.29,0.21,0.075,0.275,0.113,0.0675,0.035
M,0.385,0.295,0.095,0.335,0.147,0.094,0.09
M,0.47,0.375,0.115,0.4265,0.1685,0.0853,0.15
F,0.5,0.4,0.125,0.5765,0.2395,0.126,0.185
I,0.4,0.31,0.1,0.127,0.106,0.071,0.085
M,0.62,0.51,0.175,1.1505,0.4768,0.2265,0.4
M,0.595,0.47,0.15,0.8915,0.359,0.2105,0.245
F,0.585,0.455,0.14,0.97,0.462,0.185,0.295
M,0.32,0.24,0.08,0.18,0.08,0.0385,0.055
F,0.52,0.403,0.125,0.6985,0.2945,0.1625,0.215
M,0.44,0.35,0.11,0.4585,0.2,0.0885,0.13
F,0.44,0.33,0.115,0.4005,0.143,0.113,0.12
M,0.565,0.425,0.147,0.7145,0.3055,0.17600000000000002,0.18
F,0.56,0.425,0.125,0.932,0.361,0.213,0.335
F,0.59,0.455,0.175,0.966,0.391,0.2455,0.31
F,0.57,0.465,0.18,0.9995,0.405,0.277,0.295
M,0.68,0.541,0.205,1.496,0.62,0.32130000000000003,0.465
F,0.45,0.36,0.125,0.5065,0.222,0.105,0.16
I,0.32,0.24,0.075,0.1735,0.076,0.0355,0.05
I,0.46,0.35,0.11,0.3945,0.1685,0.0865,0.125
M,0.47,0.37,0.105,0.4665,0.2025,0.1015,0.155
M,0.455,0.35,0.105,0.401,0.1575,0.083,0.135
F,0.415,0.325,0.115,0.3455,0.1405,0.0765,0.11
M,0.465,0.35,0.12,0.5205,0.2015,0.1625,0.185
M,0.46,0.375,0.135,0.4935,0.186,0.0845,0.17
I,0.415,0.31,0.09,0.3245,0.1305,0.0735,0.115
M,0.27,0.195,0.07,0.106,0.0465,0.018,0.036
M,0.445,0.355,0.11,0.4415,0.1805,0.1035,0.1505
F,0.618,0.495,0.19,1.0298,0.4678,0.2147,0.2846
F,0.4,0.3,0.115,0.3025,0.1335,0.0465,0.0935
I,0.28,0.2,0.075,0.1225,0.0545,0.0115,0.035
I,0.552,0.44,0.135,0.8809,0.368,0.1736,0.265
M,0.58,0.467,0.165,1.189,0.473,0.1965,0.435
F,0.635,0.5,0.165,1.2715,0.4915,0.2736,0.413
M,0.697,0.569,0.175,1.8317,0.643,0.3285,0.725
M,0.56,0.42,0.195,0.8085,0.3025,0.1795,0.2875
F,0.64,0.51,0.2,1.3905,0.61,0.3041,0.41
M,0.69,0.551,0.192,1.8465,0.732,0.3791,0.57
F,0.709,0.565,0.194,1.4148,0.7245,0.3332,0.3391
M,0.71,0.565,0.195,1.817,0.785,0.408,0.49
F,0.55,0.47,0.15,0.897,0.377,0.184,0.29
M,0.375,0.305,0.09,0.3046,0.1395,0.0565,0.095
F,0.61,0.45,0.16,1.136,0.414,0.311,0.3
I,0.38,0.28,0.085,0.2735,0.115,0.061,0.085
F,0.37,0.278,0.085,0.2405,0.104,0.0535,0.07
M,0.335,0.235,0.085,0.1545,0.066,0.0345,0.045
I,0.165,0.115,0.015,0.0145,0.0055,0.003,0.005
M,0.285,0.21,0.075,0.1185,0.055,0.0285,0.04
I,0.19,0.13,0.03,0.0295,0.0155,0.015,0.01
I,0.215,0.15,0.03,0.0385,0.0115,0.005,0.01
M,0.595,0.465,0.125,0.799,0.3245,0.2,0.23
F,0.645,0.5,0.17,1.2645,0.5806,0.274,0.355
M,0.575,0.45,0.185,0.925,0.3435,0.2056,0.3186
F,0.575,0.45,0.17,1.098,0.414,0.187,0.405
F,0.58,0.45,0.235,1.071,0.3,0.206,0.395
F,0.595,0.48,0.2,0.975,0.358,0.2035,0.34
F,0.595,0.47,0.25,1.283,0.462,0.2475,0.445
F,0.625,0.42,0.165,1.0595,0.358,0.165,0.445
I,0.535,0.42,0.165,0.9195,0.3355,0.1985,0.2497
M,0.55,0.43,0.164,0.9295,0.317,0.1735,0.355
M,0.498,0.4,0.155,0.8085,0.2345,0.1155,0.3052
I,0.32,0.235,0.08,0.1485,0.064,0.031,0.045
M,0.445,0.34,0.105,0.4475,0.193,0.1035,0.13
F,0.52,0.4,0.125,0.6865,0.295,0.1715,0.185
M,0.495,0.385,0.135,0.6335,0.2,0.1225,0.26
M,0.47,0.37,0.135,0.547,0.222,0.13040000000000002,0.17
F,0.49,0.37,0.14,0.585,0.243,0.115,0.195
M,0.58,0.47,0.165,0.927,0.3215,0.1985,0.315
M,0.645,0.495,0.195,1.4935,0.5265,0.2785,0.4932
F,0.575,0.485,0.165,1.0405,0.419,0.2173,0.3239
I,0.215,0.17,0.055,0.0605,0.0205,0.014,0.02
I,0.43,0.325,0.11,0.3675,0.1355,0.0935,0.12
I,0.26,0.215,0.08,0.099,0.037,0.0255,0.045
I,0.37,0.28,0.09,0.233,0.0905,0.0545,0.07
I,0.405,0.305,0.105,0.3625,0.1565,0.0705,0.125
I,0.27,0.19,0.08,0.081,0.0265,0.0195,0.03
F,0.68,0.531,0.2,1.4975,0.6355,0.4075,0.4117
F,0.65,0.515,0.193,1.4005,0.5736,0.36,0.44
F,0.645,0.514,0.185,1.406,0.4265,0.2285,0.51
M,0.57,0.405,0.16,0.9245,0.3445,0.2185,0.295
M,0.633,0.507,0.19,1.36,0.5305,0.2375,0.47
M,0.42,0.345,0.105,0.43,0.175,0.096,0.13
I,0.275,0.22,0.08,0.1365,0.0565,0.0285,0.042
F,0.29,0.225,0.075,0.14,0.0515,0.0235,0.04
M,0.42,0.34,0.115,0.4215,0.175,0.093,0.135
F,0.625,0.525,0.215,1.5765,0.5115,0.2595,0.665
F,0.55,0.465,0.18,1.2125,0.3245,0.205,0.525
M,0.66,0.505,0.2,1.6845,0.6978,0.297,0.61
M,0.565,0.47,0.195,1.0566,0.387,0.258,0.3443
F,0.595,0.495,0.235,1.366,0.4809,0.219,0.52
M,0.63,0.51,0.23,1.539,0.5635,0.2815,0.57
F,0.43,0.325,0.12,0.445,0.165,0.0995,0.155
F,0.455,0.35,0.14,0.5725,0.1965,0.1325,0.175
I,0.33,0.26,0.08,0.19,0.0765,0.0385,0.065
F,0.515,0.415,0.13,0.764,0.2766,0.196,0.25
M,0.495,0.39,0.15,0.853,0.3285,0.189,0.27
F,0.485,0.375,0.145,0.5885,0.2385,0.1155,0.19
F,0.535,0.46,0.145,0.7875,0.3395,0.2005,0.2
M,0.58,0.465,0.175,1.035,0.401,0.1865,0.385
M,0.625,0.525,0.181,1.352,0.4805,0.2445,0.53
F,0.555,0.455,0.18,0.958,0.3509,0.195,0.39
F,0.55,0.425,0.145,0.797,0.297,0.15,0.265
M,0.59,0.475,0.155,0.857,0.356,0.174,0.28
I,0.355,0.28,0.11,0.2235,0.0815,0.0525,0.08
I,0.275,0.2,0.075,0.086,0.0305,0.019,0.03
F,0.505,0.39,0.175,0.692,0.267,0.15,0.215
M,0.37,0.28,0.095,0.2225,0.0805,0.051,0.075
M,0.555,0.441,0.165,0.7575,0.3008,0.1635,0.275
F,0.505,0.4,0.165,0.729,0.2675,0.155,0.25
F,0.56,0.445,0.18,0.903,0.3575,0.2045,0.295
M,0.595,0.479,0.17,1.0965,0.419,0.229,0.35
F,0.57,0.45,0.165,0.903,0.3305,0.1845,0.295
M,0.6,0.48,0.17400000000000002,1.229,0.4125,0.2787,0.415
M,0.56,0.435,0.185,1.106,0.422,0.2435,0.33
F,0.585,0.47400000000000003,0.19,1.171,0.3905,0.2355,0.4
I,0.46,0.335,0.11,0.444,0.225,0.0745,0.11
F,0.46,0.36,0.123,0.4755,0.2105,0.105,0.16
M,0.415,0.315,0.125,0.388,0.068,0.09,0.125
F,0.435,0.335,0.12,0.3785,0.152,0.0915,0.125
F,0.475,0.38,0.135,0.486,0.1735,0.07,0.185
M,0.465,0.36,0.112,0.5265,0.2105,0.1185,0.165
I,0.355,0.28,0.1,0.2275,0.0935,0.0455,0.085
M,0.46,0.375,0.14,0.5105,0.192,0.1045,0.205
F,0.38,0.325,0.11,0.3105,0.12,0.074,0.105
F,0.47,0.365,0.12,0.543,0.2295,0.1495,0.15
M,0.36,0.27,0.09,0.2225,0.083,0.053,0.075
F,0.573,0.455,0.165,0.9323,0.345,0.2495,0.28400000000000003
F,0.655,0.519,0.2,1.5455,0.654,0.3765,0.415
F,0.615,0.485,0.175,1.2675,0.4995,0.2913,0.38
F,0.572,0.46,0.17,1.073,0.4125,0.2205,0.38
F,0.645,0.5,0.191,1.4285,0.639,0.305,0.36
M,0.65,0.495,0.181,1.793,0.7828,0.339,0.53
F,0.51,0.395,0.145,0.6185,0.216,0.1385,0.24
M,0.483,0.38,0.135,0.5825,0.2505,0.1565,0.175
M,0.495,0.415,0.165,0.7485,0.264,0.14959999999999998,0.285
M,0.43,0.335,0.115,0.406,0.166,0.0935,0.135
F,0.59,0.465,0.16,1.1005,0.506,0.2406,0.295
M,0.579,0.46,0.175,0.869,0.3155,0.1825,0.32
M,0.585,0.43,0.16,0.955,0.3625,0.176,0.27
F,0.58,0.455,0.16,0.9215,0.312,0.196,0.3
F,0.62,0.51,0.15,1.456,0.581,0.2875,0.32
I,0.59,0.45,0.16,0.893,0.2745,0.2185,0.345
F,0.689,0.575,0.207,2.226,0.8955,0.5435,0.62
F,0.635,0.51,0.175,1.2125,0.5735,0.261,0.36
F,0.61,0.48,0.175,1.0675,0.391,0.216,0.3589
F,0.545,0.445,0.175,0.8525,0.3465,0.189,0.295
M,0.57,0.45,0.16,0.8615,0.3725,0.2175,0.255
F,0.6,0.475,0.18,1.162,0.511,0.2675,0.32
F,0.52,0.41,0.17,0.8705,0.3271,0.219,0.2702
M,0.635,0.521,0.20099999999999998,1.5591,0.4975,0.3241,0.58
F,0.67,0.52,0.189,1.406,0.586,0.348,0.37
M,0.695,0.561,0.2,2.033,0.8674000000000001,0.4102,0.685
M,0.655,0.525,0.185,1.259,0.487,0.2565,0.445
F,0.62,0.48,0.23,1.0935,0.403,0.245,0.355
F,0.6,0.475,0.18,1.1805,0.4345,0.2475,0.425
M,0.531,0.405,0.13,0.7175,0.3725,0.158,0.17
M,0.525,0.405,0.135,0.7575,0.3305,0.216,0.195
M,0.44,0.375,0.13,0.487,0.226,0.0965,0.155
I,0.485,0.377,0.14,0.5705,0.25,0.134,0.185
F,0.495,0.385,0.13,0.6905,0.3054,0.179,0.175
I,0.435,0.345,0.12,0.4475,0.221,0.112,0.125
I,0.405,0.315,0.105,0.347,0.1605,0.0785,0.1
I,0.42,0.33,0.1,0.352,0.1635,0.089,0.1
F,0.5,0.395,0.15,0.7145,0.3235,0.173,0.195
F,0.385,0.305,0.105,0.3315,0.1365,0.0745,0.0977
I,0.33,0.265,0.09,0.18,0.068,0.036,0.06
F,0.58,0.475,0.155,0.974,0.4305,0.23,0.285
I,0.325,0.27,0.1,0.185,0.08,0.0435,0.065
M,0.475,0.375,0.12,0.563,0.2525,0.1205,0.185
F,0.38,0.3,0.09,0.3215,0.1545,0.075,0.095
I,0.34,0.26,0.09,0.179,0.076,0.0525,0.049100000000000005
M,0.525,0.425,0.12,0.702,0.3335,0.1465,0.22
F,0.529,0.415,0.145,0.8045,0.3325,0.1725,0.285
F,0.535,0.45,0.135,0.8075,0.322,0.181,0.25
M,0.475,0.36,0.12,0.578,0.2825,0.12,0.17
I,0.415,0.325,0.1,0.385,0.167,0.08,0.125
I,0.495,0.385,0.125,0.585,0.2755,0.1235,0.165
F,0.48,0.405,0.13,0.6375,0.277,0.1445,0.21
F,0.547,0.425,0.15,0.813,0.385,0.2015,0.23
M,0.475,0.375,0.13,0.5735,0.2505,0.119,0.195
F,0.58,0.455,0.12,0.94,0.399,0.257,0.265
M,0.59,0.49,0.135,1.008,0.422,0.2245,0.2897
F,0.523,0.415,0.138,0.775,0.302,0.179,0.26
F,0.65,0.5,0.165,1.1445,0.485,0.218,0.34
F,0.465,0.375,0.135,0.6,0.2225,0.129,0.23
M,0.455,0.355,0.13,0.515,0.192,0.1275,0.175
M,0.47,0.375,0.13,0.5795,0.2145,0.164,0.195
F,0.435,0.329,0.11,0.384,0.143,0.1005,0.125
M,0.35,0.265,0.11,0.2965,0.1278,0.063,0.085
I,0.315,0.24,0.07,0.137,0.0545,0.0315,0.04
M,0.595,0.47,0.145,0.991,0.4035,0.1505,0.34
F,0.58,0.475,0.135,0.925,0.4268,0.165,0.275
M,0.575,0.435,0.15,0.805,0.3551,0.1625,0.2475
M,0.535,0.422,0.155,0.8915,0.3415,0.177,0.25
M,0.515,0.408,0.14,0.769,0.2505,0.154,0.29
F,0.505,0.385,0.135,0.6185,0.251,0.1175,0.2
F,0.505,0.395,0.145,0.6515,0.2695,0.153,0.205
I,0.4,0.31,0.1,0.2875,0.1145,0.0635,0.095
M,0.49,0.395,0.135,0.5653,0.213,0.0925,0.215
M,0.53,0.435,0.135,0.7365,0.3275,0.1315,0.22
I,0.424,0.325,0.105,0.306,0.111,0.0735,0.095
F,0.665,0.531,0.19,1.496,0.5775,0.2815,0.475
F,0.415,0.305,0.105,0.3605,0.12,0.082,0.1
M,0.43,0.345,0.115,0.3045,0.0925,0.055,0.12
F,0.475,0.378,0.135,0.6358,0.2465,0.1645,0.2
F,0.537,0.425,0.145,0.7995,0.3345,0.209,0.24
I,0.48,0.39,0.145,0.5825,0.2315,0.121,0.255
I,0.42,0.345,0.115,0.3435,0.1515,0.0795,0.115
M,0.59,0.46,0.155,0.906,0.327,0.1878,0.335
F,0.515,0.42,0.135,0.6295,0.2815,0.127,0.215
M,0.695,0.538,0.22,1.5515,0.6771,0.3835,0.445
F,0.8,0.63,0.20299999999999999,1.7627,0.933,0.3336,0.4763
M,0.61,0.49,0.15,1.103,0.425,0.22820000000000001,0.3333
F,0.565,0.48,0.175,0.957,0.3885,0.215,0.275
M,0.584,0.455,0.165,0.86,0.4015,0.1695,0.245
F,0.614,0.485,0.195,1.7016,0.7491,0.358,0.485
M,0.64,0.52,0.19,1.407,0.566,0.304,0.43220000000000003
F,0.59,0.47,0.163,0.9,0.4083,0.1905,0.25
I,0.31,0.24,0.09,0.1455,0.0605,0.0315,0.045
I,0.255,0.185,0.07,0.075,0.028,0.018,0.025
I,0.17,0.125,0.043000000000000003,0.0235,0.009,0.0055,0.008
M,0.67,0.55,0.17,1.2279,0.5053,0.2455,0.4
F,0.686,0.565,0.196,1.7265,0.638,0.3365,0.565
F,0.56,0.43,0.125,0.7921,0.313,0.1715,0.263
F,0.505,0.4,0.13,0.764,0.3035,0.189,0.2175
M,0.525,0.43,0.165,0.8645,0.376,0.1945,0.2589
F,0.479,0.36,0.105,0.4715,0.2035,0.0935,0.149
F,0.515,0.435,0.17,0.6328,0.2765,0.111,0.216
M,0.59,0.475,0.16,0.9455,0.3815,0.184,0.27
M,0.7,0.53,0.19,1.2587,0.548,0.233,0.42
F,0.72,0.56,0.175,1.7265,0.637,0.3415,0.525
M,0.635,0.495,0.15,1.081,0.4825,0.242,0.3047
M,0.555,0.44,0.135,0.9025,0.3836,0.2105,0.28
M,0.575,0.47,0.15,1.1415,0.4515,0.204,0.3817
M,0.585,0.448,0.125,1.027,0.391,0.212,0.25
F,0.61,0.485,0.21,1.3445,0.535,0.2205,0.515
F,0.654,0.525,0.19,1.449,0.601,0.2565,0.505
F,0.545,0.44,0.175,0.7745,0.2985,0.1875,0.265
M,0.55,0.43,0.137,0.7895,0.343,0.159,0.25
F,0.66,0.525,0.189,1.3665,0.5005,0.291,0.41
M,0.622,0.475,0.195,1.0295,0.4615,0.1905,0.3179
F,0.6,0.47,0.2,1.031,0.392,0.2035,0.29
F,0.63,0.505,0.165,1.0742,0.4595,0.216,0.315
M,0.695,0.57,0.194,1.885,0.8665,0.435,0.5
M,0.65,0.545,0.189,1.2425,0.487,0.2562,0.48
M,0.72,0.572,0.225,1.969,0.8644,0.4142,0.5587
I,0.56,0.44,0.17,0.9445,0.3649,0.2175,0.3
I,0.42,0.325,0.115,0.354,0.1625,0.064,0.105
M,0.18,0.125,0.05,0.023,0.0085,0.0055,0.01
F,0.405,0.325,0.11,0.3575,0.145,0.0725,0.11
F,0.5,0.405,0.15,0.5965,0.253,0.126,0.185
I,0.435,0.335,0.11,0.383,0.1555,0.0672,0.135
M,0.34,0.275,0.09,0.2065,0.0725,0.043,0.07
F,0.43,0.34,0.11,0.382,0.154,0.0955,0.109
I,0.535,0.41,0.155,0.6315,0.2745,0.1415,0.1815
I,0.415,0.325,0.115,0.3285,0.1405,0.051,0.106
F,0.36,0.265,0.09,0.2165,0.096,0.037,0.0735
M,0.175,0.135,0.04,0.0305,0.011,0.0075,0.01
M,0.155,0.115,0.025,0.024,0.009,0.005,0.0075
I,0.525,0.43,0.15,0.7365,0.3225,0.161,0.21459999999999999
F,0.525,0.39,0.135,0.6005,0.2265,0.131,0.21
I,0.44,0.345,0.105,0.4285,0.165,0.083,0.132
F,0.45,0.345,0.115,0.496,0.1905,0.117,0.14
F,0.485,0.365,0.14,0.6195,0.2595,0.1445,0.177
I,0.47,0.35,0.135,0.567,0.2315,0.1465,0.1525
I,0.515,0.375,0.14,0.6505,0.2495,0.141,0.2215
M,0.42,0.34,0.125,0.4495,0.165,0.1125,0.144
F,0.455,0.35,0.125,0.4485,0.1585,0.102,0.1335
M,0.37,0.29,0.09,0.241,0.11,0.045,0.069
M,0.33,0.25,0.09,0.197,0.085,0.041,0.0605
I,0.3,0.22,0.09,0.1425,0.057,0.0335,0.043
I,0.618,0.479,0.16,1.2395,0.55,0.273,0.38
I,0.61,0.447,0.17,1.0385,0.4435,0.241,0.32
I,0.625,0.465,0.155,0.972,0.404,0.1845,0.35
I,0.612,0.49,0.163,1.3315,0.5805,0.252,0.435
I,0.5,0.385,0.155,0.762,0.3795,0.161,0.19
F,0.53,0.43,0.17,0.775,0.35,0.152,0.235
I,0.43,0.33,0.1,0.437,0.163,0.0755,0.17
F,0.585,0.415,0.155,0.6728999999999999,0.3,0.146,0.195
I,0.44,0.355,0.165,0.435,0.159,0.105,0.14
M,0.29,0.225,0.08,0.1295,0.0535,0.026,0.045
I,0.555,0.455,0.17,0.8435,0.309,0.1905,0.3
I,0.655,0.515,0.145,1.25,0.5265,0.283,0.315
F,0.588,0.46,0.185,1.017,0.3515,0.2,0.32
I,0.625,0.43,0.175,1.1888999999999998,0.572,0.297,0.28150000000000003
I,0.62,0.485,0.17,1.208,0.4805,0.3045,0.33
F,0.64,0.493,0.15,1.0705,0.371,0.2705,0.36
F,0.505,0.375,0.115,0.5895,0.2635,0.12,0.167
M,0.5,0.395,0.12,0.537,0.2165,0.1076,0.1785
M,0.31,0.245,0.095,0.15,0.0525,0.034,0.048
F,0.505,0.38,0.145,0.651,0.2935,0.19,0.17
I,0.42,0.305,0.11,0.28,0.094,0.0785,0.0955
M,0.4,0.315,0.105,0.287,0.1135,0.037,0.113
M,0.425,0.315,0.125,0.3525,0.1135,0.0565,0.13
M,0.31,0.235,0.06,0.12,0.0415,0.033,0.04
F,0.465,0.35,0.13,0.494,0.1945,0.103,0.155
F,0.465,0.36,0.11699999999999999,0.4765,0.192,0.1125,0.16
M,0.35,0.255,0.085,0.2145,0.1,0.0465,0.06
I,0.52,0.415,0.16,0.595,0.2105,0.142,0.26
F,0.475,0.365,0.13,0.4805,0.1905,0.114,0.1475
F,0.41,0.315,0.11,0.321,0.1255,0.0655,0.095
M,0.26,0.2,0.065,0.096,0.044,0.027,0.03
I,0.575,0.45,0.17,0.9315,0.358,0.2145,0.26
I,0.565,0.435,0.155,0.782,0.2879,0.168,0.285
M,0.26,0.19,0.075,0.0945,0.0445,0.02,0.03
F,0.53,0.385,0.125,0.6695,0.289,0.151,0.18
M,0.34,0.255,0.095,0.213,0.081,0.034,0.07
I,0.52,0.38,0.14,0.525,0.1775,0.115,0.188
F,0.62,0.5,0.18,1.312,0.529,0.2485,0.485
F,0.61,0.486,0.165,1.1061,0.4255,0.232,0.38
F,0.66,0.515,0.18,1.523,0.54,0.3365,0.555
I,0.635,0.5,0.178,1.319,0.4966,0.292,0.49
F,0.465,0.38,0.135,0.579,0.208,0.1095,0.22
M,0.515,0.411,0.16,0.8175,0.3005,0.17729999999999999,0.3
I,0.335,0.24,0.095,0.17,0.062,0.039,0.055
F,0.517,0.4,0.17,0.7676,0.258,0.1755,0.28
F,0.345,0.255,0.1,0.20679999999999998,0.071,0.051,0.06470000000000001
M,0.465,0.355,0.125,0.5255,0.2025,0.1357,0.145
M,0.538,0.415,0.17,0.879,0.339,0.208,0.255
M,0.475,0.355,0.125,0.4625,0.186,0.107,0.145
F,0.445,0.335,0.14,0.4565,0.1785,0.114,0.14
M,0.5,0.355,0.14,0.528,0.2125,0.149,0.14
I,0.5,0.38,0.135,0.5835,0.2295,0.1265,0.18
F,0.55,0.435,0.17,0.791,0.2875,0.1645,0.28
I,0.275,0.205,0.08,0.096,0.036,0.0185,0.03
F,0.35,0.265,0.09,0.1855,0.0745,0.0415,0.06
F,0.37,0.285,0.105,0.27,0.1125,0.0585,0.0835
F,0.42,0.33699999999999997,0.125,0.463,0.186,0.11,0.145
M,0.35,0.26,0.09,0.198,0.0725,0.056,0.06
M,0.395,0.305,0.105,0.282,0.0975,0.0674,0.096
I,0.325,0.2,0.08,0.0995,0.0395,0.0225,0.032
I,0.273,0.2,0.06,0.092,0.0385,0.0235,0.027
I,0.235,0.17,0.065,0.0625,0.023,0.014,0.022
I,0.25,0.18,0.06,0.073,0.028,0.017,0.0225
I,0.25,0.185,0.065,0.071,0.027,0.0185,0.0225
I,0.2,0.149,0.05,0.036,0.0125,0.008,0.011
F,0.585,0.47,0.17,1.099,0.3975,0.2325,0.358
M,0.451,0.35,0.14,0.5905,0.2025,0.158,0.19
F,0.5,0.385,0.13,0.768,0.2625,0.095,0.27
M,0.44,0.325,0.08,0.413,0.144,0.1015,0.13
M,0.515,0.405,0.14,0.8505,0.312,0.146,0.315
F,0.52,0.405,0.14,0.6915,0.276,0.137,0.215
M,0.5,0.39,0.13,0.709,0.275,0.168,0.18
M,0.425,0.325,0.12,0.3846,0.142,0.1065,0.105
M,0.51,0.415,0.14,0.8185,0.3025,0.1863,0.235
F,0.37,0.275,0.08,0.227,0.093,0.0625,0.07
M,0.54,0.428,0.13,0.8245,0.272,0.226,0.24
M,0.61,0.475,0.17,1.0350000000000001,0.474,0.2895,0.24
M,0.565,0.44,0.175,1.122,0.4683,0.2375,0.3325
M,0.682,0.515,0.175,1.5424,0.6745,0.384,0.385
F,0.615,0.47,0.175,1.2985,0.5135,0.343,0.32
M,0.605,0.49,0.145,1.3,0.517,0.3285,0.31
F,0.59,0.455,0.165,1.161,0.38,0.2605,0.28
M,0.645,0.503,0.155,1.489,0.5915,0.312,0.4542
M,0.581,0.448,0.155,1.008,0.377,0.193,0.34
F,0.47,0.355,0.18,0.441,0.1525,0.1165,0.135
F,0.5,0.44,0.155,0.742,0.2025,0.18760000000000002,0.2115
F,0.52,0.413,0.145,0.7,0.2505,0.1905,0.24
M,0.39,0.285,0.095,0.2543,0.11,0.06,0.08
M,0.52,0.4,0.165,0.8565,0.2745,0.201,0.21
F,0.54,0.415,0.175,0.8975,0.275,0.241,0.275
M,0.46,0.36,0.135,0.6105,0.1955,0.107,0.235
I,0.355,0.26,0.09,0.1925,0.077,0.038,0.065
F,0.49,0.4,0.145,0.6635,0.21,0.1295,0.2519
F,0.63,0.51,0.185,1.235,0.5115,0.3124,0.3065
M,0.5,0.385,0.145,0.703,0.246,0.195,0.204
M,0.49,0.39,0.135,0.592,0.242,0.096,0.1835
M,0.44,0.325,0.115,0.39,0.163,0.087,0.113
F,0.515,0.395,0.165,0.7565,0.1905,0.17,0.2924
F,0.475,0.38,0.145,0.57,0.167,0.118,0.187
I,0.42,0.31,0.104,0.2865,0.115,0.0735,0.085
M,0.4,0.305,0.13,0.2935,0.096,0.0675,0.105
M,0.45,0.36,0.16,0.567,0.174,0.1245,0.225
F,0.52,0.4,0.13,0.6245,0.215,0.2065,0.17
M,0.505,0.4,0.155,0.8415,0.2715,0.1775,0.285
M,0.495,0.4,0.14,0.7775,0.2015,0.18,0.28190000000000004
M,0.531,0.41,0.145,0.989,0.2815,0.213,0.3482
F,0.48,0.39,0.125,0.6905,0.219,0.155,0.2
F,0.33,0.26,0.08,0.2,0.0625,0.05,0.07
I,0.285,0.21,0.07,0.109,0.044,0.0265,0.033
I,0.308,0.23,0.075,0.1198,0.052,0.03,0.0345
I,0.31,0.24,0.105,0.2885,0.118,0.065,0.083
I,0.34,0.255,0.075,0.18,0.0745,0.04,0.0525
I,0.375,0.3,0.075,0.144,0.059,0.03,0.044
I,0.415,0.325,0.1,0.4577,0.2285,0.1065,0.114
I,0.415,0.315,0.105,0.33,0.1405,0.0705,0.095
I,0.415,0.315,0.09,0.3625,0.175,0.0835,0.093
I,0.42,0.32,0.1,0.34,0.1745,0.05,0.0945
I,0.425,0.31,0.10300000000000001,0.365,0.159,0.0825,0.105
M,0.465,0.375,0.11,0.5,0.21,0.113,0.1505
F,0.465,0.35,0.135,0.6265,0.259,0.1445,0.175
I,0.47,0.37,0.11,0.5555,0.25,0.115,0.163
F,0.47,0.375,0.12,0.6015,0.2765,0.1455,0.135
I,0.475,0.365,0.12,0.53,0.2505,0.0975,0.1576
M,0.48,0.37,0.135,0.6315,0.3445,0.1343,0.161
M,0.517,0.4,0.13,0.7715,0.37,0.16,0.211
I,0.505,0.39,0.185,0.6125,0.267,0.142,0.172
M,0.525,0.425,0.19,0.872,0.4625,0.1725,0.199
M,0.54,0.42,0.12,0.8115,0.392,0.1455,0.2235
M,0.545,0.45,0.15,0.8275,0.387,0.15,0.2625
F,0.565,0.44,0.15,0.983,0.4475,0.2355,0.2485
M,0.58,0.46,0.18,1.145,0.4785,0.277,0.325
M,0.584,0.455,0.16,1.09,0.5,0.2215,0.292
M,0.59,0.461,0.166,1.262,0.5685,0.2725,0.335
M,0.595,0.49,0.159,1.185,0.482,0.2015,0.361
F,0.6,0.475,0.135,1.4405,0.5885,0.191,0.3175
F,0.6,0.5,0.155,1.332,0.6235,0.2835,0.35
F,0.6,0.485,0.165,1.1405,0.587,0.2175,0.288
M,0.605,0.475,0.16,1.179,0.5395,0.275,0.309
F,0.625,0.49,0.155,1.3319,0.6675,0.259,0.33
M,0.63,0.5,0.185,1.4083999999999999,0.6637000000000001,0.3125,0.384
M,0.64,0.585,0.195,1.647,0.7225,0.331,0.471
F,0.64,0.5,0.18,1.4995,0.593,0.314,0.431
F,0.655,0.545,0.165,1.6225,0.6555,0.299,0.513
I,0.66,0.522,0.215,1.5115,0.6725,0.3089,0.4065
M,0.66,0.535,0.2,1.791,0.8223,0.318,0.54
F,0.675,0.555,0.205,1.925,0.8769,0.4553,0.4535
M,0.675,0.54,0.175,1.689,0.694,0.371,0.474
F,0.69,0.55,0.18,1.7116,0.8715,0.2655,0.4395
F,0.695,0.53,0.2,2.0475,0.9285,0.4439,0.5861
F,0.7,0.525,0.19,1.6243,0.707,0.365,0.43
M,0.73,0.574,0.181,2.0165,1.0685,0.418,0.435
I,0.205,0.15,0.065,0.04,0.02,0.011,0.013
I,0.225,0.17,0.07,0.0565,0.024,0.013,0.016
I,0.23,0.18,0.05,0.064,0.0215,0.0135,0.02
I,0.275,0.195,0.07,0.0875,0.0345,0.022,0.0255
I,0.28,0.21,0.055,0.106,0.0415,0.0265,0.031
I,0.28,0.22,0.08,0.1315,0.066,0.024,0.03
I,0.295,0.22,0.07,0.126,0.0515,0.0275,0.035
I,0.31,0.225,0.075,0.155,0.065,0.037,0.0365
I,0.315,0.235,0.07,0.149,0.058,0.0325,0.047
I,0.34,0.265,0.07,0.185,0.0625,0.0395,0.07
I,0.37,0.29,0.08,0.2432,0.108,0.0565,0.07
I,0.38,0.285,0.085,0.237,0.115,0.0405,0.07
I,0.39,0.295,0.1,0.279,0.1155,0.059,0.08
I,0.405,0.31,0.065,0.3205,0.1575,0.066,0.088
I,0.415,0.325,0.1,0.3335,0.1445,0.0715,0.095
I,0.44,0.335,0.11,0.3885,0.175,0.0835,0.111
I,0.44,0.345,0.115,0.545,0.269,0.111,0.1305
I,0.44,0.325,0.1,0.4165,0.185,0.0865,0.11
I,0.44,0.355,0.12,0.495,0.229,0.11,0.125
I,0.45,0.35,0.125,0.4775,0.2235,0.089,0.118
I,0.45,0.35,0.12,0.468,0.2005,0.1065,0.1325
F,0.455,0.35,0.12,0.4632,0.1945,0.1045,0.1375
F,0.46,0.35,0.115,0.46,0.2025,0.1115,0.1165
I,0.46,0.345,0.12,0.4155,0.198,0.0885,0.107
I,0.46,0.345,0.115,0.4215,0.1895,0.102,0.111
I,0.465,0.355,0.11,0.474,0.23,0.1005,0.1258
M,0.465,0.34,0.105,0.486,0.231,0.1035,0.1225
I,0.475,0.385,0.11,0.5735,0.311,0.1025,0.136
I,0.475,0.355,0.105,0.468,0.201,0.1115,0.12
M,0.48,0.37,0.1,0.5135,0.243,0.1015,0.135
M,0.5,0.375,0.145,0.6215,0.274,0.166,0.1485
I,0.5,0.38,0.11,0.494,0.218,0.09,0.1444
I,0.505,0.385,0.12,0.6005,0.239,0.142,0.185
M,0.515,0.395,0.12,0.646,0.285,0.1365,0.172
M,0.525,0.415,0.148,0.7945,0.3464,0.1853,0.202
F,0.525,0.425,0.125,0.812,0.4035,0.1705,0.195
F,0.53,0.42,0.17,0.828,0.41,0.208,0.1505
M,0.53,0.41,0.14,0.681,0.3095,0.1415,0.1835
F,0.547,0.405,0.15,0.889,0.4055,0.2275,0.215
M,0.54,0.435,0.14,0.7345,0.33,0.1595,0.213
F,0.55,0.425,0.125,0.964,0.5475,0.159,0.215
F,0.555,0.425,0.14,0.963,0.44,0.224,0.2603
F,0.57,0.445,0.155,0.995,0.4753,0.185,0.2505
F,0.57,0.435,0.136,0.8585,0.3905,0.196,0.2295
M,0.575,0.45,0.155,0.948,0.429,0.2077,0.259
F,0.58,0.445,0.145,0.888,0.41,0.1815,0.2425
F,0.585,0.45,0.16,0.9045,0.405,0.2215,0.2335
M,0.59,0.465,0.14,1.046,0.4695,0.263,0.263
F,0.595,0.47,0.155,1.1775,0.542,0.269,0.31
F,0.595,0.465,0.15,1.0765,0.491,0.22,0.287
M,0.595,0.465,0.15,1.0255,0.412,0.2745,0.289
F,0.6,0.46,0.145,0.9325,0.3985,0.2245,0.248
F,0.6,0.46,0.15,1.235,0.6025,0.274,0.3064
M,0.6,0.46,0.15,1.247,0.5335,0.2735,0.3434
M,0.61,0.48,0.15,1.1495,0.564,0.2492,0.264
F,0.615,0.485,0.16,1.1222,0.5005,0.2495,0.315
F,0.615,0.5,0.165,1.327,0.6,0.28200000000000003,0.355
M,0.615,0.47,0.155,1.2,0.5085,0.32,0.3201
F,0.62,0.51,0.175,1.2705,0.5415,0.3,0.3225
F,0.62,0.491,0.175,1.2155,0.545,0.253,0.345
F,0.62,0.475,0.16,1.3245,0.6865,0.233,0.3275
M,0.625,0.48,0.17,1.3555,0.671,0.268,0.3385
F,0.625,0.49,0.165,1.127,0.5287,0.2365,0.3185
F,0.625,0.49,0.175,1.1075,0.4485,0.2165,0.3595
F,0.63,0.495,0.165,1.4255,0.6621,0.336,0.38
F,0.63,0.495,0.145,1.1444,0.5455,0.266,0.2885
M,0.63,0.48,0.165,1.286,0.604,0.271,0.35
F,0.635,0.495,0.18,1.3358,0.617,0.317,0.3469
F,0.635,0.495,0.195,1.297,0.556,0.2985,0.37
M,0.645,0.49,0.17,1.251,0.5355,0.2832,0.3165
M,0.645,0.5,0.16999999999999998,1.5105,0.6735,0.3755,0.3469
F,0.637,0.5,0.185,1.4415,0.741,0.2955,0.341
M,0.657,0.52,0.19,1.6385,0.8115,0.369,0.391
M,0.69,0.545,0.205,1.8597000000000001,0.8753,0.429,0.498
M,0.67,0.54,0.187,1.6105,0.7725,0.3855,0.4325
F,0.706,0.55,0.155,1.8495,0.767,0.442,0.4175
M,0.695,0.525,0.203,1.742,0.696,0.389,0.505
F,0.7,0.575,0.205,1.7975,0.7295,0.3935,0.5165
F,0.705,0.56,0.205,2.381,1.1732,0.5237999999999999,0.624
M,0.6920000000000001,0.548,0.18,2.398,1.1124,0.531,0.5335
M,0.725,0.5700000000000001,0.215,2.1945,1.0515,0.482,0.5281
I,0.22,0.16,0.05,0.049,0.0215,0.01,0.015
I,0.275,0.205,0.07,0.1055,0.495,0.019,0.0315
I,0.29,0.21,0.06,0.1045,0.0415,0.022,0.035
I,0.33,0.24,0.075,0.163,0.0745,0.033,0.048
I,0.355,0.285,0.095,0.2275,0.0955,0.0475,0.0715
I,0.375,0.29,0.1,0.219,0.0925,0.038,0.075
I,0.415,0.315,0.1,0.3645,0.1765,0.0795,0.095
I,0.425,0.33,0.115,0.3265,0.1315,0.077,0.103
I,0.425,0.34,0.1,0.3515,0.1625,0.082,0.094
I,0.43,0.32,0.1,0.3465,0.1635,0.08,0.09
I,0.44,0.344,0.1,0.407,0.209,0.0735,0.103
I,0.44,0.335,0.115,0.4215,0.173,0.0765,0.1556
I,0.46,0.345,0.11,0.3755,0.1525,0.058,0.125
I,0.46,0.37,0.12,0.5335,0.2645,0.108,0.1345
I,0.478,0.355,0.105,0.442,0.2085,0.0975,0.1185
I,0.475,0.365,0.1,0.1315,0.2025,0.0875,0.123
I,0.475,0.375,0.115,0.5205,0.233,0.119,0.1455
I,0.485,0.375,0.13,0.5535,0.266,0.112,0.157
I,0.49,0.375,0.125,0.5445,0.279,0.115,0.13
M,0.49,0.38,0.11,0.554,0.2935,0.0987,0.15
I,0.495,0.38,0.12,0.512,0.233,0.12739999999999999,0.136
I,0.5,0.39,0.125,0.583,0.294,0.132,0.1605
M,0.5,0.384,0.12,0.5765,0.273,0.135,0.145
F,0.505,0.4,0.135,0.723,0.377,0.149,0.178
I,0.51,0.395,0.155,0.5696,0.2465,0.1085,0.167
I,0.51,0.385,0.15,0.625,0.3095,0.119,0.1725
I,0.515,0.4,0.125,0.5925,0.265,0.1175,0.168
I,0.514,0.395,0.135,0.6239,0.2985,0.1295,0.175
F,0.545,0.43,0.14,0.832,0.4355,0.17,0.201
M,0.547,0.42,0.145,0.778,0.3745,0.1545,0.205
M,0.55,0.42,0.14600000000000002,0.7865,0.403,0.185,0.17
F,0.545,0.4,0.14,0.778,0.368,0.19140000000000001,0.18
I,0.55,0.42,0.13,0.636,0.294,0.144,0.1755
F,0.55,0.44,0.135,0.8435,0.3902,0.1995,0.185
I,0.555,0.425,0.13,0.648,0.2835,0.133,0.2105
M,0.565,0.43,0.13,0.784,0.3495,0.1885,0.2104
F,0.57,0.45,0.18,0.908,0.4015,0.217,0.255
M,0.57,0.45,0.135,1.02,0.546,0.204,0.25
F,0.57,0.43,0.16,0.811,0.3875,0.159,0.2285
F,0.575,0.48,0.15,0.897,0.4235,0.1905,0.248
M,0.58,0.455,0.13,0.852,0.41,0.1725,0.225
F,0.585,0.45,0.15,0.938,0.467,0.2144,0.225
F,0.585,0.435,0.14,0.6955,0.3085,0.129,0.2245
M,0.59,0.47,0.151,0.861,0.413,0.164,0.249
M,0.59,0.46,0.14,1.004,0.496,0.2165,0.26
F,0.59,0.46,0.16,1.0115,0.445,0.2615,0.2565
F,0.595,0.465,0.15,1.0532000000000001,0.5415,0.166,0.265
M,0.595,0.47000000000000003,0.168,1.108,0.4915,0.24009999999999998,0.3345
M,0.595,0.46,0.14,0.852,0.4215,0.2255,0.227
M,0.6,0.49,0.21,1.9875,0.9873999999999999,0.419,0.491
F,0.605,0.48,0.15,1.079,0.4456,0.2835,0.293
M,0.615,0.475,0.17,1.055,0.543,0.246,0.2345
M,0.615,0.45,0.15,1.198,0.635,0.2095,0.2505
M,0.615,0.47,0.155,1.084,0.5629,0.209,0.246
F,0.615,0.474,0.175,1.103,0.4635,0.3095,0.2725
M,0.62,0.49,0.155,1.1,0.505,0.2475,0.31
M,0.62,0.48,0.15,1.1015,0.4965,0.243,0.305
M,0.625,0.495,0.185,1.3835,0.7105,0.3005,0.345
F,0.625,0.49,0.163,1.1204,0.484,0.277,0.3095
M,0.625,0.48,0.145,1.085,0.4645,0.2445,0.327
M,0.63,0.505,0.15,1.3165,0.6325,0.2465,0.3695
M,0.63,0.51,0.175,1.3415,0.6575,0.262,0.375
M,0.63,0.465,0.15,1.027,0.537,0.188,0.176
F,0.64,0.515,0.16,1.386,0.6737,0.311,0.335
M,0.612,0.48,0.15,1.192,0.6055,0.2595,0.285
F,0.661,0.52,0.18,1.285,0.5775,0.352,0.317
M,0.65,0.515,0.125,1.1805,0.5235,0.283,0.3275
M,0.65,0.52,0.175,1.2655,0.5287999999999999,0.2864,0.336
F,0.65,0.535,0.175,1.2895,0.6095,0.2896,0.344
M,0.65,0.51,0.17200000000000001,1.407,0.7215,0.298,0.335
F,0.65,0.49,0.155,1.122,0.545,0.228,0.3055
M,0.66,0.515,0.179,1.4465,0.694,0.31529999999999997,0.3755
F,0.665,0.505,0.165,1.349,0.5985,0.3175,0.36
M,0.67,0.5,0.2,1.269,0.576,0.2985,0.351
F,0.67,0.51,0.183,1.1973,0.5246000000000001,0.2975,0.2669
F,0.675,0.53,0.19,1.551,0.7105,0.3685,0.4268
F,0.68,0.52,0.165,1.4775,0.724,0.3024,0.406
M,0.68,0.549,0.181,1.5139,0.7635,0.3115,0.395
M,0.7,0.551,0.175,1.7585,0.8745,0.355,0.47
M,0.629,0.495,0.2,1.233,0.5435,0.306,0.3262
F,0.725,0.53,0.19,1.6162,0.7474000000000001,0.398,0.405
M,0.725,0.55,0.183,1.51,0.8735,0.2665,0.5085
M,0.735,0.571,0.175,1.88,0.9095,0.3927,0.4425
F,0.726,0.551,0.22,2.012,0.8915,0.5265,0.471
M,0.75,0.58,0.2,2.201,1.0615,0.5235,0.591
I,0.19,0.14,0.03,0.0315,0.0125,0.005,0.0105
I,0.21,0.15,0.045,0.04,0.0135,0.008,0.0105
I,0.25,0.175,0.06,0.0635,0.0275,0.008,0.02
I,0.29,0.215,0.065,0.0985,0.0425,0.021,0.031
I,0.335,0.25,0.08,0.167,0.0675,0.0325,0.0575
I,0.34,0.245,0.085,0.2015,0.1005,0.038,0.053
I,0.345,0.255,0.095,0.183,0.075,0.0385,0.06
I,0.355,0.255,0.08,0.187,0.078,0.0505,0.058
I,0.36,0.26,0.08,0.1795,0.074,0.0315,0.06
I,0.37,0.275,0.09,0.2065,0.096,0.0395,0.058
I,0.387,0.29,0.14,0.3,0.14,0.0625,0.0825
I,0.375,0.275,0.095,0.2295,0.095,0.0545,0.066
I,0.385,0.3,0.125,0.343,0.1705,0.0735,0.081
I,0.385,0.285,0.085,0.244,0.1215,0.0445,0.068
I,0.395,0.32,0.1,0.3075,0.149,0.0535,0.09
I,0.4,0.305,0.1,0.3415,0.176,0.0625,0.0865
I,0.405,0.305,0.1,0.271,0.0965,0.061,0.091
I,0.405,0.31,0.11,0.91,0.416,0.2075,0.0995
I,0.405,0.305,0.1,0.268,0.1145,0.053,0.085
I,0.405,0.3,0.09,0.2885,0.138,0.0635,0.0765
I,0.41,0.315,0.1,0.3,0.124,0.0575,0.1
I,0.41,0.325,0.11,0.326,0.1325,0.075,0.101
I,0.415,0.335,0.1,0.358,0.169,0.067,0.10250000000000001
I,0.42,0.325,0.115,0.314,0.1295,0.0635,0.1
I,0.42,0.315,0.11,0.4025,0.1855,0.083,0.1015
I,0.43,0.34,0.11,0.3645,0.159,0.0855,0.105
I,0.445,0.36,0.11,0.4235,0.182,0.0765,0.14
M,0.45,0.325,0.115,0.4305,0.2235,0.0785,0.1155
I,0.45,0.335,0.095,0.3505,0.1615,0.0625,0.1185
I,0.455,0.34,0.115,0.486,0.261,0.0655,0.1315
I,0.46,0.35,0.1,0.471,0.252,0.077,0.123
I,0.46,0.345,0.105,0.415,0.187,0.087,0.11
I,0.475,0.355,0.115,0.5195,0.279,0.088,0.1325
M,0.48,0.375,0.12,0.5895,0.2535,0.1153,0.172
I,0.485,0.38,0.125,0.5215,0.2215,0.118,0.16
I,0.485,0.365,0.14,0.4475,0.1895,0.0925,0.2305
I,0.49,0.365,0.125,0.5585,0.252,0.1139,0.1615
I,0.505,0.385,0.125,0.596,0.245,0.097,0.21
I,0.505,0.38,0.135,0.5385,0.2563,0.095,0.165
I,0.51,0.385,0.145,0.7665,0.3849,0.14,0.1805
F,0.515,0.395,0.135,0.516,0.2015,0.132,0.162
M,0.515,0.41,0.14,0.7355,0.3472,0.137,0.2
I,0.515,0.39,0.11,0.531,0.2415,0.098,0.1615
I,0.525,0.385,0.13,0.607,0.2355,0.1429,0.195
F,0.525,0.415,0.15,0.7248,0.329,0.147,0.199
I,0.525,0.4,0.13,0.6445,0.345,0.1285,0.2
I,0.525,0.375,0.12,0.6315,0.3045,0.114,0.19
M,0.535,0.43,0.155,0.7845,0.3285,0.169,0.245
F,0.545,0.44,0.15,0.9475,0.366,0.239,0.275
I,0.55,0.43,0.145,0.7245,0.3278,0.152,0.225
I,0.55,0.425,0.145,0.89,0.4325,0.171,0.236
M,0.55,0.42,0.155,0.912,0.495,0.1805,0.205
I,0.55,0.425,0.135,0.656,0.257,0.17,0.203
I,0.55,0.465,0.154,0.936,0.481,0.2327,0.2435
I,0.555,0.435,0.145,0.6975,0.262,0.1575,0.24
F,0.555,0.445,0.175,1.1465,0.551,0.244,0.3134
I,0.56,0.433,0.14,0.825,0.402,0.1691,0.245
I,0.56,0.435,0.135,0.72,0.287,0.149,0.251
I,0.565,0.43,0.15,0.8215,0.332,0.1685,0.29
F,0.57,0.445,0.152,1.017,0.5265,0.2025,0.265
F,0.575,0.435,0.155,0.8975,0.4115,0.2325,0.23
M,0.58,0.465,0.175,1.2255,0.5405,0.2908,0.3265
F,0.58,0.465,0.145,0.9865,0.47,0.2155,0.25
F,0.58,0.425,0.15,0.844,0.3645,0.185,0.2705
I,0.585,0.46,0.145,0.8465,0.339,0.167,0.295
M,0.585,0.465,0.165,0.885,0.4025,0.1625,0.274
I,0.585,0.42,0.145,0.6661,0.2895,0.1345,0.22
F,0.585,0.455,0.13,0.8755,0.411,0.2065,0.225
M,0.59,0.47,0.154,0.9235,0.4545,0.173,0.254
M,0.59,0.475,0.14,0.977,0.4625,0.2025,0.275
M,0.595,0.465,0.14,1.0305,0.4925,0.2128,0.278
M,0.599,0.48,0.09,1.05,0.457,0.2433,0.28
M,0.6,0.495,0.185,1.1145,0.424,0.2635,0.367
M,0.6,0.45,0.145,0.877,0.4325,0.155,0.24559999999999998
M,0.6,0.475,0.185,1.285,0.6095,0.2745,0.315
F,0.61,0.48,0.185,1.3065,0.6895,0.2915,0.29
F,0.61,0.45,0.13,0.8725,0.389,0.1715,0.272
F,0.615,0.46,0.15,1.0265,0.4935,0.201,0.2745
F,0.62,0.465,0.14,1.2289999999999999,0.6005,0.2569,0.307
F,0.62,0.48,0.165,1.0125,0.5325,0.4365,0.324
M,0.625,0.5,0.14,1.096,0.5173,0.2165,0.30910000000000004
M,0.625,0.49,0.165,1.205,0.5388000000000001,0.3105,0.3465
M,0.622,0.505,0.175,1.221,0.555,0.252,0.34
F,0.609,0.475,0.155,1.0005,0.452,0.2234,0.265
F,0.63,0.47,0.15,1.1355,0.539,0.2325,0.3115
M,0.63,0.525,0.195,1.3135,0.4984,0.2565,0.465
M,0.64,0.505,0.17099999999999999,1.2164,0.5565,0.211,0.346
M,0.64,0.485,0.15,1.098,0.5195,0.23199999999999998,0.3175
M,0.64,0.495,0.17,1.139,0.5395,0.2663,0.285
F,0.64,0.495,0.162,1.2265,0.49,0.377,0.2875
M,0.64,0.515,0.08,1.042,0.515,0.1755,0.175
M,0.65,0.52,0.155,1.368,0.6185,0.288,0.3819
M,0.65,0.51,0.175,1.446,0.6485,0.2705,0.45
F,0.66,0.505,0.19,1.4045,0.6762,0.3375,0.3745
F,0.66,0.525,0.2,1.463,0.6525,0.3265,0.422
M,0.675,0.525,0.17,1.711,0.8365,0.352,0.475
M,0.7,0.553,0.185,1.5994,0.6094999999999999,0.373,0.4865
F,0.681,0.539,0.205,1.757,0.8265,0.417,0.461
M,0.71,0.565,0.2,1.3303,0.5578,0.321,0.3744
M,0.72,0.555,0.184,2.165,0.9201,0.525,0.5794
F,0.725,0.573,0.19,2.3305,1.2149,0.541,0.52
I,0.24,0.17,0.05,0.0545,0.0205,0.016,0.0155
I,0.255,0.195,0.055,0.0725,0.0285,0.017,0.022699999999999998
I,0.275,0.2,0.055,0.0925,0.038,0.021,0.028300000000000002
I,0.32,0.235,0.09,0.183,0.098,0.0335,0.042
I,0.325,0.24,0.075,0.1525,0.072,0.0645,0.043
I,0.33,0.225,0.075,0.187,0.0945,0.0395,0.0425
I,0.36,0.27,0.09,0.232,0.12,0.0435,0.056
I,0.375,0.265,0.095,0.196,0.085,0.042,0.0585
I,0.375,0.285,0.09,0.2545,0.119,0.0595,0.0675
I,0.39,0.29,0.09,0.2625,0.117,0.054,0.077
I,0.45,0.335,0.105,0.362,0.1575,0.0795,0.1095
I,0.455,0.35,0.105,0.4445,0.213,0.107,0.1115
I,0.46,0.365,0.115,0.511,0.2365,0.118,0.123
I,0.495,0.375,0.12,0.589,0.3075,0.1215,0.1405
M,0.5,0.365,0.13,0.5945,0.309,0.1085,0.1535
I,0.5,0.375,0.12,0.529,0.2235,0.123,0.16
M,0.52,0.4,0.105,0.8299,0.4515,0.1615,0.1985
I,0.52,0.403,0.145,0.77,0.424,0.142,0.1895
F,0.525,0.43,0.135,0.8435,0.4325,0.18,0.1815
M,0.535,0.405,0.14,0.818,0.402,0.1715,0.189
F,0.54,0.42,0.14,0.8035,0.38,0.1805,0.21
F,0.54,0.415,0.15,0.8115,0.3875,0.1875,0.2035
F,0.57,0.425,0.13,0.782,0.3695,0.1745,0.1965
M,0.57,0.42,0.14,0.8745,0.4222,0.165,0.25
M,0.58,0.46799999999999997,0.16,0.984,0.49,0.201,0.27
F,0.58,0.445,0.135,0.95,0.484,0.182,0.2325
M,0.59,0.47,0.155,1.1735,0.619,0.233,0.2595
F,0.59,0.455,0.15,0.976,0.465,0.2055,0.2765
M,0.59,0.485,0.155,1.0785,0.4535,0.2435,0.31
M,0.595,0.435,0.16,1.057,0.4255,0.224,0.31
M,0.6,0.481,0.175,1.11,0.49479999999999996,0.256,0.285
M,0.6,0.45,0.16,1.142,0.539,0.225,0.307
M,0.605,0.475,0.19,1.1255,0.59,0.247,0.26
F,0.62,0.48,0.17,1.1045,0.535,0.25,0.287
M,0.599,0.475,0.175,1.3405,0.656,0.283,0.337
M,0.639,0.5,0.157,1.0838999999999999,0.5785,0.2045,0.25
F,0.625,0.485,0.16,1.2541,0.591,0.259,0.3485
M,0.63,0.49,0.165,1.216,0.575,0.273,0.294
M,0.63,0.485,0.16,1.243,0.623,0.275,0.3
F,0.635,0.51,0.185,1.286,0.526,0.295,0.4105
F,0.645,0.494,0.16,1.1665,0.4935,0.3155,0.299
F,0.63,0.49,0.16,1.144,0.5015,0.289,0.319
F,0.65,0.519,0.19,1.385,0.8875,0.3095,0.405
F,0.655,0.515,0.155,1.309,0.524,0.346,0.385
F,0.655,0.515,0.17,1.591,0.8485,0.3478,0.331
M,0.665,0.515,0.184,1.6385,0.831,0.3575,0.3877
F,0.6900000000000001,0.54,0.195,1.691,0.768,0.3967,0.4755
F,0.72,0.565,0.195,1.6563,0.8465,0.407,0.39139999999999997
F,0.72,0.55,0.18,1.52,0.637,0.325,0.435
F,0.72,0.565,0.17,1.613,0.6936,0.3255,0.4945
M,0.735,0.57,0.21,2.2355,1.1705,0.463,0.5315
M,0.708,0.563,0.19,2.3235,1.1072,0.4655,0.6537
I,0.31,0.23,0.07,0.1245,0.0505,0.0265,0.038
I,0.315,0.235,0.075,0.1285,0.051,0.028,0.0405
I,0.32,0.205,0.08,0.181,0.088,0.034,0.0495
I,0.325,0.25,0.075,0.1585,0.075,0.0305,0.0455
I,0.335,0.26,0.09,0.1965,0.0875,0.041,0.056
I,0.37,0.28,0.085,0.198,0.0805,0.0455,0.058
I,0.37,0.27,0.09,0.1855,0.07,0.0425,0.065
I,0.375,0.28,0.085,0.2145,0.0855,0.0485,0.072
I,0.4,0.315,0.09,0.3245,0.151,0.073,0.088
I,0.41,0.305,0.095,0.2625,0.1,0.0515,0.09
I,0.425,0.34,0.1,0.371,0.15,0.0865,0.115
I,0.435,0.335,0.095,0.298,0.109,0.058,0.115
I,0.445,0.31,0.09,0.336,0.1555,0.09,0.0855
I,0.46,0.36,0.14,0.447,0.161,0.087,0.16
I,0.465,0.35,0.11,0.4085,0.165,0.102,0.131
I,0.47,0.385,0.13,0.587,0.264,0.117,0.174
I,0.475,0.365,0.11,0.494,0.211,0.1125,0.1545
I,0.495,0.375,0.12,0.614,0.2855,0.1365,0.161
I,0.5,0.39,0.13,0.5075,0.2115,0.104,0.1755
I,0.5,0.37,0.12,0.5445,0.249,0.1344,0.152
I,0.505,0.425,0.125,0.6115,0.245,0.1375,0.2
I,0.505,0.4,0.125,0.5605,0.2446,0.1435,0.17
M,0.505,0.365,0.115,0.521,0.242,0.096,0.15
M,0.51,0.4,0.145,0.5775,0.231,0.143,0.177
I,0.51,0.4,0.125,0.5935,0.239,0.13,0.1773
I,0.52,0.4,0.11,0.597,0.2935,0.1155,0.16
M,0.52,0.424,0.15,0.9505,0.456,0.199,0.2621
I,0.53,0.38,0.125,0.616,0.292,0.113,0.185
M,0.53,0.405,0.14300000000000002,0.8315,0.352,0.187,0.2525
F,0.535,0.445,0.145,0.8725,0.417,0.199,0.24
I,0.54,0.425,0.13,0.8155,0.3675,0.1365,0.246
I,0.54,0.415,0.11,0.619,0.2755,0.15,0.1765
I,0.545,0.43,0.13,0.7595,0.358,0.153,0.2055
I,0.545,0.43,0.15,0.742,0.3525,0.158,0.208
I,0.55,0.435,0.165,0.804,0.34,0.194,0.244
I,0.55,0.425,0.13,0.664,0.2695,0.163,0.21
F,0.55,0.435,0.14,0.745,0.347,0.174,0.2265
I,0.56,0.43,0.13,0.728,0.3355,0.1435,0.2175
I,0.56,0.435,0.13,0.777,0.354,0.173,0.222
F,0.575,0.425,0.15,0.8765,0.455,0.18,0.228
I,0.575,0.455,0.16,0.9895,0.495,0.2143,0.246
M,0.575,0.45,0.165,0.9655,0.498,0.19,0.2574
M,0.542,0.426,0.145,0.9065,0.371,0.1965,0.29
M,0.58,0.46,0.15,1.049,0.5205,0.1935,0.305
F,0.58,0.45,0.17,0.9705,0.4615,0.232,0.248
F,0.58,0.45,0.15,0.92,0.393,0.212,0.2895
M,0.58,0.445,0.15,0.9525,0.4315,0.1945,0.287
F,0.58,0.44,0.125,0.7855,0.363,0.1955,0.195
I,0.585,0.45,0.135,0.855,0.3795,0.1688,0.26
M,0.59,0.47200000000000003,0.17,1.142,0.485,0.25780000000000003,0.345
I,0.59,0.46,0.125,0.755,0.334,0.15,0.238
I,0.59,0.475,0.145,0.9745,0.4632,0.207,0.259
M,0.595,0.47,0.155,1.2015,0.492,0.3865,0.265
M,0.595,0.46,0.17,1.1295,0.57,0.2555,0.265
I,0.57,0.445,0.135,0.9205,0.445,0.2035,0.22390000000000002
F,0.6,0.48,0.17,1.0826,0.4575,0.2435,0.3135
M,0.582,0.45,0.195,1.34,0.617,0.3255,0.3605
M,0.6,0.45,0.15,0.9625,0.4375,0.2225,0.2775
F,0.6,0.465,0.165,1.0475,0.465,0.2345,0.315
F,0.605,0.495,0.17,1.0915,0.4365,0.2715,0.335
M,0.605,0.49,0.18,1.167,0.457,0.29,0.3745
I,0.605,0.48,0.166,0.9995,0.425,0.1934,0.3
I,0.562,0.425,0.155,1.0485,0.507,0.1955,0.274
F,0.61,0.47,0.195,1.2735,0.469,0.3315,0.398
M,0.61,0.48,0.14,1.0625,0.516,0.225,0.2915
I,0.635,0.49,0.164,1.1545,0.5865,0.2385,0.2915
F,0.615,0.475,0.175,1.1302,0.4886,0.259,0.3165
F,0.615,0.515,0.135,1.1215,0.545,0.2305,0.29
M,0.615,0.455,0.159,0.9458,0.382,0.247,0.2615
F,0.659,0.502,0.177,1.198,0.5415,0.2865,0.3185
F,0.62,0.475,0.15,0.9545,0.455,0.1865,0.277
M,0.62,0.475,0.195,1.3585,0.5868,0.3365,0.3745
M,0.625,0.495,0.175,1.2075,0.531,0.281,0.3525
M,0.625,0.484,0.165,1.217,0.667,0.2065,0.3115
F,0.625,0.5,0.16,1.2044000000000001,0.5725,0.207,0.355
F,0.625,0.49,0.145,0.9623999999999999,0.437,0.1735,0.28
M,0.625,0.49,0.12,0.8765,0.456,0.18,0.233
F,0.607,0.48,0.165,1.2615,0.5505,0.277,0.3885
M,0.63,0.53,0.18,1.2795,0.618,0.256,0.329
F,0.63,0.485,0.185,1.167,0.5171,0.2485,0.34
M,0.63,0.492,0.161,1.1885,0.4915,0.2503,0.348
F,0.621,0.485,0.19,1.3821,0.634,0.2885,0.406
M,0.635,0.52,0.185,1.292,0.6,0.269,0.376
M,0.635,0.485,0.173,1.1795,0.4785,0.2768,0.355
F,0.635,0.5,0.19,1.29,0.593,0.3045,0.352
M,0.635,0.515,0.16,1.2075,0.5385,0.282,0.345
F,0.64,0.501,0.18,1.297,0.59,0.3125,0.363
M,0.64,0.575,0.175,1.4585,0.6242,0.266,0.4499
F,0.645,0.485,0.15,1.151,0.5935,0.2361,0.293
F,0.645,0.52,0.17,1.197,0.526,0.2925,0.317
M,0.645,0.495,0.19,1.174,0.5691,0.2316,0.3278
F,0.65,0.52,0.187,1.676,0.693,0.3864,0.47
F,0.65,0.565,0.2,1.6645,0.753,0.3737,0.43
F,0.655,0.5,0.205,1.528,0.6215,0.3725,0.4535
F,0.655,0.515,0.2,1.4995,0.7255,0.309,0.405
F,0.66,0.525,0.16,1.277,0.4975,0.319,0.394
F,0.66,0.544,0.187,1.5893,0.7765,0.397,0.3605
F,0.665,0.51,0.175,1.3805,0.6744,0.2985,0.325
I,0.67,0.485,0.175,1.3075,0.5355,0.322,0.386
M,0.67,0.525,0.19,1.527,0.5755,0.353,0.4715
M,0.67,0.525,0.17,1.4005,0.715,0.31479999999999997,0.387
M,0.67,0.526,0.195,1.4405,0.6595,0.2675,0.425
M,0.685,0.54,0.175,1.482,0.739,0.32330000000000003,0.365
M,0.68,0.515,0.16,1.2345,0.618,0.2625,0.325
F,0.68,0.505,0.17,1.3435,0.657,0.297,0.3529
F,0.685,0.532,0.187,1.533,0.667,0.4055,0.41
M,0.69,0.548,0.18,2.0656,0.9815,0.4655,0.5517
M,0.715,0.553,0.175,1.825,0.9135,0.3774,0.44
M,0.7,0.544,0.19,2.0885,0.9955,0.4833,0.5305
M,0.679,0.548,0.205,1.9613,0.7553,0.474,0.625
M,0.745,0.575,0.2,1.884,0.954,0.4087,0.495
I,0.32,0.215,0.095,0.305,0.14,0.067,0.0885
I,0.43,0.345,0.115,0.4459,0.212,0.108,0.109
I,0.43,0.33,0.1,0.449,0.254,0.0825,0.097
M,0.485,0.365,0.155,1.029,0.4235,0.2285,0.313
M,0.49,0.381,0.155,0.9497,0.465,0.2015,0.2505
I,0.5,0.37,0.115,0.5745,0.2999,0.112,0.141
I,0.505,0.38,0.13,0.693,0.391,0.1195,0.1515
F,0.51,0.37,0.21,1.183,0.48819999999999997,0.292,0.343
F,0.525,0.41,0.135,0.7198,0.3203,0.198,0.177
F,0.535,0.4,0.15,1.224,0.5775,0.275,0.2875
I,0.535,0.4,0.134,0.775,0.368,0.208,0.2055
M,0.535,0.405,0.175,1.2705,0.548,0.3265,0.337
M,0.555,0.405,0.162,1.406,0.6115,0.342,0.389
M,0.555,0.425,0.15,0.873,0.4625,0.1889,0.1965
M,0.56,0.425,0.135,0.9415,0.509,0.2202,0.1975
F,0.59,0.44,0.14,1.007,0.4775,0.2105,0.2925
M,0.595,0.485,0.15,1.0835,0.4611,0.22440000000000002,0.308
I,0.595,0.43,0.14100000000000001,0.9845,0.4525,0.207,0.2725
F,0.595,0.477,0.168,1.5245,0.653,0.396,0.41
M,0.61,0.475,0.175,1.024,0.409,0.261,0.322
M,0.61,0.485,0.17,1.281,0.597,0.2647,0.34199999999999997
F,0.62,0.494,0.17,1.1285,0.5475,0.22,0.3315
F,0.625,0.49,0.11,1.0536,0.5265,0.1915,0.2925
F,0.635,0.51,0.17,1.2235,0.532,0.271,0.354
F,0.635,0.525,0.18,1.3695,0.634,0.318,0.363
M,0.64,0.485,0.16799999999999998,1.006,0.4476,0.2245,0.2835
M,0.64,0.495,0.165,1.307,0.678,0.292,0.266
F,0.645,0.505,0.185,1.463,0.592,0.3905,0.4062
F,0.655,0.505,0.175,1.2905,0.6205,0.2965,0.326
F,0.67,0.515,0.17,1.4265,0.6605,0.3395,0.3722
M,0.693,0.54,0.182,1.7885,0.8345,0.408,0.437
F,0.699,0.545,0.179,1.6135,0.7653,0.381,0.3685
M,0.73,0.576,0.19999999999999998,2.2305,1.1154000000000002,0.422,0.563
F,0.771,0.615,0.205,2.2635,1.0966,0.473,0.5981
I,0.255,0.185,0.065,0.074,0.0305,0.0165,0.02
I,0.341,0.26,0.08,0.2075,0.09,0.0415,0.07
I,0.375,0.285,0.09,0.237,0.106,0.0395,0.08
I,0.39,0.3,0.1,0.2551,0.1105,0.059,0.084
I,0.39,0.28,0.09,0.215,0.0845,0.034,0.079
I,0.395,0.3,0.09,0.253,0.1155,0.05,0.075
I,0.42,0.32,0.11,0.309,0.115,0.0645,0.0945
I,0.435,0.335,0.105,0.3535,0.156,0.05,0.1135
I,0.435,0.325,0.105,0.335,0.136,0.065,0.115
I,0.44,0.32,0.105,0.3875,0.1755,0.074,0.12
I,0.45,0.33,0.115,0.365,0.14,0.0825,0.1245
I,0.45,0.351,0.125,0.4045,0.171,0.07,0.1345
I,0.455,0.355,0.105,0.372,0.138,0.0765,0.135
I,0.46,0.37,0.11,0.3965,0.1485,0.0855,0.1455
I,0.47,0.375,0.125,0.5225,0.2265,0.104,0.162
I,0.475,0.375,0.11,0.456,0.182,0.099,0.16
I,0.495,0.33,0.1,0.44,0.177,0.095,0.15
I,0.482,0.375,0.115,0.507,0.241,0.1061,0.15
I,0.5,0.38,0.135,0.5285,0.226,0.123,0.209
I,0.515,0.385,0.125,0.572,0.237,0.1435,0.165
I,0.52,0.387,0.14,0.65,0.2775,0.1555,0.196
I,0.52,0.395,0.115,0.6445,0.3155,0.1245,0.186
I,0.525,0.4,0.11,0.6275,0.3015,0.126,0.18
I,0.535,0.42,0.145,0.6885,0.273,0.1515,0.237
M,0.535,0.41,0.12,0.6835,0.3125,0.1655,0.181
M,0.54,0.42,0.19,0.6855,0.293,0.163,0.38
I,0.544,0.405,0.15,0.6755,0.3015,0.1465,0.21
I,0.55,0.445,0.145,0.783,0.3045,0.158,0.265
F,0.56,0.45,0.145,0.894,0.3807,0.1865,0.264
I,0.565,0.44,0.135,0.768,0.3305,0.1385,0.2396
M,0.57,0.447,0.145,0.95,0.4005,0.2235,0.2845
F,0.57,0.47,0.14,0.871,0.385,0.211,0.2315
M,0.575,0.47,0.15,0.9785,0.4505,0.196,0.2788
I,0.575,0.43,0.13,0.7425,0.2895,0.2005,0.22
M,0.575,0.445,0.14,0.737,0.325,0.1405,0.237
I,0.575,0.445,0.16,0.9381,0.45,0.1935,0.24
F,0.58,0.435,0.155,0.8785,0.425,0.1685,0.2425
M,0.585,0.45,0.175,1.1275,0.4925,0.262,0.2989
M,0.59,0.46,0.165,0.9765,0.4525,0.2395,0.235
I,0.59,0.47,0.145,0.974,0.4155,0.236,0.289
M,0.59,0.405,0.15,0.853,0.326,0.2615,0.245
F,0.595,0.47,0.147,0.991,0.382,0.2395,0.2883
M,0.595,0.48,0.14,0.9125,0.4095,0.1825,0.289
F,0.595,0.46,0.16,0.921,0.4005,0.2025,0.2875
F,0.6,0.45,0.14,0.869,0.3425,0.195,0.291
M,0.6,0.45,0.15,0.8665,0.3695,0.1955,0.255
F,0.61,0.495,0.17200000000000001,1.089,0.469,0.198,0.384
M,0.615,0.486,0.17099999999999999,0.9615,0.422,0.1934,0.29
M,0.615,0.474,0.17,1.145,0.4915,0.208,0.343
I,0.62,0.475,0.16,0.907,0.371,0.167,0.3075
F,0.625,0.515,0.155,1.1635,0.4976,0.259,0.355
M,0.63,0.515,0.175,1.2138,0.492,0.247,0.3713
M,0.63,0.495,0.18,1.31,0.495,0.295,0.4695
F,0.635,0.503,0.165,1.251,0.577,0.2722,0.3825
F,0.635,0.49,0.155,1.145,0.5155,0.2372,0.3155
M,0.635,0.5,0.18,1.154,0.4405,0.2315,0.387
F,0.64,0.485,0.145,1.1335,0.5525,0.2505,0.3015
F,0.64,0.495,0.15,1.2015,0.559,0.231,0.3355
M,0.65,0.505,0.17,1.5595,0.695,0.3515,0.395
M,0.65,0.51,0.175,1.3165,0.6345,0.2605,0.364
F,0.655,0.54,0.165,1.403,0.6955,0.2385,0.38730000000000003
F,0.619,0.49,0.16,1.204,0.5455,0.2615,0.3225
F,0.655,0.455,0.17,1.3295,0.587,0.3165,0.3415
F,0.66,0.53,0.18,1.5336,0.7765,0.302,0.401
M,0.653,0.525,0.155,1.3575,0.5325,0.3045,0.4485
M,0.675,0.52,0.183,1.3645,0.557,0.3405,0.385
F,0.68,0.52,0.183,1.494,0.615,0.3935,0.406
F,0.709,0.56,0.195,1.664,0.58,0.3855,0.5613
M,0.685,0.51,0.165,1.5535999999999999,0.686,0.383,0.4055
F,0.695,0.535,0.2,1.5855,0.667,0.334,0.471
F,0.7,0.555,0.22,1.6593,0.647,0.4285,0.455
F,0.683,0.56,0.186,1.724,0.7436999999999999,0.3707,0.4718
F,0.73,0.55,0.193,1.908,0.5415,0.3565,0.5965
F,0.755,0.586,0.2,2.073,1.0135,0.5081,0.48
I,0.225,0.17,0.05,0.0515,0.019,0.012,0.017
I,0.23,0.17,0.05,0.057,0.026,0.013,0.016
I,0.255,0.185,0.06,0.0925,0.039,0.021,0.025
I,0.355,0.27,0.076,0.204,0.3045,0.046,0.0595
I,0.425,0.31,0.095,0.3075,0.139,0.0745,0.093
I,0.425,0.314,0.085,0.262,0.1235,0.067,0.0725
M,0.455,0.35,0.11,0.458,0.2,0.111,0.1305
M,0.46,0.355,0.14,0.491,0.207,0.115,0.174
M,0.495,0.38,0.127,0.474,0.197,0.1065,0.1545
M,0.51,0.395,0.125,0.5805,0.244,0.1335,0.188
F,0.52,0.43,0.15,0.728,0.302,0.1575,0.235
M,0.525,0.4,0.14400000000000002,0.622,0.2655,0.1379,0.184
M,0.53,0.415,0.12,0.706,0.3355,0.1635,0.1345
F,0.53,0.395,0.115,0.5685,0.249,0.1375,0.161
M,0.545,0.435,0.15,0.9385,0.3685,0.1245,0.345
F,0.55,0.43,0.15,0.655,0.2635,0.122,0.221
M,0.575,0.48,0.15,0.9465,0.3936,0.2605,0.2505
M,0.58,0.43,0.125,0.7589,0.446,0.18839999999999998,0.121
M,0.595,0.455,0.145,0.942,0.43,0.182,0.277
M,0.6,0.473,0.18,1.193,0.5145,0.315,0.3055
F,0.645,0.5,0.18,1.461,0.6659,0.2425,0.439
M,0.66,0.552,0.2,1.489,0.6065,0.3344,0.421
I,0.29,0.215,0.06,0.1115,0.053,0.0185,0.032
I,0.3,0.22,0.065,0.1235,0.059,0.026,0.0315
I,0.37,0.275,0.1,0.2815,0.1505,0.0505,0.068
I,0.375,0.285,0.08,0.226,0.0975,0.04,0.0725
I,0.38,0.29,0.085,0.2285,0.088,0.0465,0.075
I,0.395,0.3,0.12,0.2995,0.1265,0.068,0.0895
I,0.41,0.325,0.105,0.361,0.1605,0.0665,0.103
I,0.415,0.32,0.115,0.3045,0.1215,0.0735,0.094
I,0.425,0.325,0.105,0.3975,0.1815,0.081,0.1175
I,0.44,0.34,0.1,0.379,0.1725,0.0814,0.101
I,0.44,0.34,0.12,0.4995,0.2965,0.0945,0.1185
M,0.465,0.405,0.135,0.7775,0.436,0.1715,0.1455
F,0.47,0.36,0.1,0.4705,0.1635,0.089,0.1385
M,0.51,0.415,0.145,0.751,0.3295,0.1835,0.203
F,0.525,0.4,0.135,0.714,0.318,0.138,0.208
F,0.525,0.4,0.13,0.6995,0.3115,0.131,0.223
M,0.55,0.425,0.14,0.952,0.4895,0.2119,0.2185
M,0.56,0.42,0.15,0.8755,0.44,0.1965,0.2315
M,0.575,0.45,0.135,0.9215,0.354,0.2245,0.2365
F,0.575,0.451,0.135,0.8285,0.362,0.1655,0.236
M,0.585,0.46,0.15,1.206,0.581,0.216,0.323
M,0.615,0.495,0.155,1.2865,0.558,0.293,0.3756
F,0.62,0.485,0.155,1.1945,0.5105,0.271,0.352
F,0.63,0.495,0.19,1.1655,0.536,0.2998,0.1625
F,0.616,0.49,0.17,1.0509,0.4625,0.2045,0.3105
M,0.67,0.515,0.165,1.1735,0.526,0.2702,0.316
M,0.675,0.505,0.16,1.532,0.74,0.357,0.3996
F,0.685,0.53,0.17,1.5105,0.7385,0.3525,0.3725
F,0.485,0.39,0.1,0.5565,0.2215,0.1155,0.185
M,0.46,0.36,0.125,0.547,0.2165,0.1105,0.19
I,0.46,0.35,0.125,0.5165,0.1885,0.1145,0.1718
I,0.535,0.42,0.125,0.764,0.312,0.1505,0.265
M,0.465,0.36,0.105,0.488,0.188,0.0845,0.19
M,0.51,0.4,0.14,0.6905,0.259,0.151,0.23
I,0.335,0.26,0.09,0.1835,0.078,0.024,0.065
M,0.55,0.425,0.168,0.97,0.2885,0.139,0.48
I,0.18,0.135,0.08,0.033,0.0145,0.007,0.01
I,0.215,0.165,0.055,0.059,0.0265,0.0125,0.0185
I,0.2,0.15,0.04,0.046,0.021,0.007,0.0065
F,0.625,0.48,0.2,1.3235,0.6075,0.3055,0.355
F,0.55,0.42,0.139,0.8465,0.336,0.2405,0.245
M,0.585,0.45,0.15,1.047,0.4197,0.276,0.315
F,0.645,0.5,0.18,1.2785,0.5345,0.2995,0.345
F,0.666,0.53,0.195,1.8745,0.6755,0.4065,0.6855
F,0.7,0.573,0.215,1.978,0.8037,0.3775,0.71
F,0.655,0.505,0.165,1.367,0.5835,0.30319999999999997,0.396
F,0.621,0.5,0.175,1.742,0.595,0.3025,0.725
F,0.47,0.375,0.105,0.513,0.232,0.142,0.13
F,0.425,0.335,0.1,0.3693,0.1755,0.092,0.135
F,0.54,0.41,0.13,0.56,0.2375,0.1065,0.175
F,0.505,0.395,0.125,0.6462,0.29,0.1555,0.175
M,0.535,0.44,0.165,0.875,0.279,0.18,0.3
F,0.43,0.35,0.09,0.397,0.1575,0.089,0.12
M,0.55,0.435,0.11,0.806,0.3415,0.203,0.215
F,0.34,0.255,0.085,0.204,0.097,0.021,0.05
I,0.275,0.2,0.065,0.1165,0.0565,0.013,0.035
F,0.335,0.22,0.07,0.17,0.076,0.0365,0.05
M,0.64,0.49,0.14,1.1095,0.4445,0.238,0.375
F,0.55,0.44,0.125,0.765,0.33,0.1659,0.245
F,0.64,0.475,0.19,1.151,0.4365,0.281,0.3805
F,0.545,0.41,0.131,0.6765,0.29,0.158,0.1972
F,0.64,0.54,0.175,1.571,0.627,0.271,0.475
M,0.605,0.49,0.155,1.153,0.503,0.2505,0.295
M,0.605,0.47,0.115,1.114,0.4848,0.291,0.31
M,0.56,0.45,0.155,0.9125,0.3595,0.271,0.35
I,0.57,0.465,0.155,0.872,0.3245,0.239,0.285
M,0.525,0.422,0.16,0.792,0.2869,0.1455,0.28
F,0.505,0.405,0.18,0.5907,0.239,0.1235,0.18
M,0.349,0.265,0.09,0.2265,0.0995,0.0575,0.065
M,0.45,0.355,0.12,0.3955,0.147,0.0765,0.145
I,0.51,0.405,0.12,0.61,0.229,0.131,0.1986
F,0.49,0.38,0.13,0.539,0.229,0.1355,0.165
F,0.505,0.41,0.135,0.6713,0.291,0.133,0.195
M,0.38,0.3,0.1,0.2509,0.106,0.0535,0.0775
I,0.27,0.195,0.07,0.102,0.045,0.0135,0.034
F,0.37,0.295,0.1,0.2685,0.1165,0.056,0.0835
M,0.5,0.388,0.135,0.551,0.2245,0.0715,0.206
M,0.645,0.505,0.165,1.307,0.4335,0.262,0.52
M,0.565,0.44,0.135,0.9185,0.404,0.1785,0.29
F,0.67,0.545,0.175,1.707,0.6995,0.387,0.575
F,0.59,0.415,0.15,0.8793,0.3645,0.234,0.235
F,0.47,0.36,0.11,0.4965,0.237,0.127,0.13
F,0.51,0.385,0.135,0.6352,0.282,0.145,0.17
M,0.72,0.572,0.19999999999999998,2.2695,0.8835,0.5151,0.7275
M,0.55,0.405,0.15,0.9235,0.412,0.2135,0.2425
I,0.2,0.145,0.025,0.0345,0.011,0.0075,0.01
M,0.65,0.515,0.18,1.3315,0.5665,0.347,0.405
F,0.525,0.405,0.115,0.72,0.3105,0.1417,0.2
M,0.565,0.435,0.185,0.8729,0.354,0.2045,0.29810000000000003
F,0.61,0.47,0.16,1.017,0.426,0.2255,0.32
F,0.545,0.405,0.175,0.98,0.2585,0.207,0.38
I,0.325,0.245,0.075,0.1495,0.0605,0.033,0.045
I,0.31,0.235,0.075,0.1515,0.056,0.0315,0.05
M,0.45,0.335,0.14,0.478,0.1865,0.115,0.16
F,0.49,0.38,0.155,0.578,0.2395,0.1255,0.18
F,0.505,0.405,0.16,0.6835,0.271,0.145,0.215
F,0.385,0.3,0.1,0.2725,0.1115,0.057,0.08
M,0.62,0.485,0.22,1.6125,0.7097,0.284,0.51
F,0.635,0.505,0.185,1.3035,0.536,0.295,0.41
F,0.665,0.53,0.185,1.3955,0.456,0.3205,0.49
M,0.335,0.265,0.095,0.1975,0.0795,0.0375,0.07
I,0.295,0.215,0.075,0.116,0.037,0.0295,0.04
M,0.48,0.38,0.125,0.523,0.2105,0.1045,0.175
I,0.32,0.25,0.08,0.1565,0.057,0.034,0.06
I,0.43,0.34,0.125,0.384,0.1375,0.061,0.146
M,0.566,0.45,0.159,1.0055,0.3785,0.244,0.2918
F,0.6,0.48,0.165,1.1345,0.4535,0.27,0.335
F,0.585,0.46,0.17,1.0835,0.40700000000000003,0.326,0.325
F,0.555,0.42,0.14,0.868,0.33,0.243,0.21
F,0.625,0.495,0.16,1.0915,0.461,0.275,0.315
F,0.62,0.495,0.175,1.2949,0.531,0.3075,0.37
M,0.63,0.51,0.19,1.4985,0.5903,0.3075,0.545
M,0.425,0.34,0.12,0.39430000000000004,0.149,0.087,0.125
F,0.64,0.505,0.19,1.2355,0.4435,0.3105,0.365
M,0.675,0.525,0.175,1.402,0.483,0.3205,0.465
M,0.5,0.4,0.145,0.6025,0.216,0.1286,0.21
M,0.385,0.305,0.09,0.2775,0.109,0.0515,0.1
F,0.52,0.435,0.195,0.973,0.2985,0.2135,0.355
I,0.52,0.415,0.175,0.753,0.258,0.171,0.255
M,0.66,0.525,0.183,1.3765,0.44,0.3075,0.4238
I,0.44,0.35,0.12,0.375,0.1425,0.0965,0.115
F,0.42,0.32,0.13,0.4135,0.1645,0.106,0.119
F,0.45,0.35,0.135,0.56,0.231,0.137,0.145
I,0.42,0.325,0.125,0.3915,0.1575,0.1025,0.115
F,0.64,0.505,0.19,1.2765,0.4835,0.328,0.4
F,0.57,0.449,0.15,0.96,0.387,0.2002,0.275
M,0.41,0.325,0.12,0.3745,0.158,0.081,0.125
M,0.485,0.41,0.15,0.696,0.2405,0.1625,0.265
F,0.61,0.48,0.16999999999999998,1.2955,0.5215,0.2841,0.365
F,0.59,0.485,0.16,1.2315,0.4525,0.238,0.42
M,0.659,0.535,0.155,1.383,0.596,0.2565,0.485
I,0.345,0.285,0.1,0.2225,0.0865,0.058,0.075
M,0.635,0.51,0.155,1.156,0.5425,0.289,0.315
F,0.695,0.53,0.184,1.477,0.6375,0.3025,0.43
F,0.69,0.54,0.185,1.5271000000000001,0.6935,0.318,0.47
M,0.555,0.435,0.135,0.858,0.377,0.1585,0.29
M,0.65,0.525,0.189,1.4995,0.6265,0.4005,0.395
M,0.62,0.48,0.19,1.467,0.5825,0.303,0.42
F,0.655,0.506,0.16,1.092,0.396,0.2825,0.37
F,0.69,0.555,0.197,1.8165,0.7785,0.4146,0.5344
F,0.62,0.498,0.16,1.462,0.5857,0.3005,0.44
M,0.55,0.435,0.16,0.906,0.342,0.219,0.295
F,0.61,0.495,0.19,1.213,0.464,0.2457,0.3995
M,0.595,0.5,0.165,1.06,0.402,0.2317,0.32989999999999997
M,0.3,0.24,0.09,0.161,0.0725,0.039,0.05
F,0.435,0.35,0.125,0.459,0.197,0.1145,0.145
I,0.455,0.375,0.125,0.533,0.233,0.106,0.185
M,0.48,0.38,0.13,0.6175,0.3,0.142,0.175
I,0.43,0.35,0.105,0.366,0.1705,0.0855,0.11
F,0.435,0.35,0.105,0.4195,0.194,0.1005,0.13
I,0.3,0.222,0.075,0.15,0.0605,0.042,0.045
F,0.575,0.48,0.15,0.8745,0.375,0.193,0.2537
M,0.505,0.385,0.11,0.655,0.3185,0.15,0.185
M,0.455,0.375,0.125,0.484,0.2155,0.102,0.165
M,0.64,0.505,0.165,1.3925,0.6145,0.3035,0.39
F,0.551,0.435,0.125,0.8775,0.3345,0.2145,0.29
F,0.645,0.52,0.19,1.3105,0.58,0.288,0.37
F,0.595,0.458,0.145,1.2337,0.5429,0.2925,0.33
M,0.565,0.45,0.115,0.9085,0.398,0.197,0.29
F,0.655,0.5,0.14,1.1705,0.5405,0.3175,0.285
M,0.48,0.38,0.135,0.528,0.2,0.1267,0.16
F,0.495,0.385,0.135,0.6625,0.3005,0.1635,0.185
F,0.4,0.335,0.115,0.4335,0.2105,0.1205,0.12
I,0.41,0.31,0.125,0.3595,0.1415,0.0885,0.115
F,0.595,0.465,0.145,1.107,0.402,0.2415,0.31
M,0.625,0.481,0.13,0.8595,0.3195,0.1775,0.24
M,0.52,0.425,0.155,0.7735,0.297,0.18159999999999998,0.255
M,0.465,0.36,0.125,0.4365,0.169,0.1075,0.145
F,0.475,0.375,0.14,0.501,0.192,0.1175,0.175
F,0.527,0.405,0.14,0.6735,0.265,0.124,0.25
M,0.452,0.355,0.11,0.415,0.215,0.082,0.13
M,0.485,0.385,0.125,0.4775,0.2,0.0785,0.17
F,0.465,0.39,0.14,0.5555,0.213,0.1075,0.215
M,0.536,0.415,0.14,0.6445,0.26,0.1575,0.22
F,0.655,0.524,0.19,1.428,0.635,0.318,0.4014
M,0.69,0.548,0.185,1.5805,0.533,0.353,0.555
M,0.55,0.45,0.17,0.81,0.317,0.157,0.22
F,0.58,0.475,0.165,1.0385,0.414,0.26,0.305
M,0.59,0.475,0.155,0.9715,0.371,0.235,0.28
F,0.565,0.44,0.155,0.868,0.348,0.1763,0.26
F,0.665,0.57,0.185,1.522,0.6965,0.3025,0.405
F,0.633,0.51,0.175,1.1255,0.4985,0.227,0.3202
M,0.55,0.46,0.13,0.7085,0.305,0.1455,0.205
M,0.613,0.475,0.145,1.0185,0.4695,0.225,0.27
M,0.535,0.42,0.16,0.72,0.275,0.164,0.225
F,0.51,0.395,0.12,0.6175,0.262,0.122,0.193
M,0.53,0.405,0.13,0.738,0.2845,0.17,0.193
F,0.495,0.375,0.15,0.597,0.2615,0.135,0.178
M,0.581,0.455,0.185,1.156,0.5403,0.2642,0.295
F,0.63,0.5,0.16,1.22,0.4905,0.3,0.345
M,0.59,0.45,0.12,0.7485,0.3345,0.1315,0.22
F,0.605,0.485,0.165,1.0735,0.437,0.2464,0.33
M,0.631,0.5,0.19,1.229,0.524,0.278,0.3573
F,0.62,0.485,0.175,1.146,0.477,0.23,0.39
M,0.605,0.484,0.175,1.145,0.4325,0.27,0.405
F,0.615,0.5,0.186,1.1401,0.4445,0.227,0.39
F,0.66,0.525,0.19,1.67,0.6525,0.4875,0.49
F,0.707,0.575,0.198,1.555,0.6465,0.3705,0.52
F,0.565,0.45,0.185,0.9285,0.302,0.1805,0.33640000000000003
F,0.57,0.435,0.14,0.8085,0.3235,0.183,0.22
I,0.6,0.445,0.148,1.057,0.383,0.216,0.355
I,0.41,0.3,0.115,0.2595,0.097,0.0515,0.08
F,0.45,0.325,0.135,0.438,0.1805,0.1165,0.11
M,0.275,0.2,0.08,0.099,0.037,0.024,0.03
I,0.485,0.355,0.12,0.5085,0.21,0.1268,0.135
F,0.62,0.485,0.165,1.0761,0.483,0.238,0.325
F,0.48,0.38,0.135,0.507,0.1915,0.1363,0.155
F,0.505,0.41,0.15,0.6345,0.243,0.1335,0.215
M,0.4,0.31,0.11,0.314,0.138,0.057,0.1
I,0.45,0.355,0.115,0.4385,0.184,0.108,0.1125
I,0.35,0.26,0.09,0.195,0.0745,0.0444,0.0655
M,0.44,0.35,0.14,0.451,0.171,0.0705,0.184
M,0.265,0.2,0.065,0.084,0.034,0.0105,0.03
M,0.165,0.125,0.04,0.0245,0.0095,0.0045,0.008
F,0.705,0.555,0.2,1.4685,0.4715,0.3235,0.52
F,0.535,0.421,0.155,0.7765,0.30870000000000003,0.1565,0.25
I,0.49,0.385,0.14,0.5425,0.198,0.127,0.175
F,0.48,0.37,0.13,0.5885,0.2475,0.1505,0.1595
F,0.395,0.3,0.105,0.3375,0.1435,0.0755,0.098
I,0.375,0.28,0.1,0.2565,0.1165,0.0585,0.0725
M,0.345,0.265,0.09,0.163,0.0615,0.037,0.0485
I,0.55,0.415,0.135,0.8095,0.2985,0.2015,0.28
I,0.635,0.48,0.2,1.3655,0.5641,0.2595,0.425
I,0.575,0.475,0.158,0.967,0.3775,0.284,0.2799
F,0.546,0.434,0.15,0.6855,0.2905,0.145,0.225
F,0.385,0.305,0.125,0.314,0.146,0.0555,0.08
F,0.51,0.34,0.18,0.7005,0.312,0.165,0.2
I,0.44,0.34,0.125,0.48059999999999997,0.1735,0.0875,0.2
I,0.45,0.36,0.125,0.45,0.191,0.0865,0.145
I,0.39,0.3,0.105,0.259,0.0955,0.038,0.085
F,0.425,0.325,0.11,0.382,0.1465,0.079,0.14
F,0.45,0.35,0.111,0.4435,0.185,0.09,0.145
M,0.66,0.525,0.18,1.6935,0.8063,0.4005,0.42
F,0.685,0.525,0.175,1.71,0.5415,0.309,0.58
F,0.585,0.475,0.185,0.8575,0.3465,0.1785,0.275
I,0.557,0.435,0.145,0.97,0.4285,0.2009,0.264
F,0.49,0.39,0.135,0.59,0.215,0.125,0.1845
M,0.433,0.34,0.095,0.34,0.1315,0.085,0.112
F,0.455,0.365,0.11,0.385,0.166,0.046,0.1345
I,0.495,0.38,0.145,0.515,0.18510000000000001,0.098,0.212
F,0.48,0.38,0.145,0.59,0.232,0.141,0.23
I,0.47,0.4,0.16,0.51,0.1615,0.073,0.198
M,0.415,0.32,0.1,0.3005,0.1215,0.0575,0.104
I,0.49,0.385,0.115,0.683,0.3265,0.1615,0.165
I,0.478,0.375,0.105,0.468,0.1665,0.108,0.17
I,0.445,0.345,0.13,0.4075,0.1365,0.0645,0.18
F,0.51,0.38,0.13,0.584,0.224,0.1355,0.185
F,0.52,0.405,0.145,0.829,0.3535,0.1685,0.205
I,0.475,0.365,0.118,0.4545,0.171,0.118,0.158
F,0.455,0.36,0.123,0.4385,0.206,0.09809999999999999,0.125
I,0.435,0.34,0.11,0.38830000000000003,0.1685,0.073,0.13
I,0.39,0.3,0.1,0.3085,0.1385,0.0735,0.085
I,0.375,0.285,0.1,0.239,0.105,0.0555,0.07
M,0.285,0.215,0.075,0.106,0.0415,0.023,0.035
I,0.58,0.445,0.17,1.178,0.3935,0.2165,0.315
F,0.58,0.44,0.175,1.073,0.4005,0.2345,0.3276
M,0.41,0.315,0.095,0.306,0.121,0.0735,0.09
M,0.41,0.3,0.1,0.301,0.124,0.0654,0.09
I,0.54,0.405,0.137,0.7444000000000001,0.307,0.2075,0.19
I,0.33,0.245,0.085,0.171,0.0655,0.0365,0.055
I,0.44,0.31,0.115,0.3625,0.134,0.082,0.12
M,0.28,0.21,0.065,0.0905,0.035,0.02,0.03
I,0.59,0.465,0.195,1.0885,0.3685,0.187,0.375
I,0.61,0.48,0.165,1.097,0.4215,0.264,0.335
I,0.61,0.46,0.17,1.278,0.41,0.257,0.37
M,0.455,0.345,0.125,0.44,0.169,0.1065,0.135
M,0.33,0.235,0.09,0.163,0.0615,0.034,0.055
I,0.44,0.33,0.135,0.4793,0.17,0.0905,0.195
M,0.54,0.43,0.155,0.9715,0.3225,0.194,0.29
F,0.475,0.375,0.125,0.588,0.237,0.1715,0.155
F,0.46,0.33,0.11900000000000001,0.5325,0.2085,0.1805,0.125
I,0.31,0.235,0.09,0.127,0.048,0.031,0.04
I,0.255,0.19,0.07,0.0815,0.028,0.016,0.031
M,0.335,0.255,0.075,0.1635,0.0615,0.0345,0.057
I,0.295,0.21,0.08,0.1,0.038,0.026,0.031
I,0.19,0.13,0.045,0.0265,0.009,0.005,0.009
M,0.545,0.435,0.165,0.9955,0.3245,0.2665,0.325
M,0.495,0.4,0.12,0.6605,0.2605,0.161,0.19
M,0.5,0.375,0.13,0.721,0.3055,0.1725,0.22
F,0.305,0.225,0.07,0.1485,0.0585,0.0335,0.045
F,0.475,0.35,0.115,0.487,0.194,0.1455,0.125
M,0.515,0.4,0.125,0.955,0.341,0.2535,0.2686
M,0.545,0.41,0.145,0.873,0.3035,0.196,0.31
M,0.74,0.56,0.183,1.65,0.734,0.4505,0.4292
M,0.565,0.465,0.15,1.1285,0.5057,0.2162,0.33
M,0.56,0.44,0.16,1.2296,0.5035,0.2785,0.3642
M,0.545,0.42,0.125,0.9745,0.353,0.19770000000000001,0.305
M,0.645,0.515,0.185,1.3618,0.5835,0.3155,0.4055
M,0.575,0.455,0.13,0.9722000000000001,0.368,0.222,0.32
M,0.606,0.48,0.16,1.0765,0.412,0.2363,0.3
F,0.605,0.45,0.165,1.2225,0.5015,0.202,0.385
M,0.605,0.475,0.168,1.616,0.848,0.38,0.34
F,0.475,0.375,0.15,0.559,0.1955,0.1183,0.1945
M,0.365,0.285,0.085,0.2232,0.0855,0.0515,0.07
F,0.46,0.35,0.115,0.44,0.19,0.1025,0.13
M,0.53,0.43,0.135,0.879,0.28,0.2165,0.25
M,0.48,0.395,0.15,0.6815,0.2145,0.1405,0.2495
M,0.455,0.345,0.15,0.5795,0.1685,0.125,0.215
I,0.35,0.265,0.11,0.209,0.066,0.059,0.075
M,0.37,0.28,0.098,0.224,0.0815,0.0575,0.075
I,0.34,0.25,0.075,0.1765,0.0785,0.0405,0.05
I,0.35,0.28,0.075,0.196,0.082,0.04,0.064
I,0.35,0.265,0.08,0.192,0.081,0.0465,0.053
I,0.39,0.315,0.09,0.3095,0.147,0.0571,0.09
I,0.395,0.31,0.095,0.313,0.131,0.072,0.093
I,0.415,0.31,0.105,0.3595,0.167,0.083,0.0915
I,0.43,0.32,0.1,0.3855,0.192,0.0745,0.1
I,0.48,0.355,0.115,0.5598,0.25,0.106,0.184
M,0.49,0.395,0.12,0.6607000000000001,0.3325,0.1235,0.185
F,0.49,0.37,0.105,0.5265,0.249,0.1005,0.148
F,0.56,0.465,0.16,1.0315,0.432,0.2025,0.337
M,0.56,0.439,0.14,0.9,0.472,0.18939999999999999,0.218
M,0.58,0.46,0.15,1.0165,0.491,0.221,0.265
F,0.58,0.48,0.18,1.2495,0.4945,0.27,0.371
M,0.59,0.47,0.135,1.1386,0.539,0.279,0.28
F,0.593,0.475,0.165,1.148,0.444,0.214,0.37
M,0.6,0.475,0.15,1.089,0.5195,0.223,0.292
M,0.61,0.47,0.155,1.0361,0.497,0.2175,0.2785
F,0.63,0.475,0.15,1.172,0.5229,0.2654,0.316
M,0.64,0.51,0.17,1.3715,0.567,0.3071,0.4202
F,0.65,0.545,0.185,1.5055,0.6565,0.3123,0.4352
M,0.71,0.55,0.2,1.9045,0.882,0.44,0.5
F,0.74,0.605,0.2,2.1934,0.9693,0.575,0.5213
I,0.25,0.18,0.065,0.0805,0.0345,0.0185,0.0215
I,0.28,0.21,0.065,0.111,0.0425,0.0285,0.03
I,0.325,0.24,0.075,0.152,0.065,0.0305,0.045
I,0.35,0.265,0.095,0.199,0.073,0.049,0.06
I,0.36,0.27,0.09,0.219,0.097,0.0405,0.065
I,0.365,0.27,0.105,0.2155,0.0915,0.0475,0.063
I,0.37,0.28,0.09,0.2565,0.1255,0.0645,0.0645
I,0.375,0.285,0.09,0.257,0.1233,0.062,0.075
I,0.38,0.275,0.095,0.2505,0.0945,0.0655,0.075
I,0.395,0.3,0.09,0.279,0.134,0.049,0.075
I,0.43,0.335,0.105,0.378,0.188,0.0785,0.09
I,0.44,0.35,0.125,0.456,0.21,0.0955,0.1381
I,0.465,0.37,0.1,0.5055,0.2385,0.11,0.14
F,0.465,0.355,0.115,0.4844,0.1955,0.118,0.126
M,0.48,0.37,0.13,0.643,0.349,0.1155,0.135
I,0.485,0.37,0.1,0.513,0.219,0.1075,0.13
F,0.49,0.4,0.115,0.569,0.256,0.1325,0.145
I,0.495,0.4,0.145,0.578,0.2545,0.1305,0.1645
I,0.5,0.385,0.11,0.596,0.3015,0.104,0.151
F,0.505,0.39,0.12,0.5725,0.2507,0.1325,0.146
F,0.52,0.39,0.12,0.6435,0.2885,0.157,0.161
M,0.52,0.395,0.125,0.8115,0.4035,0.166,0.2
F,0.525,0.44,0.125,0.7115,0.3205,0.159,0.2065
M,0.55,0.44,0.155,0.9155,0.3645,0.195,0.25
F,0.555,0.44,0.145,0.8934000000000001,0.43,0.1975,0.2155
F,0.535,0.42,0.11,0.8787,0.4445,0.171,0.225
F,0.575,0.46,0.165,1.065,0.4985,0.2378,0.2815
M,0.6,0.479,0.155,1.1385,0.502,0.2295,0.31
F,0.61,0.487,0.16,1.234,0.598,0.238,0.315
F,0.61,0.495,0.175,1.2635,0.53,0.315,0.3455
F,0.61,0.47,0.16,1.0611,0.4925,0.236,0.29
M,0.615,0.505,0.185,1.403,0.6715,0.2811,0.365
M,0.601,0.468,0.165,1.1136,0.5235,0.2505,0.2825
F,0.625,0.495,0.16,1.1115,0.4495,0.2825,0.345
F,0.625,0.47,0.17,1.255,0.525,0.2415,0.4062
M,0.625,0.485,0.17,1.437,0.5855,0.293,0.475
M,0.635,0.495,0.155,1.3635,0.583,0.3156,0.295
F,0.64,0.48,0.176,1.1435,0.4915,0.2345,0.353
M,0.64,0.507,0.17,1.394,0.642,0.3149,0.354
M,0.66,0.525,0.176,1.5185,0.7185,0.381,0.372
F,0.66,0.52,0.165,1.6885,0.7295,0.407,0.4265
F,0.715,0.585,0.23,1.9411,0.8655,0.4095,0.565
M,0.69,0.565,0.202,1.787,0.718,0.3792,0.5608
F,0.725,0.58,0.185,1.523,0.66,0.3065,0.4197
I,0.165,0.12,0.05,0.021,0.0075,0.0045,0.014
I,0.21,0.15,0.055,0.0455,0.02,0.0065,0.013
I,0.355,0.265,0.085,0.2435,0.122,0.0525,0.06
I,0.4,0.315,0.085,0.2675,0.116,0.0585,0.0765
I,0.4,0.29,0.1,0.258,0.104,0.059,0.0815
I,0.4,0.3,0.11,0.2985,0.1375,0.071,0.075
I,0.435,0.335,0.11,0.411,0.2025,0.0945,0.1
I,0.44,0.33,0.11,0.38,0.197,0.079,0.09
I,0.45,0.34,0.105,0.4385,0.21,0.0925,0.12
I,0.465,0.345,0.105,0.4015,0.242,0.0345,0.109
I,0.47,0.355,0.145,0.4485,0.156,0.102,0.123
I,0.47,0.355,0.115,0.4155,0.167,0.084,0.139
I,0.555,0.42,0.13,0.7095,0.35,0.1505,0.1845
I,0.485,0.37,0.115,0.637,0.38,0.1335,0.128
M,0.618,0.475,0.16,1.1155,0.509,0.239,0.3029
I,0.51,0.405,0.13,0.599,0.3065,0.1155,0.1485
I,0.52,0.38,0.13,0.5345,0.2375,0.122,0.1535
F,0.53,0.42,0.14,0.627,0.2905,0.1165,0.183
M,0.535,0.42,0.16,0.7465,0.348,0.1515,0.2185
M,0.55,0.44,0.16,0.985,0.4645,0.201,0.27
M,0.555,0.44,0.145,0.85,0.4165,0.1685,0.2071
M,0.555,0.44,0.143,0.838,0.4155,0.146,0.23
F,0.555,0.428,0.156,0.812,0.4055,0.163,0.2215
M,0.56,0.415,0.13,0.7615,0.3695,0.17,0.1955
M,0.575,0.44,0.145,0.87,0.3945,0.2195,0.225
F,0.585,0.45,0.145,0.9835,0.4845,0.242,0.22
M,0.59,0.46,0.145,0.929,0.38,0.24,0.2876
F,0.595,0.47,0.165,1.0155,0.4297,0.1905,0.289
M,0.6,0.41,0.145,0.9639,0.4475,0.196,0.268
M,0.6,0.475,0.16,1.164,0.5045,0.2635,0.335
M,0.61,0.47,0.166,1.214,0.5315,0.2835,0.325
F,0.615,0.49,0.165,1.1345,0.4695,0.257,0.348
F,0.656,0.51,0.171,1.233,0.592,0.274,0.322
M,0.625,0.495,0.18,1.11,0.4715,0.254,0.3135
F,0.625,0.47,0.175,0.9895,0.432,0.2084,0.30770000000000003
F,0.64,0.5,0.171,1.1635,0.554,0.26030000000000003,0.32
F,0.64,0.475,0.175,1.1545,0.4865,0.341,0.288
F,0.645,0.507,0.175,1.3618999999999999,0.667,0.2665,0.355
M,0.65,0.508,0.18,1.469,0.7115,0.30469999999999997,0.383
M,0.655,0.52,0.18,1.492,0.7185,0.36,0.3802
F,0.655,0.54,0.175,1.568,0.7703,0.402,0.385
F,0.66,0.522,0.175,1.3275,0.556,0.2805,0.4085
M,0.67,0.525,0.18,1.6615,0.6973,0.3679,0.442
F,0.69,0.525,0.19,1.492,0.6425,0.3127,0.42
F,0.7,0.548,0.2,1.7365,0.7616,0.3965,0.461
F,0.7,0.56,0.175,1.6605,0.8605,0.3275,0.398
M,0.71,0.543,0.195,1.348,0.8985,0.4435,0.1726
M,0.715,0.545,0.18,1.7405,0.871,0.3401,0.449
F,0.72,0.549,0.185,1.7773,0.7925,0.3867,0.468
I,0.215,0.15,0.055,0.041,0.015,0.0109,0.0125
I,0.24,0.185,0.06,0.0655,0.0295,0.0005,0.02
I,0.26,0.205,0.07,0.097,0.0415,0.019,0.0305
I,0.32,0.24,0.085,0.131,0.0615,0.0265,0.038
I,0.33,0.23,0.085,0.1695,0.079,0.026,0.0505
I,0.335,0.26,0.085,0.192,0.097,0.03,0.054
I,0.35,0.26,0.09,0.1765,0.072,0.0355,0.0575
I,0.338,0.265,0.085,0.1735,0.0775,0.034,0.056
I,0.36,0.265,0.075,0.1785,0.0785,0.035,0.054
I,0.36,0.265,0.09,0.2055,0.096,0.037,0.0585
I,0.365,0.275,0.09,0.2345,0.108,0.051,0.0625
I,0.38,0.285,0.09,0.2305,0.1005,0.039,0.0775
I,0.4,0.31,0.115,0.314,0.1545,0.0595,0.087
I,0.4,0.315,0.09,0.33,0.151,0.068,0.08
I,0.4,0.265,0.1,0.2775,0.1245,0.0605,0.08
I,0.425,0.325,0.11,0.405,0.1695,0.092,0.1065
I,0.43,0.325,0.105,0.309,0.1329,0.08,0.098
M,0.435,0.335,0.11,0.4385,0.2075,0.0715,0.1315
I,0.435,0.34,0.12,0.396,0.1775,0.081,0.125
I,0.445,0.355,0.095,0.3615,0.1415,0.0785,0.12
I,0.457,0.35,0.11,0.514,0.253,0.1045,0.14
I,0.455,0.34500000000000003,0.11,0.4265,0.195,0.09,0.1205
I,0.46,0.34,0.09,0.384,0.1795,0.068,0.11
I,0.475,0.355,0.125,0.4865,0.2155,0.1105,0.142
I,0.475,0.36,0.135,0.4355,0.196,0.0925,0.125
I,0.475,0.35,0.115,0.498,0.2375,0.099,0.14
I,0.48,0.355,0.125,0.494,0.2385,0.0835,0.15
F,0.495,0.37,0.12,0.594,0.28,0.11,0.1375
I,0.5,0.365,0.125,0.528,0.229,0.114,0.1645
I,0.505,0.39,0.115,0.5585,0.2696,0.119,0.1535
I,0.515,0.4,0.135,0.636,0.3055,0.1215,0.1855
I,0.525,0.39,0.105,0.567,0.2875,0.1075,0.16
I,0.53,0.405,0.13,0.664,0.2945,0.1395,0.19
I,0.53,0.42,0.13,0.651,0.296,0.1245,0.198
M,0.535,0.415,0.135,0.78,0.3165,0.169,0.2365
I,0.535,0.41,0.13,0.6075,0.268,0.1225,0.176
I,0.54,0.41,0.135,0.7025,0.31,0.177,0.2
I,0.55,0.425,0.155,0.8725,0.412,0.187,0.2425
F,0.565,0.45,0.175,1.2365,0.5305,0.2455,0.308
M,0.57,0.47,0.155,1.186,0.6355,0.2315,0.277
I,0.57,0.42,0.13,0.7745,0.3535,0.1505,0.2365
F,0.57,0.42,0.16,0.7973,0.2924,0.1915,0.223
I,0.575,0.455,0.155,0.8725,0.349,0.2095,0.285
I,0.575,0.44,0.125,0.8515,0.4555,0.1715,0.1965
M,0.575,0.475,0.16,0.895,0.3484,0.221,0.271
F,0.575,0.45,0.155,0.886,0.3605,0.211,0.2575
I,0.58,0.46,0.14,0.9054,0.4135,0.1845,0.27
I,0.58,0.46,0.14,0.8295,0.3915,0.1548,0.238
I,0.58,0.47,0.15,0.907,0.444,0.1855,0.2445
M,0.58,0.47,0.165,1.041,0.54,0.166,0.279
F,0.585,0.465,0.165,0.9355,0.4035,0.2275,0.259
M,0.585,0.46,0.165,1.058,0.486,0.25,0.294
F,0.595,0.465,0.145,0.7955,0.3425,0.1795,0.2425
F,0.6,0.47,0.17,1.0805,0.4995,0.23020000000000002,0.3205
M,0.6,0.47,0.15,0.8898,0.37829999999999997,0.183,0.275
F,0.6,0.475,0.155,1.059,0.441,0.2185,0.3386
M,0.6,0.475,0.23,1.157,0.522,0.2409,0.3631
F,0.6,0.475,0.164,1.1168,0.4905,0.2475,0.31
F,0.6,0.485,0.145,0.776,0.3545,0.1585,0.239
F,0.62,0.48,0.165,1.043,0.4433,0.221,0.31
M,0.625,0.48,0.169,1.1797,0.5445,0.30369999999999997,0.29
F,0.625,0.492,0.16,1.3335,0.605,0.2875,0.319
F,0.628,0.5,0.175,1.3088,0.564,0.302,0.374
M,0.625,0.492,0.17,1.1835,0.517,0.2375,0.39
M,0.625,0.485,0.16,1.2135,0.631,0.2235,0.302
I,0.63,0.465,0.15,1.0315,0.4265,0.24,0.325
M,0.635,0.495,0.164,1.3695,0.657,0.3055,0.365
M,0.65,0.508,0.185,1.3745,0.75,0.1805,0.3507
M,0.65,0.515,0.18,1.463,0.6102,0.3135,0.4115
M,0.65,0.52,0.195,1.6419000000000001,0.689,0.3905,0.432
F,0.65,0.475,0.165,1.3875,0.58,0.3768,0.3095
M,0.655,0.525,0.16,1.46,0.686,0.311,0.405
F,0.655,0.53,0.165,1.2835,0.583,0.1255,0.4
F,0.643,0.5,0.16699999999999998,1.3765,0.6485,0.288,0.335
M,0.66,0.538,0.2,1.8598000000000001,0.749,0.422,0.5491
F,0.675,0.527,0.145,1.265,0.6025,0.299,0.325
M,0.685,0.547,0.17,1.6365,0.647,0.383,0.465
M,0.664,0.52,0.18,1.6,0.708,0.3525,0.412
M,0.735,0.568,0.192,1.5403,0.6465,0.3645,0.454
I,0.175,0.125,0.04,0.028,0.0095,0.008,0.009
I,0.37,0.285,0.095,0.226,0.1135,0.0515,0.0675
I,0.395,0.3,0.09,0.2855,0.1385,0.0625,0.077
I,0.42,0.325,0.11,0.325,0.1245,0.0755,0.1025
I,0.455,0.37,0.11,0.514,0.2385,0.1235,0.126
I,0.495,0.375,0.115,0.5755,0.31,0.1145,0.1395
F,0.51,0.375,0.11,0.5805,0.2865,0.118,0.148
M,0.515,0.39,0.14,0.5846,0.341,0.1325,0.119
M,0.545,0.43,0.155,0.8035,0.409,0.144,0.228
F,0.555,0.405,0.12,0.913,0.4585,0.196,0.2065
M,0.58,0.45,0.16,0.8675,0.3935,0.221,0.215
F,0.59,0.465,0.156,1.0425,0.4635,0.24,0.2767
M,0.6,0.46,0.178,1.1235,0.423,0.2575,0.365
F,0.61,0.49,0.17,1.3475,0.7045,0.3056,0.3045
M,0.615,0.475,0.163,1.0735,0.4375,0.2585,0.31
M,0.615,0.494,0.19,1.4335,0.7315,0.305,0.3647
M,0.615,0.49,0.2,1.304,0.5795,0.2881,0.371
M,0.62,0.46,0.16,0.9505,0.44699999999999995,0.21960000000000002,0.228
M,0.638,0.515,0.17,1.385,0.6355,0.2955,0.38
F,0.633,0.5,0.17,1.12,0.4955,0.2645,0.32
F,0.64,0.5,0.17,1.2645,0.565,0.3375,0.315
F,0.655,0.455,0.17,1.275,0.5914,0.303,0.333
M,0.655,0.505,0.165,1.27,0.6035,0.262,0.335
M,0.66,0.529,0.175,1.583,0.7538,0.3505,0.405
F,0.665,0.521,0.175,1.4355,0.643,0.345,0.37
F,0.67,0.525,0.195,1.42,0.573,0.3214,0.3905
M,0.69,0.53,0.19,1.5955,0.714,0.331,0.4679
F,0.693,0.537,0.2,1.89,0.8468,0.436,0.4305
F,0.735,0.565,0.212,2.0462,0.87,0.5145,0.5675
I,0.27,0.205,0.05,0.084,0.03,0.0185,0.029
I,0.285,0.225,0.07,0.1005,0.0425,0.0185,0.035
I,0.295,0.22,0.085,0.1285,0.0585,0.027,0.0365
I,0.3,0.225,0.075,0.1345,0.057,0.028,0.044
I,0.3,0.22,0.065,0.1195,0.052,0.0155,0.035
I,0.36,0.265,0.085,0.1895,0.0725,0.0515,0.055
I,0.37,0.275,0.095,0.257,0.1015,0.055,0.0825
I,0.39,0.29,0.09,0.2745,0.135,0.0455,0.078
I,0.435,0.325,0.1,0.3303,0.1335,0.0835,0.105
I,0.44,0.34,0.105,0.344,0.123,0.081,0.125
I,0.44,0.32,0.095,0.3275,0.1495,0.059,0.1
I,0.445,0.345,0.11900000000000001,0.4035,0.169,0.0825,0.13
I,0.465,0.37,0.115,0.4075,0.1515,0.0935,0.137
I,0.465,0.355,0.12,0.494,0.2375,0.099,0.14
I,0.47,0.345,0.12,0.3685,0.1525,0.0615,0.125
I,0.475,0.365,0.105,0.4175,0.1645,0.099,0.127
I,0.475,0.335,0.1,0.4425,0.1895,0.086,0.135
I,0.475,0.35,0.125,0.4225,0.1905,0.079,0.1355
I,0.485,0.365,0.125,0.426,0.163,0.0965,0.151
I,0.49,0.39,0.12,0.511,0.2205,0.103,0.1745
I,0.515,0.405,0.13,0.573,0.213,0.134,0.195
I,0.52,0.415,0.14,0.6385,0.2945,0.1405,0.171
I,0.525,0.4,0.125,0.657,0.2985,0.1505,0.168
F,0.525,0.425,0.14,0.8735,0.4205,0.182,0.2225
I,0.53,0.425,0.13,0.781,0.3905,0.2005,0.215
I,0.53,0.42,0.14,0.6765,0.256,0.1855,0.208
M,0.53,0.41,0.125,0.769,0.346,0.173,0.215
I,0.53,0.395,0.125,0.6235,0.2975,0.108,0.195
M,0.535,0.413,0.14,0.7315,0.336,0.156,0.19
I,0.535,0.427,0.155,0.8075,0.3327,0.148,0.2595
M,0.545,0.41,0.14,0.737,0.349,0.15,0.212
F,0.545,0.41,0.125,0.654,0.2945,0.1315,0.205
I,0.55,0.415,0.15,0.7915,0.3535,0.176,0.236
I,0.576,0.45,0.14,0.753,0.3445,0.1325,0.24
I,0.55,0.4,0.135,0.717,0.3315,0.1495,0.2154
I,0.555,0.43,0.15,0.783,0.345,0.1755,0.247
I,0.575,0.45,0.145,0.872,0.4675,0.18,0.217
I,0.575,0.44,0.15,0.983,0.486,0.215,0.239
F,0.585,0.42,0.154,1.034,0.437,0.2225,0.2902
F,0.585,0.465,0.145,0.9855,0.4325,0.2145,0.2845
I,0.598,0.46,0.14,0.7635,0.326,0.153,0.265
M,0.59,0.465,0.146,0.9895,0.4235,0.199,0.28
I,0.595,0.47,0.135,0.9365,0.434,0.184,0.287
M,0.595,0.462,0.135,0.964,0.5005,0.1715,0.2575
F,0.595,0.46,0.155,1.0455,0.4565,0.24,0.3085
F,0.568,0.45,0.165,1.081,0.49,0.2525,0.279
M,0.609,0.47,0.16,1.012,0.4171,0.2015,0.305
F,0.6,0.5,0.16,1.122,0.5095,0.256,0.309
M,0.605,0.49,0.165,1.1245,0.492,0.222,0.3555
F,0.605,0.46900000000000003,0.15,1.1345,0.4305,0.2435,0.35
F,0.61,0.45,0.19,1.0805,0.517,0.2495,0.2935
F,0.61,0.495,0.165,1.0835,0.4525,0.273,0.317
M,0.615,0.47,0.175,1.242,0.5675,0.287,0.317
M,0.645,0.5,0.18,1.3915,0.726,0.2795,0.332
M,0.62,0.525,0.155,1.085,0.454,0.2222,0.35
I,0.62,0.47,0.155,0.966,0.447,0.171,0.2888
M,0.62,0.48,0.165,1.0855,0.481,0.2575,0.305
F,0.625,0.489,0.135,1.3025,0.61,0.2675,0.3605
I,0.625,0.485,0.16,1.15,0.5255,0.257,0.305
I,0.63,0.49,0.17,1.217,0.5515,0.212,0.31
F,0.635,0.505,0.195,1.3092,0.516,0.307,0.375
M,0.624,0.5,0.175,1.3679999999999999,0.5908,0.27949999999999997,0.405
F,0.645,0.51,0.19,1.4865,0.6445,0.35059999999999997,0.3935
M,0.65,0.52,0.17,1.3655,0.6155,0.2885,0.4009
M,0.65,0.524,0.17,1.276,0.6215,0.2305,0.399
F,0.616,0.495,0.16,1.1931,0.55,0.2695,0.315
F,0.65,0.517,0.195,1.281,0.5985,0.246,0.3825
F,0.65,0.514,0.205,1.5319,0.69,0.3439,0.4355
M,0.65,0.51,0.175,1.2285000000000001,0.4955,0.248,0.385
F,0.65,0.51,0.182,1.4011,0.575,0.3155,0.3885
M,0.65,0.514,0.19,1.3685,0.5975,0.296,0.4031
F,0.67,0.53,0.17300000000000001,1.431,0.622,0.309,0.398
M,0.66,0.51,0.18,1.2221,0.5,0.2823,0.339
F,0.665,0.54,0.195,1.764,0.8505,0.3615,0.47
F,0.652,0.51,0.155,1.278,0.5605,0.3045,0.358
M,0.67,0.54,0.195,1.217,0.532,0.2735,0.3315
F,0.67,0.54,0.2,1.46,0.6435,0.328,0.4235
F,0.675,0.516,0.185,1.5575,0.7035,0.402,0.4
M,0.659,0.51,0.17,1.527,0.7508,0.318,0.341
F,0.675,0.53,0.195,1.4985,0.6107,0.375,0.4462
M,0.685,0.55,0.19,1.885,0.7326,0.4013,0.6164
M,0.685,0.535,0.18,1.432,0.637,0.247,0.46
M,0.705,0.548,0.213,1.4385,0.655,0.3255,0.462
F,0.705,0.53,0.17,1.564,0.612,0.394,0.44
M,0.67,0.534,0.186,2.14,1.2455,0.3725,0.4261
F,0.6880000000000001,0.56,0.179,1.8011000000000001,0.873,0.367,0.435
M,0.756,0.6,0.21,2.2839,0.9116000000000001,0.5745,0.6745
I,0.235,0.13,0.075,0.1585,0.0685,0.037,0.0465
I,0.35,0.25,0.1,0.3711,0.1725,0.063,0.1255
I,0.36,0.25,0.115,0.465,0.21,0.1055,0.128
I,0.38,0.28,0.095,0.2885,0.165,0.0435,0.067
F,0.38,0.32,0.115,0.6475,0.323,0.1325,0.164
M,0.43,0.31,0.13,0.6485,0.2735,0.163,0.184
I,0.478,0.36,0.105,0.452,0.22,0.159,0.1035
I,0.47,0.355,0.12,0.4915,0.1765,0.1125,0.1325
F,0.485,0.365,0.15,0.9145,0.4145,0.2062,0.273
M,0.495,0.375,0.155,0.974,0.45,0.2285,0.2475
I,0.5,0.383,0.145,0.7865,0.332,0.1815,0.2455
M,0.505,0.4,0.15,0.775,0.3445,0.157,0.185
I,0.51,0.375,0.15,0.8415,0.3845,0.156,0.255
M,0.51,0.38,0.131,0.681,0.3435,0.142,0.17
M,0.515,0.37,0.115,0.6145,0.3415,0.155,0.146
F,0.55,0.415,0.18,1.1655,0.502,0.301,0.311
F,0.575,0.457,0.19,1.764,0.914,0.40809999999999996,0.4095
M,0.605,0.455,0.149,1.1215,0.533,0.273,0.271
M,0.615,0.505,0.165,1.167,0.511,0.2287,0.345
M,0.615,0.48,0.15,1.0375,0.476,0.2325,0.283
M,0.625,0.48,0.18,1.223,0.565,0.2975,0.3375
M,0.625,0.47,0.168,1.124,0.5068,0.2315,0.287
F,0.635,0.505,0.17,1.2635,0.5422,0.322,0.355
M,0.65,0.5,0.165,1.238,0.647,0.2485,0.3005
M,0.65,0.5,0.17,1.4045,0.6367,0.33089999999999997,0.3235
F,0.67,0.525,0.195,1.37,0.6065,0.2955,0.407
F,0.695,0.525,0.205,1.7898,0.819,0.4025,0.4525
F,0.701,0.555,0.195,1.8286,0.7105,0.4215,0.5517
I,0.275,0.205,0.065,0.101,0.041,0.021,0.034
I,0.285,0.205,0.07,0.106,0.039,0.0285,0.034
I,0.36,0.265,0.085,0.1865,0.0675,0.037,0.0615
I,0.385,0.29,0.1,0.2575,0.1,0.061,0.086
I,0.4,0.315,0.1,0.3225,0.143,0.0735,0.091
I,0.43,0.33,0.095,0.32,0.118,0.065,0.123
I,0.435,0.375,0.11,0.4155,0.17,0.076,0.145
I,0.45,0.335,0.115,0.3935,0.195,0.071,0.11
I,0.475,0.355,0.135,0.4775,0.2145,0.09,0.1435
I,0.475,0.36,0.11,0.452,0.191,0.099,0.13
I,0.485,0.37,0.14,0.5065,0.2425,0.088,0.1465
I,0.51,0.395,0.105,0.5525,0.234,0.127,0.165
I,0.515,0.39,0.12,0.565,0.235,0.135,0.179
I,0.52,0.41,0.14,0.699,0.3395,0.129,0.1945
I,0.525,0.4,0.14,0.5979,0.2605,0.108,0.21
M,0.53,0.425,0.155,0.7905,0.307,0.171,0.2595
M,0.53,0.425,0.13,0.702,0.2975,0.1395,0.22
M,0.53,0.42,0.135,0.675,0.2909,0.156,0.18739999999999998
I,0.53,0.395,0.115,0.475,0.2268,0.101,0.148
I,0.53,0.41,0.15,0.612,0.2435,0.1525,0.1895
I,0.535,0.4,0.145,0.705,0.3065,0.1365,0.22
I,0.573,0.45,0.142,0.728,0.2845,0.1845,0.265
F,0.5569999999999999,0.44,0.14,0.846,0.346,0.1715,0.2735
M,0.555,0.46,0.16,0.86,0.3345,0.1935,0.275
M,0.56,0.465,0.145,0.8875,0.3345,0.22,0.2695
F,0.56,0.43,0.145,0.898,0.3895,0.2325,0.245
I,0.565,0.43,0.125,0.6545,0.2815,0.139,0.21
I,0.589,0.45,0.145,0.795,0.364,0.1486,0.26
F,0.575,0.465,0.12,1.0535,0.516,0.2185,0.235
F,0.575,0.46,0.15,0.927,0.333,0.207,0.2985
I,0.58,0.42,0.14,0.701,0.3285,0.102,0.2255
M,0.58,0.45,0.155,0.8275,0.321,0.1975,0.2445
M,0.585,0.45299999999999996,0.155,0.9845,0.4046,0.2155,0.2875
M,0.585,0.47,0.145,0.9565,0.4025,0.2365,0.265
I,0.59,0.45,0.148,0.86,0.437,0.1515,0.245
M,0.595,0.48,0.185,1.1785,0.526,0.2544,0.314
M,0.615,0.48,0.185,1.2205,0.4985,0.2344,0.3599
M,0.615,0.455,0.13,0.9685,0.49,0.182,0.2655
F,0.62,0.5,0.175,1.107,0.4895,0.24,0.343
M,0.62,0.48,0.18,1.1305,0.5285,0.2604,0.306
M,0.62,0.484,0.155,1.4356,0.527,0.374,0.4251
M,0.625,0.495,0.155,1.1848,0.5055,0.278,0.345
M,0.625,0.5,0.185,1.2425,0.57,0.248,0.335
M,0.63,0.49,0.176,1.09,0.407,0.224,0.354
F,0.606,0.475,0.15,1.072,0.433,0.2975,0.315
F,0.645,0.51,0.166,1.129,0.5015,0.24,0.342
F,0.65,0.505,0.175,1.2075,0.5105,0.262,0.39
F,0.65,0.495,0.175,1.227,0.528,0.258,0.37
F,0.655,0.52,0.175,1.472,0.6275,0.27,0.45
F,0.665,0.523,0.18,1.4867000000000001,0.678,0.229,0.456
M,0.67,0.521,0.193,1.4755,0.6275,0.379,0.374
M,0.675,0.533,0.20400000000000001,1.5545,0.6584,0.278,0.512
M,0.675,0.537,0.21,1.593,0.6943,0.318,0.45
F,0.704,0.549,0.2,1.8995,0.7854,0.478,0.5295
F,0.695,0.543,0.175,1.361,0.5465,0.2815,0.465
F,0.705,0.56,0.17,1.5035,0.664,0.318,0.44
F,0.74,0.57,0.205,2.381,0.8155,0.4695,0.488
I,0.205,0.155,0.045,0.0495,0.0235,0.011,0.014
I,0.366,0.266,0.075,0.1455,0.0595,0.0305,0.05
I,0.32,0.23,0.06,0.129,0.0615,0.0275,0.0355
I,0.355,0.27,0.084,0.2255,0.11,0.042,0.064
M,0.425,0.305,0.11,0.359,0.173,0.0875,0.0975
I,0.425,0.31,0.095,0.3505,0.1645,0.071,0.1
F,0.45,0.365,0.118,0.5885,0.318,0.121,0.1325
M,0.515,0.385,0.13,0.623,0.2855,0.1285,0.1725
M,0.483,0.375,0.135,0.5536,0.221,0.117,0.17
I,0.525,0.4,0.125,0.5655,0.2435,0.119,0.175
M,0.549,0.445,0.13,0.8625,0.4225,0.155,0.24
F,0.61,0.49,0.17,1.137,0.4605,0.2825,0.344
I,0.35,0.26,0.095,0.221,0.0985,0.043,0.07
I,0.38,0.275,0.095,0.2425,0.106,0.0485,0.21
I,0.46,0.34,0.1,0.386,0.1805,0.0875,0.0965
M,0.465,0.355,0.12,0.5315,0.2725,0.097,0.1335
M,0.475,0.385,0.12,0.562,0.289,0.0905,0.153
M,0.565,0.445,0.14,0.836,0.406,0.1605,0.2245
M,0.57,0.454,0.14,0.9275,0.477,0.1605,0.2515
I,0.57,0.452,0.145,0.8815,0.3605,0.1955,0.2735
M,0.595,0.46,0.155,1.03,0.4275,0.207,0.3201
F,0.605,0.48,0.176,1.1685,0.4815,0.2305,0.356
F,0.615,0.455,0.135,1.059,0.4735,0.263,0.274
M,0.62,0.46,0.17,1.127,0.535,0.2635,0.296
M,0.625,0.47,0.17,1.1665,0.4704,0.2565,0.3945
F,0.68,0.52,0.185,1.541,0.5999,0.395,0.4575
M,0.68,0.542,0.197,1.7825,0.5565,0.4475,0.4285
M,0.648,0.506,0.18,1.5325,0.7525,0.351,0.374
F,0.71,0.555,0.19,1.47,0.5375,0.38,0.431
M,0.5,0.385,0.12,0.6335,0.2305,0.125,0.235
F,0.547,0.42,0.175,0.754,0.256,0.1775,0.275
F,0.46,0.365,0.115,0.4485,0.165,0.083,0.17
M,0.535,0.41,0.15,0.8105,0.345,0.187,0.24
M,0.335,0.26,0.075,0.22,0.0855,0.04,0.085
F,0.425,0.35,0.1,0.4425,0.175,0.0755,0.175
M,0.41,0.325,0.1,0.3555,0.146,0.072,0.116
I,0.17,0.105,0.035,0.034,0.012,0.0085,0.005
I,0.335,0.25,0.095,0.185,0.0795,0.0495,0.055
M,0.52,0.425,0.125,0.79,0.372,0.205,0.2002
F,0.53,0.424,0.145,0.8255,0.375,0.204,0.245
M,0.5,0.42,0.125,0.62,0.255,0.15,0.205
F,0.615,0.475,0.145,0.9699,0.3915,0.195,0.32
M,0.575,0.45,0.16,0.955,0.44,0.1685,0.27
M,0.57,0.45,0.155,0.91,0.326,0.1895,0.355
M,0.455,0.35,0.105,0.416,0.1625,0.097,0.145
I,0.37,0.275,0.085,0.2045,0.096,0.056,0.08
M,0.445,0.37,0.125,0.515,0.2495,0.087,0.159
F,0.6849999999999999,0.535,0.187,1.604,0.6175,0.4255,0.453
M,0.385,0.3,0.115,0.3435,0.1645,0.085,0.1025
F,0.375,0.295,0.11,0.3005,0.1078,0.0575,0.1035
M,0.56,0.44,0.13,0.8255,0.2425,0.202,0.285
M,0.55,0.41,0.15,0.785,0.282,0.186,0.275
F,0.57,0.465,0.155,0.9685,0.446,0.261,0.255
F,0.485,0.4,0.155,0.731,0.236,0.183,0.255
M,0.41,0.335,0.115,0.4405,0.19,0.085,0.135
I,0.335,0.255,0.085,0.1785,0.071,0.0405,0.055
M,0.655,0.515,0.2,1.373,0.443,0.3375,0.4694
F,0.565,0.45,0.165,0.9765,0.322,0.244,0.37
F,0.57,0.44,0.155,1.018,0.447,0.207,0.265
F,0.55,0.465,0.15,1.082,0.594,0.194,0.19
F,0.63,0.475,0.175,1.423,0.5368999999999999,0.3385,0.49
M,0.475,0.37,0.125,0.655,0.266,0.1725,0.185
F,0.655,0.5,0.18,1.4155,0.508,0.314,0.4455
I,0.32,0.235,0.065,0.1385,0.058,0.0225,0.05
M,0.525,0.395,0.165,0.8163,0.285,0.1776,0.285
F,0.525,0.43,0.165,0.717,0.289,0.1745,0.195
M,0.5,0.39,0.13,0.6355,0.2505,0.1635,0.195
F,0.44,0.34,0.135,0.3975,0.1505,0.0945,0.1257
F,0.49,0.385,0.16,0.656,0.2455,0.171,0.205
M,0.545,0.44,0.165,0.8035,0.2875,0.204,0.25
F,0.45,0.36,0.11,0.447,0.203,0.082,0.13
F,0.515,0.4,0.115,0.578,0.191,0.1445,0.17
I,0.33,0.25,0.075,0.1405,0.056,0.035,0.05
F,0.525,0.41,0.15,0.708,0.274,0.151,0.25
M,0.295,0.225,0.09,0.1385,0.048,0.046,0.05
M,0.545,0.45,0.16,0.8615,0.2925,0.1545,0.365
F,0.645,0.5,0.225,1.626,0.587,0.4055,0.41
M,0.45,0.355,0.115,0.478,0.18,0.1185,0.155
F,0.61,0.49,0.17,1.1775,0.5655,0.2385,0.295
I,0.38,0.3,0.1,0.286,0.1305,0.056,0.09
F,0.565,0.455,0.13,1.058,0.439,0.2645,0.3
F,0.6819999999999999,0.545,0.16,1.5415,0.5985,0.2565,0.495
M,0.548,0.425,0.12,0.817,0.2945,0.2104,0.195
I,0.29,0.225,0.075,0.152,0.071,0.059,0.045
I,0.41,0.33,0.105,0.335,0.1525,0.074,0.11
F,0.46,0.375,0.12,0.4915,0.2205,0.088,0.17
F,0.56,0.44,0.155,1.0459,0.4315,0.263,0.255
F,0.575,0.45,0.1,0.9315,0.431,0.222,0.235
M,0.62,0.5,0.2,1.221,0.4605,0.2497,0.43
M,0.515,0.4,0.14,0.7365,0.2955,0.1845,0.185
F,0.56,0.46,0.165,0.97,0.342,0.196,0.355
F,0.5,0.4,0.15,0.8085,0.273,0.112,0.275
I,0.435,0.355,0.125,0.4075,0.1535,0.074,0.165
M,0.495,0.38,0.135,0.6295,0.263,0.1425,0.215
F,0.595,0.5,0.18,1.053,0.4405,0.192,0.39
F,0.76,0.575,0.206,1.7827,0.7035,0.386,0.56
F,0.641,0.5,0.165,1.1765,0.488,0.244,0.345
F,0.565,0.46,0.15,0.8659,0.3455,0.1925,0.275
I,0.14,0.099,0.035,0.0145,0.005,0.0035,0.005
M,0.445,0.345,0.14,0.476,0.2055,0.1015,0.1085
F,0.525,0.43,0.125,0.813,0.3315,0.166,0.1775
I,0.16,0.12,0.02,0.018,0.0075,0.0045,0.005
M,0.635,0.48,0.235,1.064,0.413,0.228,0.36
M,0.575,0.47,0.165,0.853,0.292,0.179,0.2872
M,0.38,0.27,0.095,0.219,0.0835,0.0515,0.07
M,0.245,0.18,0.065,0.0635,0.0245,0.0135,0.02
I,0.508,0.39,0.15,0.6275,0.276,0.134,0.185
I,0.455,0.365,0.135,0.441,0.1515,0.1165,0.145
F,0.455,0.375,0.125,0.458,0.1985,0.111,0.12
M,0.455,0.355,0.135,0.4745,0.1865,0.0935,0.168
I,0.355,0.27,0.1,0.216,0.083,0.037,0.075
I,0.52,0.405,0.14,0.6765,0.2865,0.146,0.205
I,0.527,0.4,0.145,0.757,0.315,0.181,0.215
I,0.495,0.39,0.14,0.7325,0.2415,0.144,0.26
I,0.56,0.438,0.165,1.0285,0.4535,0.253,0.275
F,0.52,0.41,0.16,0.712,0.2845,0.153,0.225
I,0.581,0.46,0.19,1.066,0.4335,0.226,0.33
F,0.645,0.49,0.19,1.3065,0.479,0.3565,0.345
I,0.565,0.43,0.135,0.8545,0.321,0.1775,0.275
M,0.295,0.23,0.085,0.125,0.0466,0.0285,0.043
M,0.375,0.28,0.095,0.2225,0.0875,0.043,0.08
I,0.525,0.4,0.14,0.6955,0.2405,0.16,0.253
M,0.395,0.28,0.08,0.266,0.0995,0.066,0.09
F,0.5,0.4,0.165,0.7105,0.27,0.1455,0.225
F,0.47,0.35,0.115,0.487,0.1955,0.127,0.155
I,0.58,0.447,0.16,0.728,0.2725,0.19,0.19
I,0.5,0.38,0.155,0.6675,0.2745,0.156,0.18
I,0.725,0.555,0.22,1.3966,0.6741,0.3058,0.3627
M,0.65,0.515,0.215,1.3894,0.564,0.323,0.425
F,0.67,0.535,0.185,1.597,0.6656,0.3433,0.47
I,0.55,0.44,0.165,0.8605,0.312,0.169,0.3
F,0.49,0.37,0.115,0.541,0.171,0.1175,0.185
I,0.235,0.18,0.06,0.058,0.022,0.0145,0.018
I,0.235,0.175,0.08,0.0645,0.0215,0.0175,0.0215
M,0.52,0.41,0.115,0.77,0.263,0.15889999999999999,0.26
F,0.475,0.4,0.115,0.541,0.186,0.1025,0.21
M,0.53,0.422,0.11,0.739,0.237,0.161,0.295
F,0.35,0.275,0.065,0.205,0.0745,0.0465,0.07
F,0.555,0.42,0.151,0.8695,0.3075,0.2575,0.25
M,0.505,0.39,0.105,0.6555,0.2595,0.18,0.19
F,0.54,0.44,0.16,1.0905,0.391,0.2295,0.355
F,0.525,0.4,0.115,0.6295,0.2555,0.1567,0.18
M,0.55,0.45,0.157,1.0985,0.3765,0.215,0.4
M,0.55,0.44,0.157,0.991,0.3871,0.168,0.375
I,0.235,0.175,0.065,0.0615,0.0205,0.02,0.019
M,0.525,0.419,0.165,0.8005,0.2635,0.1985,0.25
M,0.475,0.365,0.14,0.6175,0.202,0.1445,0.19
F,0.53,0.4,0.165,0.772,0.2855,0.1975,0.23
F,0.525,0.415,0.15,0.7155,0.2355,0.171,0.27
F,0.53,0.425,0.13,0.6247,0.2115,0.166,0.2073
F,0.465,0.39,0.11,0.6355,0.1815,0.157,0.225
I,0.315,0.235,0.08,0.18,0.08,0.045,0.047
I,0.465,0.355,0.12,0.5805,0.255,0.1297,0.184
M,0.485,0.385,0.105,0.556,0.2896,0.104,0.133
I,0.49,0.385,0.12,0.591,0.271,0.1125,0.1775
F,0.515,0.395,0.14,0.686,0.281,0.1255,0.22
F,0.555,0.44,0.155,1.016,0.4935,0.1855,0.263
F,0.61,0.472,0.18,1.438,0.6806,0.3735,0.3345
F,0.68,0.55,0.19,1.807,0.6930999999999999,0.3655,0.515
F,0.659,0.525,0.2,1.777,0.7293999999999999,0.3272,0.4996
M,0.695,0.541,0.20299999999999999,1.7963,0.8242,0.4665,0.496
F,0.72,0.561,0.195,1.7909,0.7314,0.3961,0.585
I,0.27,0.205,0.075,0.118,0.059,0.031,0.0348
I,0.27,0.19,0.06,0.099,0.0445,0.017,0.03
I,0.295,0.22,0.07,0.1365,0.0575,0.0295,0.035
I,0.295,0.22,0.065,0.1295,0.052,0.028,0.035
I,0.315,0.23,0.07,0.164,0.0625,0.04,0.045
I,0.375,0.29,0.095,0.2875,0.123,0.0605,0.08
I,0.38,0.3,0.09,0.277,0.1655,0.0625,0.082
I,0.385,0.285,0.09,0.248,0.0935,0.066,0.077
I,0.4,0.295,0.095,0.252,0.1105,0.0575,0.066
M,0.415,0.323,0.12,0.4015,0.199,0.0897,0.097
I,0.415,0.33,0.1,0.3905,0.1925,0.0755,0.1025
I,0.42,0.32,0.115,0.409,0.2055,0.0935,0.105
I,0.44,0.33,0.135,0.4095,0.163,0.1005,0.119
I,0.45,0.35,0.135,0.494,0.2205,0.0945,0.1405
I,0.475,0.35,0.12,0.4905,0.2035,0.13,0.135
M,0.485,0.39,0.12,0.599,0.251,0.1345,0.169
M,0.495,0.375,0.115,0.6245,0.282,0.143,0.155
F,0.525,0.41,0.115,0.7745,0.416,0.163,0.1771
M,0.565,0.455,0.15,0.9795,0.444,0.205,0.275
I,0.58,0.435,0.15,0.8915,0.363,0.1925,0.2515
F,0.585,0.45,0.125,0.874,0.3545,0.2075,0.225
M,0.6,0.465,0.155,1.262,0.6245,0.2455,0.33
F,0.63,0.48,0.185,1.21,0.53,0.2874,0.322
F,0.645,0.525,0.17,1.37,0.6135,0.283,0.34
F,0.655,0.545,0.185,1.759,0.6865,0.313,0.547
F,0.665,0.515,0.165,1.3855,0.621,0.302,0.3445
F,0.67,0.52,0.195,1.8065,0.8727,0.3735,0.5055
M,0.63,0.51,0.2,1.6004,0.6705,0.3845,0.41600000000000004
M,0.685,0.51,0.18,1.4545,0.6315,0.3209,0.3725
F,0.752,0.6,0.23,2.003,0.8451,0.4567,0.5755
M,0.514,0.41300000000000003,0.143,0.7252,0.33999999999999997,0.1506,0.20070000000000002
I,0.185,0.135,0.045,0.032,0.011,0.0065,0.01
I,0.245,0.175,0.055,0.0785,0.04,0.018,0.02
I,0.315,0.23,0.0,0.134,0.0575,0.0285,0.3505
I,0.36,0.27,0.09,0.2075,0.098,0.039,0.062
I,0.375,0.28,0.08,0.2235,0.115,0.043,0.055
I,0.415,0.31,0.095,0.34,0.181,0.057,0.083
I,0.455,0.35,0.135,0.5365,0.2855,0.0855,0.1325
I,0.48,0.35,0.105,0.635,0.352,0.127,0.135
I,0.485,0.375,0.125,0.562,0.2505,0.1345,0.1525
I,0.51,0.39,0.125,0.597,0.293,0.1265,0.1555
M,0.52,0.395,0.125,0.5815,0.2565,0.1239,0.17
F,0.555,0.433,0.148,0.9042,0.3525,0.1835,0.2811
M,0.585,0.465,0.15,0.8981,0.4115,0.1911,0.247
F,0.585,0.46,0.15,1.0035,0.503,0.2105,0.2515
M,0.585,0.455,0.155,1.133,0.5515,0.223,0.305
M,0.609,0.478,0.16,1.2469,0.597,0.246,0.3352
M,0.573,0.45999999999999996,0.15,1.1382999999999999,0.62,0.237,0.245
M,0.615,0.53,0.17,1.12,0.5775,0.2095,0.2892
F,0.62,0.465,0.14,1.0091999999999999,0.479,0.2385,0.255
F,0.625,0.505,0.175,1.131,0.5425,0.2265,0.3166
M,0.625,0.48,0.175,1.0885,0.4974,0.259,0.285
M,0.635,0.501,0.145,1.181,0.665,0.229,0.28150000000000003
F,0.662,0.525,0.175,1.4163,0.646,0.3115,0.37
M,0.66,0.516,0.19,1.4385,0.6775,0.285,0.178
M,0.66,0.503,0.155,1.2275,0.61,0.274,0.3
M,0.66,0.527,0.155,1.4415,0.7055,0.3555,0.335
F,0.68,0.55,0.175,1.473,0.713,0.282,0.4295
F,0.69,0.545,0.195,1.658,0.708,0.3745,0.4255
M,0.669,0.534,0.195,1.7475,0.8215,0.383,0.421
I,0.275,0.2,0.07,0.096,0.037,0.0269,0.03
I,0.33,0.245,0.065,0.1445,0.058,0.032,0.0505
I,0.33,0.26,0.085,0.203,0.0915,0.0425,0.055
I,0.365,0.28,0.09,0.196,0.0865,0.036,0.0605
I,0.365,0.27,0.09,0.2155,0.1005,0.049,0.0655
I,0.42,0.31,0.1,0.2805,0.1125,0.0615,0.0925
I,0.435,0.335,0.11,0.334,0.1355,0.0775,0.0965
I,0.435,0.325,0.1,0.366,0.174,0.0725,0.109
I,0.44,0.325,0.11,0.4965,0.258,0.1195,0.1075
I,0.485,0.365,0.09,0.651,0.3165,0.132,0.18
I,0.495,0.385,0.125,0.5125,0.2075,0.1155,0.172
M,0.51,0.405,0.125,0.6925,0.327,0.155,0.184
I,0.52,0.41,0.14,0.5995,0.242,0.1285,0.1897
I,0.54,0.42,0.14,0.74,0.3595,0.1436,0.1985
I,0.54,0.415,0.155,0.702,0.322,0.167,0.19
I,0.55,0.445,0.125,0.672,0.288,0.1365,0.21
I,0.56,0.44,0.155,0.811,0.3685,0.178,0.235
F,0.575,0.45,0.12,0.9585,0.447,0.169,0.275
I,0.575,0.44,0.15,0.858,0.4392,0.166,0.215
F,0.575,0.46,0.165,0.9575,0.4815,0.1945,0.236
F,0.58,0.46,0.135,0.9508,0.4025,0.208,0.275
F,0.58,0.466,0.155,0.873,0.3615,0.249,0.2538
M,0.58,0.45,0.16,0.998,0.4044,0.214,0.301
M,0.6,0.46,0.155,0.6655,0.285,0.149,0.269
M,0.615,0.485,0.145,1.003,0.4655,0.2195,0.28
F,0.625,0.491,0.16,1.234,0.6335,0.192,0.3277
M,0.625,0.495,0.155,1.025,0.46,0.1945,0.34
M,0.625,0.495,0.175,1.2935,0.5805,0.317,0.355
M,0.632,0.5,0.175,1.0565,0.4615,0.258,0.305
M,0.593,0.46099999999999997,0.145,1.1011,0.4618,0.247,0.3245
F,0.625,0.485,0.165,1.2255,0.5075,0.296,0.36
F,0.635,0.5,0.18,1.2565,0.539,0.2847,0.35
F,0.645,0.5,0.15,1.159,0.4675,0.3355,0.31
F,0.645,0.51,0.165,1.403,0.5755,0.2515,0.4217
F,0.69,0.535,0.185,1.826,0.797,0.409,0.499
F,0.695,0.537,0.181,1.7715,0.8195,0.4375,0.437
M,0.515,0.39,0.12,0.6125,0.302,0.1365,0.1415
I,0.545,0.405,0.13,0.658,0.327,0.1445,0.174
M,0.62,0.465,0.145,0.911,0.375,0.2145,0.278
M,0.63,0.49,0.15,1.1955,0.5845,0.257,0.3
F,0.63,0.515,0.16,1.336,0.553,0.3205,0.35
F,0.64,0.49,0.18,1.3671,0.653,0.347,0.305
I,0.37,0.275,0.08,0.2325,0.093,0.056,0.072
I,0.395,0.31,0.085,0.317,0.153,0.0505,0.0935
I,0.4,0.3,0.115,0.318,0.1335,0.0725,0.0935
I,0.41,0.305,0.1,0.2645,0.1022,0.0655,0.085
I,0.455,0.335,0.105,0.4055,0.175,0.092,0.1185
I,0.48,0.335,0.125,0.524,0.246,0.1095,0.145
I,0.485,0.375,0.11,0.464,0.2015,0.09,0.149
I,0.5,0.36,0.12,0.4531,0.1875,0.1055,0.1305
I,0.515,0.395,0.125,0.5805,0.2365,0.1075,0.19
I,0.52,0.4,0.14,0.622,0.278,0.1455,0.169
M,0.565,0.45,0.15,0.7805,0.3795,0.1625,0.216
I,0.545,0.43,0.14200000000000002,0.7943,0.289,0.19,0.2615
I,0.55,0.435,0.125,0.741,0.348,0.1585,0.206
M,0.55,0.43,0.18,0.8265,0.4405,0.159,0.225
M,0.55,0.385,0.13,0.7419,0.3478,0.1625,0.19
I,0.548,0.43,0.125,0.7005,0.3395,0.1355,0.2095
I,0.56,0.45,0.145,0.9355,0.421,0.1645,0.2725
I,0.565,0.465,0.15,1.1815,0.581,0.2215,0.3095
M,0.57,0.445,0.16,1.0145,0.516,0.164,0.3
F,0.575,0.48,0.17,1.1259,0.506,0.2485,0.31
M,0.585,0.51,0.162,1.2201,0.639,0.241,0.3
M,0.579,0.45,0.155,0.874,0.369,0.2135,0.24
I,0.595,0.475,0.155,0.984,0.4865,0.184,0.2755
M,0.6,0.47,0.13,1.0105,0.423,0.219,0.286
M,0.61,0.365,0.155,1.0765,0.488,0.249,0.27
F,0.615,0.475,0.174,1.337,0.5995,0.2815,0.37
M,0.625,0.5,0.18,1.4271,0.645,0.303,0.3705
F,0.625,0.49,0.19,1.7015,0.7828,0.3991,0.3855
F,0.63,0.485,0.18,1.2435,0.5175,0.308,0.37
M,0.63,0.53,0.175,1.4135,0.667,0.2945,0.3555
M,0.613,0.485,0.155,1.073,0.467,0.1975,0.35
F,0.638,0.5,0.175,1.4963,0.684,0.31,0.39
M,0.635,0.5,0.179,1.2915,0.594,0.2695,0.37
F,0.65,0.495,0.16,1.3105,0.577,0.3315,0.355
M,0.67,0.525,0.18,1.5594000000000001,0.728,0.343,0.381
F,0.675,0.52,0.175,1.494,0.7365,0.3055,0.3811
M,0.675,0.51,0.15,1.1965,0.475,0.304,0.3586
M,0.68,0.545,0.185,1.672,0.7075,0.364,0.48960000000000004
M,0.7,0.545,0.215,1.9125,0.8825,0.4225,0.5287999999999999
M,0.71,0.542,0.179,1.2165,0.5582,0.259,0.3508
M,0.699,0.565,0.18,1.79,0.844,0.3535,0.5385
F,0.72,0.554,0.193,1.7495,0.7691,0.4225,0.48
I,0.42,0.305,0.1,0.3415,0.1645,0.0775,0.086
I,0.48,0.35,0.1,0.519,0.2365,0.1275,0.126
M,0.48,0.365,0.13,0.5305,0.2405,0.127,0.139
M,0.51,0.41,0.155,1.2825,0.569,0.291,0.3795
I,0.526,0.4,0.14,0.7051999999999999,0.3495,0.1595,0.1785
F,0.56,0.42,0.18,1.6645,0.7583,0.35,0.4525
I,0.56,0.42,0.14,0.837,0.414,0.214,0.206
F,0.57,0.45,0.15,0.9645,0.531,0.189,0.209
F,0.605,0.465,0.155,1.1,0.547,0.2665,0.2585
M,0.614,0.48,0.16,1.1764999999999999,0.5436,0.2625,0.3015
F,0.64,0.505,0.175,1.3185,0.5922,0.302,0.3315
M,0.65,0.525,0.185,1.3455,0.586,0.278,0.3856
I,0.3,0.215,0.05,0.1185,0.048,0.0225,0.042
M,0.35,0.265,0.09,0.197,0.073,0.0365,0.077
I,0.452,0.35,0.13,0.4725,0.215,0.0745,0.15
I,0.46,0.365,0.11,0.4495,0.1755,0.102,0.15
I,0.49,0.375,0.115,0.557,0.2275,0.1335,0.1765
I,0.5,0.385,0.12,0.516,0.197,0.1305,0.165
I,0.54,0.43,0.135,0.709,0.3195,0.1568,0.185
M,0.55,0.42,0.148,0.7385,0.321,0.1485,0.252
I,0.559,0.445,0.11,0.7935,0.378,0.142,0.26
M,0.555,0.435,0.145,0.9205,0.3874,0.2275,0.255
I,0.57,0.425,0.14,0.7655,0.331,0.14,0.24
M,0.58,0.45,0.14,0.824,0.3465,0.1765,0.2405
I,0.58,0.425,0.145,0.83,0.379,0.1605,0.2575
I,0.585,0.47,0.17,0.985,0.3982,0.2395,0.315
M,0.585,0.45,0.15,0.997,0.4055,0.283,0.251
F,0.595,0.455,0.14,0.914,0.3895,0.2225,0.271
F,0.6,0.5,0.17,1.1132,0.4405,0.267,0.335
F,0.615,0.495,0.155,1.0805,0.52,0.19,0.32
M,0.63,0.505,0.155,1.105,0.492,0.226,0.325
I,0.63,0.49,0.2,1.229,0.535,0.29,0.335
F,0.635,0.495,0.175,1.2355,0.5205,0.3085,0.347
F,0.645,0.535,0.19,1.2395,0.468,0.2797,0.424
F,0.65,0.505,0.175,1.357,0.5725,0.281,0.3916
F,0.655,0.525,0.18,1.402,0.624,0.2935,0.365
F,0.655,0.5,0.17500000000000002,1.359,0.5839,0.3011,0.3984
M,0.6890000000000001,0.535,0.19,1.6291,0.7085,0.3219,0.508
M,0.67,0.525,0.2,1.7405,0.7151,0.297,0.5211
F,0.674,0.53,0.21,1.51,0.664,0.4095,0.3945
M,0.683,0.55,0.195,1.4853,0.7016,0.2849,0.445
M,0.77,0.605,0.175,1.3808,0.6091,0.309,0.355
I,0.28,0.215,0.07,0.124,0.063,0.0215,0.03
I,0.33,0.23,0.08,0.14,0.0565,0.0365,0.046
I,0.35,0.25,0.075,0.1695,0.0835,0.0355,0.041
I,0.37,0.28,0.09,0.218,0.0995,0.0545,0.0615
I,0.423,0.315,0.115,0.384,0.1885,0.0715,0.11
I,0.435,0.33,0.095,0.393,0.219,0.075,0.0885
I,0.44,0.35,0.11,0.3805,0.1575,0.0895,0.115
M,0.475,0.37,0.11,0.4895,0.2185,0.107,0.1405
M,0.475,0.36,0.14,0.5135,0.241,0.1045,0.155
I,0.48,0.355,0.11,0.4495,0.201,0.089,0.14
F,0.56,0.44,0.135,0.8025,0.35,0.1615,0.259
F,0.595,0.46299999999999997,0.165,1.053,0.458,0.217,0.3
F,0.585,0.47,0.17,0.9945,0.4255,0.263,0.2674
M,0.385,0.255,0.1,0.3175,0.137,0.068,0.092
I,0.39,0.31,0.085,0.344,0.181,0.0695,0.079
I,0.39,0.29,0.1,0.2845,0.1255,0.0635,0.081
I,0.405,0.3,0.085,0.3035,0.15,0.0505,0.088
I,0.475,0.365,0.115,0.499,0.232,0.0885,0.156
M,0.5,0.38,0.125,0.577,0.269,0.1265,0.1535
F,0.515,0.4,0.125,0.615,0.2865,0.123,0.1765
M,0.52,0.385,0.165,0.791,0.375,0.18,0.1815
M,0.55,0.43,0.13,0.8395,0.3155,0.1955,0.2405
M,0.56,0.43,0.155,0.8675,0.4,0.172,0.229
F,0.565,0.45,0.165,0.887,0.37,0.239,0.249
M,0.59,0.44,0.135,0.966,0.439,0.2145,0.2605
F,0.6,0.475,0.205,1.176,0.5255,0.2804,0.308
F,0.625,0.485,0.15,1.0945,0.531,0.261,0.2727
M,0.71,0.555,0.195,1.956,0.9457,0.3765,0.495
