cat_Sex,con_Length,con_Diameter,con_Height,con_Whole_weight,con_Shucked_weight,con_Viscera_weight,con_Shell_weight
M,0.455,0.365,0.10612788796424866,0.514,0.2245,0.101,0.15
M,0.35,0.265,0.09,0.2255,0.0995,0.0485,0.07
F,0.53,0.42,0.135,0.677,0.2565,0.1415,0.21
M,0.44,0.365,0.125,0.516,0.2155,0.114,0.155
I,0.33,0.255,0.08,0.205,0.0895,0.0395,0.055
I,0.425,0.3,0.095,0.3515,0.141,0.0775,0.12
F,0.53,0.415,0.15,0.7775,0.237,0.1415,0.33
F,0.545,0.4061869978904724,0.125,0.768,0.294,0.1495,0.26
M,0.475,0.33323708176612854,0.125,0.5095,0.2165,0.1125,0.165
F,0.55,0.44,0.15,0.8945,0.3145,0.151,0.32
F,0.525,0.38,0.14,0.6065,0.194,0.1475,0.21
I,0.43,0.35,0.11,0.406,0.1675,0.081,0.135
M,0.49,0.38,0.135,0.5415,0.2175,0.095,0.19
F,0.535,0.405,0.145,0.6845,0.3097631335258484,0.171,0.2394651174545288
I,0.47,0.355,0.1,0.4755,0.1675,0.0805,0.185
M,0.5,0.4,0.13,0.6645,0.258,0.133,0.24
I,0.355,0.28,0.085,0.22626972198486328,0.095,0.0395,0.115
F,0.44,0.34,0.1,0.451,0.188,0.087,0.13
M,0.365,0.295,0.08,0.2555,0.097,0.043,0.1
M,0.45,0.32,0.1,0.381,0.1705,0.075,0.115
M,0.355,0.28,0.095,0.2455,0.0955,0.062,0.075
I,0.38,0.275,0.1,0.2255,0.08,0.049,0.085
F,0.565,0.44,0.155,0.9395,0.4275,0.214,0.27
F,0.55,0.415,0.135,0.7635,0.318,0.21,0.2
F,0.615,0.48,0.16199977695941925,1.1615,0.513,0.301,0.305
F,0.56,0.44,0.14,0.9285,0.3825,0.188,0.26245880126953125
F,0.6025881171226501,0.45,0.185,0.9955,0.4744080901145935,0.2637213468551636,0.285
M,0.59,0.445,0.14,0.9720995426177979,0.356,0.234,0.28
M,0.605,0.4723590910434723,0.18,0.9365,0.44346436858177185,0.2266586720943451,0.295
M,0.575,0.425,0.14,0.8635,0.393,0.227,0.2
M,0.58,0.45002201199531555,0.165,0.9975,0.3935,0.242,0.33
F,0.68,0.56,0.165,1.639,0.4439557194709778,0.2805,0.46
M,0.6107690930366516,0.525,0.165,1.338,0.5515,0.3575,0.320259153842926
F,0.68,0.55,0.175,1.798,0.815,0.3925,0.455
F,0.6125315427780151,0.55,0.2,1.7095,0.633,0.4115,0.49
M,0.465,0.355,0.105,0.4795,0.227,0.124,0.125
F,0.54,0.475,0.155,1.217,0.5305,0.3075,0.34
F,0.45,0.355,0.105,0.5225,0.237,0.07413457334041595,0.145
F,0.575,0.445,0.135,0.883,0.381,0.2035,0.26
M,0.355,0.29,0.09,0.3275,0.134,0.086,0.09
F,0.45,0.335,0.105,0.425,0.1865,0.091,0.115
F,0.5840168595314026,0.425,0.135,0.8515,0.362,0.196,0.27
I,0.24,0.175,0.045,0.07,0.0315,0.0235,0.02
I,0.205,0.15,0.055,0.042,0.0255,0.015,0.012
I,0.21,0.15,0.05,0.042,0.0175,0.0125,0.015
I,0.39,0.295,0.095,0.203,0.0875,0.045,0.075
M,0.40551480650901794,0.37,0.12,0.5795,0.293,0.227,0.14
F,0.46,0.375,0.12,0.4605,0.1775,0.11,0.15
I,0.325,0.245,0.07,0.161,0.0755,0.0255,0.045
F,0.525,0.425,0.16,0.8355,0.3545,0.2135,0.245
I,0.52,0.35520824790000916,0.12,0.595,0.2385,0.09784035384654999,0.19
M,0.4,0.32,0.095,0.303,0.1335,0.06,0.1
I,0.485,0.36,0.13,0.5415,0.2595,0.096,0.16
F,0.47,0.36,0.12,0.4775,0.2105,0.1055,0.15
M,0.405,0.2974056005477905,0.1,0.385,0.173,0.0915,0.11
F,0.5,0.4,0.14,0.6615,0.2565,0.1755,0.22
M,0.445,0.35,0.12,0.4425,0.192,0.07928134500980377,0.135
M,0.47,0.385,0.135,0.5895,0.2765,0.12,0.17
I,0.245,0.19,0.06,0.086,0.042,0.014,0.025
F,0.505,0.4,0.125,0.583,0.246,0.13,0.175
M,0.45,0.345,0.11177876591682434,0.45038846135139465,0.18,0.1125,0.135
M,0.505,0.405,0.11,0.625,0.305,0.10359617322683334,0.175
I,0.53,0.41,0.13,0.6965,0.302,0.1935,0.2
M,0.425,0.325,0.095,0.3785,0.1705,0.08,0.1
M,0.52,0.4,0.12,0.58,0.234,0.1315,0.185
M,0.475,0.355,0.10823074728250504,0.48,0.234,0.1015,0.135
F,0.565,0.44,0.16,0.915,0.354,0.1935,0.32
F,0.595,0.495,0.185,1.285,0.416,0.224,0.485
F,0.475,0.39,0.12,0.5305,0.2135,0.1155,0.17
I,0.31,0.235,0.07,0.151,0.063,0.0405,0.045
M,0.555,0.425,0.14176878333091736,0.7665,0.264,0.168,0.275
F,0.4,0.32,0.11,0.353,0.1405,0.0985,0.1
F,0.595,0.4815096855163574,0.17,1.247,0.47545403242111206,0.225,0.425
M,0.62166827917099,0.5022318959236145,0.175,1.322969913482666,0.474,0.28656747937202454,0.38
F,0.605,0.45,0.195,1.098,0.44979551434516907,0.2895,0.31188300251960754
F,0.6,0.475,0.15,1.0075,0.4425,0.221,0.28
M,0.595,0.475,0.14,0.944,0.3625,0.189,0.23868247866630554
F,0.6,0.47,0.15,0.922,0.363,0.194,0.305
F,0.555,0.425,0.14831355214118958,0.788,0.282,0.1595,0.2452731728553772
F,0.615,0.475,0.17,1.1025,0.4695,0.2287084460258484,0.345
F,0.575,0.445,0.14,1.1130785942077637,0.3845,0.252,0.3113155961036682
M,0.5728995203971863,0.4501451253890991,0.175,1.615,0.5105,0.192,0.675
F,0.52,0.425,0.165,0.9885,0.396,0.225,0.32
F,0.595,0.475,0.16177313029766083,1.3175,0.408,0.234,0.58
F,0.58,0.45,0.14,1.127316951751709,0.38,0.216,0.36
F,0.57,0.4811452031135559,0.18,1.295,0.47414183616638184,0.2225,0.44
M,0.5964243412017822,0.465,0.14,1.195,0.4825,0.205,0.4
M,0.56,0.44,0.16,0.8645,0.3305,0.2075,0.26
F,0.46,0.355,0.13,0.517,0.2205,0.114,0.165
F,0.575,0.45,0.1561843305826187,0.9775,0.3135,0.231,0.33
M,0.565,0.425,0.135,0.8115,0.341,0.1675,0.22381818294525146
M,0.5236147046089172,0.44,0.15,0.755,0.307,0.1525,0.26
M,0.595,0.465,0.15324953198432922,1.115,0.4015,0.254,0.31422582268714905
F,0.6119799017906189,0.495,0.165,1.262,0.507,0.318,0.39
M,0.695,0.56,0.1626548320055008,1.208954095840454,0.588,0.2561396360397339,0.485
M,0.6084223985671997,0.48627299070358276,0.16622807085514069,1.606,0.5755,0.388,0.35587677359580994
M,0.535,0.435,0.15,0.725,0.269,0.1385,0.2106136977672577
M,0.47,0.375,0.13,0.523,0.214,0.132,0.145
M,0.47,0.37,0.13,0.5225,0.16110143065452576,0.133,0.165
I,0.475,0.375,0.125,0.5785,0.2775,0.085,0.155
I,0.36,0.265,0.095,0.2315,0.105,0.046,0.075
M,0.55,0.43830397725105286,0.145,0.843,0.328,0.1915,0.255
M,0.53,0.435,0.14806590974330902,0.883,0.316,0.164,0.335
M,0.53,0.415,0.14,0.724,0.3105,0.1675,0.205
M,0.605,0.47,0.16,1.1735,0.4975,0.2405,0.345
F,0.52,0.39931628108024597,0.155,0.727,0.291,0.1835,0.235
F,0.545,0.43,0.165,0.802,0.2935,0.183,0.28
F,0.5,0.4,0.125,0.6675,0.261,0.1315,0.22
F,0.4749390184879303,0.39,0.135,0.6335,0.231,0.179,0.2
F,0.435,0.395,0.105,0.3635,0.136,0.098,0.13
M,0.495,0.395,0.125,0.5415,0.2375,0.1345,0.155
M,0.465,0.36,0.105,0.431,0.172,0.08054180443286896,0.175
I,0.3737265169620514,0.32,0.08,0.3325,0.1485,0.0635,0.105
M,0.425,0.35,0.105,0.393,0.13,0.063,0.165
F,0.545,0.41,0.125,0.6935,0.2975,0.146,0.21
F,0.53,0.415,0.115,0.5915,0.233,0.1585,0.18
F,0.49,0.375,0.135,0.6125,0.2555,0.102,0.22
M,0.44,0.34,0.105,0.402,0.1305,0.0955,0.165
F,0.56,0.43,0.15,0.8825,0.3465,0.172,0.31
M,0.405,0.305,0.085,0.2605,0.1145,0.0595,0.085
F,0.47,0.365,0.105,0.4205,0.163,0.1035,0.14
I,0.37187182903289795,0.295,0.085,0.2535,0.103,0.0575,0.085
F,0.515,0.425,0.14,0.766,0.304,0.1725,0.255
M,0.37,0.265,0.075,0.214,0.09,0.051,0.07
I,0.36,0.28,0.08,0.1755,0.081,0.0505,0.07
I,0.27,0.195,0.06,0.073,0.0285,0.0235,0.03
I,0.375,0.275,0.09,0.238,0.1075,0.0545,0.07
I,0.385,0.29,0.085,0.2505,0.112,0.061,0.08
F,0.7,0.535,0.17307958006858826,1.3144012689590454,0.63,0.2635,0.35798484086990356
F,0.674737811088562,0.5276336669921875,0.165,1.567525863647461,0.7108224034309387,0.261,0.4357950985431671
M,0.595,0.48,0.165,1.262,0.4835,0.283,0.41
F,0.44,0.35,0.125,0.4035,0.175,0.063,0.129
F,0.325,0.26,0.09,0.1915,0.085,0.036,0.062
I,0.35,0.26,0.095,0.211,0.086,0.056,0.068
I,0.265,0.2,0.065,0.0975,0.04,0.0205,0.028
F,0.425,0.32278162240982056,0.115,0.406,0.1635,0.081,0.1355
F,0.305,0.23,0.08,0.156,0.0675,0.0345,0.048
M,0.345,0.255,0.09,0.2005,0.094,0.0295,0.063
F,0.405,0.325,0.11,0.3555,0.151,0.063,0.117
M,0.375,0.285,0.095,0.253,0.096,0.0575,0.0925
F,0.565,0.445,0.155,0.826,0.341,0.2055,0.2475
F,0.55,0.40571728348731995,0.145,0.741,0.295,0.1435,0.2665
M,0.65,0.4527798593044281,0.19,1.3445,0.519,0.306,0.4465
M,0.56,0.455,0.155,0.797,0.34,0.19,0.2425
M,0.475,0.375,0.13,0.5175,0.2075,0.1165,0.17
F,0.49,0.38,0.125,0.549,0.245,0.1075,0.174
M,0.46,0.35,0.12,0.515,0.224,0.108,0.1565
I,0.28,0.205,0.08,0.127,0.052,0.039,0.042
I,0.175,0.13,0.055,0.0315,0.0105,0.0065,0.0125
I,0.17,0.13,0.095,0.03,0.013,0.008,0.01
M,0.59,0.475,0.145,1.053,0.4415,0.262,0.325
F,0.605,0.5,0.15739154815673828,1.1185,0.469,0.2585,0.335
F,0.6220358610153198,0.515,0.16731669008731842,1.3715,0.5649833679199219,0.305,0.38133126497268677
F,0.605,0.485,0.16,1.0565,0.37,0.2355,0.355
F,0.565,0.45,0.135,0.9219614863395691,0.387,0.1495,0.31
M,0.515,0.405,0.13,0.722,0.32,0.131,0.21
F,0.575,0.46,0.19,0.994,0.392,0.2425,0.34
F,0.645,0.485,0.215,1.514,0.47136586904525757,0.2615,0.635
F,0.58,0.455,0.17,0.9075,0.374,0.2135,0.2550295889377594
F,0.575,0.46,0.165,1.124,0.2985,0.22150801122188568,0.44
M,0.605,0.465,0.165,1.056,0.4210370182991028,0.2475,0.34
F,0.605,0.485,0.16,1.222,0.53,0.2575,0.28
M,0.61,0.485,0.175,1.2445,0.544,0.22284448146820068,0.345
F,0.725,0.495368629693985,0.17027956247329712,2.141,0.5722857117652893,0.398,1.005
F,0.6283183097839355,0.545,0.23,1.752,0.5605,0.2895,0.34255921840667725
M,0.725,0.48808756470680237,0.16388502717018127,2.55,1.0705,0.27117711305618286,0.725
F,0.725,0.575,0.175,1.30021071434021,0.765,0.27567097544670105,0.34069526195526123
F,0.68,0.49540838599205017,0.16389785706996918,1.842,0.625,0.408,0.35261425375938416
M,0.6427646279335022,0.5292797088623047,0.18471771478652954,1.589096188545227,0.7169995307922363,0.3085,0.4371531307697296
F,0.5935204029083252,0.515,0.16196615993976593,1.6185,0.5125,0.409,0.62
F,0.6855072379112244,0.55,0.19059495627880096,1.6167974472045898,0.7413197159767151,0.3689180612564087,0.59
F,0.53,0.395,0.145,0.775,0.308,0.169,0.255
M,0.525,0.435,0.155,1.065,0.486,0.233,0.285
F,0.52,0.405,0.115,0.776,0.32,0.1845,0.15941178798675537
I,0.235,0.16,0.04,0.048,0.0185,0.018,0.015
I,0.36,0.26,0.09,0.1785,0.0645,0.045176535844802856,0.075
I,0.315,0.21,0.06,0.125,0.06,0.0375,0.035
I,0.315,0.245,0.085,0.1435,0.053,0.0475,0.05
I,0.225,0.16,0.045,0.0465,0.025,0.015,0.015
F,0.6029753684997559,0.475,0.15,0.97,0.385,0.2165,0.35
M,0.57,0.48,0.18,0.9395,0.3648281395435333,0.2,0.295
M,0.5898865461349487,0.51,0.15830862522125244,1.368,0.515,0.266,0.57
F,0.56,0.45,0.16,1.0235,0.44274938106536865,0.268,0.3
F,0.62,0.475,0.1535499095916748,1.0165,0.4355,0.214,0.325
F,0.645,0.51,0.2,1.1793581247329712,0.4651433527469635,0.367,0.46
M,0.62,0.49,0.19,1.218,0.5455,0.218153715133667,0.355
F,0.63,0.48,0.15,1.0525,0.392,0.336,0.285
F,0.63,0.5,0.185,1.383,0.54,0.3315,0.38
F,0.63,0.48,0.16,1.199,0.5265,0.335,0.315
F,0.585,0.46,0.17,0.9937520027160645,0.365,0.271,0.29
M,0.615,0.48,0.18,1.1595,0.4845,0.2165,0.325
M,0.61,0.485,0.17,1.0225,0.419,0.2405,0.36
M,0.58,0.45,0.14714771509170532,0.927,0.276,0.1815,0.36
I,0.355,0.275,0.085,0.22,0.092,0.06,0.15
F,0.51,0.4,0.13693398237228394,0.8145,0.459,0.1965,0.195
M,0.5,0.405,0.155,0.772,0.346,0.1535,0.245
F,0.505,0.41,0.15,0.644,0.285,0.145,0.21
M,0.6149555444717407,0.5,0.185,1.1990548372268677,0.4445,0.26033157110214233,0.465
M,0.5766427516937256,0.4517837166786194,0.16,0.922,0.432,0.178,0.26
M,0.585,0.46,0.185,0.89827960729599,0.3635,0.213,0.285
F,0.45,0.345,0.12,0.4165,0.1655,0.095,0.135
M,0.5,0.4,0.165,0.825,0.254,0.205,0.285
F,0.5,0.4,0.145,0.63,0.234,0.1465,0.23
F,0.53,0.435,0.17,0.8155,0.2985,0.155,0.275
M,0.42,0.335,0.115,0.369,0.171,0.071,0.12
F,0.44,0.34,0.14,0.482,0.186,0.1085,0.16
I,0.4,0.3,0.11,0.315,0.109,0.067,0.12
I,0.435,0.34,0.11,0.3795,0.1284736692905426,0.085,0.12
F,0.525,0.415,0.17,0.8325,0.3824440538883209,0.1685,0.31
I,0.37,0.28,0.095,0.2655,0.122,0.052,0.08
F,0.49,0.365,0.145,0.6345,0.1995,0.1625,0.22
I,0.335,0.25,0.09,0.181,0.0755,0.0415,0.06
F,0.415,0.325,0.105,0.38,0.1595,0.0785,0.12
M,0.5,0.405,0.14,0.6155,0.241,0.1355,0.205
F,0.485,0.395,0.16,0.66,0.2475,0.128,0.18709099292755127
M,0.55,0.405,0.14,0.8025,0.244,0.1635,0.255
M,0.45,0.35,0.13,0.46,0.174,0.111,0.135
I,0.405,0.3,0.12,0.324,0.1265,0.07,0.11
M,0.47,0.36,0.135,0.501,0.1665,0.115,0.165
F,0.415,0.305,0.13,0.32,0.1305,0.0755,0.105
F,0.445,0.325,0.125,0.455,0.1785,0.07961355894804001,0.14
F,0.47,0.35,0.145,0.5175,0.187,0.1235,0.18
F,0.49,0.375,0.15,0.5755,0.22,0.144,0.1719810962677002
F,0.445,0.355,0.15,0.485,0.181,0.125,0.155
I,0.425,0.38,0.105,0.3265,0.1285,0.0785,0.1
F,0.5,0.37,0.135,0.45,0.1715,0.1055,0.155
F,0.39,0.29,0.125,0.3055,0.121,0.082,0.09
I,0.365,0.27,0.085,0.205,0.078,0.0485,0.07
F,0.58,0.465,0.165,1.1015,0.404,0.2095,0.35
F,0.53,0.415,0.16,0.783,0.2935,0.158,0.245
M,0.555,0.445,0.135,0.836,0.336,0.1625,0.21616648137569427
M,0.565,0.44,0.175,0.9025,0.31,0.193,0.325
F,0.625,0.505,0.215,1.4455,0.496,0.287,0.31377285718917847
I,0.275,0.215,0.075,0.1155,0.0485,0.029,0.035
I,0.44,0.35,0.135,0.435,0.1815,0.083,0.125
I,0.295,0.225,0.08,0.124,0.0485,0.032,0.04
I,0.075,0.055,0.01,0.002,0.001,0.0005,0.0015
I,0.13,0.1,0.03,0.013,0.0045,0.003,0.004
I,0.11,0.09,0.03,0.008,0.0025,0.002,0.003
I,0.16,0.12,0.035,0.021,0.0075,0.0045,0.005
M,0.565,0.425,0.16,0.9425,0.3495,0.2185,0.275
I,0.27,0.2,0.07,0.1,0.034,0.0245,0.035
I,0.23,0.175,0.065,0.0645,0.026,0.0105,0.02
I,0.3,0.23,0.08,0.1275,0.0435,0.0265,0.04
I,0.33,0.255,0.085,0.1655,0.063,0.039,0.06
I,0.35,0.26,0.085,0.174,0.0705,0.0345,0.06
I,0.32,0.245,0.08,0.1585,0.0635,0.0325,0.05
I,0.36,0.275,0.0865630954504013,0.1975,0.0745,0.0415,0.07
I,0.305,0.245,0.075,0.156,0.0675,0.038,0.045
I,0.345,0.27,0.11,0.2135,0.082,0.0545,0.07
I,0.33,0.25,0.105,0.1715,0.0655,0.035,0.06
M,0.59,0.47,0.18,1.1235,0.4205,0.2805,0.36
F,0.595,0.455,0.155,1.0605,0.5135,0.2165,0.3
F,0.575,0.46,0.185,1.094,0.4485,0.217,0.345
M,0.6,0.495,0.165,1.2415,0.485,0.2775,0.29950159788131714
M,0.56,0.45,0.175,1.011,0.3835,0.2065,0.37
M,0.56,0.45,0.185,1.07,0.3805,0.175,0.41
M,0.545,0.46,0.16,0.8975,0.341,0.1655,0.345
F,0.5991425514221191,0.505,0.17,1.415,0.605,0.297,0.365
F,0.5957947373390198,0.475,0.16,1.1015,0.4775,0.2555,0.295
F,0.54,0.475,0.155,0.928,0.394,0.194,0.26
F,0.57,0.44,0.125,0.865,0.3675,0.1725,0.27
M,0.53,0.42,0.165,0.8945,0.319,0.239,0.245
I,0.245,0.195,0.06,0.095,0.0445,0.0245,0.026
M,0.27,0.2,0.08,0.1205,0.0465,0.06141413748264313,0.04
F,0.46,0.38,0.13,0.3512439727783203,0.3,0.1525,0.16
M,0.5823036432266235,0.458737313747406,0.15392768383026123,0.895,0.3615,0.186,0.235
M,0.35,0.275,0.11,0.2925,0.1225,0.06502097845077515,0.0905
M,0.4742039442062378,0.39,0.15,0.6355,0.2185,0.0885,0.255
F,0.45,0.36,0.125,0.4995,0.2035,0.1,0.17
F,0.64,0.4926675856113434,0.215,1.2742613554000854,0.5407558083534241,0.29054075479507446,0.3769296407699585
M,0.59,0.5,0.2,1.187,0.4118064343929291,0.2705,0.37
M,0.5911294221878052,0.46861422061920166,0.205,1.219,0.48425185680389404,0.2505,0.385
M,0.63,0.505,0.15472015738487244,1.525,0.56,0.3335,0.45
M,0.63,0.515,0.155,0.9744995832443237,0.4105,0.197,0.41
F,0.655,0.54,0.215,1.844,0.7425,0.327,0.585
F,0.66,0.53,0.185,1.3485,0.43086427450180054,0.245,0.49
M,0.6265447735786438,0.5,0.17058032751083374,1.642,0.5696839094161987,0.2957347333431244,0.69
M,0.635,0.525,0.16372913122177124,1.2283544540405273,0.55,0.26017412543296814,0.43
F,0.515,0.425,0.135,0.712,0.2665,0.1605,0.25
F,0.535,0.415,0.185,0.8415,0.314,0.1585,0.3
I,0.36,0.285,0.105,0.2415,0.0915,0.057,0.075
F,0.455,0.355,0.12272284179925919,0.49094733595848083,0.177,0.104,0.15
M,0.485,0.395,0.14,0.6295,0.19251124560832977,0.127,0.225
M,0.515,0.38,0.175,0.9565,0.325,0.158,0.31
F,0.5906507968902588,0.415,0.17,0.879,0.4302958846092224,0.1965,0.285
M,0.53,0.435,0.155,0.699,0.288,0.1595,0.2189914882183075
F,0.495,0.4,0.155,0.6445,0.2262648046016693,0.1325,0.205
M,0.44,0.355,0.125,0.4775,0.132,0.0815,0.19
F,0.535,0.435,0.16,0.8105,0.3155,0.1795,0.24
M,0.54,0.435,0.18,1.012885570526123,0.3835,0.226,0.325
F,0.565,0.505,0.21,1.2765,0.501,0.279,0.355
M,0.61,0.475,0.165,1.116,0.428,0.2205,0.315
F,0.565,0.455,0.15960107743740082,1.0693854093551636,0.342,0.207,0.3163957893848419
M,0.5923271179199219,0.495,0.195,1.0575,0.41143861413002014,0.19,0.375
I,0.295,0.215,0.085,0.128,0.049,0.034,0.04
I,0.275,0.205,0.075,0.1105,0.045,0.0285,0.035
I,0.28,0.21,0.085,0.1065,0.039,0.0295,0.03
M,0.49,0.395,0.14,0.549,0.2350940704345703,0.1275,0.15
M,0.37,0.28,0.105,0.234,0.0905,0.0585,0.075
F,0.405,0.305,0.095,0.3485,0.1455,0.0895,0.1
F,0.54,0.435,0.175,0.892,0.322,0.174,0.23723134398460388
M,0.40248334407806396,0.28,0.1,0.252,0.1065,0.0595,0.074
M,0.36,0.27,0.1,0.217,0.0885,0.0495,0.0715
F,0.47,0.36,0.13,0.472,0.182,0.114,0.15
I,0.2,0.145,0.06,0.037,0.0125,0.0095,0.011
I,0.165,0.12,0.03,0.0215,0.007,0.005,0.005
M,0.5979146957397461,0.515,0.24,1.5415,0.471,0.369,0.31338199973106384
M,0.55,0.41,0.125,0.7605,0.2505,0.1635,0.195
M,0.57,0.47405022382736206,0.145,0.9055,0.3925,0.22628948092460632,0.275
F,0.63,0.485,0.19,1.2435,0.4635,0.3055,0.39
F,0.56,0.44,0.14,0.971,0.443,0.2045,0.265
M,0.595,0.455,0.195,1.3305,0.4595,0.3235,0.345
F,0.5806026458740234,0.45872676372528076,0.2,1.2255,0.381,0.27,0.435
M,0.63,0.485,0.175,1.3,0.4335,0.2945,0.29715675115585327
I,0.45,0.355,0.10706392675638199,0.4585,0.17099252343177795,0.067,0.14
F,0.635,0.535,0.19,1.242,0.576,0.2475,0.39
M,0.42403990030288696,0.35,0.1,0.3675,0.1465,0.1015,0.12
F,0.58,0.455,0.155,0.8365,0.315,0.1385,0.32
I,0.33,0.255,0.095,0.172,0.066,0.0255,0.06
I,0.265,0.21,0.06,0.0965,0.0425,0.022,0.03
I,0.19,0.145,0.04,0.038,0.0165,0.0065,0.015
M,0.385,0.31,0.09958412498235703,0.2845,0.1065,0.075,0.1
I,0.265,0.205,0.0789722427725792,0.1055,0.039,0.041,0.035
M,0.335,0.265,0.105,0.222,0.0935,0.056,0.075
I,0.355,0.275,0.09,0.251,0.097,0.053,0.08
I,0.32,0.255,0.1,0.1755,0.073,0.0415,0.065
M,0.51,0.4,0.12529850006103516,0.6435,0.27,0.1665,0.205
M,0.36,0.295,0.105,0.241,0.0865,0.06912379711866379,0.095
I,0.36,0.28,0.09,0.2255,0.0885,0.04,0.09
M,0.5,0.38,0.155,0.5955,0.2135,0.161,0.2
F,0.4,0.32758018374443054,0.12,0.3185,0.134,0.0565,0.095
I,0.3,0.22,0.08,0.121,0.0475,0.042,0.035
I,0.235,0.175,0.04,0.0705,0.0335,0.015,0.02
F,0.74,0.516240656375885,0.17378944158554077,1.394870638847351,0.598,0.3112153112888336,0.71
M,0.62,0.465,0.19,1.3415,0.5705,0.3175,0.355
M,0.6,0.475,0.19,1.0875,0.43734267354011536,0.2655,0.3085566759109497
F,0.59,0.45,0.185,1.283,0.473,0.276,0.3242294490337372
M,0.62,0.47686269879341125,0.185,1.325,0.6045,0.325,0.3121951222419739
F,0.565,0.4676414132118225,0.195,1.0035,0.4607166349887848,0.2505,0.3145830035209656
M,0.575,0.455,0.145,1.165,0.44242745637893677,0.2275,0.3
F,0.62,0.51,0.205,1.3475,0.4775,0.2565,0.48
M,0.62,0.465,0.185,1.274,0.579,0.3065,0.32
F,0.505,0.375,0.18,0.568,0.2325,0.1495,0.17
F,0.46,0.425,0.155,0.746,0.3005,0.152,0.24
M,0.49,0.39,0.14,0.707,0.2795,0.2185,0.18
F,0.525,0.42,0.16,0.8465742468833923,0.2745,0.173,0.275
I,0.34,0.26,0.08,0.2,0.08,0.0555,0.055
I,0.39062708616256714,0.305,0.115,0.2715,0.092,0.074,0.09
M,0.61,0.46144378185272217,0.14942540228366852,1.2,0.56,0.2455,0.28
F,0.61,0.495,0.15381929278373718,1.153,0.536,0.2905,0.245
F,0.585,0.45,0.17,0.8685,0.3325,0.1635,0.27
M,0.57,0.46,0.14,0.9535,0.39458200335502625,0.2065,0.245
F,0.58,0.455,0.15500034391880035,0.93,0.408,0.259,0.22
F,0.635,0.515,0.17,1.275,0.509,0.286,0.34
F,0.7,0.58,0.205,2.13,0.48911961913108826,0.49,0.58
F,0.675,0.525,0.16221566498279572,1.587,0.6935,0.336,0.395
F,0.645,0.525,0.19,1.8085,0.49201634526252747,0.3885,0.3299710154533386
M,0.745,0.585,0.16270418465137482,2.499,0.9265,0.27115270495414734,0.3426782190799713
F,0.685,0.545,0.18,1.768,0.7495,0.24386614561080933,0.485
M,0.594196617603302,0.49,0.18,1.227,0.48,0.287,0.35
F,0.59,0.465,0.15,0.997,0.392,0.246,0.34
F,0.65,0.525,0.175,1.4225,0.4457879066467285,0.2995,0.445
F,0.6,0.48,0.15,1.029,0.4085,0.2705,0.295
F,0.6062565445899963,0.5,0.175,1.1615046262741089,0.4985,0.3015,0.35
M,0.63,0.45241841673851013,0.16,1.016,0.4215,0.244,0.355
M,0.5736311078071594,0.465,0.145,0.887,0.4405,0.1655,0.265
F,0.58,0.455,0.12,1.0735,0.479,0.2735,0.265
M,0.63,0.49,0.1563871204853058,1.13,0.4447827637195587,0.2765,0.315
F,0.69,0.56,0.215,1.719,0.68,0.299,0.2911996841430664
F,0.65,0.545,0.1729324907064438,1.2963063716888428,0.6645,0.3455,0.415
F,0.66,0.565,0.195,1.7605,0.4486437439918518,0.3265,0.5
F,0.6331849098205566,0.58,0.2,1.787,0.585,0.453,0.34999987483024597
F,0.7,0.575,0.15547461807727814,1.31,0.5095,0.314,0.42
M,0.6109270453453064,0.52,0.16611427068710327,1.343,0.4635,0.2659022808074951,0.4
F,0.675,0.545,0.18055497109889984,1.4188133478164673,0.6845,0.3695,0.3903045654296875
M,0.63,0.49,0.19,1.1775,0.4935,0.3365,0.285
F,0.585,0.45,0.16,1.077,0.4995,0.2875,0.25
M,0.565,0.465,0.175,0.995,0.3943443298339844,0.183,0.37
F,0.6099118590354919,0.495,0.185,1.207913875579834,0.3705,0.3135,0.3397156894207001
F,0.605,0.47,0.18,1.1405,0.3755,0.2805,0.385
M,0.535,0.42,0.145,0.791,0.33,0.189,0.25
M,0.485,0.4,0.135,0.663,0.313,0.137,0.2
M,0.47,0.375,0.12,0.5565,0.226,0.122,0.195
M,0.545,0.425,0.135,0.8445,0.373,0.21,0.235
F,0.455,0.37,0.105,0.4925,0.216,0.1245,0.135
M,0.54,0.42,0.1234414279460907,0.7385,0.3515,0.152,0.215
M,0.46,0.38,0.135,0.482,0.207,0.1225,0.145
M,0.49,0.42,0.12699857354164124,0.609,0.239,0.1435,0.22
I,0.465,0.375,0.12,0.471,0.222,0.119,0.14
I,0.415,0.325,0.1,0.3215,0.1535,0.0595,0.105
M,0.43732771277427673,0.375,0.125,0.593,0.277,0.115,0.18
F,0.47,0.375,0.125,0.5615,0.252,0.137,0.18
I,0.365,0.27442505955696106,0.095,0.25,0.1075,0.0545,0.08
I,0.345,0.275,0.095,0.1995,0.0755,0.0535,0.07
I,0.39,0.31,0.1,0.302,0.116,0.064,0.115
F,0.5,0.395,0.14,0.7155,0.3165,0.176,0.16235099732875824
M,0.47,0.38,0.145,0.5865,0.2385,0.144,0.185
M,0.535,0.44,0.15,0.6765,0.256,0.139,0.26
M,0.6255152225494385,0.455,0.15,1.2293598651885986,0.4355,0.26655834913253784,0.31
F,0.485,0.365,0.12,0.6052102446556091,0.2575436234474182,0.131,0.18469446897506714
M,0.5163075923919678,0.455,0.135,0.7225,0.295,0.1625,0.235
F,0.435,0.325,0.11,0.4335,0.178,0.0985,0.07717651128768921
F,0.515,0.415,0.14,0.6935,0.3115,0.152,0.2
I,0.44,0.345,0.12,0.365,0.1655,0.083,0.11
F,0.525,0.467294842004776,0.15,0.8425,0.3685,0.2384418398141861,0.24
M,0.45,0.355,0.115,0.479,0.2125,0.1045,0.15
M,0.59,0.485,0.12,0.8818981051445007,0.39,0.182,0.29
M,0.555,0.45,0.145,0.915,0.4,0.246,0.285
M,0.57,0.44,0.095,0.9457587003707886,0.407256156206131,0.2215,0.235
F,0.59,0.5,0.165,1.1045,0.4565,0.2425,0.34
F,0.585,0.475,0.1549680531024933,0.945,0.41,0.2115,0.28
F,0.58,0.46,0.12,0.9935,0.4625,0.2385,0.28
M,0.545,0.44,0.13621744513511658,0.8565,0.3475,0.1715,0.24
F,0.605,0.495,0.17,1.2385,0.528,0.2465,0.28994354605674744
F,0.62,0.47,0.14,1.0325,0.4296853840351105,0.224,0.36
F,0.63,0.5,0.17,1.3135,0.5595,0.267,0.4
M,0.6069403290748596,0.515,0.165,1.352,0.488,0.24115455150604248,0.45
F,0.63,0.5,0.15013591945171356,1.005,0.367,0.199,0.36
M,0.545,0.41,0.14,0.625,0.223,0.16,0.235
F,0.67,0.54,0.165,1.5015,0.518,0.23802593350410461,0.30400967597961426
I,0.49,0.38,0.12,0.4241792559623718,0.2165,0.139,0.13241498172283173
F,0.49,0.39,0.135,0.5785,0.2465,0.123,0.2
I,0.29,0.225,0.07,0.101,0.0965074822306633,0.0235,0.035
I,0.26,0.2,0.07,0.092,0.037,0.02,0.03
M,0.58,0.4516248106956482,0.175,1.068,0.425,0.203,0.32
F,0.61,0.485,0.165,1.0915,0.3935,0.21483540534973145,0.33
M,0.6,0.5,0.16,0.8962984085083008,0.3995,0.1735,0.33
F,0.56,0.455,0.125,0.943,0.344,0.129,0.375
F,0.575,0.45,0.17,0.9896732568740845,0.3775,0.1705,0.385
F,0.57,0.45,0.175,0.9555,0.38,0.1665,0.295
M,0.6,0.47,0.155,1.036,0.4375,0.196,0.325
F,0.565,0.455,0.17,0.9065,0.342,0.22084704041481018,0.32
M,0.545,0.42,0.14,0.7505,0.2475,0.15748988091945648,0.255
I,0.44,0.345,0.1,0.366,0.122,0.0905,0.12
M,0.5,0.41,0.15,0.662,0.2815,0.137,0.22
I,0.36,0.275,0.095,0.217,0.084,0.0435,0.09
I,0.385,0.305,0.095,0.252,0.0915,0.055,0.09
M,0.39,0.3,0.09,0.3055,0.143,0.0645,0.085
M,0.5,0.415,0.165,0.6885,0.249,0.138,0.25
I,0.36,0.275,0.11,0.2335,0.095,0.0525,0.085
I,0.335,0.26,0.1,0.192,0.0785,0.0585,0.07
F,0.505,0.425,0.14,0.85,0.275,0.19049827754497528,0.285
I,0.395,0.295,0.1,0.2715,0.134,0.0325,0.085
F,0.41,0.325,0.105,0.3635,0.159,0.077,0.12
F,0.56,0.455,0.14537954330444336,0.714,0.283,0.129,0.22461915016174316
M,0.565,0.4367443323135376,0.185,0.9815,0.329,0.136,0.39
M,0.565,0.455,0.185,0.9265,0.354,0.1575,0.24109429121017456
M,0.605,0.5,0.175,1.098,0.4765,0.232,0.375
F,0.565,0.455,0.15,0.8205,0.365,0.159,0.26
M,0.725,0.489116370677948,0.16430680453777313,1.223326563835144,0.6975,0.4725,0.58
F,0.596929132938385,0.535,0.16,1.41,0.592,0.3175,0.42
F,0.665,0.555,0.195,1.4385,0.581,0.354,0.29137155413627625
F,0.565,0.4563341736793518,0.155,0.9245,0.405,0.2195,0.255
F,0.645,0.55,0.175,1.2915,0.57,0.3045,0.33
M,0.575,0.47,0.14,0.8375,0.3485,0.1735,0.24
F,0.5924862027168274,0.46582555770874023,0.175,1.221,0.51,0.259,0.39
I,0.36,0.28,0.105,0.199,0.0695,0.045,0.08
I,0.415,0.31,0.11,0.2965,0.123,0.057,0.0995
F,0.525,0.41,0.135,0.7085,0.293,0.1525,0.235
M,0.38,0.285,0.1,0.2665,0.115,0.061,0.075
F,0.585,0.465,0.17,0.9915,0.4185377061367035,0.224,0.265
I,0.24,0.185,0.07,0.0715,0.026,0.018,0.025
I,0.22,0.165,0.055,0.0545,0.0215,0.012,0.02
I,0.255,0.195,0.07,0.0735,0.0255,0.02,0.025
I,0.175,0.125,0.05,0.0235,0.008,0.0035,0.008
F,0.67,0.55,0.19,1.3905,0.5425,0.3035,0.4
M,0.655,0.53,0.195,1.032333254814148,0.567,0.2735,0.41
F,0.68,0.55,0.16666258871555328,1.7445,0.47766241431236267,0.305,0.625
M,0.675,0.555,0.2,1.4385,0.545,0.2665,0.465
I,0.53,0.44,0.135,0.7835,0.313,0.1715,0.2185
F,0.515,0.405,0.12,0.646,0.2895,0.1405,0.177
I,0.43,0.34,0.12,0.410207599401474,0.17437374591827393,0.0645,0.1045
F,0.52,0.36018460988998413,0.12,0.627,0.2645,0.1415,0.181
F,0.545,0.415,0.16,0.7715,0.272,0.1455,0.2765
M,0.53,0.415,0.175,0.7395,0.261,0.1395,0.2645
F,0.465,0.35,0.115,0.421,0.1565,0.091,0.1345
M,0.665,0.54,0.175,1.0773530006408691,0.4434196650981903,0.254,0.31007811427116394
F,0.6548276543617249,0.5181116461753845,0.225,1.4391323328018188,0.6573460102081299,0.3405,0.58
M,0.6148211359977722,0.4969179928302765,0.16867680847644806,1.3233397006988525,0.5305,0.2635,0.455
F,0.7,0.585,0.185,1.8075,0.7055,0.3215,0.29267165064811707
M,0.575,0.4,0.155,0.9325,0.3605,0.2445,0.3
F,0.57,0.465,0.125,0.8689968585968018,0.3785,0.1765,0.24
F,0.58,0.46,0.15,0.9955,0.429,0.212,0.26
M,0.6045735478401184,0.48,0.145,1.0115,0.4557358920574188,0.237,0.305
F,0.585,0.465,0.14,0.908,0.381,0.1615,0.315
M,0.55,0.45,0.13,0.92,0.378,0.2385,0.29
F,0.625,0.515,0.15,1.2415,0.5235,0.3065,0.36
M,0.54,0.42,0.135,0.8075,0.3485,0.1795,0.235
F,0.57,0.455,0.165,1.0595,0.44,0.2195,0.285
M,0.59,0.455,0.145,1.073,0.475,0.19,0.285
F,0.58,0.46,0.13,0.921,0.4192677438259125,0.181,0.29
F,0.655,0.51,0.155,1.2895,0.5345,0.2855,0.41
M,0.655,0.53,0.175,1.0167121887207031,0.486,0.2635,0.415
M,0.625,0.5,0.15125447511672974,1.369,0.5875,0.2185,0.3057306110858917
F,0.625,0.5,0.15,0.953,0.3445,0.2235,0.305
F,0.64,0.52,0.1625000685453415,1.153211236000061,0.4245,0.2595,0.48
F,0.605,0.485,0.1509431153535843,1.0105,0.435,0.209,0.3
F,0.615,0.525,0.155,1.0385,0.427,0.2315,0.345
M,0.555,0.45,0.175,0.874,0.3275,0.202,0.305
F,0.58,0.44,0.18,0.854,0.3665,0.1635,0.245
F,0.62,0.52,0.225,1.1835,0.41358697414398193,0.27,0.29791125655174255
F,0.62,0.47,0.225,0.9804617762565613,0.378,0.2145,0.36
F,0.6,0.505,0.19,1.129,0.4385,0.256,0.36
F,0.625,0.4600292444229126,0.19,1.1745,0.4385,0.2305,0.42
M,0.6079777479171753,0.47,0.175,1.105,0.4919779598712921,0.247,0.33680635690689087
M,0.56,0.46,0.235,0.8014929890632629,0.3325,0.157,0.305
M,0.6074343919754028,0.455,0.16624073684215546,1.055,0.3815,0.26325276494026184,0.365
M,0.5537368059158325,0.435,0.18,0.889,0.36,0.204,0.25
I,0.56,0.445,0.155,0.8735,0.3005,0.209,0.275
I,0.68,0.53,0.185,1.1095,0.3516607880592346,0.245,0.34
F,0.455,0.35,0.14,0.5185,0.221,0.1265,0.135
F,0.49,0.368341326713562,0.145,0.6725,0.249,0.181,0.21
M,0.31,0.22,0.085,0.146,0.061,0.0365,0.045
F,0.275,0.195,0.07,0.08,0.031,0.0215,0.025
M,0.27,0.195,0.08,0.1,0.0385,0.0195,0.03
M,0.4,0.29,0.115,0.2795,0.1115,0.0575,0.075
M,0.28,0.2,0.08,0.0915,0.033,0.0215,0.03
M,0.325,0.23,0.09,0.147,0.06,0.034,0.045
F,0.345,0.25,0.09,0.203,0.078,0.059,0.055
M,0.21,0.2799129784107208,0.05,0.0385,0.0155,0.0085,0.01
F,0.36,0.27,0.09,0.1885,0.0845,0.0385,0.07464073598384857
I,0.365,0.26,0.115,0.218,0.0935,0.0445,0.07
M,0.2,0.14,0.055,0.035,0.0145,0.008,0.01
M,0.235,0.16,0.06,0.0545,0.0265,0.0095,0.015
M,0.175,0.125,0.04,0.024,0.0095,0.006,0.005
M,0.155,0.11,0.04,0.0155,0.0065,0.003,0.005
F,0.5437301397323608,0.445,0.155,0.733,0.282,0.159,0.22439466416835785
F,0.57,0.45,0.16,0.9715,0.42210257053375244,0.255,0.26
M,0.385,0.3,0.095,0.24,0.0885,0.059,0.085
I,0.53,0.36330148577690125,0.11504050344228745,0.752,0.299,0.156,0.205
F,0.46,0.355,0.13,0.458,0.192,0.1055,0.13
I,0.47,0.37,0.12,0.4705,0.1845,0.07114012539386749,0.155
F,0.435,0.335,0.11,0.38,0.1695,0.086,0.11
I,0.47,0.37,0.14,0.4985,0.2095,0.1225,0.145
I,0.465,0.38,0.13,0.454,0.1895,0.08,0.155
I,0.52,0.405,0.14,0.5775,0.2767217457294464,0.14064177870750427,0.179
M,0.29,0.23,0.075,0.1165,0.043,0.0255,0.04
M,0.275,0.28839096426963806,0.07,0.094,0.0335,0.02,0.0325
F,0.375,0.29,0.115,0.2705,0.093,0.066,0.0885
F,0.5,0.375,0.14,0.604,0.242,0.1415,0.179
F,0.44,0.355,0.115,0.415,0.1585,0.0925,0.131
M,0.42,0.325,0.115,0.2885,0.1,0.057,0.1135
M,0.445,0.35,0.115,0.3615,0.1565,0.0695,0.117
F,0.38,0.29,0.105,0.257,0.099,0.051,0.085
M,0.32,0.245,0.075,0.1555,0.0585,0.038,0.049
M,0.255,0.195,0.065,0.08,0.0315,0.018,0.027
M,0.205,0.155,0.045,0.0425,0.017,0.0055,0.0155
F,0.565,0.45,0.16,0.795,0.3605,0.1555,0.21026363968849182
I,0.555,0.425,0.18,0.875,0.3695,0.2005,0.255
I,0.65,0.515,0.16,1.1625,0.495,0.18227092921733856,0.33
I,0.615,0.49,0.155,0.9885,0.4145,0.195,0.345
I,0.56,0.44,0.165,0.8,0.335,0.1735,0.25
I,0.48,0.37,0.12,0.514,0.2075,0.131,0.155
I,0.485,0.39,0.125,0.591,0.287,0.141,0.12
I,0.5,0.385,0.15,0.6265,0.2605,0.1665,0.16
I,0.525,0.405,0.15,0.795,0.3075,0.205,0.255
F,0.66,0.5,0.1570887267589569,1.1905,0.4585,0.298,0.37
F,0.66,0.475669801235199,0.17,1.326,0.519,0.2625,0.3117641806602478
I,0.52,0.3399832844734192,0.145,0.66,0.267,0.1055,0.22
F,0.44,0.34,0.105,0.364,0.148,0.0805,0.1175
I,0.515,0.4,0.12,0.659,0.2705,0.10156767070293427,0.17
F,0.475,0.35,0.115,0.452,0.1715,0.092,0.155
F,0.5075235366821289,0.415,0.15,0.7335,0.2795,0.163,0.2185
F,0.47,0.355,0.13,0.5465,0.2005,0.126,0.185
M,0.35,0.255,0.065,0.179,0.0705,0.0385,0.06
I,0.485,0.355,0.13,0.581,0.245,0.132,0.168
I,0.435,0.33,0.125,0.406,0.1685,0.1055,0.096
M,0.28,0.21,0.08,0.1085,0.041,0.0265,0.0345
F,0.41,0.32,0.115,0.387,0.165,0.1005,0.0985
I,0.45,0.35,0.14,0.474,0.14699417352676392,0.109,0.1275
I,0.45,0.345,0.135,0.443,0.1975,0.0875,0.1175
F,0.59,0.455,0.155,1.066,0.382,0.2275,0.28174111247062683
F,0.57,0.44,0.14,1.0299489498138428,0.3785,0.201,0.305
I,0.61,0.475,0.15,0.9665,0.4145,0.2,0.345
F,0.61,0.475,0.14,1.133,0.5275,0.23333875834941864,0.35
I,0.56,0.425,0.14,0.9175,0.4005,0.1975,0.26
F,0.585,0.435,0.175,0.982,0.4055,0.2495,0.27
I,0.58,0.445,0.15,0.8865,0.383,0.209,0.255
F,0.63,0.48,0.175,1.3675,0.5015,0.3035,0.515
F,0.625,0.49,0.16462381184101105,1.233,0.5565,0.2640324831008911,0.365
I,0.55,0.425,0.15,0.806,0.376,0.171,0.245
F,0.645,0.525,0.19,1.1642357110977173,0.4585869610309601,0.3435,0.435
I,0.46,0.355,0.14,0.4935,0.216,0.133,0.115
F,0.41,0.305,0.1,0.363,0.1735,0.065,0.11
I,0.495,0.39,0.125,0.6655,0.284,0.162,0.2
I,0.52,0.35296812653541565,0.17,0.6805,0.28,0.174,0.195
F,0.55,0.41,0.145,0.8285,0.3095,0.1905,0.25
M,0.45,0.335,0.14,0.4625,0.164,0.076,0.15
F,0.405,0.31,0.12,0.3095,0.138,0.058,0.095
I,0.51,0.4,0.15,0.745,0.2865,0.1675,0.235
F,0.37,0.29,0.115,0.25,0.111,0.057,0.075
I,0.525,0.41,0.175,0.743452250957489,0.3585,0.207,0.205
F,0.5960274934768677,0.52,0.18,1.514,0.526,0.2975,0.42
M,0.535,0.42,0.15,0.6995,0.2575,0.153,0.24
I,0.575,0.455,0.18,0.8525,0.3156147301197052,0.1825,0.3
F,0.55,0.43,0.14,0.7135,0.2565,0.186,0.225
F,0.6381081938743591,0.47,0.14,0.939,0.5614981055259705,0.2822232246398926,0.32
I,0.605,0.495,0.145,1.054,0.369,0.2255,0.22889044880867004
F,0.56,0.445,0.195,0.981,0.305,0.2245,0.335
I,0.535,0.42,0.145,0.926,0.398,0.1965,0.25
F,0.385,0.315,0.11,0.286,0.1225,0.0635,0.0835
F,0.39,0.3,0.1,0.265,0.1075,0.06,0.0865
I,0.47,0.345,0.115,0.4885,0.2005,0.108,0.166
I,0.515,0.39,0.14,0.5555,0.2,0.1135,0.2235
I,0.425,0.345,0.125,0.425,0.16,0.0795,0.154
M,0.345,0.27,0.09,0.195,0.078,0.06645454466342926,0.059
I,0.485,0.37,0.13,0.458,0.181,0.113,0.136
M,0.37,0.285,0.1,0.228,0.0675,0.0675,0.081
M,0.35,0.32369717955589294,0.09,0.1775,0.17042569816112518,0.042,0.068
F,0.44,0.345,0.11331341415643692,0.4085,0.15,0.0825,0.1515
M,0.195,0.145,0.05,0.032,0.10290925949811935,0.008,0.012
M,0.325,0.24,0.075,0.155,0.0475,0.0355,0.07387156784534454
I,0.495,0.37,0.125,0.4775,0.185,0.0705,0.169
I,0.45,0.35,0.145,0.525,0.2085,0.1,0.1655
M,0.415,0.345,0.135,0.3865,0.128,0.07,0.148
F,0.47,0.355,0.14,0.433,0.1525,0.095,0.152
M,0.32,0.24,0.085,0.17,0.0655,0.047,0.049
M,0.31,0.225,0.075,0.1295,0.0455,0.0335,0.044
M,0.235,0.17,0.055,0.0515,0.018,0.0105,0.0195
M,0.345,0.255,0.08,0.169,0.06,0.0425,0.054
I,0.4323585033416748,0.38,0.14,0.673,0.2175,0.13,0.195
F,0.5,0.385,0.115,0.6785,0.2945,0.138,0.195
F,0.5,0.385,0.105,0.498,0.1795,0.1095,0.17
I,0.465,0.36,0.105,0.498,0.214,0.116,0.14
F,0.525,0.405,0.16,0.658,0.322483628988266,0.17901434004306793,0.225
F,0.425,0.335,0.095,0.322,0.1205,0.061,0.125
F,0.38,0.305,0.095,0.2815,0.1255,0.0525,0.09
I,0.53,0.415,0.145,0.944,0.3845,0.185,0.265
M,0.34,0.265,0.085,0.1835,0.077,0.046,0.065
I,0.475,0.365,0.115,0.49,0.223,0.1235,0.1335
F,0.43,0.34,0.12,0.391,0.1555,0.095,0.1405
M,0.46,0.365,0.125,0.467,0.1895,0.0945,0.158
I,0.47,0.36,0.13,0.5225,0.198,0.1065,0.165
M,0.36,0.295,0.1,0.2105,0.066,0.0525,0.075
M,0.355,0.265,0.09,0.168,0.05,0.041,0.063
M,0.38,0.235,0.1,0.258,0.1055,0.054,0.08
M,0.355,0.26,0.085,0.1905,0.081,0.0485,0.055
I,0.44,0.345,0.12,0.487,0.1965,0.108,0.16
F,0.51,0.4,0.13,0.5735,0.219,0.1365,0.195
M,0.325,0.24,0.085,0.173,0.0795,0.038,0.05
I,0.62,0.485,0.18,1.0764412879943848,0.41989630460739136,0.22500494122505188,0.39
F,0.59,0.45,0.16,0.9,0.358,0.156,0.315
M,0.33,0.255,0.095,0.1875,0.0735,0.045,0.06
M,0.45,0.34,0.13,0.3715,0.1605,0.0795,0.105
I,0.445,0.33,0.12,0.347,0.12,0.084,0.105
M,0.33,0.215,0.075,0.1145,0.045,0.0265,0.035
M,0.48,0.375,0.145,0.777,0.216,0.13,0.17
I,0.46,0.35,0.12,0.284404456615448,0.193,0.105,0.155
F,0.475,0.36,0.125,0.447,0.1695,0.081,0.14
M,0.255,0.18,0.065,0.079,0.10722289234399796,0.014,0.025
I,0.335,0.245,0.09,0.1665,0.0595,0.04,0.06
I,0.47,0.35,0.13,0.466,0.1845,0.099,0.145
M,0.31,0.225,0.08,0.1345,0.054,0.024,0.05
F,0.37,0.28,0.11,0.2305,0.0945,0.0465,0.075
M,0.295,0.215,0.075,0.129,0.05,0.0295,0.04
F,0.555,0.4510229825973511,0.165,0.97,0.336,0.2315,0.295
F,0.615,0.4688735604286194,0.17,1.14,0.4305,0.2245,0.3059122860431671
F,0.6344850659370422,0.49,0.195,1.3165,0.5305,0.2818959951400757,0.41
F,0.585,0.475,0.185,0.9585,0.4145,0.1615,0.23457860946655273
I,0.65,0.525,0.18,1.626,0.597,0.3445,0.2696434557437897
I,0.535,0.45,0.13284340500831604,0.781,0.3055,0.1555,0.295
F,0.415,0.34,0.13,0.3675,0.146,0.0885,0.12
F,0.38,0.305,0.105,0.281,0.1045,0.0615,0.09
I,0.45,0.355,0.12,0.412,0.1145,0.0665,0.16
F,0.395,0.295,0.095,0.2245,0.078,0.054,0.08
M,0.455,0.35,0.12,0.4835,0.1815,0.144,0.16
F,0.485,0.38,0.15,0.605,0.2155,0.14,0.18
F,0.5842318534851074,0.425,0.155,0.9175,0.2775,0.243,0.335
F,0.45,0.35,0.145,0.5425,0.1765,0.123,0.175
M,0.475,0.385,0.145,0.6175,0.235,0.108,0.215
F,0.5,0.38,0.155,0.655,0.2405,0.143,0.18647992610931396
F,0.53,0.41,0.165,0.8115,0.24,0.169,0.24
M,0.49,0.39,0.15,0.573,0.225,0.124,0.17
F,0.49,0.385,0.15,0.7865,0.241,0.14,0.24
F,0.52,0.395,0.18,0.64,0.158,0.11,0.245
M,0.54,0.415,0.145,0.74,0.2635,0.168,0.245
F,0.5,0.375,0.115,0.5945,0.185,0.10282730311155319,0.19
F,0.45,0.38,0.165,0.8165,0.25,0.1915,0.265
F,0.37,0.275,0.1,0.2225,0.093,0.026,0.08
I,0.37,0.275,0.1,0.2295,0.0885,0.0465,0.07
M,0.485,0.37,0.14,0.5725,0.204,0.1415,0.175
F,0.435,0.325,0.115,0.3915,0.154,0.094,0.12
M,0.535,0.405,0.185,0.8345,0.3175,0.1725,0.29
M,0.4826093316078186,0.4,0.14,0.6515,0.2455,0.1665,0.185
M,0.565,0.44,0.185,0.909,0.344,0.2325,0.255
F,0.5367987751960754,0.4,0.15,0.8045,0.3345,0.2125,0.21
F,0.535,0.405,0.125,0.927,0.26,0.1425,0.20227698981761932
F,0.525,0.4,0.17,0.7923258543014526,0.279,0.2055,0.195
M,0.59,0.44,0.15,0.9555,0.366,0.2425,0.295
M,0.5,0.375,0.15,0.636,0.2535,0.145,0.19
I,0.255,0.19,0.075,0.0865,0.0345,0.0205,0.025
F,0.43,0.325,0.115,0.3865,0.1475,0.1065,0.11
M,0.38,0.29,0.12,0.283,0.1175,0.0655,0.085
I,0.165,0.11,0.02,0.019,0.0065,0.0025,0.005
I,0.315,0.23,0.09,0.1285,0.043,0.04,0.04
I,0.155,0.105,0.05,0.0175,0.005,0.0035,0.005
M,0.28,0.205,0.1,0.1165,0.0545,0.06350163370370865,0.03
F,0.43,0.335,0.12,0.444,0.155,0.1145,0.14
F,0.395,0.315,0.105,0.3515,0.1185,0.091,0.1195
M,0.385,0.285,0.105,0.2905,0.1215,0.0685,0.0875
F,0.48,0.385,0.135,0.536,0.1895,0.142,0.173
F,0.445,0.33,0.105,0.4525,0.18,0.103,0.123
M,0.395,0.295,0.115,0.316,0.1205,0.0595,0.1105
M,0.4,0.3,0.125,0.417,0.191,0.09,0.1175
M,0.415,0.325,0.14,0.34616562724113464,0.1535,0.1015,0.144
M,0.315,0.25,0.09,0.203,0.0615,0.037,0.0795
F,0.345,0.26,0.10322175920009613,0.207,0.0775,0.0435,0.0765
M,0.36,0.295,0.13,0.2765,0.0895,0.057,0.1005
I,0.295,0.225,0.09,0.1105,0.0405,0.0245,0.032
I,0.325,0.25,0.09408099204301834,0.176,0.12648218870162964,0.0355,0.063
M,0.375,0.3,0.1,0.3215728998184204,0.104,0.0475,0.083
I,0.28,0.205,0.055,0.1135,0.045,0.0275,0.0335
M,0.355,0.265,0.085,0.201,0.069,0.053,0.0695
M,0.35,0.255,0.08,0.1915,0.08,0.0385,0.063
I,0.275,0.2,0.065,0.1035,0.0475,0.0205,0.03
I,0.29,0.205,0.07,0.0975,0.036,0.019,0.035
I,0.25,0.19,0.06,0.0765,0.036,0.0115,0.0245
I,0.18,0.125,0.035,0.0265,0.0095,0.0055,0.0085
I,0.15,0.1,0.025,0.015,0.0045,0.004,0.005
I,0.16,0.11,0.025,0.018,0.0065,0.0055,0.005
M,0.555,0.455,0.16,1.0575,0.3925,0.21149498224258423,0.293
M,0.555,0.44,0.15,1.092,0.416,0.212,0.4405
M,0.525,0.41,0.15458618104457855,0.99,0.3865,0.243,0.295
M,0.465,0.36,0.10690931975841522,0.488,0.191,0.125,0.155
F,0.49,0.36,0.11,0.5005,0.161,0.107,0.195
M,0.4,0.305,0.085,0.297,0.108,0.0705,0.1
F,0.48,0.375,0.105,0.525,0.2185,0.1195,0.155
I,0.505,0.4,0.125,0.77,0.2735,0.159,0.255
F,0.52,0.4,0.12,0.6515,0.261,0.2015,0.16059696674346924
M,0.525,0.4,0.13,0.8295,0.2405,0.1825,0.275
M,0.545,0.4350416958332062,0.13,0.879,0.374,0.1695,0.23
M,0.52,0.4,0.12,0.810624361038208,0.298,0.17689208686351776,0.24742913246154785
M,0.505,0.38,0.13,0.656,0.227,0.1785,0.22
M,0.5297622680664062,0.425,0.12,0.8665,0.2825,0.176,0.29
M,0.51,0.39,0.125,0.6565,0.262,0.1835,0.175
M,0.52,0.385,0.1329444944858551,0.6616920828819275,0.2385,0.172,0.205
F,0.52,0.405,0.125,0.6435,0.2415,0.1735,0.21
F,0.535,0.41,0.135,0.862,0.2855,0.1525,0.32
M,0.445,0.345,0.09,0.3795,0.143,0.074,0.125
M,0.581191897392273,0.44,0.16179558634757996,1.0987255573272705,0.32,0.2175,0.245
F,0.36,0.265,0.09,0.2065,0.078,0.057,0.06
F,0.535,0.42,0.15,0.7365,0.2785,0.186,0.215
F,0.52,0.405,0.14,0.8175,0.2795,0.183,0.26
M,0.53,0.415,0.13,0.8425,0.275,0.1945,0.265
F,0.53,0.42,0.13,1.001,0.34,0.226,0.265
F,0.66,0.52,0.2,1.676,0.673,0.275912344455719,0.34826773405075073
M,0.52,0.385,0.14,0.6595,0.24400418996810913,0.2035,0.16
M,0.535,0.41299718618392944,0.13,0.8055,0.301,0.181,0.28
M,0.695,0.515,0.175,1.5165,0.578,0.4105,0.39
F,0.51,0.39,0.105,0.612,0.187,0.15,0.195
M,0.485,0.355,0.12,0.547,0.215,0.1615,0.14
F,0.605,0.46,0.17,1.122,0.347,0.3045,0.315
F,0.5803321599960327,0.455,0.165,1.1365,0.369,0.3005,0.275
M,0.65,0.515,0.175,1.4805,0.4344627261161804,0.272,0.525
F,0.62,0.505,0.185,1.5275,0.69,0.26243308186531067,0.35
F,0.615,0.525,0.155,1.1375,0.367,0.236,0.37
F,0.605,0.495,0.19,1.437,0.469,0.2655,0.41
M,0.57,0.47477439045906067,0.15863415598869324,1.116,0.49864789843559265,0.2315,0.27
M,0.57,0.43,0.12,1.0615,0.4067819118499756,0.167,0.31
F,0.585,0.405,0.15,1.2565,0.4984898269176483,0.202,0.325
F,0.55,0.44,0.155,0.946,0.313,0.1825,0.335
F,0.54,0.44,0.135,0.959,0.2385,0.221,0.3
F,0.64,0.51,0.19,1.613,0.6215,0.361,0.47
F,0.61,0.47,0.145,1.153,0.403,0.296,0.32
M,0.545,0.45,0.15,0.978,0.3365,0.1905,0.3
F,0.59,0.46022769808769226,0.13,1.1325,0.3825,0.234,0.32
M,0.345,0.27,0.095,0.197,0.0665,0.05,0.07
F,0.55,0.43,0.155,0.785,0.289,0.227,0.233
F,0.53,0.425,0.17,0.949,0.3485,0.2395,0.278
F,0.5686037540435791,0.4485938251018524,0.165,0.9805,0.3155,0.2815,0.2965
I,0.4323236048221588,0.375,0.14,0.521,0.2,0.123,0.17
M,0.385,0.275,0.115,0.2685,0.0975,0.0825,0.085
I,0.455,0.34,0.135,0.462,0.1675,0.158,0.12
M,0.49,0.38,0.14,0.7605,0.245,0.167,0.185
M,0.53,0.41,0.165,0.732,0.189,0.17,0.31
M,0.505,0.385,0.145,0.6775,0.236,0.12939335405826569,0.2
M,0.49,0.38,0.14,0.6385,0.2305,0.142,0.195
M,0.465,0.35,0.14,0.5755,0.2015,0.1505,0.19
F,0.47,0.36,0.145,0.537,0.1725,0.1375,0.195
M,0.56,0.44395580887794495,0.165,0.93,0.3505,0.237,0.3
M,0.505,0.385,0.15,0.6415,0.246,0.152,0.215
M,0.515,0.435,0.145,0.8815,0.292,0.206,0.2608281970024109
I,0.385,0.28,0.125,0.244,0.102,0.038,0.085
I,0.215,0.155,0.06,0.0525,0.021,0.0165,0.015
M,0.5752118229866028,0.415,0.175,1.042,0.3295,0.2325,0.2905
F,0.515,0.39,0.13,0.5755,0.1975,0.13,0.1845
M,0.495,0.385,0.135,0.569683313369751,0.211,0.1375,0.262
F,0.505,0.37661421298980713,0.16,0.644,0.2475,0.2025,0.1635
F,0.6,0.465,0.165,0.8875,0.3814152777194977,0.246,0.262
F,0.57,0.4669361710548401,0.16,0.8935,0.4465191066265106,0.2575,0.263
F,0.485,0.375,0.135,0.47614380717277527,0.1925,0.1315,0.1685
I,0.47,0.37,0.18,0.51,0.1915,0.1285,0.1625
M,0.575,0.45,0.14585597813129425,0.9215,0.3275,0.225,0.256
M,0.58,0.465,0.16,1.0345,0.315,0.26,0.3635
M,0.515,0.405,0.145,0.695,0.215,0.1635,0.234
M,0.53,0.41,0.155,0.8272574543952942,0.2805,0.18411719799041748,0.214
M,0.44,0.335,0.11,0.394,0.157,0.096,0.122
M,0.52,0.42,0.16,0.745,0.255,0.157,0.2885
F,0.425,0.345,0.11,0.3665,0.125,0.081,0.117
M,0.46,0.34,0.135,0.495,0.1655,0.117,0.185
M,0.45,0.335,0.125,0.349,0.119,0.1055,0.1174854040145874
M,0.427916944026947,0.33,0.13,0.4405,0.152,0.0935,0.155
I,0.37,0.275,0.08657126873731613,0.22,0.094,0.045,0.065
M,0.515,0.38,0.1139822006225586,0.6615,0.2875,0.2095,0.155
M,0.405,0.305,0.12,0.3185,0.1235,0.0905,0.095
I,0.28,0.205,0.07,0.1015,0.041,0.03,0.03
F,0.48,0.4,0.125,0.759,0.2125,0.11246990412473679,0.24
F,0.44,0.34,0.13,0.4195,0.153,0.1155,0.13
F,0.52,0.41,0.115,0.807,0.2855,0.179,0.235
M,0.505,0.405,0.14118848741054535,0.875,0.2665,0.174,0.285
F,0.49,0.365,0.13,0.6835,0.165,0.1315,0.205
I,0.235,0.175,0.055,0.067,0.027,0.0125,0.018
I,0.255,0.185,0.06,0.088,0.0365,0.021,0.023
I,0.315,0.24,0.085,0.1715,0.071,0.0345,0.0535
I,0.325,0.25,0.08,0.1735,0.0765,0.0345,0.049
I,0.335,0.25,0.08,0.183,0.0735,0.04,0.0575
I,0.35,0.27,0.09,0.2055,0.075,0.0575,0.062
I,0.35,0.25,0.07,0.18,0.0655,0.048,0.054
I,0.37304896116256714,0.3,0.085,0.27,0.1185,0.064,0.0745
I,0.365,0.275,0.135,0.24,0.108,0.0445,0.0735
I,0.37,0.275,0.14,0.2215,0.097,0.0455,0.0615
I,0.38,0.275,0.095,0.1375,0.086,0.0585,0.0605
I,0.385,0.29,0.095,0.312,0.143,0.0635,0.086
I,0.385,0.3,0.1,0.2895,0.1215,0.063,0.09
I,0.395,0.29,0.095,0.319,0.138,0.08,0.082
I,0.395,0.29,0.095,0.304,0.127,0.084,0.077
I,0.4,0.31,0.1,0.306,0.13,0.06,0.094
I,0.41,0.27765682339668274,0.1,0.394,0.208,0.0655,0.106
I,0.38307011127471924,0.32,0.11,0.3735,0.175,0.0755,0.109
M,0.415,0.305,0.1,0.325,0.156,0.0505,0.091
I,0.425,0.325,0.09308454394340515,0.398,0.1185,0.0645,0.0945
I,0.44,0.365,0.115,0.501,0.2435,0.084,0.1465
I,0.445,0.335,0.1,0.4895,0.2745,0.086,0.1105
I,0.445,0.325,0.1,0.378,0.1795,0.1,0.089
I,0.38664743304252625,0.35,0.13,0.547,0.245,0.1405,0.1405
M,0.47,0.375,0.12,0.5805,0.266,0.0935,0.169
I,0.475,0.365,0.125,0.5465,0.229,0.1185,0.172
F,0.48,0.365,0.135,0.6395,0.2945,0.113,0.175
I,0.485,0.355,0.105,0.498,0.1424841284751892,0.096,0.1525
M,0.49,0.385,0.125,0.609,0.3065,0.096,0.1775
F,0.5189028978347778,0.41,0.125,0.6268638968467712,0.3355,0.129,0.214
M,0.5,0.4,0.125,0.5975,0.27,0.11262375861406326,0.166
F,0.5684314966201782,0.44,0.14,0.8275,0.3415,0.1855,0.239
M,0.525,0.395,0.13,0.7635,0.3375,0.1425,0.225
M,0.54,0.405,0.125,0.891,0.4815,0.1915,0.202
F,0.54,0.42,0.14,0.805,0.369,0.1725,0.2282252460718155
F,0.545,0.44,0.135,0.9185,0.429,0.2015,0.2375
F,0.5587198734283447,0.4402307868003845,0.125,0.923,0.4035,0.175,0.283
M,0.55,0.47035133838653564,0.15,1.0145,0.45794543623924255,0.2015,0.2875
F,0.55,0.45,0.15,0.875,0.362,0.1755,0.2765
M,0.555,0.44400548934936523,0.145,0.9685,0.4985,0.168,0.2385
M,0.565,0.45,0.155,1.0659986734390259,0.4735,0.24,0.265
M,0.57,0.455,0.15,0.952,0.40882983803749084,0.2155,0.2745
M,0.57,0.435,0.13,0.7535,0.349,0.17994022369384766,0.24358157813549042
F,0.575,0.465,0.14,0.958,0.442,0.1815,0.2705
M,0.59,0.475,0.165,1.077,0.4545,0.244,0.3095
M,0.59,0.46,0.15202905237674713,1.102,0.455,0.2055,0.33
F,0.595,0.48,0.15,1.11,0.498,0.228,0.33
F,0.595,0.4624810814857483,0.16,1.2095,0.5225,0.296,0.32
F,0.595,0.46266311407089233,0.16,1.1405,0.547,0.231,0.271
F,0.595,0.465,0.14,1.113,0.5175,0.244,0.29291465878486633
F,0.6,0.475,0.175,1.3445,0.549,0.2875,0.36
F,0.6,0.46184495091438293,0.155,1.21,0.653,0.1695,0.3205
M,0.6011234521865845,0.495,0.175,1.29,0.606,0.276,0.3445
F,0.605,0.475,0.15931951999664307,1.382,0.609,0.2325,0.3985
M,0.600256085395813,0.455,0.16,1.1304430961608887,0.421,0.3015,0.325
F,0.615,0.5,0.175,1.377,0.5585,0.2328803688287735,0.292
F,0.615,0.52,0.15,1.3435,0.629,0.2605,0.345
M,0.615,0.45056241750717163,0.15,1.296,0.545,0.3315,0.32
M,0.615,0.505,0.165,1.34,0.5315,0.2815,0.41
F,0.62,0.505,0.16,1.3725,0.6285,0.275,0.3685
M,0.62,0.5,0.165,1.175653338432312,0.6355,0.2429446280002594,0.3161579668521881
F,0.625,0.49,0.155,1.2085,0.465,0.162,0.411
F,0.625,0.49,0.2,1.3825,0.5895,0.285,0.381
M,0.63,0.505,0.165,1.1382811069488525,0.4530453681945801,0.2755,0.406
F,0.635,0.51,0.17,1.3555,0.619,0.305,0.39
F,0.635,0.5,0.15,1.376,0.6495,0.361,0.31
F,0.5995884537696838,0.485,0.165,1.2945,0.668,0.2605,0.2715
F,0.64,0.51,0.165,1.486,0.7595,0.332,0.321
M,0.65,0.4686306416988373,0.175,1.4715,0.4559728801250458,0.315,0.399
M,0.6249374747276306,0.52,0.165,1.2589002847671509,0.5433628559112549,0.278503954410553,0.405
M,0.655,0.58,0.205,2.0805,0.959,0.2507478594779968,0.3237636685371399
M,0.66,0.53,0.17,1.0370646715164185,0.5905,0.212,0.453
M,0.66,0.491131991147995,0.1623990535736084,1.2410613298416138,0.755,0.298,0.4
F,0.67,0.585,0.16,1.309,0.5445,0.2945,0.413
F,0.675,0.525,0.17,1.8095,0.784,0.391,0.3310717046260834
F,0.6153671741485596,0.525,0.155,1.4785,0.628,0.3405,0.42
F,0.6580026149749756,0.56,0.195,1.7775,0.861,0.3145653307437897,0.38266709446907043
F,0.685,0.54,0.16,1.6675,0.833,0.3775,0.475
F,0.695,0.56,0.22,1.834,0.8455,0.422,0.455
F,0.6846767663955688,0.595,0.18681600689888,1.569588541984558,1.1465,0.3586376905441284,0.897
I,0.205,0.14,0.05,0.046,0.0165,0.012,0.0135
I,0.24,0.175,0.055,0.0705,0.025,0.014,0.021
I,0.24,0.175,0.065,0.0665,0.031,0.0135,0.017
I,0.255,0.19,0.05,0.083,0.0295,0.0215,0.027
I,0.255,0.18,0.055,0.083,0.031,0.0215,0.02
I,0.265,0.195,0.06,0.092,0.0345,0.025,0.0245
I,0.28,0.12,0.075,0.117,0.0455,0.029,0.0345
I,0.295,0.23,0.08,0.1625,0.065,0.05,0.0385
I,0.3,0.235,0.08,0.131,0.05,0.0265,0.043
I,0.3,0.23,0.095,0.1385,0.056,0.0365,0.037
I,0.305,0.22,0.07,0.141,0.062,0.031,0.037
I,0.315,0.235,0.075,0.1485,0.0585,0.0375,0.0425
I,0.315,0.23,0.07,0.144,0.053,0.0305,0.04
I,0.32,0.24,0.09,0.1575,0.07,0.0265,0.0425
I,0.325,0.24,0.075,0.187,0.0825,0.0445,0.05
I,0.33,0.265,0.085,0.196,0.0775,0.0305,0.0445
I,0.335,0.25,0.075,0.1825,0.0705,0.044,0.055
I,0.335,0.25,0.075,0.186,0.0945,0.038,0.0445
I,0.34,0.25,0.075,0.1785,0.0665,0.0455,0.045
I,0.34,0.25,0.07,0.2225,0.104,0.0425,0.055
I,0.345,0.265,0.1,0.2455,0.111,0.0535,0.065
I,0.37,0.29,0.095,0.249,0.1045,0.058,0.067
I,0.37,0.28,0.095,0.2865,0.1505,0.069,0.0795
I,0.375,0.28,0.09,0.215,0.10989289730787277,0.06,0.055
I,0.385,0.265,0.08,0.251,0.124,0.037,0.07
I,0.41,0.31,0.09,0.339,0.155,0.0695,0.09
I,0.41,0.305,0.09,0.3535,0.157,0.0745,0.1
I,0.41,0.31,0.09,0.3335,0.1635,0.061,0.091
I,0.415,0.33,0.09,0.3595,0.17,0.081,0.09
I,0.42,0.32,0.115,0.376,0.169,0.092,0.1
I,0.42,0.315,0.1,0.3435,0.157,0.0795,0.09
I,0.425,0.34,0.1,0.382,0.164,0.096,0.06139780208468437
I,0.425,0.315,0.1,0.377,0.1645,0.072,0.105
I,0.43,0.325,0.1,0.3645,0.1575,0.0825,0.105
I,0.43,0.325,0.09,0.425,0.217,0.087,0.095
I,0.435,0.325,0.12,0.3995,0.1815,0.061,0.1125
I,0.435,0.34,0.115,0.3925,0.1825,0.078,0.1145
I,0.44,0.345,0.13,0.4495,0.209,0.0835,0.134
I,0.44,0.325,0.09,0.35,0.148,0.067,0.105
F,0.445,0.335,0.11,0.4355,0.2025,0.1095,0.1195
I,0.445,0.35,0.13,0.4195,0.1695,0.0945,0.1195
I,0.45,0.36,0.13,0.478,0.191,0.127,0.137
I,0.45,0.355,0.105,0.4445,0.197,0.093,0.1335
I,0.3898899555206299,0.345,0.11,0.47,0.2355,0.0855,0.1135
I,0.45,0.335,0.105,0.447,0.2335,0.153,0.119
I,0.455,0.355,0.125,0.5325,0.225,0.126,0.1465
I,0.455,0.375,0.12,0.497,0.15448838472366333,0.1055,0.1295
I,0.46,0.36,0.1,0.4635,0.2325,0.093,0.115
I,0.46,0.345,0.105,0.449,0.196,0.0945,0.1265
I,0.465,0.365,0.115,0.467,0.2315,0.0925,0.113
I,0.465,0.37,0.09661688655614853,0.534,0.261,0.098,0.143
I,0.465,0.345,0.11,0.4415,0.1755,0.0905,0.12
F,0.465,0.35,0.125,0.482,0.23,0.106,0.1095
M,0.47,0.365,0.12,0.612,0.327,0.07221612334251404,0.14
F,0.47,0.365,0.12,0.582,0.29,0.092,0.146
I,0.475,0.37,0.125,0.537,0.222,0.1215,0.15
F,0.475,0.36,0.11118427664041519,0.5915,0.3245,0.11,0.127
M,0.42665204405784607,0.375,0.115,0.6765,0.3205,0.1065,0.17
M,0.48,0.385,0.145,0.64,0.2925,0.1405,0.1575
M,0.48,0.36,0.1,0.439,0.194,0.099,0.115
M,0.48,0.365,0.12,0.6015,0.312,0.117,0.14
F,0.485,0.37,0.115,0.4785,0.1995,0.0955,0.129
M,0.47075164318084717,0.385,0.125,0.649,0.32,0.124,0.15007402002811432
M,0.495,0.395,0.11584658920764923,0.6335,0.3035,0.1295,0.1495
M,0.47764793038368225,0.4,0.135,0.61,0.272,0.1435,0.144
M,0.5,0.39,0.135,0.6595,0.3145,0.1535,0.1565
I,0.5,0.385,0.12,0.56,0.2835,0.103,0.135
M,0.5,0.385,0.135,0.6425,0.3195,0.129,0.1535
M,0.5,0.4,0.125,0.6725,0.336,0.12,0.1825
F,0.505,0.39,0.13,0.674,0.3165,0.141,0.1785
I,0.505,0.39,0.15,0.685,0.362,0.131,0.156
M,0.505,0.36524006724357605,0.11774272471666336,0.642,0.289,0.133,0.155
I,0.505,0.355,0.125,0.601,0.25,0.1205,0.185
I,0.51,0.39,0.135,0.769,0.3935,0.1455,0.19
I,0.51,0.375,0.1,0.5785,0.238,0.1225,0.175
I,0.51,0.405,0.135,0.769,0.3655,0.1585,0.18
M,0.51,0.36320483684539795,0.11614397168159485,0.7035,0.347,0.134,0.1885
M,0.51,0.41,0.145,0.796,0.3865,0.1815,0.2904632091522217
F,0.515,0.43,0.14,0.834,0.367,0.2,0.23
M,0.515,0.39,0.155,0.5904117822647095,0.3695,0.137,0.155
F,0.525,0.415,0.14,0.724,0.3475,0.173,0.175
M,0.525,0.4,0.14,0.7325,0.334,0.1575,0.17
F,0.53,0.425,0.13,0.7585,0.325,0.197,0.205
F,0.53,0.425,0.15,0.8495,0.328,0.232,0.202
M,0.53,0.405,0.125,0.6515,0.2715,0.1605,0.186
F,0.535,0.4,0.135,0.8215,0.3935,0.196,0.2954937815666199
M,0.5081117153167725,0.405379980802536,0.14,0.7165,0.2855,0.1595,0.2170853614807129
F,0.535,0.435,0.14,0.874,0.3735,0.229,0.2195
F,0.55,0.445,0.155,0.9905,0.544,0.178,0.218
F,0.55,0.43,0.14,0.8105,0.368,0.161,0.275
F,0.56,0.455,0.16,0.967,0.4525,0.207,0.274
F,0.565,0.4,0.13,0.6975,0.3075,0.1665,0.18
M,0.57,0.45,0.155,1.18878173828125,0.488180011510849,0.2565,0.3377993404865265
M,0.57,0.45,0.155,1.1935,0.513,0.21,0.343
F,0.57,0.455,0.15,1.107,0.54,0.255,0.27
M,0.57,0.445,0.14,1.0635,0.5265,0.2195,0.24
M,0.57,0.46,0.17,0.9035,0.4075,0.17062467336654663,0.214
M,0.575,0.475,0.16,1.114,0.4955,0.2745,0.29
F,0.575,0.46,0.16,1.103,0.538,0.221,0.249
F,0.60072261095047,0.46,0.15,1.1155,0.5575,0.2255,0.29
F,0.58,0.46,0.18,1.0515,0.4095,0.2595,0.276
M,0.58,0.455,0.15,1.012,0.4985,0.2115,0.2835
F,0.58,0.45,0.145,1.137,0.5585,0.22,0.29
M,0.5913137793540955,0.49,0.13,1.1335,0.586,0.2565,0.237
M,0.59,0.451894611120224,0.155,1.136,0.5245,0.2615,0.275
M,0.59,0.4538750648498535,0.16,1.206,0.479,0.2425,0.309
F,0.5973458886146545,0.455,0.145,1.063,0.5155,0.2445,0.25
I,0.595,0.47,0.155,1.121,0.4515,0.178,0.155
F,0.595,0.45,0.15787148475646973,1.114,0.4571232795715332,0.2205,0.25
M,0.595,0.475,0.165,1.213,0.621,0.2435,0.274
F,0.595,0.46,0.14,1.0045,0.4655,0.2095,0.2515
M,0.595,0.455,0.14892999827861786,1.044,0.518,0.2205,0.27
F,0.605,0.49,0.15,1.1345,0.5265,0.2645,0.295
M,0.605,0.475,0.155,1.161,0.4656033217906952,0.2455,0.31427448987960815
M,0.605,0.47,0.165,1.2315,0.6025,0.262,0.2925
M,0.61,0.47,0.15,1.1625,0.565,0.258,0.3085
M,0.61,0.475,0.152162104845047,1.168,0.554,0.239,0.3295
F,0.615,0.48,0.16,1.2525,0.585,0.2595,0.33
F,0.62,0.51,0.15953168272972107,1.3315,0.594,0.276,0.3210299611091614
F,0.625,0.48,0.17,1.3525,0.48154550790786743,0.278,0.365
M,0.6005218029022217,0.49,0.175,1.3325,0.5705,0.271,0.405
F,0.625,0.475,0.15772105753421783,1.1435,0.4755,0.2475,0.349
F,0.625,0.5,0.165,1.288,0.43984103202819824,0.3035,0.315
F,0.625,0.485,0.2,1.38,0.5845,0.302,0.2980387508869171
F,0.63,0.485,0.16482479870319366,1.278,0.5122358202934265,0.275,0.31
F,0.63,0.495,0.165,1.3075,0.599,0.25183212757110596,0.315
M,0.63,0.48,0.15,1.1785,0.5185,0.248,0.3235
M,0.635,0.49,0.175,1.375,0.623,0.2705,0.395
M,0.635,0.525,0.185,1.4065,0.4272139072418213,0.3,0.3745
M,0.64,0.505,0.155,1.136914849281311,0.705,0.2655,0.3116183876991272
F,0.64,0.5,0.17,1.5175,0.693,0.326,0.409
F,0.64,0.5,0.175,1.394,0.4935,0.291,0.4
F,0.645,0.5,0.155,1.039415717124939,0.6145,0.236,0.3185
F,0.645,0.52,0.16310851275920868,1.636,0.779,0.342,0.432
M,0.6004019379615784,0.52,0.175,1.561,0.709,0.3555,0.4
F,0.645,0.505,0.165,1.4325,0.684,0.308,0.336
M,0.6072152853012085,0.5,0.175,1.3385,0.46609312295913696,0.299,0.349
F,0.645,0.5,0.16,1.0809024572372437,0.5475,0.23205429315567017,0.3
F,0.645,0.515,0.15,1.212,0.515,0.2055,0.385
M,0.65,0.495,0.16,1.304,0.57,0.312,0.3725
M,0.65,0.4546174108982086,0.21,1.6785,0.6665,0.308,0.46
M,0.65,0.525,0.185,1.622,0.6645,0.22884300351142883,0.477
F,0.655,0.46,0.16,1.494,0.6895,0.331,0.1825
F,0.6351059675216675,0.4966854453086853,0.1676114797592163,1.6525,0.8515,0.3365,0.3796958327293396
F,0.66,0.505,0.185,1.2198020219802856,0.69,0.25893205404281616,0.441
M,0.6064047813415527,0.535,0.16353929042816162,1.5905,0.4960482716560364,0.297,0.5175
M,0.599052906036377,0.47129952907562256,0.195,1.6275,0.505104660987854,0.3595,0.485
F,0.66,0.475,0.18,1.3695,0.4399203062057495,0.294,0.335
M,0.67,0.525,0.165,1.6085,0.682,0.22519418597221375,0.4005
F,0.675,0.57,0.225,1.587,0.739,0.2995,0.435
F,0.675,0.565,0.195,1.8375,0.7645,0.3615,0.553
M,0.68,0.535,0.185,1.607,0.436422735452652,0.3215,0.498
F,0.665452241897583,0.5271103978157043,0.175,1.7005,0.7021176815032959,0.33656051754951477,0.405
F,0.69,0.5164759159088135,0.2,1.872,0.893,0.3110394775867462,0.3805362582206726
F,0.695,0.535,0.175,1.1163558959960938,0.8035,0.396,0.503
F,0.705,0.535,0.15895560383796692,1.685,0.693,0.42,0.4045
F,0.71,0.4954291880130768,0.205,2.198,1.012,0.5225,0.3482914865016937
F,0.6583864688873291,0.565,0.175,1.9525,0.7645,0.3130381405353546,0.3822617530822754
F,0.715,0.525,0.16438759863376617,1.56,0.47554418444633484,0.383,0.405
F,0.645649254322052,0.6,0.22,2.555,1.1335,0.29155632853507996,0.6
F,0.765,0.5130361318588257,0.22,1.4130438566207886,0.6182175874710083,0.509,0.39381247758865356
I,0.185,0.13,0.045,0.029,0.012,0.0075,0.0095
I,0.195,0.15,0.045,0.0375,0.018,0.006,0.011
I,0.195,0.135,0.04,0.0325,0.0135,0.005,0.0095
I,0.2,0.155,0.04,0.0435,0.0155,0.009,0.007
I,0.225,0.165,0.055,0.2065485119819641,0.027,0.0125,0.015
I,0.245,0.18,0.065,0.071,0.03,0.013,0.0215
I,0.25,0.18,0.065,0.0685,0.0245,0.0155,0.042028915137052536
I,0.265,0.195,0.055,0.084,0.0365,0.0175,0.025
I,0.275,0.195,0.065,0.106,0.054,0.02,0.028
I,0.28,0.21,0.085,0.1075,0.0415,0.024,0.034
I,0.285,0.22,0.065,0.096,0.0405,0.0205,0.03
I,0.3,0.22,0.08,0.1255,0.055,0.0265,0.039
I,0.315,0.235,0.055,0.151,0.065,0.027,0.039
I,0.32,0.225,0.085,0.22248238325119019,0.0675,0.0295,0.0405
I,0.34,0.265,0.08,0.2015,0.09,0.0475,0.055
I,0.37,0.28,0.1,0.221,0.1165,0.0265,0.0635
I,0.375,0.28,0.08,0.2345,0.1125,0.0455,0.067
I,0.375,0.275,0.1,0.2325,0.1165,0.042,0.065
I,0.385,0.29,0.08,0.2485,0.122,0.0495,0.065
I,0.4,0.32,0.095,0.348,0.194,0.053,0.087
I,0.405,0.3,0.11,0.32,0.12128684669733047,0.044,0.093
I,0.41,0.3,0.1,0.282,0.1255,0.057,0.0875
I,0.41,0.325,0.1,0.3245,0.132,0.072,0.106
I,0.42,0.3,0.105,0.316,0.1255,0.07,0.1035
I,0.42,0.32,0.11,0.3625,0.174,0.0635,0.105
I,0.42,0.31,0.095,0.279,0.1255,0.051,0.088
I,0.425,0.325,0.115,0.3685,0.162,0.0865,0.1045
M,0.43,0.335,0.12,0.397,0.1985,0.0865,0.1035
I,0.435,0.33,0.11,0.413,0.2055,0.096,0.096
I,0.435,0.345,0.115,0.418,0.222,0.0735,0.106
I,0.44,0.33,0.11,0.3705,0.1545,0.084,0.12
I,0.445,0.345,0.105,0.409,0.1675,0.1015,0.117
I,0.445,0.34,0.145,0.434,0.1945,0.0905,0.13
I,0.445,0.335,0.11,0.280769944190979,0.1985,0.0935,0.109
I,0.45,0.365,0.125,0.462,0.2135,0.0985,0.1315
I,0.45,0.34,0.12,0.4925,0.241,0.1075,0.05678996071219444
I,0.45,0.33,0.105,0.3715,0.1865,0.0785,0.0975
I,0.45,0.33,0.1,0.411,0.1945,0.1,0.098
I,0.45,0.33,0.11,0.3685,0.1331077516078949,0.0885,0.102
I,0.46,0.35,0.115,0.4155,0.18,0.098,0.1175
M,0.47,0.36,0.105,0.544,0.27,0.1395,0.129
I,0.47,0.38,0.125,0.4845,0.211,0.1075,0.142
I,0.475,0.35,0.11,0.4565,0.206,0.099,0.13
I,0.475,0.35,0.1,0.4545,0.2165,0.111,0.115
I,0.48,0.38,0.125,0.6245,0.3395,0.1085,0.1665
M,0.49,0.465,0.125,0.5225,0.235,0.13,0.141
I,0.5,0.375,0.14,0.5495,0.248,0.112,0.13299834728240967
I,0.5,0.375,0.12,0.542,0.215,0.116,0.17
I,0.5,0.38,0.125,0.519,0.2485,0.1135,0.134
M,0.5,0.39,0.125,0.5215,0.2485,0.117,0.131
F,0.505,0.39,0.125,0.5445,0.246,0.15,0.1405
I,0.51,0.405,0.125,0.6795,0.3465,0.09421242773532867,0.182
F,0.51,0.4,0.125,0.545,0.261,0.115,0.1385
I,0.51,0.4,0.125,0.5575,0.2615,0.1195,0.1525
I,0.51,0.38,0.115,0.5155,0.215,0.1135,0.166
I,0.515,0.385,0.125,0.6115,0.3175,0.1265,0.15
M,0.52,0.3724825084209442,0.145,0.7765,0.3525,0.1845,0.185
I,0.52,0.38,0.135,0.5395,0.2295,0.133,0.157
I,0.52,0.38,0.10896322131156921,0.5545,0.288,0.1295,0.167
F,0.52,0.46,0.15,1.019,0.523,0.1985,0.254
I,0.525,0.4,0.13,0.5455394983291626,0.325,0.1245,0.17
I,0.525,0.4,0.14,0.601,0.2625,0.1285,0.1835
M,0.525,0.405,0.12,0.7555,0.3755,0.1555,0.201
I,0.525,0.395,0.12,0.5179900527000427,0.297,0.1395,0.1405
I,0.53,0.4,0.125,0.617,0.279,0.127,0.19
I,0.535,0.39,0.125,0.599,0.2595,0.149,0.169
I,0.54,0.42,0.14,0.6665,0.3125,0.138,0.1895
M,0.545,0.39,0.135,0.7835,0.4225,0.1815,0.156
M,0.545,0.4307129383087158,0.12,0.8215340971946716,0.3690001368522644,0.1405,0.19
M,0.545,0.415,0.14,0.82,0.4615,0.127,0.218
F,0.55,0.415,0.135,0.8145,0.427,0.1855,0.175
F,0.5778988599777222,0.43,0.15,0.84,0.395,0.195,0.223
M,0.55,0.425,0.15,0.8315,0.411,0.1765,0.2165
M,0.56,0.43,0.145,0.8995,0.464,0.1775,0.234
M,0.56,0.445,0.14804889261722565,0.8965,0.42545124888420105,0.21288791298866272,0.2215
F,0.56,0.44,0.155,0.6405,0.336,0.1765,0.245
M,0.56,0.415,0.145,0.852,0.43,0.1885,0.2813028395175934
M,0.565,0.455,0.15,0.9595,0.4565,0.2395,0.23
M,0.565,0.435,0.15,0.99,0.5795,0.1825,0.206
F,0.565,0.45,0.175,1.0095,0.4363236129283905,0.2375,0.2645
M,0.5954824686050415,0.46,0.15,1.0375,0.5415,0.2035,0.25
F,0.57,0.445,0.145,0.8775,0.412,0.217,0.22
I,0.57,0.44,0.15,0.755,0.3425,0.16,0.224
F,0.575,0.46,0.145,0.9945,0.466,0.229,0.265
F,0.575,0.45,0.16,1.068,0.556,0.25368282198905945,0.2575
M,0.575,0.435,0.14,0.8455,0.401,0.191,0.222
F,0.575,0.47,0.165,0.869,0.435,0.197,0.238
M,0.575,0.455,0.135,1.0198205709457397,0.4152545928955078,0.197,0.26
I,0.575,0.435,0.13,0.805,0.3155,0.16601303219795227,0.21581773459911346
M,0.575,0.445,0.17,1.0225,0.549,0.2175,0.228
M,0.575,0.445,0.145,0.847,0.415,0.1945,0.22
M,0.58,0.46606627106666565,0.15,1.114,0.45538797974586487,0.2155,0.265
M,0.5964940786361694,0.455,0.195,1.859,0.945,0.426,0.441
M,0.58,0.445,0.135,0.814,0.3775,0.1915,0.22
M,0.58,0.45,0.14,0.9615,0.486,0.1815,0.253
M,0.58,0.45,0.145,1.0025,0.547,0.1975,0.2295
F,0.58,0.45,0.155,0.93,0.385,0.246,0.2780042886734009
M,0.585,0.46,0.145,0.9335,0.478,0.1825,0.2581973969936371
M,0.585,0.465,0.14893218874931335,0.9555,0.4595,0.236,0.265
M,0.59,0.47,0.14505437016487122,0.9955,0.481,0.232,0.24
F,0.6,0.475,0.16,1.0265,0.485,0.2495,0.2565
M,0.6021377444267273,0.455,0.17,1.1915,0.696,0.24882586300373077,0.24
F,0.6,0.465,0.15,1.1025,0.5455,0.262,0.25
M,0.6151568293571472,0.465,0.155,1.0165,0.512,0.2465,0.32072246074676514
F,0.605,0.47,0.165,1.1775,0.611,0.2275,0.2912413477897644
M,0.605,0.475,0.15007765591144562,1.1175,0.555,0.257,0.274
M,0.605,0.48,0.17,1.1835,0.4188947379589081,0.2365,0.317
F,0.605,0.475,0.165,1.056,0.433,0.2195,0.357
F,0.61,0.485,0.16,1.0145,0.5315,0.212,0.2415
F,0.61,0.485,0.15696291625499725,1.3305,0.783,0.2255,0.2865
M,0.61,0.47,0.165,1.052,0.498,0.20527425408363342,0.267
M,0.615,0.4717099070549011,0.17,1.0849260091781616,0.4815,0.272,0.27
F,0.5808205604553223,0.465,0.15,0.923,0.4615,0.1825,0.2415
F,0.615,0.475,0.155,1.0056401491165161,0.447,0.25,0.285
M,0.62,0.47,0.135,1.0195,0.5315,0.2005,0.2475
I,0.62,0.45,0.2,0.858,0.4285,0.1525,0.2405
F,0.62,0.48,0.16,1.1125,0.5635,0.2273997664451599,0.281
F,0.625,0.5155771374702454,0.175,1.3745,0.7335,0.3089221119880676,0.37786048650741577
M,0.625,0.48,0.185,1.2065,0.4155087172985077,0.29,0.286
M,0.63,0.47,0.155,1.1325,0.589,0.21653464436531067,0.287
M,0.63,0.5,0.175,1.2645,0.5635,0.3065,0.3425
F,0.635,0.495,0.015,1.1565,0.5115,0.308,0.2885
F,0.64,0.515,0.165,1.369,0.632,0.3415,0.32446080446243286
M,0.645,0.53,0.16105717420578003,1.1901379823684692,0.48417454957962036,0.2945,0.3735
F,0.645,0.48,0.15500323474407196,1.1345,0.528,0.254,0.305
F,0.65,0.5,0.19,1.464,0.6415,0.339,0.4245
M,0.65,0.5,0.155,1.202,0.565,0.3135,0.294
M,0.655,0.515,0.16,1.31,0.553,0.369,0.345
F,0.655,0.51,0.175,1.415,0.5885,0.23617435991764069,0.364
F,0.66,0.53,0.15866103768348694,1.346,0.546,0.2705,0.476
M,0.665,0.4800768494606018,0.16,1.363,0.629,0.279,0.3117869198322296
I,0.665,0.45568138360977173,0.1510060727596283,1.2975,0.44810861349105835,0.291,0.3595
F,0.67,0.505,0.205,1.3645,0.6075,0.23137277364730835,0.353
F,0.685,0.54,0.1661510020494461,1.7025,0.664,0.26796844601631165,0.4735
M,0.685,0.52,0.165,1.146736741065979,0.699,0.3685,0.32056063413619995
F,0.69,0.54,0.15788131952285767,1.454,0.624,0.3105,0.31781142950057983
M,0.69,0.4515337646007538,0.21,1.583,0.7355,0.405,0.3865
F,0.6034345626831055,0.53,0.16134509444236755,1.5535,0.7945,0.3485,0.3695
M,0.6272813677787781,0.56,0.185,1.3208789825439453,0.885,0.28129005432128906,0.36349356174468994
F,0.7,0.52410888671875,0.18,1.751,0.6708810925483704,0.32554104924201965,0.39568397402763367
M,0.7,0.47868257761001587,0.16032759845256805,2.273,0.49700412154197693,0.418,0.638
F,0.7,0.47527074813842773,0.19,1.6465,0.8545,0.307,0.3995
F,0.705,0.55,0.17,1.219,0.6395,0.236,0.2641996145248413
F,0.71,0.56,0.1589796096086502,1.652,0.735,0.381,0.4525
M,0.6508787870407104,0.55,0.18066078424453735,1.4970976114273071,1.0465,0.3272726833820343,0.4037124216556549
M,0.5860811471939087,0.4565003216266632,0.19,1.6755,0.889,0.313,0.42
F,0.6526490449905396,0.58,0.195,1.4112852811813354,0.6247342824935913,0.3131471276283264,0.40081843733787537
F,0.6394673585891724,0.55,0.2,1.3274015188217163,0.9035,0.2965514361858368,0.5215
M,0.72,0.565,0.145,1.187,0.691,0.1945,0.2685
M,0.725,0.505,0.185,1.978,1.026,0.4255,0.4505
F,0.6265659928321838,0.575,0.16683530807495117,1.8795,0.931,0.38,0.35381460189819336
F,0.735,0.4988785982131958,0.185,1.2567250728607178,0.952,0.55,0.5
M,0.6274363398551941,0.49463602900505066,0.16964279115200043,1.931,0.896,0.3008151054382324,0.5
F,0.75,0.4788667857646942,0.21,2.236,0.47919148206710815,0.5195,0.545
F,0.6147100925445557,0.625,0.21,1.205535888671875,1.1965,0.513,0.6785
F,0.755,0.58,0.205,2.0065,0.8295,0.27314260601997375,0.34350264072418213
F,0.6545566320419312,0.63,0.17970231175422668,1.42801034450531,1.488,0.4985,0.586
I,0.185,0.375,0.12,0.4645,0.196,0.1045,0.15
I,0.245,0.205,0.06,0.0765,0.034,0.014,0.0215
I,0.25,0.185,0.065,0.0685,0.0295,0.014,0.0225
I,0.25,0.19,0.065,0.0835,0.039,0.015,0.025
I,0.275,0.195,0.09,0.1125,0.0545,0.0295,0.0355
I,0.305,0.215,0.065,0.1075,0.044,0.0205,0.038
I,0.31,0.225,0.07,0.1055,0.435,0.015,0.04
I,0.315,0.23,0.08,0.1375,0.0545,0.031,0.0445
I,0.315,0.23,0.07,0.1145,0.046,0.0235,0.0385
I,0.325,0.225,0.075,0.139,0.0565,0.032,0.09
I,0.33,0.25,0.095,0.2085,0.102,0.0395,0.052
I,0.33,0.205,0.095,0.1595,0.077,0.032,0.0435
I,0.335,0.245,0.09,0.2015,0.096,0.0405,0.048
I,0.34,0.25,0.09,0.179,0.0775,0.033,0.055
I,0.345,0.255,0.095,0.1945,0.0925,0.037,0.055
I,0.345,0.255,0.085,0.2005,0.105,0.037,0.05
I,0.35,0.27,0.075,0.215,0.1,0.036,0.065
I,0.35,0.255,0.09,0.1785,0.0855,0.0305,0.0525
I,0.36979514360427856,0.27,0.085,0.196,0.0875,0.035,0.064
I,0.365,0.27,0.085,0.1875,0.081,0.042,0.058
I,0.365,0.27,0.085,0.196,0.0825,0.0375,0.06
I,0.365,0.265,0.085,0.213,0.0945,0.049,0.06
I,0.37,0.29,0.09,0.2445,0.089,0.0655,0.075
I,0.37,0.28,0.085,0.217,0.1095,0.035,0.062
I,0.375,0.29,0.095,0.213,0.096,0.041,0.061
I,0.375,0.29,0.085,0.2385,0.118,0.045,0.0695
I,0.375,0.2799771726131439,0.09,0.218,0.093,0.0405,0.0755
I,0.375,0.275,0.095,0.2465,0.11,0.0415,0.0775
I,0.375,0.28,0.08,0.2025,0.0825,0.048,0.065
I,0.375,0.27,0.085,0.218,0.0945,0.039,0.07
I,0.38,0.275,0.11,0.256,0.11,0.0535,0.0755
I,0.38,0.27,0.08,0.2105,0.0865,0.042,0.07
I,0.385,0.29,0.09,0.2615,0.111,0.0595,0.0529787503182888
I,0.385,0.28,0.085,0.2175,0.097,0.038,0.067
I,0.385,0.3,0.095,0.302,0.152,0.0615,0.0735
I,0.385,0.28,0.09,0.228,0.1025,0.042,0.0655
I,0.39,0.3,0.095,0.3265,0.1665,0.0575,0.089
I,0.395,0.305,0.105,0.284,0.1135,0.0595,0.0945
I,0.395,0.295,0.095,0.2725,0.115,0.0625,0.085
I,0.395,0.27,0.1,0.2985,0.1445,0.061,0.082
I,0.4,0.29,0.1,0.2675,0.1205,0.0605,0.0765
I,0.405,0.285,0.09,0.2645,0.1265,0.0505,0.075
I,0.41,0.335,0.11,0.33,0.157,0.0705,0.17
I,0.42,0.305,0.09,0.26173967123031616,0.168,0.0615,0.082
I,0.425,0.325,0.11,0.3335,0.173,0.045,0.1
I,0.425,0.32,0.1,0.3055,0.126,0.06,0.106
I,0.425,0.31,0.09,0.301,0.1385,0.065,0.08
I,0.43,0.34,0.0,0.428,0.2065,0.086,0.115
I,0.43,0.315,0.095,0.378,0.175,0.08,0.1045
I,0.435,0.315,0.11,0.3685,0.1615,0.0715,0.12
I,0.44,0.34,0.12,0.438,0.2115,0.083,0.12
I,0.45,0.33,0.105,0.448,0.208,0.089,0.12
I,0.455,0.345,0.105,0.4005,0.164,0.0755,0.126
F,0.455,0.365,0.115,0.4305,0.184,0.108,0.1245
I,0.455,0.33,0.1,0.372,0.358,0.0775,0.11
I,0.46,0.36,0.105,0.466,0.2225,0.099,0.11
I,0.46,0.35,0.105,0.3705,0.1575,0.077,0.114
F,0.46,0.365,0.125,0.4785,0.206,0.092181496322155,0.141
I,0.465,0.34,0.11,0.346,0.1425,0.073,0.113
I,0.47,0.365,0.1,0.411,0.175,0.0855,0.135
I,0.47,0.355,0.18,0.48,0.2055,0.105,0.1505
I,0.47,0.355,0.12,0.393,0.167,0.0885,0.115
I,0.475,0.2934761643409729,0.1,0.5035,0.2535,0.091,0.14
I,0.475,0.38,0.12,0.441,0.1785,0.0885,0.1505
I,0.475,0.36,0.11,0.492,0.211,0.11,0.15
I,0.48,0.37,0.125,0.3433532118797302,0.244,0.101,0.165
I,0.48,0.355,0.115,0.3286050260066986,0.2065,0.112,0.132
I,0.48,0.365,0.1,0.461,0.2205,0.0835,0.135
I,0.495,0.355,0.12,0.4965,0.1540038287639618,0.1045,0.1495
I,0.495,0.38,0.13,0.42574724555015564,0.2185,0.116,0.16
M,0.495,0.395,0.12,0.553,0.224,0.1375,0.14623118937015533
I,0.5,0.38,0.135,0.594,0.2945,0.104,0.1216176226735115
M,0.5,0.42,0.135,0.6765,0.2676381766796112,0.1415,0.2065
I,0.5,0.375,0.145,0.5795,0.239,0.1375,0.185
I,0.4592103362083435,0.41,0.14,0.6615,0.2585,0.1625,0.196
I,0.40997838973999023,0.375,0.125,0.5695,0.259,0.124,0.157
I,0.5,0.395,0.14,0.6215,0.2925,0.1205,0.195
I,0.505,0.405,0.13,0.6015,0.3015,0.11,0.18
I,0.505,0.38,0.12,0.594,0.2595,0.1435,0.18
I,0.419475257396698,0.395,0.105,0.551,0.248,0.103,0.171
I,0.515,0.38,0.12,0.424140065908432,0.3265,0.1295,0.16
I,0.515,0.42,0.135,0.711,0.337,0.144,0.205
I,0.515,0.4,0.135,0.6965,0.32,0.1255,0.175
I,0.52,0.4,0.1140313446521759,0.5825,0.233,0.1365,0.18
I,0.52,0.395,0.125,0.663,0.3005,0.131,0.1905
I,0.525,0.4,0.125,0.6965,0.369,0.1385,0.164
M,0.525,0.42,0.155,0.842,0.428,0.1415,0.2045
I,0.53,0.415,0.13,0.694,0.3905,0.111,0.14314252138137817
I,0.53,0.42,0.155,0.81,0.4725,0.111,0.192
I,0.53,0.415,0.11,0.5745,0.2525,0.10827095806598663,0.189
I,0.53,0.3431149125099182,0.13,0.7675,0.419,0.1205,0.21
I,0.535,0.4,0.11299815028905869,0.6025,0.2895,0.121,0.154
I,0.535,0.415,0.15,0.5765,0.3595,0.135,0.225
F,0.535,0.41,0.13,0.7145,0.335,0.144,0.2075
M,0.535,0.435,0.15,0.717,0.3475,0.1445,0.194
F,0.54,0.42,0.145,0.8655,0.4315,0.163,0.2175
I,0.54,0.42,0.14,0.7265,0.3205,0.1445,0.229
I,0.545,0.435,0.135,0.7715,0.372,0.148,0.16797485947608948
F,0.545,0.445,0.15,0.8,0.3535,0.163,0.207
I,0.545,0.43,0.15,0.7285,0.302,0.1315,0.2545
I,0.545,0.405,0.135,0.5945,0.23967374861240387,0.1185,0.185
I,0.55,0.43,0.145,0.7895,0.3745,0.171,0.223
F,0.55,0.405,0.13175749778747559,0.651,0.2965,0.137,0.2
M,0.6036446690559387,0.47385382652282715,0.15,0.8745,0.413,0.26300835609436035,0.248
I,0.4989685118198395,0.3921814560890198,0.14,0.7535,0.3285,0.13607800006866455,0.2325
I,0.55,0.425,0.135,0.7305,0.3325,0.1545,0.215
M,0.555,0.44,0.14,0.8705,0.407,0.156,0.255
I,0.555,0.3788219094276428,0.155,0.7395,0.3135,0.1435,0.28
I,0.555,0.43,0.14,0.7665,0.341,0.165,0.23
I,0.555,0.425,0.145,0.7905,0.3485,0.1765,0.225
F,0.56,0.425,0.135,0.8205,0.3715,0.185,0.236
I,0.56,0.425,0.145,0.688,0.3095,0.1305,0.2165
F,0.6174471974372864,0.445,0.155,1.224,0.5565,0.3225,0.3146733343601227
I,0.56,0.455,0.145,0.974,0.547,0.1615,0.235
I,0.565,0.44,0.175,0.8735,0.30795106291770935,0.21,0.21
F,0.565,0.45,0.145,0.8495,0.4215,0.1685,0.2290482223033905
M,0.565,0.445,0.15,0.796,0.3635,0.184,0.219
M,0.565,0.39,0.125,0.744,0.352,0.13,0.1685
I,0.4950920343399048,0.45,0.145,0.751,0.2825,0.2195,0.2215
I,0.57,0.45,0.135,0.794,0.3815,0.1415,0.245
F,0.57,0.46,0.135,0.9795,0.397,0.2525,0.2844817340373993
M,0.57,0.45467081665992737,0.17,0.873,0.382,0.20129764080047607,0.2705
I,0.57,0.44,0.13,0.7665,0.347,0.1785,0.202
F,0.57,0.435,0.125,0.8965,0.383,0.1835,0.275
F,0.575,0.42,0.135,0.857,0.461,0.2032817304134369,0.2125
F,0.575,0.48,0.165,1.078,0.511,0.2095,0.306
M,0.575,0.46,0.155,0.892,0.4415,0.176,0.22
M,0.58,0.46,0.155,1.4395,0.4492013454437256,0.273,0.2955
M,0.58,0.455,0.135,0.7955,0.405,0.167,0.204
F,0.58,0.445,0.15,0.858,0.4,0.156,0.22013714909553528
M,0.585,0.465,0.155,0.9145,0.4555,0.1965,0.235
M,0.585,0.49,0.185,1.171,0.522,0.21770524978637695,0.335
I,0.585,0.475,0.16,1.0505,0.48,0.18928244709968567,0.285
M,0.585,0.46,0.165,1.1135,0.5825,0.2447643280029297,0.3148799538612366
M,0.5965259075164795,0.47,0.165,1.409,0.8,0.229,0.295
M,0.585,0.475,0.15,1.065,0.40317705273628235,0.199,0.2885
M,0.585,0.45,0.18,0.7995,0.336,0.1855,0.237
I,0.59,0.445,0.135,0.7715,0.328,0.1745,0.23
M,0.59,0.47,0.18,1.187,0.41538557410240173,0.227,0.31
M,0.59,0.455,0.155,0.8855,0.388,0.188,0.275
F,0.595,0.465,0.15,0.98,0.4115,0.196,0.2255
F,0.595,0.465,0.155,1.026,0.4645,0.112,0.305
M,0.6,0.475,0.17,1.1315,0.508,0.21699081361293793,0.309
M,0.6,0.48,0.14286422729492188,1.014,0.451,0.1885,0.2744863033294678
F,0.6,0.475,0.15,1.12,0.565,0.2465,0.27
F,0.6,0.465,0.155,1.04,0.4528616964817047,0.25,0.31057989597320557
F,0.5958924293518066,0.455,0.145,1.0408341884613037,0.419,0.1715,0.269
M,0.6,0.46,0.155,0.9595,0.4455,0.189,0.295
I,0.605,0.485,0.15,1.238,0.6315,0.226,0.257023423910141
M,0.605,0.49,0.14,0.9755,0.419,0.206,0.315
I,0.605,0.435,0.13,0.9025,0.432,0.174,0.26
F,0.605,0.475,0.175,1.0169144868850708,0.463,0.2195,0.335
F,0.605,0.47,0.16,1.0835,0.5405,0.2215,0.28351885080337524
M,0.61,0.45,0.15,0.871,0.407,0.1835,0.24229680001735687
M,0.61,0.48,0.165,1.244,0.6345,0.257,0.305
M,0.61,0.45075908303260803,0.17,1.0265,0.435,0.2335,0.3035
I,0.61,0.465,0.15,0.9605,0.4495,0.17993363738059998,0.286
M,0.5932201743125916,0.48,0.17,1.137,0.4565,0.29,0.347
M,0.61,0.46,0.16,1.0,0.494,0.197,0.275
F,0.615,0.475,0.155,1.004,0.4475,0.193,0.2895
F,0.615,0.47,0.165,1.128,0.4465,0.2195,0.34
M,0.615,0.5,0.17,1.054,0.4845,0.228,0.273798406124115
F,0.615,0.4823346436023712,0.165,1.023,0.4905,0.2495986819267273,0.3035
M,0.615,0.475,0.17,1.129,0.4245586693286896,0.302,0.3
M,0.615,0.48,0.15794771909713745,1.118,0.45210668444633484,0.3195,0.3
F,0.615,0.475,0.155,1.115,0.484,0.2115,0.355
M,0.62,0.4783540964126587,0.175,1.2815,0.5715,0.2399248331785202,0.39
M,0.62,0.495,0.18,1.2555,0.5765,0.254,0.355
F,0.613462507724762,0.5,0.15,1.197135329246521,0.596,0.3135,0.354
F,0.62,0.475,0.16,1.0545706748962402,0.463,0.2685,0.33
M,0.625,0.455,0.17,1.082,0.4955,0.2345,0.29106444120407104
F,0.625,0.505,0.175,1.15,0.4576236307621002,0.24168503284454346,0.3180592954158783
F,0.625,0.515,0.16122229397296906,1.2221578359603882,0.5715,0.27051371335983276,0.321
F,0.625,0.48,0.155,1.2035,0.5428098440170288,0.2724107801914215,0.3453667461872101
F,0.6298666000366211,0.485,0.17,1.2838804721832275,0.5945,0.345,0.345
I,0.63,0.505,0.18,1.272,0.6025,0.295,0.315
M,0.63,0.485,0.145,1.0964397192001343,0.5065,0.2280276119709015,0.3365
I,0.63,0.475,0.145,1.0605,0.5165,0.2195,0.28
M,0.63,0.46646106243133545,0.16,1.093,0.43805769085884094,0.221,0.315
M,0.635,0.49,0.16,1.101,0.534,0.21373702585697174,0.3455
F,0.635,0.5,0.158584326505661,1.4595,0.705,0.2645,0.39
F,0.635,0.46339306235313416,0.175,1.211,0.707,0.2725,0.323
M,0.610107958316803,0.475,0.17,1.1935,0.5205,0.24919523298740387,0.3665
M,0.635,0.44958922266960144,0.155,0.986,0.405,0.2255,0.31
M,0.5923877954483032,0.565,0.23,1.521,0.644,0.372,0.406
F,0.6095498204231262,0.525,0.18,1.3135,0.4865,0.2995,0.4075
F,0.645,0.51,0.16,1.1060400009155273,0.556,0.2385,0.345
M,0.5802313685417175,0.4536621868610382,0.195,1.401,0.6165,0.3515,0.3725
M,0.645,0.525,0.1531662940979004,1.5075,0.7455,0.245,0.3101317584514618
F,0.65,0.505,0.165,1.16,0.4785,0.274,0.349
F,0.65,0.47289952635765076,0.22,1.662,0.77,0.378,0.435
M,0.5974889993667603,0.525,0.15968766808509827,1.5365,0.6865,0.3585,0.405
M,0.65,0.51,0.1582970768213272,1.542,0.7155,0.3735,0.3284263014793396
F,0.65,0.51,0.17,1.567,0.7245,0.24407251179218292,0.391
F,0.6071678996086121,0.525,0.19,1.1643092632293701,0.564,0.3215,0.3985
M,0.655,0.535,0.15415310859680176,1.6445,0.7305,0.3595,0.46
F,0.655,0.52,0.19,1.4545,0.6,0.3865,0.2987867593765259
M,0.655,0.49,0.175,1.3585,0.6395,0.294,0.30274900794029236
F,0.66,0.46270814538002014,0.21,1.548,0.724,0.3525,0.3925
F,0.66,0.4767315089702606,0.17,1.337,0.472156822681427,0.3125,0.3575
F,0.665,0.53,0.16782933473587036,1.491,0.6345,0.342,0.35951870679855347
F,0.67,0.4717419445514679,0.225,1.5615,0.63,0.487,0.31111425161361694
F,0.67,0.505,0.175,1.0145,0.4057685136795044,0.271,0.3745
M,0.675,0.545,0.185,1.7375,0.876,0.3135,0.3031120300292969
F,0.685,0.545,0.205,1.7925,0.8145,0.416,0.3292010426521301
F,0.695,0.47420746088027954,0.19,1.7635,0.7465,0.399,0.4975
F,0.5830140113830566,0.545,0.13,1.556,0.44683176279067993,0.374,0.195
M,0.6590147018432617,0.5278746485710144,0.18213315308094025,1.5190714597702026,0.7174245119094849,0.34499791264533997,0.512
M,0.705,0.555,0.215,2.141,1.0465,0.2345728576183319,0.528
F,0.6325645446777344,0.5007635354995728,0.18,1.389224648475647,0.6027119159698486,0.4195,0.43
F,0.71,0.5030269026756287,0.17,1.2505556344985962,0.743,0.345,0.45
F,0.72,0.575,0.17,1.3028130531311035,0.5499252080917358,0.2788560688495636,0.51
F,0.7104719877243042,0.550983190536499,0.19414126873016357,2.173,0.876244306564331,0.4154770076274872,0.5088777542114258
F,0.725,0.6,0.2,1.737,0.697,0.2360076755285263,0.595
F,0.73,0.58,0.19,1.7375,0.6785,0.26213303208351135,0.3311535120010376
F,0.735,0.49937132000923157,0.1645711362361908,2.1275,0.949,0.46,0.3546943962574005
F,0.6414951682090759,0.5101763606071472,0.215,1.4105567932128906,1.1565,0.3141304850578308,0.558
F,0.6034330725669861,0.61,0.16193696856498718,2.5085,1.232,0.519,0.612
F,0.6520689725875854,0.5266547203063965,0.18323977291584015,1.5853558778762817,0.8905,0.42,0.4371696710586548
I,0.14,0.105,0.035,0.014,0.0055,0.0025,0.004
I,0.23,0.165,0.06,0.0515,0.019,0.0145,0.036
I,0.365,0.265,0.135,0.2215,0.105,0.047,0.0605
I,0.365,0.255,0.08,0.1985,0.0785,0.0345,0.053
I,0.37,0.27,0.095,0.232,0.1325,0.041,0.0615
I,0.375,0.28,0.085,0.3155,0.187,0.046,0.067
I,0.385,0.3,0.09,0.247,0.1225,0.044,0.0675
I,0.395,0.295,0.09,0.3025,0.143,0.0665,0.0765
I,0.4,0.29,0.11,0.2527870535850525,0.188,0.0455,0.0825
I,0.4,0.3,0.09,0.2815,0.1185,0.061,0.08
I,0.405,0.31,0.095,0.3425,0.1785,0.064,0.0855
I,0.405,0.29,0.09,0.2825,0.112,0.075,0.0815
I,0.405,0.3,0.105,0.25867652893066406,0.1455,0.061,0.0805
I,0.41,0.32,0.095,0.2905,0.141,0.063,0.073
I,0.415,0.315,0.115,0.3895,0.2015,0.065,0.103
I,0.425,0.34,0.105,0.389,0.2015,0.0905,0.088
I,0.43,0.34,0.105,0.4405,0.2385,0.0745,0.1075
I,0.44,0.34,0.105,0.369,0.164,0.08,0.1015
M,0.44,0.3171473443508148,0.12,0.4565,0.2435,0.092,0.1025
I,0.44,0.365,0.11,0.4465,0.14580661058425903,0.089,0.1135
M,0.45,0.32154449820518494,0.125,0.4475,0.2165,0.126,0.11
I,0.455,0.335,0.135,0.501,0.274,0.0995,0.1065
I,0.46,0.355,0.11,0.436,0.1975,0.06202148646116257,0.125
I,0.47,0.345,0.14,0.4615,0.229,0.1105,0.116
I,0.47,0.31253963708877563,0.125,0.4315,0.19,0.1165,0.1175
I,0.47,0.355,0.12,0.3685,0.126,0.0835,0.1365
M,0.475,0.37,0.125,0.649,0.347,0.136,0.142
I,0.475,0.365,0.115,0.459,0.2175,0.093,0.1165
F,0.475,0.365,0.115,0.566,0.281,0.117,0.1335
I,0.48,0.36,0.125,0.542,0.2795,0.1025,0.147
I,0.485,0.38,0.12,0.4725,0.2075,0.08088920265436172,0.147
M,0.4287039041519165,0.39,0.085,0.6435,0.2945,0.103,0.198
M,0.485,0.37,0.13,0.526,0.2485,0.105,0.13767671585083008
F,0.495,0.38,0.12,0.573,0.2655,0.1285,0.144
M,0.505,0.385,0.105,0.5525,0.239,0.1245,0.1555
F,0.43872085213661194,0.38,0.135,0.6855,0.361,0.1565,0.161
I,0.4387403130531311,0.395,0.125,0.556,0.2695,0.096,0.17
M,0.515,0.425,0.1431862711906433,0.9365,0.497,0.181,0.2185
I,0.515,0.4,0.125,0.49849286675453186,0.25,0.1245,0.17
M,0.52,0.4,0.125,0.559,0.254,0.12735295295715332,0.149
M,0.525,0.4,0.14,0.7205,0.3685,0.145,0.1735
I,0.53,0.43,0.13,0.7045,0.346,0.1415,0.189
I,0.53,0.4,0.125,0.6850369572639465,0.398,0.151,0.175
F,0.545,0.41,0.14,0.7405,0.3565,0.1775,0.203
F,0.55,0.43,0.14,0.84,0.375,0.218,0.1945
M,0.55,0.425,0.16,0.793,0.343,0.2035,0.215
F,0.56,0.43,0.15,0.8745,0.453,0.161,0.22
F,0.56,0.42585253715515137,0.15,0.8715,0.4755,0.1835,0.1835
F,0.57,0.4717479646205902,0.15,0.9875,0.504,0.207,0.249
M,0.575,0.44872066378593445,0.15,1.08,0.595,0.2065,0.238
M,0.575,0.46,0.165,0.9155,0.4005,0.2465,0.2385
F,0.58,0.46,0.175,1.165,0.65,0.2205,0.3055
F,0.58,0.435,0.14,0.953,0.475,0.2165,0.2095
M,0.585,0.455,0.15,0.906,0.4095,0.23,0.2335
M,0.59,0.44,0.15,0.8725,0.387,0.215,0.2666894197463989
F,0.59,0.465,0.15,1.151,0.613,0.239,0.2515
F,0.59,0.46,0.145,0.9905,0.453,0.2205,0.275
F,0.595,0.455,0.16,1.0587358474731445,0.452,0.2655,0.288
F,0.6,0.455,0.155,0.945,0.4365,0.2085,0.25
M,0.6,0.465,0.2,1.259,0.6405,0.1985,0.357
F,0.605,0.4538916349411011,0.165,0.9515,0.4535,0.193,0.2765
F,0.605,0.485,0.16,1.201,0.417,0.22920648753643036,0.38
F,0.605,0.515,0.17,1.289,0.6,0.2945,0.3315
F,0.61,0.485,0.17,1.1005,0.5125,0.229,0.305
I,0.615,0.475,0.13,0.7166326642036438,0.353,0.1915,0.251
M,0.62,0.485,0.155,1.049,0.462,0.231,0.27551549673080444
F,0.62,0.435,0.155,1.012,0.477,0.236,0.275
M,0.62,0.48,0.165,1.0725,0.4815,0.235,0.312
M,0.625,0.52,0.16212187707424164,1.206650733947754,0.49531784653663635,0.322,0.3465
M,0.625,0.4560278058052063,0.15094228088855743,1.136,0.451,0.3245,0.305
F,0.63,0.47,0.145,1.1799190044403076,0.52,0.2516155242919922,0.276
F,0.63,0.5,0.175,1.0143578052520752,0.467,0.268,0.329
M,0.63,0.4967154264450073,0.15,1.1315,0.5530799031257629,0.2653506100177765,0.3402034640312195
M,0.63,0.48,0.15,1.271,0.6605,0.2425,0.31
F,0.63,0.49,0.225,1.336,0.6805,0.259,0.3245
F,0.635,0.505,0.145,1.1345,0.44675129652023315,0.22737425565719604,0.315
F,0.635,0.51,0.16279642283916473,1.308,0.544,0.318,0.377
F,0.6145467162132263,0.515,0.205,1.5335,0.6635,0.3345,0.4025
F,0.645,0.4875560402870178,0.175,1.1812503337860107,0.7035,0.365,0.415
M,0.645,0.51,0.155,1.539,0.6405,0.3585,0.43
F,0.645,0.505,0.165,1.318,0.55,0.3015,0.335
F,0.65,0.49777165055274963,0.16408275067806244,1.5245,0.59,0.326,0.3544069230556488
M,0.65,0.515,0.15914034843444824,1.466,0.46140846610069275,0.3045,0.4
F,0.65,0.5,0.16,1.1933387517929077,0.702,0.304,0.3189076781272888
F,0.65,0.485,0.14,1.175,0.475,0.2435,0.215
F,0.655,0.54,0.15948829054832458,1.5555,0.695,0.296,0.32078954577445984
F,0.655,0.51,0.215,1.7835,0.5331552028656006,0.2744813859462738,0.4195
F,0.6131308078765869,0.505,0.165,1.374,0.589,0.351,0.345
F,0.665,0.515,0.18,1.389,0.5945,0.2354968637228012,0.395
M,0.67,0.545,0.2,1.1420392990112305,0.833,0.24189604818820953,0.41
M,0.67,0.51,0.175,1.5265,0.4798356890678406,0.4475,0.32459327578544617
M,0.5804550647735596,0.4538984000682831,0.19,1.519,0.616,0.388,0.415
F,0.6592118740081787,0.5,0.17720423638820648,1.446899652481079,0.7665,0.33832675218582153,0.4685
M,0.68,0.515,0.16306111216545105,1.2916293144226074,0.8415,0.306,0.34285762906074524
M,0.613909900188446,0.525,0.2,1.171939730644226,0.9165,0.3325,0.461
F,0.632908046245575,0.55,0.17,1.684,0.5545235276222229,0.2931528389453888,0.37014102935791016
F,0.7,0.555,0.17384156584739685,1.858,0.6453821659088135,0.3179417848587036,0.3948322534561157
M,0.705,0.56,0.165,1.1503709554672241,0.797,0.4095,0.3215886354446411
M,0.6463518142700195,0.565,0.17835205793380737,1.3908313512802124,0.625524640083313,0.3137143850326538,0.494
M,0.6060137152671814,0.47922423481941223,0.24,2.21,1.351,0.413,0.33221113681793213
F,0.74,0.5156842470169067,0.1761964112520218,1.8725,0.9115,0.427,0.3886919617652893
F,0.75,0.5194554328918457,0.18,1.4144037961959839,0.942,0.397,0.3794751465320587
I,0.21,0.17,0.045,0.0475,0.019,0.011,0.013
I,0.285,0.21,0.055,0.101,0.0415,0.017,0.0335
I,0.295,0.215,0.07,0.121,0.047,0.0155,0.0405
I,0.3,0.23,0.085,0.117,0.05,0.0175,0.0415
I,0.305,0.225,0.09,0.1465,0.063,0.034,0.0415
I,0.335,0.255,0.08,0.168,0.079,0.0355,0.05
I,0.35,0.26,0.075,0.18,0.09,0.0245,0.055
I,0.355,0.27,0.075,0.1775,0.079,0.0315,0.054
I,0.355,0.26,0.09,0.1985,0.0715,0.0495,0.058
I,0.36,0.27,0.095,0.2,0.073,0.056,0.061
I,0.36,0.275,0.075,0.2205,0.0985,0.044,0.066
I,0.36,0.265,0.075,0.1845,0.083,0.0365,0.055
I,0.365,0.27,0.085,0.2225,0.0935,0.0525,0.066
I,0.37,0.27,0.095,0.2175,0.097,0.046,0.065
I,0.375,0.28,0.08,0.2165,0.0935,0.0925,0.07
I,0.38,0.285,0.095,0.243,0.0895,0.0665,0.075
I,0.38,0.29,0.1,0.237,0.108,0.0395,0.082
I,0.385,0.29,0.09,0.2365,0.1,0.0505,0.076
I,0.385,0.28,0.095,0.257,0.119,0.059,0.07
I,0.385,0.3,0.09,0.308,0.1525,0.056,0.0835
I,0.39,0.3,0.09,0.252,0.1065,0.053,0.08
I,0.39,0.285,0.1,0.281,0.1275,0.062,0.077
I,0.39,0.29,0.1,0.2225,0.095,0.0465,0.073
I,0.41,0.3,0.09,0.304,0.129,0.071,0.0955
I,0.41,0.3,0.09,0.28,0.141,0.0575,0.075
I,0.415,0.325,0.1,0.313,0.139,0.0625,0.0965
I,0.425,0.325,0.11,0.317,0.135,0.048,0.09
I,0.425,0.315,0.08,0.303,0.131,0.0585,0.095
I,0.435,0.335,0.1,0.3295,0.129,0.05838009715080261,0.11
I,0.435,0.325,0.09199917316436768,0.367,0.1595,0.08,0.105
I,0.45,0.34,0.095,0.3245,0.1385,0.064,0.105
I,0.45,0.335,0.11,0.4195,0.181,0.085,0.1345
I,0.455,0.36,0.115,0.457,0.2085,0.0855,0.147
I,0.46,0.35,0.11,0.4,0.176,0.083,0.1205
I,0.46,0.355,0.11,0.4255,0.14589644968509674,0.081,0.13
I,0.465,0.37,0.12,0.4365,0.188,0.0815,0.147
I,0.465,0.345,0.11,0.393,0.1825,0.0735,0.12
I,0.47,0.355,0.125,0.499,0.21,0.0985,0.08865484595298767
I,0.475,0.36,0.145,0.6325,0.2825,0.137,0.19
M,0.475,0.36,0.1,0.4285,0.1965,0.099,0.112
I,0.475,0.36,0.125,0.4905,0.205,0.1305,0.125
I,0.41866835951805115,0.37,0.125,0.474,0.179,0.1035,0.175
I,0.48,0.37,0.12,0.536,0.251,0.114,0.15
M,0.48,0.355,0.16,0.464,0.221,0.106,0.239
I,0.485,0.375,0.13,0.6025,0.2935,0.1285,0.16
I,0.49,0.375,0.115,0.4615,0.204,0.0945,0.143
I,0.49,0.4,0.135,0.624,0.3035,0.1285,0.169
I,0.495,0.37,0.125,0.4715,0.2075,0.091,0.15
I,0.495,0.4,0.105,0.602,0.2505,0.1265,0.19
I,0.5,0.4,0.12,0.616,0.261,0.143,0.1935
I,0.5,0.39,0.12,0.5955,0.2455,0.147,0.10636407136917114
I,0.5,0.375,0.14,0.559,0.2375,0.135,0.169
I,0.51,0.395,0.13,0.6025,0.281,0.143,0.162
F,0.515,0.375,0.11,0.6065,0.3005,0.131,0.15
I,0.515,0.36,0.125,0.4725,0.21369107067584991,0.125,0.138
I,0.515,0.35,0.105,0.36513906717300415,0.213,0.123,0.1275
I,0.515,0.395,0.125,0.6635,0.32,0.14,0.17
I,0.515,0.39,0.125,0.5705,0.238,0.1265,0.185
I,0.52,0.41,0.12781423330307007,0.5999526977539062,0.2965,0.1595,0.165
I,0.52,0.39,0.13,0.5545,0.2355,0.1095,0.1895
M,0.525,0.415,0.145,0.845,0.38850513100624084,0.1635,0.2875
I,0.525,0.3547625243663788,0.12,0.664,0.3115,0.09846729785203934,0.178
I,0.525,0.38,0.135,0.615,0.261,0.159,0.175
I,0.525,0.4,0.14,0.654,0.305,0.16,0.169
M,0.525,0.4,0.155,0.707,0.282,0.1605,0.225
I,0.53,0.42,0.11661554872989655,0.5965,0.2555,0.141,0.177
I,0.53,0.43,0.135,0.6255,0.245,0.1455,0.2135
I,0.53,0.4,0.145,0.555,0.1935,0.1305,0.195
I,0.53,0.42,0.13,0.8365,0.3745,0.167,0.249
I,0.535,0.4,0.13,0.657,0.2835,0.162,0.175
I,0.54,0.43,0.17,0.8224201798439026,0.3725,0.18254750967025757,0.24
I,0.54,0.425,0.14,0.742,0.32,0.1395,0.25
I,0.54,0.43,0.14,0.8195,0.3935,0.1725,0.2295
M,0.54,0.455,0.14,1.0567125082015991,0.419,0.255,0.269
I,0.54,0.42,0.11857803910970688,0.6275,0.2505,0.1175,0.235
I,0.54,0.425,0.13,0.7205,0.2955,0.169,0.225
I,0.54,0.425,0.135,0.686,0.3475,0.1545,0.213
I,0.545,0.4,0.13,0.686,0.3285,0.15565088391304016,0.1986943930387497
I,0.545,0.375,0.12,0.543,0.2375,0.1155,0.1725
I,0.545,0.42,0.13969554007053375,0.717,0.358,0.18180780112743378,0.22481222450733185
M,0.55,0.435,0.14,0.7625,0.327,0.1685,0.259
I,0.55,0.425,0.15,0.639,0.269,0.1345,0.17871609330177307
I,0.55,0.42,0.135,0.816,0.3995,0.1485,0.23
I,0.55,0.415,0.145,0.7815,0.373,0.16,0.2215
I,0.55,0.425,0.15,0.7665,0.339,0.176,0.21
I,0.555,0.395,0.13,0.5585,0.222,0.1245,0.17
I,0.555,0.435,0.14,0.765,0.3945,0.15,0.206
I,0.555,0.4221210777759552,0.145,0.9005,0.3845,0.158,0.2765
F,0.56,0.445,0.15,1.1300405263900757,0.4869810938835144,0.24807851016521454,0.236
I,0.56,0.3640933632850647,0.13,0.7235,0.349,0.149,0.2
M,0.56,0.425,0.135,0.849,0.3265,0.221,0.2645
I,0.565,0.42,0.155,0.743,0.31,0.186,0.231
F,0.6271575689315796,0.44,0.1659344583749771,0.863,0.435,0.29367420077323914,0.27
M,0.565,0.44,0.125,0.802,0.3595,0.1825,0.215
F,0.565,0.43,0.15,0.831,0.4245,0.1735,0.27152568101882935
F,0.57,0.45,0.135,0.7805,0.32141539454460144,0.185,0.21
M,0.57,0.45,0.14,0.795,0.3385,0.148,0.245
I,0.57,0.3951261043548584,0.17,0.848,0.4,0.166,0.25
I,0.57,0.40676283836364746,0.145,0.833,0.354,0.144,0.2815
I,0.5352565050125122,0.445,0.155,0.867,0.3705,0.1705,0.28
I,0.57,0.445,0.145,0.7405,0.306,0.172,0.1825
M,0.575,0.455,0.165,0.8657475113868713,0.3765,0.1805,0.268
I,0.575,0.425,0.14601315557956696,0.7965,0.3847160339355469,0.196,0.27360597252845764
F,0.575,0.47,0.155,1.116,0.509,0.238,0.34
I,0.575,0.45,0.125,0.78,0.3275,0.188,0.235
F,0.575,0.47,0.185,0.985,0.44487622380256653,0.2175,0.31572678685188293
F,0.575,0.465,0.195,1.045845866203308,0.417,0.247,0.47
I,0.575,0.445,0.17,0.8015,0.3475,0.1465,0.25
I,0.575,0.45,0.135,0.8328487277030945,0.3615,0.1771753579378128,0.254
F,0.575,0.435,0.15,1.0305,0.4605,0.218,0.36
M,0.575,0.445,0.13939745724201202,0.839,0.4005,0.198,0.239
M,0.575,0.44,0.16,0.9615,0.483,0.166,0.26867592334747314
F,0.58,0.435,0.15,0.834,0.428,0.1515,0.23
M,0.58,0.46,0.155,1.0335,0.469,0.2225,0.295
M,0.58,0.43,0.13999079167842865,0.798,0.3458729386329651,0.173,0.2285
I,0.58,0.445,0.125,0.7095,0.303,0.1405,0.235
F,0.585,0.445,0.14,0.913,0.4305,0.20937182009220123,0.253
F,0.6580184698104858,0.49,0.165,1.4230515956878662,0.559,0.235,0.37912043929100037
I,0.59,0.45,0.145,1.022,0.428,0.268,0.265
I,0.5563067197799683,0.43350303173065186,0.145,0.9015,0.419,0.1785,0.26
F,0.595,0.435,0.15,0.8994388580322266,0.4175,0.17,0.265
M,0.595,0.45,0.14,0.838,0.3965,0.194,0.217
M,0.595,0.45,0.145,0.959,0.463,0.2065,0.2535
F,0.595,0.46,0.15,0.8335,0.377,0.1925,0.235
F,0.6,0.46,0.155,0.9735,0.427,0.2045,0.3
F,0.6,0.475,0.16238515079021454,1.13,0.575,0.26295945048332214,0.305
M,0.6,0.48,0.165,0.9543585777282715,0.4135,0.1965,0.2740056812763214
I,0.6,0.48,0.17,0.9175,0.38,0.2225,0.29
F,0.6,0.48,0.18,1.0645,0.4495,0.2455,0.325
M,0.6,0.47,0.165,1.059,0.504,0.241,0.275
M,0.6,0.47,0.16,1.194,0.5625,0.3045,0.2635
F,0.605,0.455,0.145,0.9775,0.468,0.1775,0.275
M,0.605,0.475,0.145,0.884,0.3835,0.1905,0.27
I,0.605,0.47,0.145,0.8025,0.379,0.2265,0.22
F,0.5899046063423157,0.48,0.14,0.991,0.4735,0.2345,0.24
F,0.605,0.4983842968940735,0.165418803691864,0.974,0.393,0.2802342474460602,0.3345
F,0.605,0.5066826343536377,0.18,1.3280397653579712,0.7285,0.28372588753700256,0.431
M,0.61,0.475,0.155,0.983,0.4565,0.228,0.266
F,0.61,0.465,0.16,1.0725,0.4835,0.2515,0.28
F,0.61,0.4772982895374298,0.15,1.2405,0.47846049070358276,0.2915,0.3085
M,0.61,0.47,0.16,1.022,0.449,0.2345,0.2945
F,0.61,0.475,0.16,1.1155,0.43425416946411133,0.223,0.379
I,0.61,0.465,0.125,0.9225,0.436,0.19,0.26
M,0.61,0.47,0.17,1.1378564834594727,0.5225,0.23730294406414032,0.31347793340682983
F,0.61,0.47811630368232727,0.15673784911632538,1.2795,0.5735,0.2855,0.355
M,0.615,0.47,0.16,1.0175,0.473,0.2395,0.28
M,0.615,0.4537912905216217,0.175,1.224,0.6035,0.261,0.311
I,0.62,0.485,0.18,1.154,0.4935,0.256,0.315
F,0.62,0.515,0.155,1.3255,0.6685,0.2605,0.335
F,0.62,0.515,0.175,1.221,0.45666855573654175,0.241,0.395
F,0.62,0.54,0.165,1.0018759965896606,0.4995,0.2435,0.357
I,0.62,0.49,0.16,1.066,0.446,0.246,0.305
F,0.62,0.48,0.18,1.2215,0.582,0.2695,0.313
I,0.62,0.47,0.14,0.8565,0.31135883927345276,0.16,0.295
I,0.62,0.45,0.135,0.924,0.358,0.2265,0.2965
M,0.62,0.48,0.15,1.0655332803726196,0.6285,0.2575,0.309
F,0.62,0.48,0.175,1.0405,0.464,0.2225,0.3
F,0.625,0.49,0.165,1.1165,0.4895,0.2615,0.3325
M,0.625,0.475,0.16,1.0845,0.41070398688316345,0.2355,0.3105
M,0.625,0.5,0.15576890110969543,1.0925867557525635,0.4645,0.22,0.354
I,0.625,0.47,0.155,1.1955,0.643,0.2055,0.3145
F,0.625,0.485,0.175,1.1051381826400757,0.6765,0.2615,0.3705
I,0.625,0.485,0.15,1.044,0.438,0.2865,0.25115731358528137
M,0.63,0.505,0.17,1.0915,0.4615,0.266,0.3
F,0.63,0.5,0.15777599811553955,1.1965,0.514,0.2325,0.3995
M,0.63,0.49,0.17,1.1745,0.5255,0.273,0.339
M,0.63,0.485,0.165,1.233,0.4153388440608978,0.2315,0.3035
M,0.6155181527137756,0.495,0.175,1.2695,0.605,0.271,0.3214336931705475
F,0.635,0.5,0.165,1.1963225603103638,0.715,0.3445,0.3615
M,0.6004942059516907,0.5,0.17,1.4345,0.611,0.309,0.418
F,0.635,0.49,0.175,1.2435,0.5805,0.313,0.305
F,0.635,0.49,0.17,1.2615,0.5385,0.2665,0.38
F,0.64,0.505,0.165,1.2235,0.5215,0.2695,0.36
M,0.64,0.515,0.18,1.247,0.5475,0.2925,0.3685
M,0.64,0.525,0.15437088906764984,1.707,0.763,0.4205,0.4435
M,0.645,0.505,0.15,1.1605,0.519,0.2615,0.335
M,0.645,0.5,0.15832304954528809,1.286,0.5645,0.2416822612285614,0.386
M,0.645,0.5,0.19,1.146628737449646,0.4627971351146698,0.3715,0.3845
M,0.645,0.51,0.16087424755096436,1.4745,0.46329841017723083,0.345,0.48
M,0.6060904264450073,0.51,0.195,1.226,0.5885,0.2215,0.31200480461120605
M,0.645,0.51,0.15144097805023193,1.33,0.6665,0.309,0.317
F,0.645,0.51,0.16,1.2415,0.45706915855407715,0.276,0.315
M,0.6181849241256714,0.5,0.175,1.3375,0.554,0.26234763860702515,0.3394533097743988
F,0.645,0.51,0.19,1.363,0.573,0.362,0.3219536244869232
M,0.645,0.485,0.15,1.2215,0.5695,0.2735,0.33
F,0.645,0.48,0.16359834372997284,1.2146050930023193,0.6925,0.2905,0.35
F,0.65,0.495,0.1582687646150589,1.337,0.615,0.3195,0.335
F,0.65,0.505,0.16038821637630463,1.274,0.59,0.23,0.391
M,0.65,0.525,0.185,1.488,0.665,0.337,0.30473822355270386
M,0.65,0.51,0.16,1.0695817470550537,0.6385,0.2905,0.3665
M,0.655,0.55,0.1576075404882431,1.1580270528793335,0.586,0.24530832469463348,0.365
F,0.655,0.51,0.15,1.043,0.4795,0.223,0.305
F,0.655,0.505,0.19,1.3485,0.5935,0.23765389621257782,0.425
F,0.5958221554756165,0.505,0.195,1.4405,0.688,0.3805,0.363
M,0.66,0.5,0.165,1.3195,0.42499688267707825,0.269,0.341
F,0.66,0.535,0.175,1.5175,0.711,0.3125,0.415
M,0.66,0.53,0.195,1.5505,0.43459004163742065,0.3295,0.495
M,0.66,0.51,0.1590307503938675,1.6375,0.7685,0.25016137957572937,0.3925
M,0.665,0.525,0.175,1.443,0.4877850413322449,0.23919959366321564,0.32449871301651
M,0.665,0.47589007019996643,0.16,1.289,0.6145,0.23668517172336578,0.3665
F,0.665,0.505,0.16,1.2915,0.631,0.24659843742847443,0.3095482885837555
M,0.665,0.52,0.175,1.3725,0.606,0.32,0.395
F,0.6314559578895569,0.5,0.175,1.2849388122558594,0.6075,0.314,0.315
M,0.67,0.505,0.16,1.0427675247192383,0.6255,0.311,0.308
M,0.67,0.52,0.165,1.39,0.42049941420555115,0.2865,0.3
F,0.6055795550346375,0.52,0.19,1.1540706157684326,0.5235,0.3095,0.4275
F,0.67,0.55,0.155,1.566,0.4707144498825073,0.2392578423023224,0.354
F,0.67,0.4906771183013916,0.195,1.619,0.74,0.26143020391464233,0.465
M,0.675,0.46687033772468567,0.16,1.2835,0.44863802194595337,0.2755,0.3545
F,0.5964420437812805,0.51,0.195,1.382,0.6045,0.3175,0.3965
M,0.6085906624794006,0.52,0.195,1.4535,0.592,0.24712659418582916,0.4125
F,0.68,0.51,0.2,1.6075,0.714,0.339,0.4705
M,0.685,0.52,0.15,1.3735,0.7185,0.293,0.32
F,0.685,0.565,0.175,1.1034654378890991,0.7775,0.375,0.438
F,0.5970865488052368,0.55,0.2,1.569,0.687,0.3675,0.46
M,0.6148926019668579,0.565,0.175,1.1669920682907104,0.8445,0.3935,0.54
F,0.7,0.535,0.175,1.773,0.6805,0.242157444357872,0.512
F,0.705,0.545,0.17,1.58,0.6435,0.4565,0.265
F,0.6169213056564331,0.575,0.215,2.009,0.9895,0.4475,0.502
F,0.71,0.57,0.195,1.3127601146697998,0.9925,0.27994945645332336,0.48
F,0.71,0.54,0.205,1.5805,0.802,0.287,0.435
M,0.6152209639549255,0.4962414801120758,0.16896243393421173,1.34896981716156,0.9215,0.454,0.566
M,0.5866553783416748,0.45752862095832825,0.2,1.8275,0.919,0.366,0.485
F,0.72,0.55,0.205,1.4046934843063354,1.1455,0.29640740156173706,0.3647213876247406
F,0.72,0.525,0.18,1.445,0.631,0.23437859117984772,0.435
F,0.6025614142417908,0.565,0.1619202345609665,2.1425,1.03,0.487,0.503
F,0.73,0.49943605065345764,0.19,1.2449226379394531,0.799,0.5195,0.5655
F,0.6403957009315491,0.5128076672554016,0.215,1.35527503490448,0.7275,0.403,0.557
F,0.74,0.49478450417518616,0.205,2.119,0.9655,0.5185,0.3472209572792053
F,0.6131917238235474,0.565,0.215,1.938,0.7735,0.4825,0.575
F,0.75,0.5527349710464478,0.19801869988441467,1.6299654245376587,0.7664695978164673,0.3706305921077728,0.4690583050251007
F,0.6449213027954102,0.5014780759811401,0.17286492884159088,2.5155,0.6566680073738098,0.6415,0.642
F,0.775,0.5692259669303894,0.25,2.7795,0.6620344519615173,0.76,0.45965877175331116
I,0.275,0.175,0.0743788331747055,0.2315,0.096,0.057,0.0705
I,0.375,0.245,0.1,0.394,0.166,0.091,0.1125
F,0.375,0.27,0.135,0.597,0.272,0.131,0.1675
M,0.39,0.28,0.09729444235563278,0.3449404239654541,0.3035,0.0955,0.143
I,0.435,0.3,0.12,0.5965,0.259,0.139,0.1645
M,0.445,0.32,0.12,0.414,0.199,0.09,0.117
I,0.455,0.335,0.105,0.422,0.229,0.0865,0.1
I,0.455,0.325,0.135,0.82,0.4005,0.07935487478971481,0.211
I,0.455,0.345,0.11,0.434,0.207,0.0855,0.1215
I,0.465,0.325,0.14,0.7615,0.362,0.1535,0.07392451167106628
M,0.465,0.36,0.09984659403562546,0.5795,0.295,0.1395,0.12
I,0.380237877368927,0.365,0.105,0.5205,0.195,0.123,0.182
M,0.485,0.37,0.155,0.968,0.419,0.2455,0.2365
I,0.485,0.345,0.16,0.7137336134910583,0.3085,0.185,0.319
F,0.49,0.355,0.16,0.8795,0.3485,0.215,0.2825
M,0.574379563331604,0.37,0.15,1.0615,0.494,0.223,0.296
M,0.515,0.35,0.155,0.9225,0.4185,0.198,0.273
M,0.515,0.395,0.135,1.007,0.472,0.2495,0.252
F,0.525,0.365,0.17,1.0871567726135254,0.438,0.2225,0.276
M,0.525,0.38,0.125,0.65,0.303,0.155,0.159
M,0.53,0.41,0.14,0.7545,0.3495,0.1715,0.2105
F,0.535,0.425,0.135,0.771,0.3765,0.1815,0.1795
I,0.5503321290016174,0.385,0.18,1.0835,0.4955,0.2295,0.304
I,0.5402191877365112,0.42,0.165,0.8935,0.4235,0.2195,0.228
F,0.545,0.415,0.2,1.358,0.567,0.318,0.403
F,0.545,0.385,0.15,1.1185,0.5425,0.2445,0.2845
F,0.55,0.38,0.165,1.205,0.543,0.294,0.3345
M,0.5950747728347778,0.42,0.16,1.3405,0.6325,0.311,0.344
M,0.57,0.4516006410121918,0.175,1.02,0.4805,0.2145,0.29
M,0.575,0.44,0.185,1.025,0.5075,0.2245,0.2485
I,0.575,0.45,0.12846311926841736,0.8145,0.403,0.1715,0.21164359152317047
F,0.58,0.43,0.17,1.48,0.6535,0.324,0.30704569816589355
M,0.585,0.4514024555683136,0.1497787982225418,0.953,0.3945,0.2685,0.258
I,0.585,0.45,0.15,0.8915,0.36723071336746216,0.2035,0.25543662905693054
M,0.6,0.495,0.175,1.3005,0.6195,0.22714665532112122,0.3285
M,0.6,0.47408702969551086,0.165,1.038,0.4975,0.2205,0.30481845140457153
F,0.605,0.475,0.175,1.1714729070663452,0.5575,0.3055,0.343
F,0.605,0.475,0.15,1.15,0.575,0.232,0.297
F,0.61,0.475,0.15,1.1135,0.5195,0.24379955232143402,0.30637478828430176
F,0.615,0.455,0.145,1.1155,0.5045,0.238,0.315
M,0.62,0.47,0.145,1.0865,0.511,0.2715,0.2565
M,0.625,0.49696895480155945,0.175,1.254,0.5487520694732666,0.26978498697280884,0.3457520604133606
M,0.5956793427467346,0.49,0.185,1.169,0.5275,0.2535,0.344
M,0.635,0.495,0.195,1.172,0.445,0.3115,0.2888273298740387
F,0.635,0.475,0.15,1.1845,0.533,0.307,0.291
F,0.64,0.475,0.14,1.0725,0.4895,0.2295,0.31
F,0.645,0.5,0.16,1.3815,0.672,0.2522481381893158,0.315
M,0.5836816430091858,0.45521026849746704,0.19,1.6125,0.777,0.3685,0.3965
M,0.65,0.485,0.16,1.7395,0.5715,0.2785,0.3075
F,0.655,0.52,0.15977096557617188,1.5475,0.713,0.314,0.466
M,0.655,0.4770522117614746,0.19,1.4245,0.6325,0.333,0.3117397725582123
F,0.665,0.515,0.185,1.3405,0.5595,0.23970359563827515,0.304787278175354
F,0.675,0.46434807777404785,0.175,1.4465,0.6775,0.33,0.389
F,0.685,0.535,0.175,1.5845,0.7175,0.24034444987773895,0.4215
F,0.695,0.55,0.185,1.679,0.805,0.4015,0.3965
M,0.6427651643753052,0.529279887676239,0.18471777439117432,1.5891013145446777,0.7170010805130005,0.436,0.4371545910835266
F,0.705,0.545,0.18,1.5395,0.6075,0.3675,0.29415613412857056
F,0.72,0.5042177438735962,0.195,1.3141589164733887,1.0715,0.2810869514942169,0.5015
M,0.72,0.56,0.18,1.5865,0.691,0.375,0.29865309596061707
F,0.73,0.575,0.17412999272346497,2.069,0.6489841341972351,0.31986069679260254,0.3969266414642334
I,0.185,0.135,0.04,0.027,0.0105,0.0055,0.009
I,0.24,0.2568618655204773,0.055,0.0555,0.0235,0.013,0.018
I,0.31,0.215,0.075,0.1275,0.0565,0.0275,0.036
I,0.34,0.26,0.085,0.1885,0.0815,0.0335,0.06
I,0.35,0.265,0.08,0.2,0.09,0.042,0.06
I,0.365,0.27,0.085,0.197,0.0815,0.0325,0.065
I,0.365,0.275,0.085,0.223,0.098,0.0375,0.075
I,0.365,0.27,0.075,0.2215,0.095,0.0445,0.07
I,0.39,0.31,0.105,0.2665,0.12212859839200974,0.0525,0.081
I,0.405,0.3,0.09,0.269,0.103,0.067,0.11
I,0.41,0.315,0.095,0.2805,0.114,0.0345,0.11
I,0.41,0.335,0.105,0.3305,0.1405,0.064,0.105
I,0.415,0.31,0.09,0.2815,0.1245,0.0615,0.085
I,0.415,0.31,0.1,0.2805,0.114,0.0565,0.0975
I,0.415,0.31,0.095,0.311,0.1125,0.0625,0.115
I,0.42,0.325,0.1,0.368,0.1675,0.0625,0.06313280761241913
I,0.43,0.34,0.1,0.3405,0.1395,0.0665,0.12
I,0.435,0.335,0.1,0.3245,0.135,0.0785,0.098
I,0.435,0.33,0.11,0.38,0.1515,0.0945,0.11
I,0.435,0.33,0.105,0.335,0.156,0.0555,0.105
I,0.41573581099510193,0.345,0.12,0.3215,0.13,0.056,0.1185
I,0.445,0.33,0.11,0.358,0.1525,0.067,0.1185
I,0.465,0.37,0.11,0.445,0.1635,0.06622569262981415,0.166
I,0.42237186431884766,0.375,0.12,0.487,0.196,0.099,0.135
I,0.475,0.34,0.105,0.4535,0.203,0.08,0.1465
I,0.485,0.385,0.13,0.568,0.2505,0.178,0.154
I,0.4287760555744171,0.36,0.12,0.4050098657608032,0.2465,0.1025,0.147
I,0.485,0.37,0.115,0.457,0.1885,0.0965,0.15
I,0.495,0.38,0.135,0.5095,0.2065,0.1165,0.165
I,0.495,0.38,0.145,0.5,0.205,0.148,0.14753742516040802
I,0.495,0.375,0.14,0.494,0.181,0.0975,0.191
I,0.5,0.38,0.11,0.40432435274124146,0.28,0.106,0.15
I,0.505,0.405,0.13,0.599,0.2245,0.1175,0.225
I,0.505,0.4,0.145,0.7045,0.334,0.1425,0.207
I,0.51,0.4,0.12,0.7005,0.347,0.1105,0.195
I,0.515,0.415,0.135,0.7125,0.285,0.152,0.245
I,0.4654901325702667,0.42,0.15,0.6725,0.2555,0.1335,0.235
M,0.515,0.385,0.11,0.5785,0.253,0.16,0.14
I,0.52,0.41,0.11,0.5185,0.2165,0.0915,0.184
I,0.52,0.415,0.14,0.6375,0.308,0.1335,0.168
I,0.52,0.395,0.125,0.5805,0.21525728702545166,0.146,0.165
I,0.52,0.38,0.115,0.6645,0.3285,0.17,0.1425
I,0.52,0.3232877850532532,0.115,0.581,0.2555,0.156,0.143
I,0.525,0.415,0.12,0.596,0.2805,0.12,0.1695
I,0.525,0.405,0.145,0.6965,0.3045,0.1535,0.21
I,0.525,0.4,0.145,0.6095,0.22366176545619965,0.159,0.175
I,0.45936498045921326,0.43,0.14,0.677,0.298,0.0965,0.23
I,0.53,0.43,0.16,0.7245,0.321,0.1275,0.24
I,0.53,0.395,0.13,0.575,0.247,0.115,0.183
I,0.53,0.405,0.12,0.632,0.2715,0.148,0.1875
I,0.535,0.455,0.14,1.0015,0.53,0.1765,0.244
F,0.54,0.425,0.16,1.0263601541519165,0.3675,0.2005,0.295
I,0.44433319568634033,0.395,0.11454163491725922,0.6555,0.2705,0.155,0.192
I,0.54,0.39,0.125,0.6255,0.2525,0.158,0.19
F,0.545,0.425,0.14,0.8145,0.305,0.231,0.244
I,0.545,0.43,0.12340887635946274,0.687,0.2615,0.1405,0.25
I,0.55,0.435,0.14,0.7995,0.295,0.1905,0.238
I,0.55,0.45,0.13,0.804,0.3375,0.1405,0.23
M,0.555,0.435,0.14,0.7495,0.341,0.1645,0.214
M,0.555,0.41,0.125,0.659619152545929,0.2345,0.1465,0.194
M,0.555,0.38259145617485046,0.13,0.7075,0.332,0.1585,0.18
F,0.5607873201370239,0.45,0.175,0.738,0.3335699141025543,0.1755,0.22
M,0.555,0.455,0.135,0.8008601665496826,0.382,0.171,0.235
I,0.56,0.445,0.165,0.832,0.3455,0.179,0.279
F,0.565,0.445,0.125,0.7536194324493408,0.3135,0.1785,0.23
M,0.5163021683692932,0.415,0.125,0.667,0.302,0.1545,0.17883744835853577
M,0.565,0.455,0.155,0.9355,0.4126613736152649,0.20843937993049622,0.26
I,0.565,0.435,0.145,0.8445,0.3975,0.158,0.255
M,0.565,0.45,0.16,0.895,0.415,0.195,0.246
I,0.565,0.46,0.155,0.8715,0.3755,0.215,0.25
M,0.596668004989624,0.46,0.155,1.0005,0.454,0.205,0.265
M,0.57,0.455,0.155,0.832,0.3585,0.174,0.277
F,0.5921153426170349,0.44,0.175,0.9415,0.3805,0.2285,0.283
M,0.57,0.415,0.13,0.9781460762023926,0.4275,0.1955,0.238
F,0.57,0.44,0.12,0.803,0.382,0.1525,0.234
M,0.575,0.45,0.13,0.785,0.318,0.193,0.2265
F,0.575,0.45,0.155,0.9765,0.495,0.2145,0.235
F,0.575,0.435,0.135,1.2372891902923584,0.432,0.2225,0.3369293212890625
M,0.575,0.455,0.155,1.0798884630203247,0.4262883961200714,0.2085,0.295
M,0.575,0.445,0.145,0.876,0.34726375341415405,0.1615,0.27
F,0.575,0.465,0.175,1.099,0.4735,0.2437056005001068,0.30858302116394043
I,0.5199671387672424,0.45,0.135,0.8715,0.45,0.162,0.225
I,0.5416286587715149,0.45,0.135,0.8245,0.3375,0.15639114379882812,0.239
F,0.575,0.43,0.155,0.7955,0.3485,0.1925,0.22
M,0.575,0.46571245789527893,0.145,0.857,0.3665,0.2080477923154831,0.269
F,0.58,0.45,0.195,0.8265,0.4035,0.173,0.225
F,0.58,0.5,0.165,0.925,0.37,0.185,0.3005
M,0.58,0.44,0.15,1.0465,0.518,0.2185,0.2795
I,0.58,0.44,0.145,0.7905,0.3525,0.1645,0.242
M,0.58,0.44,0.16,0.8295,0.3365,0.2005,0.2485
M,0.595,0.4553358554840088,0.15,0.9642685055732727,0.4315,0.201,0.223
F,0.6,0.45789390802383423,0.135,0.97,0.4655,0.1955,0.264
F,0.6,0.46,0.17,1.1805,0.456,0.337,0.32067036628723145
M,0.6,0.475,0.15,0.9669677019119263,0.386,0.2195,0.3105
F,0.6,0.465,0.16,1.133,0.466,0.2885,0.298
I,0.605,0.49,0.165,1.071,0.482,0.1935,0.23358675837516785
F,0.5704033970832825,0.455,0.145,0.862,0.334,0.1985,0.3
M,0.6067513227462769,0.47,0.18,1.1155,0.479,0.2565,0.3203848600387573
M,0.61,0.48,0.14,1.031,0.4375,0.1931295245885849,0.27
F,0.61,0.46,0.145,1.1185,0.47017791867256165,0.2406880408525467,0.2985
F,0.61,0.46,0.155,0.957,0.4255,0.20592425763607025,0.265
F,0.61,0.47,0.165,1.1785,0.566,0.2785,0.294
M,0.615,0.47,0.145,1.0285,0.4214000105857849,0.2825,0.285
M,0.615,0.47,0.15,1.087015986442566,0.44269222021102905,0.283,0.2685
F,0.615,0.495,0.16,1.255,0.5815,0.3195,0.3225
M,0.615,0.495,0.2,1.219,0.564,0.227,0.3885
M,0.62,0.49,0.16,1.035,0.44,0.2525,0.285
M,0.62,0.49,0.15,1.195,0.4605,0.2128211408853531,0.355
F,0.62,0.495,0.15181666612625122,1.062,0.372,0.213,0.34
M,0.6130191087722778,0.495,0.195,1.5145,0.5119053721427917,0.346,0.34311509132385254
F,0.62,0.47,0.1738406866788864,1.2899494171142578,0.587,0.4405,0.325
M,0.62,0.4530952572822571,0.155,1.0295,0.425,0.2315,0.335
M,0.625,0.495,0.155,1.0485,0.3932934105396271,0.212,0.3215
M,0.625,0.515,0.17,1.331,0.5725,0.3005,0.361
M,0.625,0.4788872003555298,0.185,1.1028788089752197,0.52,0.2405,0.3535
F,0.625,0.45816466212272644,0.16,1.09,0.46,0.2965,0.304
F,0.625,0.52,0.18,1.354,0.44342172145843506,0.351,0.375
F,0.625,0.47,0.145,0.984,0.475,0.2,0.265
M,0.63,0.49,0.155,1.2525,0.63,0.246,0.289
F,0.635,0.485,0.165,1.2695,0.5635,0.2372683882713318,0.3395
F,0.635,0.52,0.165,1.3405,0.4457896947860718,0.296,0.412
F,0.635,0.505,0.155,1.2895,0.594,0.314,0.345
M,0.635,0.525,0.15908090770244598,1.195,0.4681539833545685,0.24033766984939575,0.335
M,0.635,0.5,0.165,1.273,0.6535,0.22437193989753723,0.365
M,0.5815293192863464,0.45474013686180115,0.165,1.229,0.5055,0.2975,0.3535
M,0.5938631892204285,0.53,0.165,1.1895,0.4765,0.3,0.35
F,0.64,0.48,0.145,1.1145,0.508,0.24,0.34
F,0.64,0.515,0.165,1.3115,0.4945,0.2555,0.41
I,0.584376871585846,0.49,0.135,1.0141992568969727,0.488,0.2505,0.2925
M,0.64,0.49,0.155,1.1285,0.477,0.269,0.34
F,0.64,0.485,0.16228102147579193,1.4195,0.6735,0.3465,0.3255
F,0.645,0.51,0.17149725556373596,1.6195,0.7815,0.2933177053928375,0.4675
M,0.645,0.49,0.15292392671108246,1.32,0.6525,0.2375,0.31030815839767456
F,0.645,0.52,0.21,1.5535,0.616,0.3655,0.474
F,0.65,0.52,0.15,1.238,0.5495,0.296,0.3305
F,0.65,0.51,0.155,1.189,0.483,0.278,0.3645
F,0.65,0.51,0.185,1.375,0.4749917685985565,0.384,0.3985
F,0.5972811579704285,0.515,0.18,1.412,0.6195,0.2485,0.497
F,0.655,0.4651012420654297,0.175,1.348,0.5855,0.2605,0.394
M,0.655,0.4667314291000366,0.17,1.1445,0.4341880977153778,0.223,0.348
F,0.66,0.535,0.15716636180877686,1.4415,0.5925,0.2775,0.31485509872436523
M,0.66,0.51,0.175,1.218,0.4207581579685211,0.303,0.37
F,0.665,0.49070605635643005,0.16139067709445953,1.2475,0.4625,0.2955,0.34804975986480713
M,0.665,0.515,0.2,1.2695,0.5115,0.2675,0.436
F,0.665,0.525,0.18,1.429,0.6715,0.29,0.4
F,0.67,0.53,0.205,1.4015,0.643,0.2465,0.416
F,0.675,0.515,0.16158708930015564,1.312,0.556,0.2845,0.4115
F,0.675,0.51,0.185,1.200347900390625,0.49666935205459595,0.3025,0.4245
M,0.68,0.54,0.19,1.1382473707199097,0.7165,0.354,0.31770917773246765
M,0.68,0.54,0.155,1.534,0.43730732798576355,0.379,0.384
M,0.685,0.535,0.155,1.3845,0.41164541244506836,0.2145,0.4075
M,0.69,0.55,0.18,1.6915,0.4408867359161377,0.402,0.5
F,0.695,0.5375429391860962,0.1962265968322754,1.584129810333252,0.7118072509765625,0.3835,0.4464370012283325
F,0.7,0.575,0.205,1.773,0.4496596157550812,0.447,0.538
M,0.7,0.55,0.175,1.4405,0.4420527517795563,0.22130407392978668,0.375
M,0.7,0.55,0.195,1.6245,0.675,0.347,0.535
F,0.705,0.49667489528656006,0.22,1.866,0.929,0.2889556288719177,0.3569173812866211
F,0.6237725615501404,0.575,0.16651278734207153,1.6705,0.732,0.3605,0.35145944356918335
M,0.5978557467460632,0.565,0.15908882021903992,2.081,1.0815,0.4305,0.503
F,0.6033632755279541,0.57,0.1619722545146942,1.6195,0.744,0.315,0.488
F,0.75,0.55,0.195,1.8325,0.83,0.366,0.44
M,0.76,0.605,0.1629602462053299,2.173,0.5077807307243347,0.4915,0.3474176526069641
I,0.135,0.13,0.04,0.029,0.0125,0.0065,0.008
I,0.16,0.11,0.025,0.0195,0.0075,0.005,0.006
I,0.21,0.15,0.055,0.0465,0.017,0.012,0.015
I,0.28,0.21,0.075,0.2153446078300476,0.053,0.0265,0.03
I,0.28,0.2,0.065,0.0895,0.036,0.04029129445552826,0.03
I,0.285,0.215,0.06,0.0935,0.031,0.023,0.03
I,0.29,0.21,0.07,0.1115,0.048,0.0205,0.03
I,0.29,0.21,0.06,0.1195,0.056,0.0235,0.03
I,0.29,0.21,0.065,0.097,0.0375,0.022,0.03
I,0.32,0.24,0.07,0.133,0.0585,0.0255,0.041
I,0.325,0.25,0.07,0.1745,0.0875,0.0355,0.04
I,0.335,0.25,0.08,0.1695,0.0695,0.044,0.0495
I,0.35,0.235,0.08,0.17,0.0725,0.0465,0.0495
I,0.35,0.25,0.07,0.1605,0.0715,0.0335,0.046
I,0.355,0.27,0.105,0.271,0.1425,0.0525,0.0735
I,0.36,0.27,0.085,0.2185,0.1065,0.038,0.062
I,0.36,0.27,0.085,0.196,0.0905,0.034,0.053
I,0.375,0.28,0.08,0.226,0.105,0.047,0.065
I,0.375,0.275,0.085,0.22,0.109,0.05,0.0605
I,0.395,0.29,0.095,0.3,0.158,0.068,0.078
I,0.405,0.25,0.09,0.2875,0.128,0.063,0.0805
I,0.415,0.2897154986858368,0.11,0.316,0.1385,0.0795,0.0925
I,0.425,0.315,0.095,0.3675,0.1865,0.0675,0.0985
I,0.43,0.32,0.11,0.3675,0.1675,0.102,0.05633672699332237
I,0.435,0.325,0.12,0.346,0.159,0.084,0.095
M,0.45,0.31046122312545776,0.105,0.4955,0.2575,0.082,0.129
I,0.46,0.35,0.11,0.4675,0.2125,0.099,0.1375
M,0.47,0.365,0.135,0.522,0.2395,0.1525,0.145
I,0.47,0.375,0.105,0.441,0.167,0.0865,0.145
I,0.475,0.365,0.12,0.5185,0.268,0.1095,0.1365
M,0.505,0.39,0.12,0.653,0.3315,0.1385,0.167
M,0.505,0.395,0.135,0.5915,0.288,0.1315,0.185
M,0.505,0.385,0.12085505574941635,0.4825,0.21,0.1035,0.1535
I,0.51,0.455,0.135,0.6855,0.3142470419406891,0.154,0.20012304186820984
M,0.515,0.4,0.14,0.6335,0.288,0.145,0.168
M,0.525,0.41,0.13,0.6875,0.3435,0.1495,0.1765
F,0.53,0.43,0.15,0.741,0.325,0.16421067714691162,0.196
F,0.53,0.405,0.13,0.6355,0.2635,0.1565,0.185
M,0.545,0.44,0.14,0.8395,0.356,0.1905,0.2385
F,0.55,0.47,0.15,0.9205,0.381,0.2435,0.2751449644565582
F,0.56,0.41,0.16,0.8215,0.342,0.184,0.253
M,0.565,0.445,0.145,0.9255,0.4345,0.212,0.2475
F,0.57,0.435,0.15,0.8295,0.3875,0.156,0.245
M,0.58,0.46,0.16,1.063,0.4250781536102295,0.2705,0.2625
M,0.59,0.465,0.165,1.115,0.5165,0.273,0.275
F,0.6,0.45,0.14,0.837,0.37,0.177,0.2425
M,0.605,0.445,0.14,0.982,0.4295,0.2085,0.295
F,0.61,0.49,0.16,1.112,0.465,0.228,0.341
F,0.625,0.47970083355903625,0.18,1.3485,0.4748412072658539,0.252,0.3925
M,0.66,0.515,0.195,1.0833176374435425,0.7345,0.353,0.386
I,0.255,0.19,0.06,0.086,0.04,0.0185,0.025
I,0.27,0.195,0.065,0.1065,0.0475,0.0225,0.0285
I,0.28,0.215,0.08,0.132,0.072,0.022,0.033
I,0.285,0.215,0.07,0.1075,0.051,0.04111018776893616,0.027
I,0.32,0.255,0.085,0.1745,0.072,0.033,0.048492562025785446
I,0.325,0.24,0.07,0.152,0.0565,0.0305,0.054
I,0.385,0.28,0.1,0.2755,0.1305,0.061,0.0725
I,0.395,0.295,0.1,0.293,0.14,0.062,0.082
F,0.4,0.305,0.16,0.368,0.173,0.0705,0.105
I,0.405,0.31,0.09,0.312,0.138,0.06,0.087
I,0.415,0.305,0.12,0.336,0.165,0.076,0.0805
I,0.42,0.315,0.115,0.355,0.1895,0.065,0.087
I,0.44,0.2969433665275574,0.115,0.379,0.162,0.091,0.11
I,0.445,0.32,0.12,0.378,0.152,0.0825,0.12
M,0.45,0.35,0.10383958369493484,0.4655,0.2075,0.1045,0.135
F,0.455,0.4712444543838501,1.13,1.0277729034423828,0.332,0.116,0.31878453493118286
M,0.46,0.345,0.12,0.4935,0.2435,0.1175,0.132
M,0.4202297031879425,0.345,0.11,0.4595,0.235,0.0885,0.116
M,0.465,0.36,0.11,0.4955,0.2665,0.085,0.121
I,0.465,0.355,0.09,0.4325,0.2005,0.074,0.1275
F,0.49806222319602966,0.38,0.14,0.689,0.3165,0.16557474434375763,0.20628634095191956
I,0.48,0.35,0.135,0.5465,0.2735,0.0995,0.158
M,0.485,0.39,0.135,0.617,0.25,0.1345,0.1635
I,0.49,0.37,0.11,0.538,0.271,0.1035,0.139
M,0.45859336853027344,0.39,0.135,0.7815,0.361,0.1575,0.2385
F,0.5,0.38,0.14,0.6355,0.277,0.143,0.1785
M,0.505,0.385,0.13,0.6435,0.3135,0.149,0.1515
M,0.525,0.385,0.1,0.5115,0.246,0.1005,0.1455
I,0.535,0.42,0.125,0.738,0.355,0.1895,0.1795
F,0.535,0.42,0.13,0.699,0.3125,0.1565,0.2035
F,0.46381935477256775,0.385,0.14,0.7655,0.3265,0.116,0.2365
F,0.54,0.42,0.13,0.7505,0.368,0.1555633246898651,0.1845
F,0.545,0.43,0.16,0.844,0.3945,0.1855,0.231
M,0.55,0.44070154428482056,0.13,0.8705,0.404388427734375,0.2115,0.213
I,0.55,0.42,0.115,0.668,0.2925,0.137,0.209
F,0.565,0.44,0.135,0.83,0.393,0.1735,0.238
M,0.58,0.45,0.12,0.8685,0.418,0.1475,0.2605
F,0.58,0.435,0.15,0.839,0.3485,0.207,0.192
F,0.6084727048873901,0.485,0.15,1.079,0.4145,0.2531626522541046,0.356
M,0.595,0.465,0.15,0.919,0.4335,0.1765,0.262
F,0.6,0.4592534899711609,0.19,1.1345,0.492,0.2595,0.3375
F,0.61,0.43,0.143270343542099,0.909,0.438,0.2,0.22
M,0.61,0.48,0.165,1.2435,0.5575,0.2675,0.372
F,0.616533637046814,0.49,0.16,1.056,0.493,0.244,0.30584731698036194
F,0.645,0.495,0.15,1.2095,0.45514732599258423,0.2225,0.339
F,0.65,0.5,0.14,1.238,0.6165,0.2355,0.30537649989128113
F,0.665,0.525,0.21,1.644,0.818,0.3395,0.4275
F,0.685,0.55,0.1859320104122162,1.475240707397461,0.6542063355445862,0.3232603669166565,0.40685081481933594
F,0.69,0.4764178991317749,0.1568632870912552,1.2525,0.73,0.3975,0.462
F,0.705,0.57,0.16069382429122925,1.761,0.747,0.3725,0.32534074783325195
F,0.71,0.4786641597747803,0.15,1.3165,0.6835,0.24686650931835175,0.28
M,0.6032583713531494,0.48079031705856323,0.22,1.224611759185791,0.9155,0.448,0.479
F,0.6887466311454773,0.533796489238739,0.18169133365154266,2.1,0.7896270751953125,0.3955298066139221,0.4775864779949188
F,0.73,0.555,0.18,1.6895,0.6555,0.1965,0.2723923623561859
F,0.6622915863990784,0.5380133390426636,0.22,1.5500110387802124,0.7067747116088867,0.358458936214447,0.44544142484664917
F,0.505,0.39,0.115,0.66,0.3045,0.1555,0.175
M,0.53,0.425,0.13,0.7455,0.2995,0.1355,0.245
F,0.505,0.385,0.115,0.616,0.243,0.1075,0.21
I,0.405,0.305,0.09,0.2825,0.114,0.0575,0.095
M,0.415,0.3,0.1,0.3355,0.1545,0.0685,0.095
M,0.5,0.39,0.145,0.651,0.273,0.132,0.22
M,0.425,0.33,0.08,0.361,0.134,0.0825,0.125
M,0.47,0.35,0.1,0.4775,0.1885,0.0885,0.175
F,0.4,0.31,0.115,0.3465,0.1475,0.0695,0.115
I,0.37,0.29,0.1,0.25,0.1025,0.0505,0.05564538761973381
M,0.5,0.38,0.155,0.66,0.2655,0.1365,0.215
I,0.41,0.31,0.11,0.315,0.124,0.05323854088783264,0.095
M,0.375,0.29,0.1,0.276,0.1175,0.0565,0.085
F,0.49,0.3499012887477875,0.125,0.5395,0.2175,0.128,0.165
M,0.585,0.48,0.185,1.04,0.434,0.265,0.285
M,0.595,0.455,0.155,1.041,0.416,0.2105,0.365
F,0.675,0.55,0.18,1.6885,0.5002461671829224,0.25820061564445496,0.33713674545288086
M,0.638805627822876,0.535,0.18074172735214233,1.406482458114624,0.6416187882423401,0.3061618208885193,0.38965335488319397
M,0.62,0.49,0.17,1.2105,0.4219094216823578,0.2555,0.335
I,0.325,0.25,0.055,0.166,0.076,0.051,0.045
I,0.455,0.355,0.08,0.452,0.2165,0.0995,0.125
M,0.525,0.3541722893714905,0.13,0.7185,0.3265,0.1975,0.175
I,0.385,0.29,0.09,0.232,0.0855,0.0495,0.08
I,0.13,0.095,0.035,0.0105,0.005,0.0065,0.0035
I,0.18,0.13,0.045,0.0275,0.0125,0.01,0.009
I,0.31,0.225,0.05,0.1445,0.0675,0.0385,0.045
F,0.375,0.29,0.08,0.282,0.1405,0.0725,0.08
F,0.48,0.38,0.12,0.608,0.2705,0.1405,0.185
I,0.455,0.37,0.09619110822677612,0.433,0.201,0.1265,0.145
M,0.425,0.325,0.1,0.3295,0.14264872670173645,0.0725,0.11
I,0.475,0.36,0.11,0.4555,0.177,0.0965,0.145
F,0.435,0.35,0.12,0.4585,0.192,0.1,0.13
F,0.29,0.21,0.075,0.275,0.113,0.0675,0.035
M,0.385,0.295,0.095,0.335,0.147,0.094,0.09
M,0.47,0.375,0.115,0.4265,0.1685,0.0755,0.15
F,0.5,0.4,0.12824200093746185,0.5765,0.2395,0.126,0.185
I,0.4,0.31,0.1,0.127,0.106,0.071,0.085
M,0.62,0.51,0.175,1.1505,0.4375,0.2265,0.4
M,0.595,0.47,0.15,0.8915,0.359,0.2105,0.245
M,0.585,0.455,0.14,0.97,0.462,0.21044595539569855,0.295
M,0.32,0.24,0.08,0.18,0.08,0.0385,0.055
F,0.52,0.41,0.125,0.6985,0.2945,0.1625,0.215
M,0.44,0.35,0.11,0.4585,0.2,0.0885,0.13
F,0.44,0.33,0.115,0.4005,0.143,0.113,0.12
M,0.565,0.425,0.1,0.7145,0.3055,0.166,0.18
F,0.5695309042930603,0.425,0.125,0.932,0.361,0.213,0.335
F,0.59,0.455,0.175,0.966,0.391,0.2455,0.31
F,0.57,0.465,0.18,0.9995,0.405,0.277,0.295
F,0.68,0.53,0.205,1.2935068607330322,0.5401595830917358,0.2802303731441498,0.465
F,0.45,0.36,0.125,0.5065,0.222,0.105,0.16
I,0.32,0.24,0.075,0.1735,0.076,0.0355,0.05
I,0.46,0.35,0.11,0.3945,0.1685,0.0865,0.125
M,0.47,0.37,0.105,0.3960070013999939,0.2025,0.1015,0.155
M,0.455,0.35,0.105,0.401,0.1575,0.083,0.135
F,0.415,0.325,0.115,0.3455,0.1405,0.0765,0.11
M,0.465,0.35,0.12,0.5205,0.2015,0.1625,0.185
M,0.46,0.375,0.135,0.4935,0.186,0.0845,0.17
M,0.415,0.31,0.09,0.3245,0.1305,0.0735,0.115
M,0.27,0.195,0.07,0.106,0.0465,0.018,0.036
M,0.445,0.355,0.11,0.4415,0.1805,0.1035,0.1505
F,0.6463412046432495,0.5063580870628357,0.16929568350315094,1.966,0.6638725996017456,0.437,0.41986581683158875
F,0.4,0.3,0.115,0.3025,0.1335,0.0465,0.0935
I,0.28,0.2,0.075,0.1225,0.0545,0.0115,0.035
M,0.55,0.44,0.135,0.879,0.368,0.19180727005004883,0.265
M,0.58,0.46,0.165,1.2275,0.473,0.1965,0.435
F,0.61,0.5,0.165,1.2715,0.4915,0.185,0.29529717564582825
M,0.62,0.495,0.15467607975006104,1.806,0.643,0.3285,0.725
M,0.56,0.42,0.195,0.8085,0.3025,0.1795,0.285
F,0.64,0.48331329226493835,0.2,1.1565675735473633,0.61,0.3315,0.41
M,0.69,0.5026201605796814,0.2,1.8465,0.5697309970855713,0.28008702397346497,0.3557021915912628
F,0.715,0.565,0.17160186171531677,1.3250268697738647,0.7245,0.29020506143569946,0.885
F,0.6250386238098145,0.4913085401058197,0.16894814372062683,1.817,0.785,0.492,0.49
F,0.55,0.47,0.15,0.897,0.377,0.184,0.29
M,0.375,0.305,0.09,0.3245,0.1395,0.0565,0.095
F,0.61,0.4749230146408081,0.16,1.1166491508483887,0.414,0.311,0.3
I,0.38,0.28,0.085,0.2735,0.115,0.061,0.085
F,0.37,0.275,0.085,0.2405,0.104,0.0535,0.07
M,0.335,0.235,0.085,0.1545,0.066,0.0345,0.045
I,0.165,0.115,0.015,0.0145,0.0055,0.003,0.005
M,0.285,0.21,0.075,0.1185,0.055,0.0285,0.04
I,0.19,0.13,0.03,0.0295,0.0155,0.015,0.01
I,0.215,0.15,0.03,0.0385,0.0115,0.005,0.01
M,0.595,0.465,0.125,0.799,0.3245,0.2,0.23
F,0.5935680270195007,0.5,0.17,1.1845,0.4805,0.274,0.355
M,0.575,0.46402257680892944,0.185,0.925,0.4042712152004242,0.197,0.35
F,0.57,0.45,0.17,1.098,0.414,0.187,0.405
F,0.58,0.45,0.235,1.071,0.3,0.206,0.2461143583059311
F,0.595,0.47451305389404297,0.2,1.131561040878296,0.46118873357772827,0.2035,0.3407105803489685
F,0.595,0.47,0.16022402048110962,1.283,0.462,0.2475,0.32437950372695923
F,0.625,0.42,0.165,1.0595,0.358,0.165,0.445
F,0.535,0.42,0.165,0.9195,0.3355,0.1985,0.26
M,0.55,0.43,0.14441826939582825,0.9295,0.317,0.1735,0.2690429091453552
M,0.495,0.4,0.155,0.8085,0.2345,0.1155,0.35
I,0.32,0.235,0.08,0.1485,0.064,0.031,0.045
M,0.445,0.34,0.12,0.4475,0.193,0.1035,0.13
F,0.52,0.4,0.125,0.6865,0.295,0.1715,0.185
M,0.495,0.385,0.135,0.6335,0.2,0.1224188283085823,0.26
M,0.47,0.37,0.135,0.547,0.16245126724243164,0.1325,0.17
F,0.49,0.37,0.14,0.585,0.243,0.115,0.195
M,0.58,0.47,0.165,0.927,0.3215,0.1985,0.315
M,0.645,0.495,0.185,1.4935,0.43691685795783997,0.2785,0.455
F,0.575,0.485,0.165,1.0405,0.419,0.264,0.3
I,0.215,0.17,0.055,0.0605,0.0205,0.014,0.02
I,0.43,0.325,0.11,0.3675,0.1355,0.0935,0.12
I,0.26,0.215,0.08,0.099,0.037,0.0255,0.045
I,0.37,0.28,0.09,0.233,0.0905,0.0545,0.07
I,0.405,0.305,0.105,0.3625,0.1565,0.0705,0.125
I,0.27,0.19,0.08,0.081,0.0265,0.0195,0.03
F,0.68,0.55,0.2,1.596,0.525,0.4075,0.2944910228252411
F,0.65,0.515,0.195,1.4005,0.5195,0.36,0.44
F,0.645,0.4965704381465912,0.215,1.232384204864502,0.4265,0.267164021730423,0.51
M,0.57,0.405,0.15334627032279968,0.9245,0.3445,0.2185,0.295
M,0.615,0.48,0.19,1.36,0.5305,0.2375,0.47
M,0.42,0.345,0.10141871869564056,0.43,0.175,0.096,0.13
I,0.275,0.22,0.08,0.1365,0.0565,0.0285,0.042
F,0.29,0.225,0.075,0.14,0.0515,0.0235,0.04
M,0.42,0.30617865920066833,0.115,0.4215,0.175,0.093,0.135
F,0.625,0.48187804222106934,0.215,1.113306999206543,0.5115,0.2595,0.665
F,0.55,0.465,0.18,1.2125,0.3245,0.205,0.525
M,0.66,0.505,0.16123752295970917,1.1438602209091187,0.4865,0.297,0.61
F,0.565,0.47,0.195,1.142,0.4938466548919678,0.258,0.33441630005836487
F,0.595,0.495,0.235,1.366,0.5065,0.219,0.2758508026599884
F,0.63,0.51,0.23,1.27384352684021,0.5635,0.2750399708747864,0.57
F,0.43,0.325,0.12,0.445,0.165,0.0995,0.155
F,0.455,0.35,0.14,0.5725,0.1965,0.1325,0.10863486677408218
I,0.33,0.26,0.08,0.19,0.0765,0.0385,0.065
F,0.515,0.415,0.13,0.764,0.276,0.196,0.25
M,0.576444149017334,0.39,0.15,0.853,0.3285,0.22238072752952576,0.27
F,0.485,0.36085668206214905,0.145,0.5885,0.2385,0.1155,0.19
F,0.535,0.46,0.145,0.7875,0.31946346163749695,0.2005,0.2
F,0.58,0.48556554317474365,0.175,1.035,0.49412935972213745,0.1865,0.385
F,0.5878661870956421,0.525,0.195,1.352,0.4505,0.2445,0.53
F,0.555,0.455,0.18,0.958,0.296,0.21061281859874725,0.39
F,0.55,0.4159777760505676,0.145,0.797,0.297,0.15,0.265
M,0.5766103267669678,0.475,0.155,0.857,0.37211307883262634,0.174,0.28
I,0.355,0.28,0.11,0.2235,0.0815,0.0525,0.08
I,0.275,0.2,0.075,0.086,0.0305,0.019,0.03
F,0.505,0.39,0.175,0.692,0.267,0.15,0.215
M,0.37,0.28,0.095,0.2225,0.0805,0.051,0.075
F,0.555,0.43,0.165,0.7575,0.2735,0.1635,0.275
F,0.505,0.4,0.165,0.729,0.2675,0.16188545525074005,0.25
F,0.56,0.44316256046295166,0.18,0.903,0.3575,0.2045,0.295
M,0.595,0.475,0.17,1.0965,0.4393463134765625,0.229,0.3062884211540222
F,0.57,0.45,0.165,0.903,0.3305,0.1845,0.295
M,0.6,0.4508739411830902,0.175,1.229,0.4125,0.2735,0.415
F,0.56,0.435,0.185,1.106,0.422,0.2435,0.33
M,0.585,0.465,0.19,1.171,0.3905,0.2355,0.4
I,0.46,0.335,0.11,0.444,0.1398768573999405,0.0745,0.11
I,0.46,0.36,0.115,0.4755,0.2105,0.105,0.16
M,0.415,0.315,0.125,0.388,0.068,0.09,0.125
I,0.435,0.32,0.12,0.3785,0.152,0.0915,0.125
F,0.475,0.38,0.135,0.486,0.1735,0.07,0.185
M,0.465,0.36,0.13,0.5265,0.2105,0.1185,0.165
I,0.355,0.28,0.1,0.2275,0.0935,0.0455,0.085
M,0.46,0.375,0.14,0.5105,0.192,0.1045,0.205
F,0.38,0.325,0.11,0.3105,0.12,0.074,0.105
F,0.47,0.365,0.12,0.543,0.2295,0.0871850997209549,0.15
M,0.36,0.27,0.09,0.2225,0.083,0.053,0.075
F,0.5864201188087463,0.455,0.16079172492027283,0.998,0.345,0.2495,0.315
M,0.655,0.59,0.2,1.0547291040420532,0.654,0.3765,0.415
M,0.6,0.485,0.175,1.2675,0.4995,0.2815,0.38
F,0.57,0.46,0.17,1.1,0.4125,0.2205,0.38
F,0.6272984147071838,0.5,0.17047709226608276,1.3374333381652832,0.639,0.305,0.36
M,0.6003289818763733,0.495,0.18,1.793,0.8005,0.339,0.53
M,0.51,0.395,0.145,0.6185,0.22704820334911346,0.1385,0.24
M,0.52,0.38,0.135,0.5825,0.2505,0.1565,0.175
M,0.495,0.415,0.165,0.7485,0.264,0.134,0.285
M,0.43,0.335,0.115,0.406,0.166,0.0935,0.135
F,0.59,0.465,0.16,1.1005,0.506,0.2525,0.295
M,0.55,0.46,0.175,0.869,0.3155,0.1825,0.32
M,0.585,0.44149115681648254,0.16,0.955,0.3625,0.176,0.27
F,0.58,0.455,0.16,0.9215,0.312,0.196,0.3
F,0.62,0.51,0.15,1.456,0.581,0.2875,0.32
I,0.59,0.45,0.16,0.893,0.2745,0.2185,0.345
F,0.72,0.5160365104675293,0.215,2.226,0.6208407282829285,0.3024459779262543,0.62
F,0.635,0.51,0.175,1.2125,0.5735,0.261,0.36
F,0.61,0.48,0.175,1.0675,0.42202043533325195,0.216,0.42
F,0.545,0.445,0.175,0.8525,0.3465,0.21479432284832,0.295
M,0.57,0.45,0.16,0.8615,0.3725,0.2175,0.2647312581539154
F,0.6,0.475,0.18,1.162,0.511,0.2675,0.32
F,0.52,0.41,0.17,0.8705,0.3735,0.219,0.25
M,0.635,0.46413078904151917,0.15267671644687653,1.598,0.6535,0.2835,0.58
F,0.67,0.52,0.15,1.406,0.519,0.348,0.37
F,0.6835031509399414,0.57,0.18663831055164337,1.552113652229309,0.751,0.3553716540336609,0.685
M,0.655,0.525,0.185,1.259,0.487,0.2215,0.445
F,0.62,0.48,0.16635844111442566,1.2341527938842773,0.5014775991439819,0.245,0.36849910020828247
F,0.6,0.475,0.18,1.1805,0.4345,0.2475,0.2854878008365631
M,0.51,0.405,0.13,0.7175,0.3725,0.158,0.17
M,0.525,0.405,0.1300659328699112,0.7575,0.3305,0.216,0.195
M,0.44,0.375,0.13,0.487,0.17063187062740326,0.0965,0.155
I,0.485,0.415,0.14,0.5705,0.25,0.134,0.185
F,0.495,0.385,0.13,0.6905,0.3125,0.179,0.175
I,0.435,0.345,0.12,0.4475,0.221,0.053388290107250214,0.125
I,0.405,0.315,0.105,0.347,0.1605,0.0785,0.1
I,0.42,0.33,0.1,0.352,0.1635,0.089,0.1
F,0.5,0.395,0.15,0.7145,0.3235,0.173,0.195
F,0.385,0.305,0.105,0.3315,0.1365,0.0745,0.1
I,0.33,0.265,0.09,0.18,0.068,0.036,0.06
F,0.58,0.475,0.155,0.974,0.4305,0.23,0.285
I,0.325,0.27,0.1,0.185,0.08,0.0435,0.065
M,0.475,0.375,0.12,0.563,0.2525,0.1205,0.185
F,0.38,0.3,0.09,0.3215,0.1545,0.075,0.095
I,0.34,0.26,0.09,0.179,0.076,0.0525,0.055
M,0.525,0.425,0.12,0.702,0.3335,0.1465,0.22
F,0.52,0.415,0.145,0.8045,0.3325,0.1725,0.285
F,0.535,0.45,0.135,0.8075,0.322,0.17418211698532104,0.25
M,0.475,0.36,0.12,0.578,0.2825,0.12,0.17
I,0.415,0.325,0.1,0.385,0.167,0.08,0.125
I,0.47072136402130127,0.385,0.125,0.5538527965545654,0.2755,0.1395772099494934,0.165
F,0.48,0.405,0.13,0.6375,0.277,0.1445,0.21
F,0.52,0.425,0.15,0.813,0.385,0.2015,0.23
M,0.46,0.375,0.11096089333295822,0.5735,0.2505,0.09883680194616318,0.195
F,0.58,0.47461989521980286,0.12,1.095908522605896,0.399,0.257,0.265
M,0.59,0.45105308294296265,0.135,1.008,0.422,0.2245,0.285
F,0.55,0.415,0.135,0.775,0.302,0.179,0.26
F,0.65,0.5,0.165,1.1445,0.485,0.218,0.365
F,0.465,0.375,0.135,0.6,0.2225,0.129,0.23
M,0.455,0.355,0.13,0.515,0.2,0.1275,0.175
M,0.43767404556274414,0.375,0.13,0.5795,0.2145,0.164,0.195
I,0.435,0.35,0.11,0.384,0.143,0.1005,0.125
M,0.35,0.265,0.11,0.2965,0.1365,0.063,0.085
I,0.315,0.24,0.07,0.137,0.0545,0.0315,0.04
M,0.5679886937141418,0.44601839780807495,0.145,0.991,0.4035,0.1505,0.34
F,0.5657599568367004,0.475,0.135,0.925,0.391,0.165,0.275
F,0.575,0.435,0.15,0.805,0.293,0.1625,0.27
M,0.535,0.43671637773513794,0.155,0.8915,0.3415,0.177,0.25
M,0.515,0.42,0.14,0.769,0.2505,0.154,0.29
F,0.505,0.396720290184021,0.135,0.6185,0.251,0.13870692253112793,0.2
F,0.505,0.395,0.145,0.6515,0.2695,0.153,0.205
I,0.4,0.31,0.1,0.2875,0.1145,0.0635,0.095
M,0.49,0.395,0.135,0.5545,0.213,0.0925,0.215
M,0.53,0.435,0.135,0.7365,0.3275,0.1315,0.22
I,0.395,0.325,0.105,0.306,0.111,0.0735,0.095
F,0.665,0.4865184724330902,0.19,1.1467974185943604,0.5775,0.2815,0.475
F,0.415,0.305,0.105,0.3605,0.12,0.082,0.1
M,0.43,0.345,0.115,0.3045,0.0925,0.055,0.12505459785461426
M,0.475,0.395,0.135,0.592,0.2465,0.10038448125123978,0.2
F,0.525,0.425,0.145,0.7995,0.3345,0.209,0.24
I,0.48,0.39,0.145,0.5825,0.2315,0.121,0.255
I,0.40602877736091614,0.345,0.115,0.3435,0.1515,0.0795,0.115
M,0.59,0.46,0.155,0.906,0.327,0.1485,0.335
F,0.515,0.42,0.135,0.6295,0.2815,0.127,0.215
M,0.6007316708564758,0.55,0.22,1.1195374727249146,0.566,0.3835,0.445
F,0.67535001039505,0.5260158777236938,0.195,1.5816856622695923,0.7238118052482605,0.59,0.43643924593925476
M,0.61,0.49,0.15007799863815308,1.103,0.425,0.2025,0.36
F,0.565,0.48,0.175,0.957,0.3885,0.215,0.275
M,0.56,0.455,0.165,0.9369557499885559,0.4015,0.20197618007659912,0.245
M,0.5950079560279846,0.485,0.15965434908866882,1.62,0.6275,0.358,0.485
M,0.64,0.52,0.16400489211082458,1.234789490699768,0.5025503039360046,0.304,0.455
F,0.59,0.47,0.17,0.9,0.355,0.1905,0.25
I,0.31,0.24,0.09,0.1455,0.0605,0.0315,0.045
I,0.255,0.185,0.07,0.075,0.028,0.018,0.025
I,0.17,0.125,0.055,0.0235,0.009,0.0055,0.008
M,0.67,0.55,0.17,1.247,0.472,0.2455,0.4
F,0.71,0.565,0.195,1.1590772867202759,0.4577256441116333,0.3365,0.565
F,0.56,0.43,0.125,0.8025,0.313,0.1715,0.263
M,0.505,0.4,0.13,0.764,0.3035,0.189,0.2175
M,0.525,0.43,0.165,0.8645,0.376,0.1945,0.2515
F,0.45,0.36,0.105,0.3623140752315521,0.2035,0.0935,0.149
F,0.515,0.435,0.17,0.631,0.2765,0.111,0.216
M,0.5804118514060974,0.475,0.16,0.9455,0.3815,0.2072685956954956,0.27
M,0.6040054559707642,0.53,0.19,1.3185,0.4459652602672577,0.233,0.42
F,0.72,0.56,0.175,1.7265,0.637,0.3415,0.525
M,0.635,0.495,0.15,0.9926074147224426,0.4825,0.242,0.31
M,0.555,0.44,0.135,0.9025,0.3805,0.2105,0.28
F,0.575,0.4823557436466217,0.1631973534822464,1.1415,0.4515,0.204,0.4
M,0.585,0.455,0.125,1.027,0.391,0.212,0.25
F,0.5906457304954529,0.485,0.21,1.3445,0.535,0.2205,0.515
F,0.645,0.525,0.2,1.449,0.601,0.2565,0.505
F,0.545,0.44,0.175,0.7745,0.2985,0.1875,0.265
M,0.55,0.41157066822052,0.155,0.7895,0.343,0.159,0.25
F,0.66,0.525,0.205,1.3665,0.5005,0.291,0.41
M,0.57,0.475,0.1488681584596634,1.0295,0.4635,0.1905,0.305
F,0.6,0.47,0.2,1.031,0.392,0.2035,0.29
F,0.63,0.505,0.165,1.065,0.4595,0.216,0.25813615322113037
F,0.6472206115722656,0.5142041444778442,0.23,1.885,0.8665,0.3112439811229706,0.5
M,0.65,0.545,0.16,1.2425,0.487,0.296,0.48
F,0.6383103132247925,0.595,0.17097574472427368,1.969,0.5852859020233154,0.423,0.66
I,0.56,0.44,0.17,0.9052876830101013,0.3545,0.19659283757209778,0.3
I,0.42,0.325,0.115,0.354,0.1625,0.064,0.07010388374328613
M,0.18,0.125,0.05,0.023,0.0085,0.0055,0.01
F,0.405,0.325,0.11,0.3575,0.145,0.0725,0.11
F,0.5,0.405,0.15,0.5965,0.253,0.126,0.185
I,0.435,0.335,0.11,0.383,0.1555,0.0675,0.135
M,0.4028335213661194,0.275,0.09,0.2065,0.0725,0.043,0.07
F,0.43,0.34,0.11,0.382,0.154,0.0955,0.109
I,0.535,0.41,0.155,0.6315,0.2745,0.1415,0.1815
I,0.415,0.325,0.115,0.3285,0.13204993307590485,0.051,0.106
F,0.36,0.265,0.09,0.2165,0.096,0.037,0.0735
M,0.175,0.135,0.04,0.0305,0.011,0.0075,0.01
M,0.155,0.115,0.025,0.024,0.009,0.005,0.0075
I,0.525,0.43,0.15,0.7365,0.3225,0.161,0.215
F,0.525,0.39,0.135,0.6005,0.2265,0.131,0.21
F,0.44,0.345,0.105,0.4285,0.14504750072956085,0.083,0.132
F,0.42677149176597595,0.345,0.115,0.496,0.1905,0.117,0.14
F,0.485,0.365,0.14,0.6195,0.2595,0.1445,0.11744238436222076
I,0.47,0.35,0.135,0.567,0.2315,0.1465,0.1525
I,0.515,0.375,0.14,0.6505,0.2495,0.141,0.2215
M,0.42,0.34,0.125,0.4495,0.165,0.1125,0.144
I,0.455,0.35,0.125,0.4485,0.1585,0.102,0.1335
M,0.37,0.29,0.09,0.241,0.11,0.045,0.069
M,0.33,0.25,0.09,0.197,0.085,0.041,0.0605
I,0.3,0.22,0.09,0.1425,0.057,0.0335,0.043
F,0.625,0.46,0.16,1.178130030632019,0.55,0.273,0.38
I,0.61,0.475,0.17,0.9153050184249878,0.4435,0.241,0.32
I,0.625,0.465,0.155,0.972,0.404,0.1845,0.35
I,0.635,0.505,0.19,1.3315,0.39336225390434265,0.252,0.435
I,0.5,0.385,0.155,0.762,0.3795,0.161,0.19
F,0.53,0.43,0.17,0.775,0.35,0.152,0.235
I,0.445,0.33,0.1,0.437,0.163,0.0755,0.06520265340805054
F,0.585,0.415,0.155,0.6985,0.3,0.146,0.195
I,0.44,0.355,0.165,0.435,0.159,0.105,0.14
M,0.29,0.225,0.08,0.1295,0.0535,0.026,0.045
I,0.555,0.4094690978527069,0.17,0.8435,0.309,0.1905,0.3
I,0.655,0.515,0.145,1.25,0.5265,0.283,0.315
F,0.58,0.46,0.185,1.017,0.3515,0.2,0.2528405487537384
I,0.625,0.43,0.175,1.411,0.572,0.23054900765419006,0.2871565520763397
F,0.62,0.485,0.17,1.208,0.4805,0.3045,0.33
F,0.5837027430534363,0.5,0.15,1.0705,0.371,0.2705,0.36
F,0.505,0.375,0.115,0.5895,0.2635,0.12,0.167
I,0.5,0.395,0.12,0.537,0.2165,0.1085,0.1785
M,0.31,0.245,0.095,0.15,0.0525,0.034,0.048
F,0.505,0.38,0.11570826917886734,0.651,0.2935,0.19,0.17
I,0.42,0.305,0.11,0.28,0.094,0.0785,0.0955
M,0.4,0.315,0.105,0.287,0.1135,0.037,0.113
M,0.425,0.315,0.125,0.3525,0.1135,0.0565,0.13
M,0.31,0.235,0.06,0.12,0.0415,0.033,0.04
F,0.465,0.35,0.13,0.494,0.1945,0.103,0.155
F,0.465,0.36,0.12,0.4765,0.192,0.1125,0.16
M,0.38993382453918457,0.255,0.085,0.2145,0.1,0.0465,0.06
I,0.5018154978752136,0.415,0.16,0.595,0.2105,0.142,0.18916559219360352
F,0.475,0.365,0.13,0.4805,0.1905,0.114,0.1288011521100998
F,0.41,0.35175183415412903,0.11,0.321,0.1255,0.0655,0.14146742224693298
M,0.26,0.2,0.065,0.096,0.044,0.027,0.03
I,0.575,0.4122968912124634,0.17,0.9315,0.358,0.2145,0.26
F,0.565,0.435,0.155,0.782,0.3631690740585327,0.168,0.285
M,0.26,0.19,0.075,0.0945,0.0445,0.02,0.03
F,0.53,0.385,0.125,0.6695,0.289,0.151,0.18
M,0.34,0.255,0.095,0.213,0.081,0.034,0.07
I,0.52,0.38,0.11294197291135788,0.525,0.1775,0.115,0.185
F,0.635,0.47601163387298584,0.18,1.312,0.529,0.2485,0.3128925561904907
F,0.61,0.485,0.165,1.0299814939498901,0.4255,0.232,0.38
F,0.66,0.48703864216804504,0.18,1.1480776071548462,0.54,0.3365,0.555
I,0.635,0.43142229318618774,0.18,1.319,0.5485,0.292,0.49
F,0.465,0.38,0.135,0.579,0.208,0.1095,0.22
M,0.515,0.4,0.13921770453453064,0.8175,0.2515,0.156,0.3
I,0.335,0.24,0.095,0.17,0.062,0.039,0.055
F,0.515,0.4,0.17,0.796,0.258,0.1755,0.28
F,0.345,0.255,0.1,0.197,0.071,0.051,0.06
I,0.465,0.355,0.125,0.5255,0.2025,0.135,0.145
M,0.54,0.415,0.17,0.9143363833427429,0.339,0.208,0.255
M,0.475,0.355,0.125,0.4625,0.17161884903907776,0.107,0.145
F,0.445,0.335,0.14,0.4565,0.1785,0.114,0.14
M,0.5,0.355,0.14,0.528,0.2125,0.149,0.14
M,0.5,0.38,0.11748580634593964,0.5835,0.2295,0.1265,0.18
F,0.55,0.435,0.17,0.884,0.2875,0.1645,0.28
I,0.275,0.205,0.08,0.096,0.036,0.0185,0.03
F,0.35,0.265,0.09,0.1855,0.0745,0.0415,0.06
F,0.37,0.285,0.105,0.27,0.1125,0.0585,0.0835
F,0.42,0.33,0.125,0.463,0.186,0.11,0.145
M,0.35,0.26,0.09,0.198,0.0725,0.06602944433689117,0.06
I,0.395,0.305,0.105,0.282,0.0975,0.065,0.096
I,0.3521553874015808,0.2,0.08,0.0995,0.0395,0.0225,0.032
I,0.275,0.2,0.065,0.092,0.0385,0.0235,0.027
I,0.235,0.17,0.065,0.0625,0.023,0.014,0.022
I,0.25,0.18,0.06,0.073,0.028,0.017,0.0225
I,0.25,0.185,0.065,0.071,0.027,0.0185,0.0225
I,0.2,0.145,0.05,0.036,0.0125,0.008,0.011
F,0.5988034009933472,0.47,0.17,1.1103013753890991,0.3975,0.2325,0.358
M,0.4464801251888275,0.35,0.14,0.527330219745636,0.2025,0.158,0.19
F,0.5,0.385,0.13,0.768,0.2625,0.095,0.27
M,0.44,0.325,0.08,0.413,0.144,0.1015,0.13
M,0.515,0.405,0.14,0.8505,0.312,0.146,0.315
F,0.52,0.405,0.14,0.6915,0.276,0.137,0.215
M,0.4501180946826935,0.3532479405403137,0.13,0.709,0.275,0.168,0.18
M,0.425,0.325,0.12,0.3755,0.142,0.1065,0.105
F,0.51,0.415,0.14,0.8185,0.3025,0.2155,0.235
F,0.37,0.275,0.08,0.227,0.093,0.0625,0.07
M,0.54,0.415,0.1486995667219162,0.8245,0.272,0.18776722252368927,0.24
M,0.615,0.475,0.17,1.1825,0.474,0.2895,0.24
M,0.565,0.44,0.175,1.122,0.393,0.2,0.375
M,0.645,0.4771437346935272,0.175,1.6115,0.6745,0.24226367473602295,0.385
F,0.615,0.47,0.175,1.2985,0.5135,0.23826667666435242,0.32
M,0.605,0.49,0.15326367318630219,1.3,0.517,0.3285,0.31
F,0.5875194072723389,0.455,0.165,1.161,0.38,0.2455,0.28
M,0.5964522957801819,0.485,0.1592535525560379,1.489,0.5915,0.312,0.38
M,0.5926978588104248,0.4756568670272827,0.155,1.1668084859848022,0.377,0.193,0.34
F,0.47,0.355,0.18,0.441,0.1525,0.1165,0.135
F,0.5,0.3863585591316223,0.155,0.742,0.2025,0.2005,0.2115
F,0.52,0.4096467196941376,0.145,0.7,0.207,0.1905,0.22218170762062073
M,0.39,0.285,0.095,0.271,0.11,0.06,0.08
M,0.52,0.4,0.165,0.8565,0.2745,0.201,0.25458523631095886
F,0.54,0.415,0.175,0.8975,0.275,0.241,0.275
M,0.46,0.36,0.135,0.6105,0.1955,0.08613380789756775,0.235
I,0.355,0.27676302194595337,0.09,0.1925,0.077,0.038,0.065
F,0.49,0.4,0.145,0.6635,0.21,0.1295,0.2515
F,0.63,0.4902515411376953,0.185,1.1950650215148926,0.5115,0.349,0.3065
M,0.5,0.385,0.145,0.7615,0.246,0.195,0.204
M,0.49,0.39,0.135,0.592,0.242,0.096,0.1835
M,0.44,0.325,0.115,0.39,0.163,0.087,0.113
F,0.515,0.395,0.165,0.7565,0.1905,0.17,0.3205
F,0.475,0.38,0.145,0.57,0.167,0.118,0.187
I,0.42,0.31,0.1,0.2865,0.115,0.0735,0.085
M,0.4,0.305,0.13,0.2935,0.096,0.0675,0.105
M,0.45,0.36,0.16,0.5139778852462769,0.174,0.1245,0.225
F,0.52,0.4,0.13,0.6245,0.215,0.2065,0.17
M,0.505,0.4,0.155,0.8415,0.39462172985076904,0.1775,0.285
I,0.495,0.4,0.14,0.7775,0.2015,0.18,0.25
M,0.54,0.41,0.145,0.989,0.2815,0.213,0.2748759388923645
F,0.48,0.39,0.125,0.6905,0.219,0.155,0.2
F,0.33,0.26,0.08,0.2,0.0625,0.05,0.07
I,0.285,0.21,0.07,0.109,0.044,0.0265,0.033
I,0.3,0.23,0.075,0.127,0.052,0.03,0.0345
I,0.31,0.24,0.105,0.2885,0.118,0.065,0.083
I,0.34,0.255,0.075,0.18,0.0745,0.04,0.0525
I,0.375,0.3,0.075,0.144,0.059,0.03,0.044
I,0.415,0.325,0.1,0.4665,0.2285,0.04388079047203064,0.114
I,0.415,0.315,0.105,0.33,0.1405,0.0705,0.095
I,0.415,0.315,0.09,0.3625,0.11243905872106552,0.0835,0.093
I,0.42,0.2892098128795624,0.1,0.34,0.1745,0.05,0.0945
I,0.425,0.31,0.105,0.365,0.159,0.0825,0.105
M,0.465,0.375,0.11,0.5,0.21,0.113,0.10950133949518204
F,0.465,0.35,0.135,0.6265,0.259,0.1445,0.175
I,0.47,0.37,0.11,0.5555,0.25,0.05340813100337982,0.163
F,0.47,0.375,0.12,0.6015,0.2765,0.1455,0.135
I,0.475,0.365,0.12,0.53,0.2505,0.0975,0.1625
M,0.48,0.37,0.135,0.6315,0.3445,0.1015,0.161
M,0.5,0.4,0.13,0.5419068932533264,0.23719076812267303,0.16,0.211
I,0.505,0.39,0.185,0.6125,0.267,0.142,0.172
M,0.525,0.425,0.14244253933429718,0.872,0.4625,0.2166862040758133,0.199
M,0.54,0.42,0.12266179174184799,0.8115,0.392,0.1455,0.2235
M,0.545,0.4473327398300171,0.14358755946159363,0.8795,0.387,0.15,0.2625
F,0.5949391722679138,0.44,0.15,0.983,0.4475,0.2355,0.2485
M,0.58,0.46,0.18,1.145,0.42775124311447144,0.277,0.325
M,0.59,0.455,0.16,1.09,0.5,0.2215,0.292
M,0.59,0.48,0.16,1.262,0.5685,0.2725,0.335
M,0.595,0.49,0.185,1.053601861000061,0.4095243811607361,0.2015,0.361
F,0.6,0.475,0.135,1.4405,0.5885,0.191,0.3175
F,0.6,0.5,0.155,1.332,0.6235,0.2835,0.35
F,0.6,0.485,0.1567952036857605,1.1476174592971802,0.587,0.2175,0.288
M,0.605,0.475,0.175,1.201,0.5395,0.275,0.3037470579147339
F,0.625,0.49,0.155,1.33,0.6675,0.259,0.2955969274044037
M,0.63,0.5,0.185,1.362,0.5785,0.3125,0.384
M,0.64,0.585,0.195,1.1398206949234009,0.7225,0.23855510354042053,0.471
F,0.6538332104682922,0.5,0.17890188097953796,1.5222471952438354,0.593,0.314,0.41181135177612305
F,0.655,0.545,0.165,1.6225,0.6555,0.299,0.513
I,0.6047763228416443,0.525,0.215,1.1645008325576782,0.6725,0.3615,0.3131082355976105
M,0.66,0.535,0.1621766984462738,1.1842280626296997,0.733,0.318,0.54
F,0.6352314352989197,0.555,0.205,1.925,0.713,0.2907613217830658,0.3532322943210602
F,0.675,0.55,0.175,1.689,0.694,0.371,0.474
F,0.6251669526100159,0.55,0.1645873486995697,1.659,0.8715,0.2655,0.3465426564216614
F,0.6503382921218872,0.53,0.17598770558834076,2.0475,0.75,0.4195,0.398159921169281
F,0.7,0.525,0.19,1.6015,0.707,0.365,0.43
F,0.6344989538192749,0.57,0.16907432675361633,2.0165,0.5852773189544678,0.418,0.435
I,0.205,0.15,0.065,0.04,0.02,0.011,0.013
I,0.225,0.17,0.07,0.0565,0.024,0.013,0.016
I,0.23,0.18,0.05,0.064,0.0215,0.0135,0.02
I,0.275,0.195,0.07,0.0875,0.0345,0.022,0.0255
I,0.28,0.21,0.055,0.106,0.0415,0.0265,0.031
I,0.28,0.22,0.08,0.1315,0.066,0.024,0.03
I,0.295,0.22,0.07,0.126,0.0515,0.0275,0.035
I,0.31,0.225,0.075,0.155,0.065,0.037,0.0365
I,0.315,0.235,0.07,0.149,0.058,0.0325,0.047
I,0.34,0.265,0.07,0.185,0.0625,0.0395,0.07
I,0.37,0.29,0.08,0.2545,0.108,0.0565,0.07
I,0.38,0.285,0.085,0.237,0.115,0.0405,0.07
I,0.39,0.295,0.1,0.279,0.1155,0.059,0.05600350722670555
I,0.405,0.31,0.065,0.3205,0.1575,0.066,0.088
I,0.415,0.325,0.1,0.3335,0.1445,0.0715,0.06292259693145752
I,0.44,0.335,0.11,0.3885,0.175,0.0835,0.111
I,0.44,0.345,0.115,0.545,0.269,0.111,0.1305
I,0.44,0.325,0.1,0.4165,0.185,0.0865,0.05768647417426109
I,0.44,0.355,0.12,0.495,0.1307079792022705,0.11,0.125
I,0.45,0.35,0.125,0.4775,0.2235,0.089,0.118
I,0.45,0.35,0.12,0.468,0.2005,0.1065,0.1325
F,0.455,0.35,0.12,0.4555,0.1945,0.1045,0.1375
F,0.46,0.35,0.115,0.46,0.2025,0.1115,0.1165
I,0.46,0.345,0.12,0.4155,0.198,0.0885,0.107
I,0.46,0.345,0.115,0.4215,0.1895,0.102,0.111
I,0.465,0.355,0.11,0.474,0.23,0.1005,0.07149352133274078
M,0.465,0.34,0.105,0.486,0.231,0.1035,0.08759161829948425
I,0.475,0.385,0.11,0.5735,0.311,0.1025,0.136
I,0.475,0.355,0.105,0.468,0.201,0.1115,0.12
M,0.48,0.37,0.1,0.5135,0.18103550374507904,0.1015,0.135
M,0.5,0.375,0.145,0.6215,0.274,0.166,0.1485
I,0.5,0.31907251477241516,0.11,0.494,0.218,0.09,0.1325
I,0.505,0.385,0.12,0.6005,0.239,0.142,0.185
M,0.515,0.395,0.12,0.646,0.285,0.1365,0.172
M,0.4975530505180359,0.3844624161720276,0.135,0.7945,0.394,0.189,0.202
M,0.525,0.425,0.125,0.812,0.4035,0.1705,0.195
F,0.53,0.42,0.17,0.828,0.41,0.208,0.1505
M,0.53,0.41,0.12337866425514221,0.681,0.3095,0.1415,0.1835
F,0.53,0.405,0.15,0.889,0.4055,0.2275,0.215
M,0.54,0.435,0.14049434661865234,0.7345,0.33,0.1595,0.22381876409053802
F,0.55,0.425,0.125,0.964,0.5475,0.159,0.215
F,0.555,0.425,0.14,0.963,0.44,0.224,0.24
F,0.57,0.445,0.15,0.995,0.504,0.185,0.2505
F,0.57,0.435,0.14,0.8585,0.3905,0.196,0.2295
F,0.575,0.45,0.155,0.948,0.429,0.206,0.259
F,0.58,0.445,0.145,0.888,0.41,0.1815,0.2425
F,0.585,0.45,0.16,0.9045,0.405,0.2215,0.2335
M,0.59,0.465,0.14,1.046,0.4695,0.263,0.263
F,0.595,0.47,0.15885265171527863,1.1775,0.542,0.269,0.31
F,0.595,0.465,0.15,1.0765,0.491,0.22,0.287
F,0.595,0.465,0.15,1.0255,0.412,0.2745,0.289
F,0.6,0.46,0.145,0.9325,0.3985,0.2245,0.248
F,0.6,0.4633632302284241,0.15,1.235,0.6025,0.274,0.29
F,0.6,0.46,0.15,1.247,0.5335,0.2735,0.29
M,0.61,0.48,0.15,1.0681883096694946,0.43494343757629395,0.274,0.264
F,0.615,0.485,0.16,1.1575,0.5005,0.2495,0.315
F,0.615,0.5,0.165,1.327,0.47659242153167725,0.3015,0.32252776622772217
M,0.615,0.47,0.155,1.2,0.5085,0.32,0.292
F,0.5939059853553772,0.51,0.175,1.2705,0.5415,0.323,0.3225
F,0.62,0.485,0.1583559811115265,1.2155,0.545,0.253,0.3188752830028534
F,0.62,0.475,0.16,1.3245,0.6865,0.233,0.3275
M,0.6175050735473633,0.48,0.17,1.3555,0.671,0.268,0.32303863763809204
F,0.625,0.47326958179473877,0.165,1.127,0.477,0.2365,0.3185
F,0.625,0.49,0.15111704170703888,1.1075,0.4485,0.2165,0.293618768453598
F,0.63,0.495,0.2,1.4255,0.659,0.336,0.30081072449684143
F,0.63,0.495,0.145,1.147,0.5455,0.22085797786712646,0.2885
M,0.63,0.48,0.15281261503696442,1.286,0.604,0.271,0.35
F,0.635,0.502986490726471,0.18,1.596,0.617,0.27845773100852966,0.37
F,0.635,0.495,0.195,1.297,0.556,0.2985,0.37
F,0.6394992470741272,0.49,0.16,1.251,0.5355,0.2801322340965271,0.3165
M,0.645,0.5,0.175,1.1537680625915527,0.6735,0.24247969686985016,0.3775
F,0.6002697944641113,0.5,0.185,1.4415,0.741,0.2955,0.341
M,0.67,0.52,0.19,1.090501308441162,0.8115,0.369,0.391
F,0.6130629181861877,0.4848939776420593,0.205,1.933,0.7855,0.429,0.498
M,0.6517655253410339,0.535173773765564,0.19194379448890686,1.602732539176941,0.7725,0.3536691665649414,0.42514124512672424
F,0.6139920949935913,0.55,0.155,1.8495,0.767,0.442,0.4175
F,0.6775413751602173,0.528775155544281,0.175,1.742,0.696,0.34888648986816406,0.42007699608802795
F,0.7,0.4958844780921936,0.205,1.7975,0.7295,0.2872396409511566,0.35495781898498535
F,0.6656219363212585,0.5309244990348816,0.18396982550621033,1.63383150100708,0.7416354417800903,0.5005,0.4732871949672699
M,0.765,0.5286763310432434,0.18238845467567444,1.4996771812438965,1.128,0.3180115222930908,0.39327889680862427
F,0.77,0.6,0.18217980861663818,1.5158593654632568,1.0515,0.32409432530403137,0.3941967487335205
I,0.22,0.16,0.05,0.049,0.08791642636060715,0.01,0.015
I,0.275,0.205,0.07,0.1055,0.495,0.019,0.0315
I,0.29,0.21,0.06,0.1045,0.0415,0.022,0.035
I,0.33,0.24,0.075,0.163,0.0745,0.033,0.048
I,0.355,0.285,0.095,0.2275,0.0955,0.0475,0.0715
I,0.375,0.29,0.1,0.219,0.0925,0.038,0.075
I,0.415,0.315,0.1,0.3645,0.1765,0.0795,0.095
I,0.425,0.33,0.115,0.3265,0.1315,0.077,0.103
I,0.425,0.34,0.1,0.3515,0.1625,0.082,0.094
I,0.43,0.32,0.1,0.3465,0.1635,0.08,0.09
I,0.44,0.34,0.1,0.407,0.209,0.0735,0.103
I,0.44,0.335,0.115,0.4215,0.173,0.0765,0.113
I,0.46,0.345,0.11,0.3755,0.1525,0.058,0.125
I,0.46,0.37,0.12,0.5335,0.2645,0.108,0.1345
I,0.465,0.355,0.105,0.442,0.2085,0.0975,0.1185
I,0.475,0.365,0.1,0.1315,0.2025,0.0875,0.123
I,0.475,0.375,0.115,0.5205,0.233,0.119,0.1455
I,0.485,0.375,0.13,0.5535,0.266,0.112,0.157
I,0.49,0.375,0.125,0.5445,0.279,0.115,0.13
M,0.49,0.3272324800491333,0.11,0.554,0.2935,0.1005,0.15
I,0.495,0.38,0.12,0.512,0.233,0.1205,0.136
I,0.5,0.39,0.125,0.583,0.294,0.132,0.1605
M,0.4380825459957123,0.38,0.12,0.5765,0.273,0.135,0.145
M,0.505,0.4,0.135,0.723,0.377,0.149,0.14859449863433838
I,0.51,0.395,0.155,0.5395,0.2465,0.1085,0.167
I,0.51,0.385,0.15,0.625,0.3095,0.119,0.1725
I,0.43942877650260925,0.4,0.125,0.5925,0.265,0.1175,0.168
I,0.52,0.395,0.135,0.633,0.2985,0.10891658067703247,0.175
F,0.545,0.43,0.13329122960567474,0.832,0.4355,0.17,0.201
M,0.545,0.386040598154068,0.145,0.778,0.3745,0.1545,0.205
M,0.545,0.42,0.12,0.7865,0.403,0.185,0.17
F,0.545,0.4,0.14,0.778,0.368,0.215,0.18
I,0.55,0.42,0.13,0.636,0.2566568851470947,0.144,0.1755
F,0.55,0.44,0.13706883788108826,0.8435,0.434,0.1995,0.185
I,0.457771360874176,0.425,0.13,0.648,0.2835,0.133,0.2105
M,0.565,0.43,0.13,0.784,0.3495,0.1885,0.213
F,0.57,0.45,0.18,0.908,0.4015,0.217,0.255
M,0.57,0.45,0.15230797231197357,1.02,0.43522578477859497,0.204,0.25
F,0.57,0.43,0.16,0.811,0.3875,0.159,0.21851597726345062
F,0.575,0.48,0.15,0.897,0.4235,0.1905,0.23994672298431396
M,0.58,0.455,0.13,0.852,0.41,0.1725,0.225
F,0.6069187521934509,0.45,0.15,0.938,0.467,0.203,0.225
F,0.585,0.435,0.14,0.6955,0.3085,0.129,0.2245
M,0.59,0.47,0.13190847635269165,0.861,0.413,0.164,0.249
M,0.6118943691253662,0.46,0.14,1.1304500102996826,0.496,0.2165,0.26
F,0.59,0.46,0.16,1.0115,0.445,0.2615,0.2565
F,0.595,0.465,0.15,1.1005,0.5415,0.166,0.265
M,0.595,0.47,0.165,1.108,0.4915,0.2325,0.3345
M,0.595,0.46,0.14,0.852,0.4215,0.2255,0.227
F,0.6,0.5142228603363037,0.17368559539318085,1.9875,1.005,0.31465280055999756,0.491
F,0.605,0.48,0.15,1.079,0.4505,0.2835,0.293
F,0.615,0.475,0.15412679314613342,1.055,0.543,0.246,0.2345
M,0.615,0.45,0.15,1.198,0.707,0.2095,0.2945173382759094
F,0.615,0.47,0.155,1.084,0.5885,0.209,0.246
M,0.615,0.475,0.15750925242900848,1.1124756336212158,0.4635,0.3095,0.2725
M,0.62,0.49,0.155,1.0243401527404785,0.505,0.2475,0.31
M,0.62,0.48,0.15045848488807678,1.1015,0.4965,0.243,0.305
F,0.625,0.495,0.185,1.1858464479446411,0.49179786443710327,0.3005,0.345
F,0.625,0.49,0.155,1.115,0.484,0.277,0.3095
M,0.625,0.48,0.145,1.085,0.4645,0.21319550275802612,0.28525492548942566
M,0.63,0.505,0.15,1.3165,0.6325,0.2465,0.37
M,0.6023395657539368,0.51,0.175,1.3415,0.6575,0.262,0.375
M,0.63,0.465,0.13825903832912445,1.027,0.37038472294807434,0.188,0.176
F,0.645,0.4831293821334839,0.16,1.1845,0.5147722959518433,0.311,0.335
M,0.645,0.45156949758529663,0.15,1.192,0.6055,0.2595,0.285
F,0.645,0.52,0.18,1.1295965909957886,0.5775,0.352,0.317
F,0.65,0.47024276852607727,0.125,1.1805,0.5235,0.283,0.3275
M,0.65,0.52,0.15877120196819305,1.1564147472381592,0.47071734070777893,0.2775,0.336
F,0.6109752058982849,0.535,0.175,1.164589762687683,0.6095,0.2765,0.344
M,0.6009962558746338,0.51,0.155,1.407,0.7215,0.298,0.335
F,0.65,0.49,0.155,1.122,0.545,0.228,0.3055
M,0.66,0.515,0.15242379903793335,1.4465,0.694,0.298,0.3755
F,0.665,0.505,0.165,1.349,0.5985,0.3175,0.36
F,0.67,0.5,0.2,1.269,0.576,0.2985,0.3130403757095337
F,0.67,0.51,0.18,1.68,0.926,0.2839118540287018,0.3563057780265808
F,0.675,0.55,0.19,1.551,0.4426489770412445,0.3685,0.412
M,0.68,0.45572003722190857,0.165,1.4775,0.724,0.279,0.406
M,0.6074082851409912,0.4802129566669464,0.18,1.529,0.7635,0.3115,0.33322256803512573
F,0.6430971622467041,0.525,0.175,1.7585,0.8745,0.3615,0.3509284555912018
M,0.7,0.55,0.2,1.523,0.42136523127555847,0.306,0.4405
F,0.725,0.53,0.19,1.1001609563827515,0.83,0.398,0.405
F,0.725,0.55,0.2,1.51,0.8735,0.2579571604728699,0.5085
M,0.735,0.57,0.175,1.88,0.4402821958065033,0.387,0.488
F,0.6473925113677979,0.5104184746742249,0.22,1.4751042127609253,0.6423351168632507,0.5265,0.41304099559783936
M,0.75,0.5288329124450684,0.1824411004781723,1.4990942478179932,1.0615,0.3177852928638458,0.393245667219162
I,0.19,0.14,0.03,0.0315,0.0125,0.005,0.0105
I,0.21,0.15,0.045,0.04,0.0135,0.008,0.0105
I,0.25,0.175,0.06,0.0635,0.0275,0.008,0.02
I,0.29,0.215,0.065,0.0985,0.0425,0.021,0.031
I,0.335,0.25,0.08,0.167,0.0675,0.0325,0.0575
I,0.34,0.245,0.085,0.2015,0.1005,0.038,0.053
I,0.345,0.255,0.095,0.30907154083251953,0.075,0.0385,0.08962267637252808
I,0.355,0.255,0.08,0.187,0.078,0.0505,0.058
I,0.36,0.26,0.08,0.1795,0.074,0.0315,0.06
I,0.37,0.275,0.09,0.2065,0.096,0.0469970777630806,0.058
I,0.375,0.29,0.14,0.3,0.14,0.0625,0.0825
I,0.375,0.275,0.095,0.2295,0.095,0.0545,0.066
I,0.385,0.3,0.125,0.343,0.1705,0.0735,0.081
I,0.385,0.285,0.085,0.244,0.1215,0.0445,0.068
I,0.395,0.32,0.1,0.3075,0.149,0.0535,0.09
I,0.4,0.305,0.1,0.3415,0.176,0.0625,0.0865
I,0.405,0.305,0.1,0.271,0.0965,0.061,0.091
I,0.405,0.31,0.11,0.91,0.416,0.2075,0.0995
I,0.405,0.305,0.1,0.268,0.1145,0.053,0.085
I,0.405,0.3,0.09,0.2885,0.138,0.0635,0.0765
I,0.41,0.315,0.1,0.3,0.124,0.0575,0.1
I,0.41,0.325,0.11,0.326,0.1325,0.075,0.101
I,0.415,0.335,0.1,0.358,0.169,0.067,0.105
I,0.42,0.29722851514816284,0.115,0.314,0.1295,0.0635,0.1
I,0.42,0.315,0.11,0.4025,0.1855,0.083,0.1015
I,0.43,0.34,0.11,0.3645,0.159,0.0855,0.105
I,0.4073754549026489,0.36,0.11,0.4235,0.182,0.0765,0.14
M,0.45,0.325,0.115,0.4305,0.2235,0.0785,0.1155
I,0.45,0.335,0.095,0.3505,0.1615,0.0625,0.1185
I,0.455,0.34,0.115,0.486,0.261,0.0655,0.1315
I,0.46,0.35,0.1,0.471,0.252,0.077,0.123
I,0.46,0.345,0.105,0.415,0.187,0.087,0.11
I,0.475,0.355,0.115,0.5195,0.279,0.05595044046640396,0.1325
M,0.48,0.375,0.12,0.5895,0.1582799106836319,0.128,0.172
I,0.485,0.38,0.125,0.5215,0.2215,0.118,0.16
I,0.485,0.365,0.14,0.4475,0.1895,0.0925,0.13105612993240356
I,0.49,0.365,0.125,0.5585,0.252,0.126,0.1615
I,0.505,0.385,0.125,0.596,0.18829190731048584,0.097,0.21
I,0.505,0.38,0.135,0.46774041652679443,0.2645,0.095,0.165
I,0.51,0.385,0.145,0.7665,0.3985,0.14,0.1805
F,0.515,0.395,0.135,0.516,0.2015,0.132,0.162
M,0.515,0.41,0.14,0.7355,0.3065,0.137,0.2
I,0.515,0.39,0.11,0.531,0.2415,0.098,0.1615
I,0.525,0.385,0.13,0.6828845143318176,0.295968234539032,0.15930651128292084,0.195
F,0.525,0.415,0.15,0.7055,0.329,0.147,0.199
I,0.525,0.4,0.11051904410123825,0.6445,0.345,0.1285,0.2
I,0.525,0.375,0.12,0.6315,0.3045,0.114,0.19
M,0.535,0.43,0.155,0.7845,0.3285,0.169,0.245
F,0.545,0.44,0.15,0.9475,0.366,0.239,0.275
I,0.55,0.43,0.145,0.712,0.25354933738708496,0.152,0.225
I,0.55,0.425,0.145,0.89,0.4325,0.171,0.236
I,0.55,0.42,0.155,0.912,0.31109875440597534,0.1805,0.205
I,0.55,0.425,0.135,0.6162639260292053,0.257,0.17,0.203
I,0.55,0.465,0.15,0.936,0.481,0.174,0.2435
I,0.555,0.435,0.145,0.6975,0.262,0.1575,0.24
F,0.555,0.445,0.175,1.1465,0.551,0.244,0.2785
I,0.5015222430229187,0.44,0.14,0.825,0.402,0.139,0.245
I,0.46329426765441895,0.435,0.135,0.72,0.329,0.103,0.251
I,0.565,0.43,0.15,0.8215,0.332,0.1685,0.29
F,0.57,0.445,0.155,1.017,0.5265,0.2025,0.265
F,0.575,0.435,0.155,0.8975,0.4115,0.2325,0.23
M,0.58,0.44,0.175,1.2255,0.5405,0.2705,0.3265
F,0.58,0.46090272068977356,0.145,0.9865,0.47,0.2155,0.25
F,0.58,0.46910151839256287,0.15,0.844,0.3645,0.2230294942855835,0.2705
F,0.6142609715461731,0.46,0.165101557970047,0.8465,0.5030607581138611,0.167,0.295
M,0.585,0.465,0.165,0.885,0.4025,0.1625,0.274
I,0.585,0.42,0.145,0.6735,0.2548101246356964,0.1345,0.22
F,0.585,0.455,0.13,0.8755,0.411,0.2065,0.225
M,0.59,0.47,0.145,0.9235,0.4545,0.173,0.254
M,0.5981646180152893,0.475,0.14,0.977,0.4356098175048828,0.2025,0.275
F,0.595,0.475,0.14,1.0305,0.4446326792240143,0.217,0.278
F,0.5742380023002625,0.48,0.09,1.05,0.457,0.2685,0.28
F,0.6,0.4719448685646057,0.185,1.1145,0.5055,0.2635,0.367
M,0.6,0.45,0.145,0.877,0.4325,0.155,0.24
M,0.6,0.51,0.185,1.285,0.6095,0.2745,0.315
F,0.61,0.48,0.185,1.3065,0.6895,0.2915,0.29
F,0.61,0.45,0.13,0.8725,0.389,0.1715,0.272
F,0.615,0.46,0.15,1.0265,0.4935,0.201,0.2745
F,0.5988578200340271,0.465,0.14,1.1605,0.6005,0.2195,0.307
F,0.62,0.48,0.165,1.0125,0.5325,0.4365,0.324
M,0.625,0.5,0.14,1.096,0.5445,0.2165,0.2696375250816345
M,0.625,0.49,0.165,1.205,0.5175,0.21722173690795898,0.3465
M,0.63,0.505,0.175,1.221,0.555,0.21483702957630157,0.34
F,0.63,0.475,0.15088729560375214,1.0005,0.452,0.252,0.265
F,0.63,0.47,0.16296322643756866,1.1355,0.496791273355484,0.2325,0.3115
M,0.63,0.525,0.195,1.3135,0.4935,0.2140413075685501,0.465
M,0.64,0.505,0.1548977643251419,1.1955,0.5565,0.24743995070457458,0.31389766931533813
M,0.64,0.4736858010292053,0.15,1.098,0.5195,0.23103849589824677,0.3175
M,0.64,0.495,0.15411090850830078,1.1189039945602417,0.5395,0.23671728372573853,0.285
F,0.64,0.4681323170661926,0.15470659732818604,1.2265,0.49,0.377,0.2875
M,0.64,0.515,0.08,1.042,0.515,0.1755,0.175
M,0.65,0.45473167300224304,0.155,1.368,0.6185,0.288,0.365
M,0.65,0.4958897829055786,0.175,1.2453560829162598,0.6485,0.2607051432132721,0.45
F,0.66,0.505,0.15894150733947754,1.4045,0.6255,0.3375,0.3745
F,0.66,0.525,0.2,1.463,0.6525,0.2995,0.422
F,0.675,0.4911773204803467,0.17,1.711,0.8365,0.26049619913101196,0.475
M,0.7,0.54,0.205,1.74,0.7885,0.22963061928749084,0.4865
F,0.705,0.4776465892791748,0.15662631392478943,1.757,0.8265,0.417,0.461
M,0.71,0.5082975625991821,0.17027954757213593,1.3503985404968262,0.706,0.292684942483902,0.45
F,0.6586941480636597,0.55,0.205,1.3941593170166016,1.1055,0.3114001750946045,0.404
F,0.725,0.57,0.18410168588161469,1.4991075992584229,1.253,0.541,0.4068153202533722
I,0.24,0.17,0.05,0.0545,0.0205,0.016,0.0155
I,0.255,0.195,0.055,0.0725,0.0285,0.017,0.021
I,0.275,0.2,0.055,0.0925,0.038,0.021,0.026
I,0.32,0.235,0.09,0.183,0.098,0.0335,0.042
I,0.325,0.24,0.075,0.1525,0.072,0.0645,0.043
I,0.33,0.225,0.075,0.187,0.0945,0.0395,0.0425
I,0.36,0.27,0.09,0.232,0.12,0.0435,0.056
I,0.375,0.265,0.095,0.196,0.085,0.042,0.0585
I,0.375,0.285,0.09,0.2545,0.119,0.0595,0.0675
I,0.39,0.29,0.09,0.2625,0.117,0.054,0.077
I,0.45,0.335,0.105,0.362,0.1575,0.0795,0.1095
I,0.455,0.35,0.105,0.4445,0.213,0.107,0.1115
I,0.46,0.365,0.115,0.511,0.2365,0.118,0.123
I,0.495,0.375,0.12,0.589,0.3075,0.1215,0.1405
M,0.5,0.365,0.13,0.5945,0.309,0.1085,0.12519831955432892
I,0.5,0.375,0.12,0.529,0.2235,0.123,0.16
M,0.52,0.4,0.105,0.872,0.4515,0.14739638566970825,0.1985
I,0.52,0.395,0.145,0.77,0.424,0.142,0.1895
F,0.525,0.43,0.135,0.8435,0.4325,0.18,0.1815
M,0.535,0.405,0.14,0.818,0.402,0.1715,0.189
F,0.54,0.42,0.14,0.8035,0.3414699137210846,0.1805,0.21
F,0.54,0.415,0.15,0.8115,0.3875,0.1875,0.2035
F,0.57,0.425,0.13,0.7314879894256592,0.3695,0.1745,0.1965
M,0.57,0.42,0.14,0.8745,0.416,0.165,0.25
M,0.58,0.445,0.16,0.984,0.49,0.201,0.27
F,0.58,0.445,0.135,0.95,0.484,0.182,0.2325
M,0.59,0.47,0.155,1.1735,0.6245,0.24535422027111053,0.3155664801597595
F,0.59,0.455,0.15313328802585602,0.976,0.465,0.2055,0.2765
M,0.59,0.485,0.155,1.0785,0.4526333808898926,0.2435,0.3077316880226135
M,0.595,0.435,0.16,1.057,0.4255,0.224,0.31
M,0.6,0.45084869861602783,0.175,1.11,0.5105,0.256,0.285
M,0.6,0.45,0.16,1.142,0.539,0.225,0.307
M,0.605,0.475,0.19,1.1255,0.59,0.247,0.26
F,0.62,0.48,0.17,1.1045,0.535,0.25,0.2856276035308838
M,0.625,0.4812982976436615,0.175,1.1373406648635864,0.656,0.283,0.337
M,0.625,0.5,0.13,0.9169795513153076,0.5785,0.2045,0.25
F,0.625,0.485,0.16,1.1508090496063232,0.591,0.259,0.31067952513694763
M,0.63,0.49,0.1504972279071808,1.2005,0.575,0.273,0.294
M,0.63,0.485,0.16,1.243,0.623,0.275,0.3
F,0.594081699848175,0.51,0.185,1.286,0.526,0.295,0.4105
F,0.645,0.49,0.16,1.1665,0.4935,0.3155,0.299
F,0.645,0.49,0.16,1.144,0.5015,0.22279532253742218,0.319
F,0.65,0.525,0.19,1.385,0.8875,0.24361953139305115,0.405
F,0.5988324284553528,0.515,0.16251949965953827,1.309,0.524,0.346,0.385
F,0.655,0.4634491801261902,0.17,1.527,0.8485,0.2635,0.331
M,0.665,0.515,0.19,1.6385,0.43830958008766174,0.3575,0.371
M,0.695,0.54,0.195,1.0840154886245728,0.768,0.363,0.4755
F,0.6063956618309021,0.565,0.18,1.719,0.4819042682647705,0.407,0.3875
F,0.72,0.463967502117157,0.18,1.52,0.637,0.325,0.435
F,0.72,0.565,0.17,1.613,0.723,0.3255,0.4945
M,0.6190251708030701,0.5005320906639099,0.21,1.3912217617034912,1.1705,0.463,0.37164393067359924
F,0.6640835404396057,0.595,0.19,1.4201602935791016,1.1495,0.3147161602973938,0.505
I,0.31,0.23,0.07,0.1245,0.0505,0.0265,0.038
I,0.315,0.26850423216819763,0.075,0.1285,0.051,0.028,0.0405
I,0.32,0.205,0.08,0.181,0.088,0.034,0.0495
I,0.325,0.2684679925441742,0.075,0.1585,0.075,0.0305,0.0455
I,0.335,0.26,0.09,0.1965,0.0875,0.041,0.056
I,0.37,0.28,0.085,0.198,0.0805,0.0455,0.058
I,0.37,0.27,0.09,0.1855,0.07,0.0425,0.065
I,0.375,0.28,0.085,0.2145,0.0855,0.0485,0.072
I,0.4,0.315,0.09,0.3245,0.151,0.073,0.088
I,0.41,0.305,0.095,0.2625,0.1,0.0515,0.09
I,0.425,0.34,0.1,0.275404155254364,0.15,0.0865,0.115
I,0.435,0.335,0.095,0.298,0.109,0.058,0.115
I,0.445,0.31,0.09,0.336,0.1555,0.09,0.0855
I,0.46,0.36,0.14,0.447,0.161,0.087,0.16
F,0.465,0.35,0.11,0.4085,0.1983800083398819,0.11420135945081711,0.131
I,0.47,0.385,0.13,0.587,0.264,0.117,0.174
I,0.475,0.375,0.11,0.494,0.211,0.109,0.1545
I,0.495,0.375,0.12,0.614,0.2855,0.1365,0.161
I,0.5,0.39,0.13,0.5075,0.2115,0.104,0.1755
I,0.5,0.37,0.12,0.5445,0.249,0.1065,0.152
I,0.505,0.425,0.125,0.6115,0.245,0.1375,0.2
I,0.505,0.4,0.125,0.5605,0.20389193296432495,0.1435,0.17
M,0.505,0.365,0.115,0.521,0.25,0.096,0.15
I,0.51,0.4,0.145,0.5775,0.231,0.143,0.177
I,0.51,0.4,0.125,0.5935,0.239,0.10015697032213211,0.204
I,0.52,0.4,0.11,0.597,0.2935,0.1155,0.16
M,0.52,0.465,0.15,0.9505,0.456,0.199,0.255
I,0.53,0.3712907135486603,0.125,0.616,0.292,0.1085025742650032,0.185
M,0.53,0.405,0.15,0.8315,0.352,0.187,0.2525
F,0.535,0.445,0.125,0.8725,0.417,0.199,0.24
I,0.54,0.425,0.13,0.8155,0.3675,0.1365,0.246
I,0.54,0.415,0.11,0.5485236048698425,0.2755,0.15,0.1765
I,0.545,0.43,0.13,0.7595,0.358,0.153,0.2055
I,0.545,0.43,0.15,0.742,0.3525,0.158,0.208
I,0.55,0.435,0.165,0.804,0.34,0.194,0.244
I,0.4653128981590271,0.425,0.13,0.664,0.2695,0.163,0.21
F,0.55,0.435,0.14,0.745,0.347,0.174,0.2265
I,0.56,0.43,0.13,0.728,0.3355,0.1435,0.2175
I,0.5324885845184326,0.435,0.13,0.7047522664070129,0.354,0.173,0.222
F,0.575,0.425,0.15,0.8765,0.455,0.18,0.228
F,0.575,0.455,0.16,0.9895,0.495,0.195,0.246
M,0.575,0.45,0.165,0.9655,0.498,0.19,0.23
M,0.58,0.465,0.15,0.9065,0.371,0.1965,0.29
F,0.58,0.46,0.15,1.141685128211975,0.5205,0.1935,0.305
F,0.58,0.45,0.17,0.9705,0.39210045337677,0.232,0.248
F,0.58,0.45,0.15,0.92,0.393,0.212,0.2895
F,0.58,0.445,0.1583460420370102,0.9525,0.4315,0.1945,0.287
F,0.58,0.44,0.125,0.7855,0.363,0.1955,0.195
I,0.585,0.45,0.135,0.855,0.3795,0.187,0.26
M,0.59,0.5,0.15,1.142,0.485,0.265,0.345
I,0.59,0.46,0.125,0.755,0.334,0.15,0.238
I,0.59,0.475,0.145,0.9745,0.4675,0.207,0.259
M,0.595,0.47,0.155,1.2015,0.492,0.3865,0.265
M,0.595,0.46,0.1503278613090515,1.1295,0.57,0.2555,0.265
I,0.6,0.445,0.1340312957763672,0.9205,0.445,0.2035,0.253
F,0.6,0.46067318320274353,0.17,1.056,0.4575,0.2435,0.3135
M,0.6,0.45,0.195,1.34,0.617,0.3255,0.3605
F,0.6,0.45,0.15,0.9625,0.4375,0.21918483078479767,0.2775
M,0.6,0.465,0.165,1.0475,0.465,0.2345,0.315
F,0.605,0.495,0.17,1.0915,0.4365,0.2715,0.335
M,0.605,0.49,0.18,1.167,0.4555644690990448,0.29,0.3154606223106384
F,0.605,0.47296276688575745,0.155,0.9995,0.425,0.1985,0.3
I,0.61,0.425,0.155,1.0485,0.507,0.1955,0.274
F,0.61,0.47,0.195,1.137111783027649,0.469,0.3315,0.398
M,0.61,0.47491028904914856,0.1582116037607193,1.0625,0.48916229605674744,0.225,0.2915
I,0.5520315170288086,0.429309606552124,0.16,1.1545,0.5865,0.2385,0.2915
F,0.615,0.475,0.175,1.194,0.559,0.259,0.3165
F,0.615,0.515,0.135,1.1215,0.545,0.2305,0.29
M,0.615,0.455,0.15,0.9335,0.382,0.247,0.2615
F,0.615,0.495,0.165,1.0753690004348755,0.5415,0.2865,0.3185
F,0.62,0.475,0.15,0.9545,0.455,0.1865,0.277
F,0.62,0.475,0.195,1.1655044555664062,0.5935,0.3365,0.3745
M,0.5972794890403748,0.495,0.15980027616024017,1.2075,0.531,0.281,0.3525
M,0.625,0.515,0.165,1.217,0.667,0.2065,0.3115
F,0.625,0.5,0.16,1.217,0.5725,0.207,0.355
F,0.625,0.49,0.145,0.92,0.437,0.1954558938741684,0.28
M,0.625,0.49,0.12,0.8765,0.456,0.18,0.233
F,0.63,0.48,0.165,1.2615,0.5505,0.277,0.3885
M,0.63,0.53,0.18,1.136757731437683,0.618,0.23491936922073364,0.31123918294906616
F,0.63,0.485,0.185,1.167,0.548,0.2485,0.34
F,0.63,0.51,0.17,1.1885,0.4915,0.3065,0.3127864599227905
F,0.635,0.485,0.19,1.3765,0.634,0.2885,0.406
M,0.635,0.4642541706562042,0.1515236794948578,1.292,0.6,0.269,0.367
M,0.635,0.485,0.18,1.0320905447006226,0.4785,0.2775,0.355
F,0.635,0.5,0.15874354541301727,1.29,0.593,0.3045,0.352
M,0.635,0.45346689224243164,0.16,1.2075,0.5385,0.282,0.345
M,0.64,0.45311543345451355,0.18,1.297,0.59,0.3125,0.363
M,0.5875884890556335,0.4589614272117615,0.175,1.4585,0.625,0.266,0.4395
F,0.645,0.485,0.15,1.151,0.5935,0.2315,0.293
F,0.6334620118141174,0.52,0.17,1.197,0.526,0.2925,0.34422218799591064
M,0.6224836707115173,0.495,0.19,1.539,0.6115,0.2703284025192261,0.34747233986854553
M,0.65,0.52,0.195,1.676,0.47783058881759644,0.2410268932580948,0.47
F,0.65,0.565,0.2,1.6645,0.753,0.367,0.43
F,0.655,0.5,0.205,1.528,0.6215,0.3725,0.4535
F,0.655,0.515,0.2,1.494,0.7255,0.309,0.2978004217147827
F,0.66,0.525,0.16,1.277,0.5074037909507751,0.319,0.33559444546699524
F,0.66,0.525,0.18,1.5965,0.7765,0.397,0.32976555824279785
F,0.665,0.51,0.175,1.3805,0.675,0.2985,0.325
I,0.5594689846038818,0.485,0.15161199867725372,1.2565,0.5355,0.322,0.386
F,0.6360530853271484,0.525,0.19,1.527,0.5755,0.353,0.35130831599235535
M,0.67,0.525,0.1545151174068451,1.4005,0.715,0.3025,0.3159565329551697
M,0.67,0.525,0.195,1.4405,0.6595,0.23334957659244537,0.3072498142719269
M,0.6241896152496338,0.54,0.175,1.3022040128707886,0.739,0.2758575677871704,0.3589569330215454
M,0.68,0.515,0.16,1.2345,0.618,0.2625,0.2838056981563568
F,0.68,0.4638473391532898,0.17,1.3435,0.657,0.297,0.355
M,0.685,0.505,0.16434402763843536,1.2379878759384155,0.5108500719070435,0.4055,0.41
F,0.69,0.515,0.18,1.8445,0.9815,0.28494009375572205,0.35812851786613464
M,0.715,0.4631815552711487,0.1507432758808136,1.825,0.938,0.3805,0.44
F,0.6440593004226685,0.58,0.19,2.0885,0.5957873463630676,0.478,0.3786293566226959
M,0.6308680772781372,0.5113458633422852,0.205,1.4443118572235107,0.6334884762763977,0.474,0.39042001962661743
F,0.6424626111984253,0.575,0.2,1.884,0.954,0.336,0.3481365740299225
I,0.32,0.215,0.095,0.305,0.14,0.067,0.0885
I,0.43,0.345,0.115,0.4295,0.212,0.108,0.109
I,0.43,0.33,0.1,0.449,0.254,0.0825,0.05375189706683159
M,0.5727315545082092,0.365,0.155,1.029,0.4235,0.2285,0.313
M,0.49,0.355,0.155,0.981,0.465,0.2015,0.2505
I,0.5,0.37,0.115,0.5745,0.306,0.112,0.141
F,0.4524144232273102,0.38,0.13,0.693,0.391,0.1195,0.1515
F,0.51,0.37,0.21,1.183,0.508,0.292,0.343
F,0.525,0.41,0.135,0.7905,0.4065,0.198,0.177
F,0.535,0.4,0.15,1.224,0.618,0.275,0.2875
I,0.535,0.4,0.135,0.775,0.368,0.208,0.2055
M,0.535,0.405,0.175,1.2705,0.548,0.3265,0.337
F,0.555,0.405,0.19,1.406,0.6115,0.342,0.389
M,0.6080021858215332,0.425,0.15,0.873,0.4625,0.1845,0.31037163734436035
M,0.56,0.45092111825942993,0.135,0.9803878664970398,0.4155966341495514,0.2015,0.1975
F,0.59,0.44,0.14,1.069614052772522,0.4775,0.2105,0.2925
M,0.595,0.485,0.15,1.0835,0.5305,0.231,0.276
I,0.595,0.43,0.165,0.9845,0.4525,0.207,0.2725
F,0.595,0.43,0.21,1.5245,0.653,0.396,0.41
M,0.61,0.475,0.1519252210855484,1.024,0.409,0.261,0.322
M,0.61,0.485,0.17,1.281,0.597,0.3035,0.33
F,0.62,0.46414071321487427,0.17,1.148,0.5475,0.22,0.3315
F,0.625,0.49,0.11,1.136,0.5265,0.1915,0.2925
F,0.635,0.51,0.17,1.2235,0.532,0.271,0.354
F,0.635,0.525,0.18,1.3695,0.634,0.318,0.363
F,0.64,0.485,0.16,1.006,0.4480971693992615,0.2245,0.3108442723751068
M,0.64,0.495,0.165,1.307,0.678,0.21777240931987762,0.266
M,0.645,0.505,0.185,1.463,0.592,0.3905,0.3063097298145294
F,0.655,0.505,0.175,1.2905,0.6205,0.2965,0.31826964020729065
F,0.67,0.515,0.17,1.4265,0.47202473878860474,0.2429717779159546,0.37
F,0.68,0.54,0.21,1.302062749862671,0.8345,0.408,0.35440611839294434
F,0.7,0.545,0.185,1.6135,0.4734880328178406,0.4035,0.3685
F,0.73,0.5172843337059021,0.225,1.3921873569488525,0.6259938478469849,0.3169121742248535,0.3996342122554779
F,0.6347172856330872,0.615,0.205,2.2635,0.5607318878173828,0.2990018427371979,0.37742507457733154
I,0.255,0.185,0.065,0.074,0.0305,0.06999072432518005,0.02
I,0.375,0.26,0.08,0.2075,0.09,0.0415,0.07
I,0.375,0.285,0.09,0.237,0.106,0.0395,0.08
I,0.39,0.3,0.08853684365749359,0.2665,0.1105,0.059,0.084
I,0.39,0.28,0.09,0.215,0.0845,0.034,0.079
I,0.395,0.3,0.09,0.253,0.1155,0.05,0.075
I,0.42,0.32,0.11,0.309,0.115,0.0645,0.0945
I,0.435,0.335,0.105,0.3535,0.156,0.05,0.1135
I,0.435,0.325,0.105,0.28413474559783936,0.136,0.065,0.115
I,0.44,0.32,0.105,0.3875,0.1755,0.074,0.12
I,0.45,0.33,0.115,0.365,0.14,0.0825,0.1245
I,0.45,0.34,0.125,0.4045,0.171,0.07,0.1345
I,0.455,0.355,0.105,0.372,0.138,0.0765,0.135
I,0.46,0.37,0.11,0.3965,0.1485,0.0855,0.1455
I,0.47,0.375,0.125,0.5225,0.2265,0.104,0.162
I,0.475,0.375,0.11,0.456,0.182,0.099,0.16
I,0.495,0.33,0.1,0.44,0.177,0.095,0.15
I,0.495,0.375,0.115,0.507,0.241,0.103,0.15
I,0.5,0.38,0.135,0.5285,0.226,0.123,0.209
I,0.42007437348365784,0.385,0.125,0.572,0.237,0.1435,0.165
F,0.52,0.41,0.14,0.6625,0.2775,0.1555,0.22350375354290009
I,0.52,0.395,0.115,0.6445,0.3155,0.1245,0.186
I,0.525,0.4,0.11,0.6275,0.3015,0.126,0.18
F,0.535,0.42,0.14144250750541687,0.6885,0.273,0.1515,0.237
M,0.535,0.41,0.12,0.6835,0.3125,0.1655,0.159
M,0.54,0.42,0.14280632138252258,0.6855,0.293,0.163,0.38
I,0.55,0.405,0.15,0.6755,0.3015,0.1465,0.21
I,0.55,0.445,0.145,0.783,0.3045,0.157,0.265
M,0.56,0.45,0.145,0.894,0.3885,0.2095,0.264
I,0.578428328037262,0.44,0.15631693601608276,0.9610926508903503,0.3305,0.21595881879329681,0.2475
M,0.57,0.45,0.145,0.95,0.4005,0.2235,0.2845
F,0.57,0.47,0.14,0.871,0.385,0.211,0.2315
M,0.575,0.47,0.15,0.9785,0.4505,0.196,0.276
I,0.575,0.43,0.13734176754951477,0.7425,0.2895,0.2005,0.2282273769378662
M,0.575,0.445,0.14,0.737,0.325,0.1527196317911148,0.237
I,0.575,0.445,0.16,0.9264124035835266,0.3661045730113983,0.2006702721118927,0.24
F,0.5714133977890015,0.435,0.155,0.8785,0.3728918135166168,0.1685,0.2425
M,0.585,0.45,0.175,1.139702320098877,0.4925,0.262,0.3210064470767975
M,0.59,0.435,0.165,0.9765,0.4525,0.2395,0.2953759431838989
I,0.560635507106781,0.47,0.145,0.974,0.453,0.236,0.289
M,0.59,0.4601682424545288,0.15447738766670227,0.853,0.45614805817604065,0.2615,0.245
F,0.595,0.47,0.17024657130241394,0.991,0.382,0.27058595418930054,0.5
M,0.595,0.48,0.14,0.9125,0.36485737562179565,0.1825,0.289
F,0.595,0.46,0.16,0.921,0.38361868262290955,0.2025,0.2875
F,0.6,0.45,0.14,0.869,0.3425,0.195,0.2358357310295105
F,0.6,0.45,0.15,0.8665,0.3695,0.1955,0.255
F,0.61,0.495,0.16,1.089,0.469,0.198,0.384
M,0.615,0.485,0.215,0.9615,0.422,0.176,0.29
M,0.615,0.49,0.17,1.145,0.4915,0.2199600338935852,0.29521578550338745
I,0.62,0.475,0.16,0.907,0.371,0.1637544184923172,0.3075
F,0.625,0.515,0.155,1.1635,0.4581705629825592,0.259,0.355
M,0.63,0.515,0.175,1.0134308338165283,0.492,0.247,0.37
M,0.6045734882354736,0.495,0.18,1.1318353414535522,0.495,0.295,0.4695
F,0.635,0.505,0.165,1.251,0.577,0.2521713376045227,0.3825
F,0.635,0.49,0.155,1.145,0.4775,0.3035,0.3155
M,0.635,0.5,0.18,1.154,0.4066976308822632,0.2315,0.387
F,0.64,0.485,0.145,1.1335,0.4235684275627136,0.2505,0.3015
F,0.64,0.5,0.15,1.2015,0.559,0.231,0.3355
M,0.600057065486908,0.505,0.17,1.5595,0.695,0.3515,0.395
M,0.65,0.51,0.175,1.3165,0.4205324053764343,0.2605,0.364
M,0.6253311038017273,0.54,0.16953778266906738,1.294593334197998,0.5453181862831116,0.2385,0.42
F,0.6141387820243835,0.49,0.16,1.1900601387023926,0.5455,0.2615,0.3225
F,0.655,0.455,0.17,1.2895,0.587,0.3165,0.3415
F,0.66,0.53,0.18,1.5175,0.7765,0.25938764214515686,0.401
M,0.6150980591773987,0.525,0.155,1.3575,0.5325,0.2516748011112213,0.32645633816719055
M,0.675,0.52,0.15847577154636383,1.3645,0.45533430576324463,0.3405,0.385
F,0.68,0.52,0.185,1.494,0.615,0.3935,0.406
F,0.68,0.56,0.195,1.664,0.58,0.3855,0.545
M,0.685,0.48701342940330505,0.16250307857990265,1.545,0.686,0.26999375224113464,0.4055
F,0.695,0.535,0.2,1.5855,0.667,0.334,0.471
F,0.7,0.555,0.22,1.0723795890808105,0.647,0.4285,0.455
F,0.71,0.56,0.1683213859796524,1.724,0.524427592754364,0.4575,0.4625
F,0.73,0.55,0.205,1.0702903270721436,0.5415,0.3565,0.3036155104637146
F,0.755,0.5148555636405945,0.1710057556629181,2.073,0.6208009123802185,0.3167562484741211,0.48
I,0.225,0.17,0.05,0.0515,0.019,0.012,0.017
I,0.23,0.17,0.05,0.057,0.026,0.013,0.016
I,0.255,0.185,0.06,0.0925,0.039,0.021,0.025
I,0.355,0.27,0.075,0.204,0.3045,0.046,0.0595
I,0.425,0.31,0.095,0.3075,0.139,0.0745,0.093
I,0.425,0.32,0.085,0.262,0.1235,0.067,0.0725
M,0.455,0.35,0.11,0.458,0.2,0.111,0.1305
M,0.46,0.355,0.14,0.491,0.207,0.115,0.174
M,0.495,0.38,0.12,0.474,0.197,0.1065,0.1545
M,0.51,0.395,0.125,0.5805,0.244,0.1335,0.188
I,0.52,0.43,0.15,0.728,0.302,0.1575,0.235
M,0.525,0.4,0.13,0.622,0.2655,0.147,0.184
I,0.53,0.415,0.12,0.706,0.2952975332736969,0.1635,0.1345
F,0.53,0.395,0.115,0.5685,0.249,0.1375,0.161
M,0.545,0.435,0.14424970746040344,0.9385,0.3685,0.1245,0.345
F,0.55,0.43,0.15,0.655,0.2635,0.122,0.221
M,0.591170608997345,0.48,0.15,0.9465,0.4374081790447235,0.2605,0.2505
M,0.58,0.43,0.125,0.9115,0.446,0.2075,0.121
M,0.595,0.455,0.145,0.9350836873054504,0.43,0.182,0.277
M,0.6,0.465,0.18,1.193,0.5145,0.315,0.3055
M,0.645,0.5,0.18,1.461,0.5985,0.2425,0.439
F,0.66,0.525,0.16937255859375,1.489,0.6065,0.3795,0.3642444312572479
I,0.29,0.215,0.06,0.21630537509918213,0.053,0.0185,0.032
I,0.3,0.22,0.065,0.1235,0.059,0.026,0.0315
I,0.37,0.275,0.1,0.2815,0.1505,0.0505,0.068
I,0.375,0.285,0.08,0.226,0.0975,0.04,0.0725
I,0.38,0.29,0.085,0.2285,0.088,0.0465,0.075
I,0.395,0.3,0.12,0.2995,0.1265,0.068,0.0895
I,0.41,0.325,0.105,0.361,0.1605,0.0665,0.103
I,0.415,0.32,0.115,0.3045,0.1215,0.0735,0.094
I,0.425,0.325,0.105,0.3975,0.1815,0.081,0.1175
I,0.44,0.34,0.1,0.379,0.1725,0.0815,0.101
I,0.44,0.34,0.12,0.4995,0.2965,0.0945,0.1185
M,0.465,0.405,0.135,0.7775,0.436,0.1715,0.1455
F,0.47,0.36,0.1,0.4705,0.1635,0.089,0.1385
M,0.51,0.36614832282066345,0.145,0.751,0.3295,0.1835,0.203
F,0.525,0.4,0.135,0.714,0.318,0.138,0.208
F,0.525,0.4,0.13,0.6995,0.3115,0.131,0.223
F,0.55,0.425,0.14,0.952,0.4895,0.22793662548065186,0.2185
M,0.56,0.42,0.15,1.0047154426574707,0.44,0.1965,0.2315
M,0.575,0.45,0.1411999613046646,0.9215,0.354,0.209,0.2365
F,0.575,0.45,0.135,0.8285,0.362,0.1655,0.236
M,0.585,0.46,0.15,1.0787057876586914,0.581,0.216,0.323
M,0.615,0.495,0.155,1.2865,0.435,0.293,0.3245
F,0.62,0.485,0.155,1.1945,0.5105,0.271,0.352
F,0.63,0.495,0.19,1.1655,0.536,0.2115,0.1625
F,0.63,0.49,0.17,1.0079772472381592,0.4625,0.2045,0.3105
M,0.67,0.48221948742866516,0.15928201377391815,1.1735,0.526,0.2602691650390625,0.316
M,0.675,0.4918864369392395,0.16,1.2215677499771118,0.74,0.2582460939884186,0.3815
F,0.685,0.53,0.16609956324100494,1.5105,0.5161751508712769,0.3525,0.3725
F,0.485,0.39,0.1,0.5565,0.2215,0.1155,0.11306648701429367
M,0.46,0.36,0.125,0.547,0.2165,0.1105,0.19
M,0.46,0.35,0.125,0.5165,0.1885,0.1145,0.185
M,0.535,0.39119869470596313,0.125,0.764,0.312,0.1505,0.265
M,0.465,0.36,0.105,0.3702080249786377,0.188,0.0845,0.19
M,0.51,0.4,0.14,0.6175664067268372,0.259,0.151,0.23
I,0.335,0.26,0.09,0.1835,0.078,0.024,0.065
M,0.55,0.425,0.16,0.97,0.2885,0.139,0.48
I,0.18,0.135,0.08,0.033,0.0145,0.007,0.01
I,0.215,0.165,0.055,0.059,0.0265,0.0125,0.0185
I,0.2,0.15,0.04,0.046,0.021,0.007,0.0065
F,0.6099894642829895,0.48,0.16584403812885284,1.3235,0.5197118520736694,0.3055,0.355
M,0.55,0.42,0.17,0.8465,0.336,0.2405,0.245
M,0.585,0.45,0.15,1.047,0.4315,0.276,0.315
F,0.645,0.5,0.18,1.2785,0.5345,0.2995,0.345
F,0.71,0.4877573251724243,0.195,1.8745,0.5278307199478149,0.4065,0.3401530683040619
F,0.7,0.54,0.215,1.978,0.6675,0.24238520860671997,0.71
F,0.655,0.505,0.165,1.367,0.5835,0.3515,0.396
F,0.5936481356620789,0.5,0.1611880660057068,1.742,0.595,0.3025,0.725
F,0.47,0.375,0.105,0.513,0.232,0.142,0.13
M,0.425,0.335,0.1,0.4085,0.1755,0.092,0.135
M,0.54,0.40394482016563416,0.13,0.56,0.2375,0.13240236043930054,0.175
I,0.505,0.395,0.125,0.635,0.29,0.1555,0.14915668964385986
M,0.535,0.44,0.165,0.875,0.279,0.18,0.24609966576099396
F,0.43,0.35,0.09,0.397,0.1575,0.089,0.12
M,0.55,0.435,0.11,0.806,0.3415,0.203,0.215
F,0.4112528860569,0.255,0.085,0.204,0.097,0.021,0.05
I,0.275,0.2,0.065,0.1165,0.0565,0.013,0.035
F,0.335,0.22,0.07,0.17,0.076,0.0365,0.05
M,0.64,0.4525768458843231,0.14,1.194,0.4445,0.238,0.375
F,0.55,0.44,0.125,0.765,0.33,0.2125,0.245
F,0.5842845439910889,0.46065837144851685,0.19,1.151,0.4365,0.281,0.3805
F,0.545,0.41,0.115,0.6709914207458496,0.29,0.158,0.22
F,0.64,0.54,0.175,1.571,0.49239182472229004,0.2531442642211914,0.475
M,0.605,0.49,0.155,1.153,0.503,0.2505,0.295
M,0.6100325584411621,0.47,0.115,1.0825518369674683,0.3925,0.23635657131671906,0.31
M,0.56,0.45,0.154466450214386,0.9125,0.3595,0.271,0.35
F,0.57,0.465,0.155,0.872,0.3245,0.239,0.285
M,0.5239812731742859,0.405,0.14037305116653442,0.792,0.316,0.1455,0.28
F,0.505,0.405,0.18,0.606,0.239,0.1235,0.18
M,0.35,0.265,0.09,0.2265,0.0995,0.0575,0.065
M,0.45,0.355,0.12,0.3955,0.147,0.0765,0.145
I,0.4081553518772125,0.3109225928783417,0.12,0.61,0.229,0.131,0.235
F,0.49,0.38,0.13,0.539,0.229,0.1355,0.165
F,0.505,0.41,0.135,0.657,0.291,0.133,0.195
I,0.38,0.3,0.1,0.2505,0.106,0.0535,0.0775
I,0.27,0.195,0.07,0.102,0.045,0.0135,0.034
F,0.37,0.295,0.1,0.2685,0.1165,0.056,0.07662619650363922
M,0.5,0.385,0.135,0.551,0.2245,0.0715,0.206
M,0.645,0.48449069261550903,0.1617274284362793,1.1647515296936035,0.4335,0.262,0.52
M,0.565,0.44,0.14885330200195312,0.9185,0.404,0.1785,0.29
F,0.67,0.5146965980529785,0.17676480114459991,1.707,0.6995,0.387,0.3895442485809326
F,0.574524998664856,0.415,0.15,0.8805,0.3645,0.234,0.235
I,0.47,0.36,0.11,0.4965,0.237,0.127,0.13
F,0.51,0.385,0.135,0.632,0.282,0.145,0.17
M,0.72,0.575,0.1719106286764145,1.2978880405426025,0.5615450739860535,0.27620846033096313,0.35487210750579834
M,0.55,0.405,0.15,0.9235,0.412,0.2135,0.24
I,0.2,0.145,0.025,0.0345,0.011,0.0075,0.01
M,0.65,0.515,0.18,1.1210483312606812,0.5665,0.23421454429626465,0.405
F,0.525,0.405,0.1339869350194931,0.72,0.3105,0.1915,0.2
M,0.565,0.435,0.1596343219280243,1.032,0.354,0.23602578043937683,0.31
F,0.61,0.47,0.16,1.017,0.426,0.2255,0.32
F,0.545,0.405,0.175,0.98,0.2585,0.207,0.38
I,0.325,0.245,0.075,0.22629481554031372,0.0605,0.033,0.045
I,0.31,0.235,0.075,0.1515,0.056,0.0315,0.05
M,0.45,0.335,0.14,0.478,0.1865,0.115,0.16
F,0.49,0.38,0.155,0.578,0.2395,0.1255,0.18
F,0.505,0.405,0.16,0.6835,0.271,0.145,0.215
F,0.385,0.3,0.1,0.2725,0.1115,0.057,0.08
F,0.62,0.4713976979255676,0.22,1.511,0.5095,0.284,0.51
F,0.635,0.505,0.185,1.3035,0.501,0.295,0.41
F,0.665,0.53,0.185,1.3955,0.456,0.3205,0.3103136420249939
M,0.335,0.265,0.095,0.1975,0.0795,0.0375,0.07
I,0.295,0.215,0.075,0.116,0.037,0.0295,0.04
I,0.48,0.38,0.125,0.523,0.2105,0.1045,0.175
I,0.32,0.25,0.08,0.1565,0.057,0.034,0.06
I,0.43,0.3022902309894562,0.125,0.384,0.1375,0.061,0.146
M,0.565,0.4558383822441101,0.1509600728750229,1.0055,0.3785,0.244,0.265
F,0.6,0.48,0.165,1.1345,0.4535,0.27,0.335
F,0.585,0.45284780859947205,0.17,1.0835,0.3745,0.326,0.325
F,0.5470128059387207,0.42,0.14,0.868,0.33,0.243,0.21
F,0.57,0.495,0.1589917540550232,1.0915,0.452,0.275,0.315
F,0.62,0.485,0.175,1.271,0.4455617666244507,0.3075,0.37
M,0.63,0.51,0.19,1.0380780696868896,0.4125,0.3075,0.545
M,0.4342373311519623,0.34,0.12,0.388,0.149,0.087,0.125
F,0.64,0.505,0.19,1.2355,0.4289083182811737,0.3105,0.365
M,0.675,0.525,0.175,1.402,0.483,0.3205,0.2933289408683777
M,0.5,0.4,0.145,0.6025,0.216,0.138,0.21
M,0.385,0.305,0.09,0.2775,0.109,0.0515,0.1
M,0.52,0.43307721614837646,0.195,0.973,0.2985,0.2135,0.355
M,0.52,0.415,0.175,0.753,0.258,0.171,0.255
M,0.64,0.525,0.2,1.3765,0.44,0.3075,0.47
I,0.410746306180954,0.35,0.12,0.375,0.1425,0.0965,0.115
F,0.42,0.32,0.13,0.4135,0.1645,0.106,0.119
F,0.45,0.35,0.135,0.56,0.231,0.137,0.145
I,0.42,0.325,0.125,0.3915,0.1575,0.1025,0.115
F,0.64,0.505,0.15925797820091248,1.2765,0.4835,0.328,0.4
M,0.57,0.455,0.15,0.96,0.387,0.2385,0.275
M,0.41,0.325,0.12,0.3745,0.158,0.081,0.125
M,0.485,0.41,0.15,0.696,0.2405,0.1625,0.265
F,0.61,0.48,0.19,1.2955,0.5215,0.254106342792511,0.365
F,0.59,0.47839125990867615,0.205,1.107447624206543,0.4525,0.238,0.42
F,0.665,0.535,0.155,1.1737332344055176,0.49515292048454285,0.2565,0.33360055088996887
I,0.345,0.285,0.1,0.2225,0.0865,0.058,0.075
M,0.635,0.51,0.155,1.156,0.4193454682826996,0.289,0.315
M,0.695,0.53,0.15,1.477,0.4330650568008423,0.3025,0.43
F,0.69,0.54,0.185,1.2314848899841309,0.6935,0.318,0.3356448709964752
M,0.555,0.435,0.135,0.858,0.377,0.1585,0.29
M,0.65,0.48584529757499695,0.19,1.2232171297073364,0.5062274932861328,0.4005,0.395
M,0.635,0.4773603677749634,0.19,1.467,0.5825,0.303,0.31266945600509644
F,0.6372782588005066,0.5046131610870361,0.16,1.092,0.6024026274681091,0.30977576971054077,0.37
F,0.69,0.555,0.205,1.8165,0.45215117931365967,0.4395,0.515
F,0.695,0.55,0.16,1.6365,0.694,0.3005,0.44
M,0.55,0.435,0.16,0.906,0.342,0.219,0.2764822244644165
F,0.61,0.495,0.19,1.213,0.5013265013694763,0.26160359382629395,0.365
M,0.595,0.5,0.165,1.06,0.40768614411354065,0.28,0.275
M,0.3,0.24,0.09,0.161,0.0725,0.039,0.05
F,0.435,0.35,0.125,0.459,0.197,0.1145,0.145
I,0.455,0.375,0.125,0.533,0.233,0.106,0.185
M,0.48,0.38,0.13,0.6175,0.3,0.142,0.175
I,0.43,0.35,0.105,0.366,0.1705,0.0855,0.11
F,0.435,0.35,0.105,0.4195,0.194,0.1005,0.13
I,0.3,0.26220956444740295,0.075,0.15,0.0605,0.042,0.045
F,0.575,0.48,0.15,0.8745,0.375,0.193,0.29
M,0.505,0.385,0.11,0.41662490367889404,0.3185,0.15,0.185
M,0.455,0.375,0.125,0.484,0.2155,0.102,0.165
F,0.64,0.48739954829216003,0.165,1.4435,0.5286638140678406,0.3035,0.39
F,0.56,0.435,0.1604205220937729,1.1063889265060425,0.3345,0.2145,0.29
F,0.645,0.52,0.19,1.3105,0.58,0.288,0.37
F,0.588894248008728,0.4621996581554413,0.145,1.2515,0.5035,0.2925,0.33
M,0.565,0.45,0.15035760402679443,0.9085,0.398,0.197,0.29
F,0.655,0.5,0.14,1.1705,0.5405,0.3175,0.285
M,0.48,0.38,0.135,0.528,0.2,0.1395,0.16
F,0.495,0.385,0.135,0.6625,0.3005,0.1635,0.185
F,0.4,0.335,0.115,0.4335,0.2105,0.1205,0.12
M,0.41,0.31,0.125,0.3595,0.1415,0.0885,0.115
F,0.595,0.46148568391799927,0.145,1.107,0.402,0.2415,0.31
F,0.625,0.475,0.1366577446460724,0.8595,0.3195,0.1775,0.24
M,0.52,0.425,0.155,0.7735,0.297,0.123,0.255
I,0.465,0.36,0.125,0.4365,0.169,0.1075,0.145
F,0.475,0.375,0.14,0.501,0.192,0.1175,0.175
F,0.5,0.405,0.14,0.6735,0.265,0.124,0.25
M,0.46,0.355,0.11,0.415,0.215,0.082,0.13
M,0.485,0.385,0.125,0.4775,0.2,0.0785,0.17
F,0.465,0.39,0.14,0.5555,0.213,0.1075,0.215
M,0.525,0.415,0.16,0.6445,0.2615150809288025,0.1575,0.22
F,0.655,0.53,0.1635286808013916,1.428,0.493,0.318,0.565
M,0.69,0.54,0.185,1.6195,0.533,0.353,0.555
F,0.55,0.45,0.17,0.81,0.38401278853416443,0.20940352976322174,0.22
F,0.58,0.475,0.165,1.0385,0.414,0.26,0.305
F,0.59,0.475,0.155,0.9715,0.371,0.235,0.28
M,0.565,0.44,0.155,0.868,0.348,0.217,0.2656494975090027
F,0.665,0.57,0.185,1.522,0.4318859875202179,0.3025,0.405
F,0.62,0.51,0.175,1.1255,0.4985,0.227,0.315
M,0.55,0.4149382710456848,0.13,0.7085,0.305,0.14388860762119293,0.205
F,0.605,0.475,0.145,1.0185,0.40661537647247314,0.225,0.27
M,0.535,0.42,0.16,0.72,0.275,0.164,0.225
F,0.51,0.395,0.12,0.6175,0.262,0.122,0.193
M,0.53,0.405,0.13,0.738,0.2845,0.17,0.193
F,0.47799116373062134,0.375,0.15,0.597,0.2615,0.135,0.178
M,0.575,0.455,0.185,1.156,0.5525,0.243,0.295
F,0.63,0.5,0.16,1.22,0.4905,0.3,0.345
M,0.59,0.45,0.12,0.7485,0.3345,0.1315,0.20622970163822174
F,0.5924202799797058,0.4657087028026581,0.165,1.0735,0.437,0.205,0.33
M,0.645,0.4635009467601776,0.15223512053489685,1.229,0.524,0.278,0.395
F,0.62,0.5,0.175,1.146,0.477,0.23,0.39
M,0.605,0.485,0.175,1.145,0.4325,0.27,0.29202377796173096
F,0.615,0.5,0.205,1.1055,0.4445,0.2186097651720047,0.39
F,0.66,0.525,0.19,1.67,0.6525,0.4875,0.49
F,0.71,0.46427205204963684,0.175,1.555,0.6465,0.3705,0.52
F,0.565,0.4393271505832672,0.185,0.8658019304275513,0.302,0.1805,0.265
F,0.57,0.44017189741134644,0.14,0.8286962509155273,0.3235,0.183,0.22
I,0.6,0.445,0.175,1.057,0.383,0.216,0.355
I,0.41,0.3,0.115,0.2595,0.097,0.0515,0.08
F,0.45,0.325,0.135,0.438,0.1805,0.1165,0.11
M,0.275,0.2,0.08,0.099,0.037,0.024,0.03
I,0.485,0.355,0.12,0.5085,0.21,0.122,0.135
F,0.62,0.485,0.165,1.166,0.483,0.238,0.355
F,0.47609370946884155,0.38,0.135,0.507,0.1915,0.1365,0.155
F,0.505,0.41,0.15,0.6345,0.243,0.1335,0.215
M,0.4,0.31,0.11,0.314,0.138,0.057,0.1
I,0.45,0.355,0.115,0.4385,0.184,0.108,0.1125
M,0.35,0.26,0.09,0.195,0.0745,0.041,0.0655
M,0.44,0.35,0.14,0.451,0.171,0.08580536395311356,0.184
M,0.265,0.2,0.065,0.084,0.034,0.0105,0.03
M,0.165,0.125,0.04,0.0245,0.0095,0.0045,0.008
F,0.6061469316482544,0.555,0.2,1.4685,0.4715,0.3235,0.52
F,0.535,0.425,0.155,0.7765,0.302,0.1565,0.25
I,0.49,0.385,0.14,0.5425,0.198,0.127,0.175
F,0.48,0.37,0.13,0.5885,0.2475,0.1505,0.1595
F,0.395,0.3,0.105,0.3375,0.1435,0.0755,0.098
I,0.375,0.2788164019584656,0.1,0.2565,0.1165,0.0585,0.0725
M,0.345,0.265,0.09,0.163,0.0615,0.037,0.0485
I,0.5094286203384399,0.415,0.135,0.8095,0.2985,0.2015,0.28
I,0.635,0.4317797124385834,0.2,1.3655,0.6255,0.2595,0.425
I,0.575,0.475,0.17,0.967,0.3775,0.284,0.275
F,0.545,0.435,0.15,0.6855,0.2905,0.145,0.225
F,0.385,0.305,0.125,0.314,0.146,0.0555,0.08
F,0.51,0.34,0.18,0.7005,0.312,0.165,0.2
I,0.44,0.34,0.125,0.4895,0.1735,0.0875,0.2
I,0.45,0.36,0.125,0.45,0.191,0.0865,0.145
I,0.39,0.3,0.105,0.259,0.0955,0.038,0.085
F,0.425,0.325,0.135,0.382,0.1465,0.079,0.14
F,0.45,0.35,0.125,0.4435,0.185,0.09,0.145
F,0.66,0.525,0.18,1.6935,0.6025,0.4005,0.3279162347316742
F,0.685,0.525,0.175,1.2806519269943237,0.5180761814117432,0.2721446752548218,0.58
F,0.585,0.475,0.185,0.8575,0.3465,0.1785,0.275
I,0.54,0.435,0.145,0.97,0.4285,0.22,0.264
F,0.49,0.39,0.135,0.59,0.215,0.125,0.1845
M,0.43,0.33,0.095,0.34,0.1315,0.085,0.112
F,0.455,0.365,0.11,0.385,0.1821364015340805,0.046,0.1345
I,0.4333575963973999,0.3354230225086212,0.145,0.515,0.175,0.098,0.212
I,0.48,0.38,0.145,0.59,0.232,0.141,0.23
I,0.47,0.33043262362480164,0.16,0.51,0.1615,0.073,0.198
M,0.415,0.32,0.1,0.3005,0.1215,0.0575,0.104
I,0.49,0.385,0.115,0.683,0.3265,0.1615,0.165
I,0.47,0.375,0.105,0.468,0.13899217545986176,0.108,0.17
I,0.445,0.345,0.13,0.4075,0.1365,0.0645,0.18
F,0.51,0.38,0.13,0.584,0.224,0.1355,0.185
F,0.52,0.405,0.145,0.829,0.3535,0.1685,0.28410300612449646
I,0.42831990122795105,0.365,0.14,0.4545,0.171,0.118,0.158
F,0.455,0.36,0.11,0.4385,0.206,0.098,0.125
I,0.435,0.34,0.11,0.407,0.1685,0.073,0.13
I,0.39,0.3,0.1,0.3085,0.1385,0.0735,0.085
I,0.375,0.285,0.1,0.239,0.105,0.0555,0.07
M,0.40944841504096985,0.215,0.075,0.106,0.16712242364883423,0.023,0.035
I,0.58,0.445,0.17,1.178,0.3935,0.2165,0.26050251722335815
F,0.58,0.44,0.175,1.073,0.4005,0.2345,0.31055015325546265
M,0.41,0.315,0.095,0.306,0.121,0.07293827831745148,0.09
M,0.41,0.3,0.1,0.301,0.124,0.069,0.09
I,0.54,0.405,0.15,0.8422572016716003,0.33806660771369934,0.2075,0.19
M,0.33,0.245,0.085,0.171,0.0655,0.0365,0.055
I,0.44,0.31,0.115,0.3625,0.134,0.082,0.12
M,0.28,0.21,0.065,0.2843080461025238,0.035,0.02,0.03
I,0.59,0.44126978516578674,0.195,1.0885,0.3685,0.19662106037139893,0.375
I,0.61,0.48,0.165,0.9289228320121765,0.4215,0.264,0.335
I,0.61,0.46,0.17,1.278,0.41,0.257,0.37
M,0.455,0.345,0.125,0.44,0.169,0.1065,0.135
M,0.33,0.235,0.09,0.163,0.0615,0.034,0.055
I,0.44,0.33,0.135,0.522,0.17,0.0905,0.195
M,0.54,0.405,0.155,0.9715,0.3225,0.194,0.29
F,0.475,0.375,0.125,0.588,0.237,0.1715,0.155
F,0.46,0.33,0.15,0.5325,0.2085,0.1805,0.125
I,0.31,0.235,0.09,0.127,0.048,0.031,0.04
I,0.255,0.19,0.07,0.0815,0.028,0.016,0.031
M,0.335,0.255,0.075,0.1635,0.0615,0.0345,0.057
I,0.295,0.21,0.08,0.1,0.038,0.026,0.031
I,0.19,0.13,0.045,0.0265,0.009,0.005,0.009
M,0.545,0.435,0.165,0.9955,0.3245,0.2665,0.325
M,0.495,0.4,0.12,0.6605,0.2605,0.161,0.19
M,0.5,0.375,0.10220245271921158,0.721,0.13655033707618713,0.1725,0.22
F,0.305,0.225,0.07,0.1485,0.0585,0.0335,0.045
F,0.475,0.35,0.115,0.487,0.194,0.09181509912014008,0.125
M,0.5337125062942505,0.41697564721107483,0.125,0.955,0.341,0.2535,0.26
M,0.5647088885307312,0.41,0.145,0.873,0.3035,0.196,0.31
M,0.74,0.535,0.15168826282024384,1.65,0.734,0.4505,0.335
M,0.565,0.465,0.15,1.1285,0.377,0.3525,0.29285159707069397
M,0.56,0.44,0.16325092315673828,1.1115,0.5035,0.27420106530189514,0.34350720047950745
M,0.545,0.42,0.125,0.9745,0.353,0.174,0.305
M,0.6173022389411926,0.515,0.1644393503665924,1.4605,0.5835,0.3155,0.3474936783313751
M,0.575,0.435,0.13,1.0225341320037842,0.368,0.222,0.32
M,0.62,0.4491092264652252,0.16,1.0765,0.412,0.253,0.3
F,0.605,0.45,0.165,1.2225,0.49938565492630005,0.25943419337272644,0.385
M,0.6213251948356628,0.475,0.16,1.616,0.5312615036964417,0.26906636357307434,0.34
F,0.475,0.375,0.15,0.559,0.1955,0.1215,0.18661607801914215
M,0.365,0.285,0.085,0.2205,0.0855,0.0515,0.07
F,0.46,0.35,0.115,0.44,0.19,0.1025,0.13
M,0.53,0.43,0.145688995718956,0.879,0.28,0.2165,0.25
M,0.48,0.395,0.15,0.6815,0.2145,0.1405,0.2495
M,0.455,0.345,0.15,0.5795,0.1685,0.125,0.215
I,0.35,0.265,0.11,0.209,0.066,0.059,0.075
M,0.37,0.28,0.105,0.224,0.0815,0.0575,0.075
I,0.34,0.25,0.075,0.1765,0.0785,0.0405,0.05
I,0.35,0.28,0.075,0.196,0.082,0.04,0.064
I,0.35,0.265,0.08,0.192,0.081,0.0465,0.053
I,0.39,0.315,0.09,0.3095,0.147,0.05,0.09
I,0.395,0.2768763601779938,0.095,0.313,0.131,0.072,0.093
I,0.415,0.31,0.105,0.3595,0.167,0.083,0.0915
I,0.43,0.32,0.1,0.3855,0.192,0.0745,0.1
I,0.48,0.355,0.115,0.5785,0.25,0.106,0.06833551824092865
M,0.49,0.395,0.12,0.674,0.3325,0.1235,0.185
F,0.49,0.37,0.12084688246250153,0.5265,0.249,0.1005,0.148
F,0.56,0.465,0.16,1.0315,0.432,0.2025,0.337
M,0.56,0.45,0.14,0.9,0.35290664434432983,0.182,0.218
M,0.5835404992103577,0.4594908654689789,0.1543559730052948,1.0165,0.491,0.221,0.265
F,0.58,0.4627359211444855,0.18,1.2495,0.4945,0.27,0.371
M,0.59,0.4507408142089844,0.135,1.1685,0.539,0.279,0.28
F,0.595,0.46386078000068665,0.165,1.148,0.444,0.214,0.37
M,0.614533543586731,0.475,0.15,1.089,0.5195,0.223,0.31431567668914795
M,0.61,0.47,0.155,0.9959415793418884,0.497,0.2175,0.2785
F,0.6035831570625305,0.475,0.1617770940065384,1.172,0.536,0.254,0.316
M,0.64,0.51,0.16099993884563446,1.1630913019180298,0.567,0.307,0.409
F,0.65,0.545,0.185,1.5055,0.6565,0.341,0.43
M,0.71,0.484514057636261,0.2,1.9045,0.5105571746826172,0.44,0.33062875270843506
F,0.74,0.5454305410385132,0.18894736468791962,1.5832504034042358,0.7334051728248596,0.35150086879730225,0.5235
I,0.3436839282512665,0.18,0.065,0.0805,0.0345,0.0185,0.0215
I,0.28,0.21,0.065,0.111,0.0425,0.0285,0.03
I,0.325,0.24,0.075,0.152,0.065,0.0305,0.045
I,0.35,0.265,0.095,0.199,0.073,0.049,0.06
I,0.36,0.27,0.09,0.219,0.097,0.0405,0.065
I,0.365,0.27,0.105,0.2155,0.0915,0.0475,0.063
I,0.37,0.28,0.09,0.2565,0.1255,0.0645,0.0645
I,0.375,0.285,0.09,0.257,0.1045,0.062,0.075
I,0.38,0.275,0.095,0.2505,0.0945,0.0655,0.075
I,0.395,0.3,0.09,0.279,0.134,0.049,0.075
I,0.43,0.335,0.105,0.378,0.188,0.0785,0.06445638835430145
I,0.44,0.35,0.125,0.456,0.21,0.0955,0.131
I,0.465,0.37,0.1,0.5055,0.234,0.11,0.14
F,0.465,0.355,0.115,0.4705,0.1955,0.118,0.126
M,0.48,0.37,0.13,0.643,0.349,0.1155,0.135
I,0.485,0.37,0.1,0.513,0.219,0.1075,0.13
F,0.49,0.4,0.115,0.569,0.256,0.1325,0.145
I,0.495,0.4,0.145,0.578,0.2545,0.1305,0.1645
I,0.5,0.385,0.11,0.596,0.3015,0.104,0.151
F,0.505,0.39,0.12,0.5725,0.21782730519771576,0.1325,0.146
M,0.52,0.39,0.12036482244729996,0.6435,0.2885,0.157,0.161
M,0.52,0.395,0.125,0.8115,0.4035,0.166,0.2
F,0.525,0.44,0.125,0.7115,0.35098797082901,0.159,0.21860861778259277
M,0.55,0.44,0.155,0.9155,0.3645,0.195,0.25
F,0.555,0.44,0.145,0.8815,0.43,0.1975,0.2155
F,0.555,0.42,0.11,0.931,0.4445,0.171,0.225
F,0.575,0.46,0.16182774305343628,1.065,0.4985,0.261664479970932,0.2815
M,0.6,0.475,0.155,1.1385,0.4575766623020172,0.2295,0.3101595938205719
F,0.61,0.48,0.16,1.234,0.598,0.23965729773044586,0.315
F,0.61,0.495,0.175,1.2635,0.53,0.315,0.3455
F,0.61,0.4734191298484802,0.16,1.0745,0.4625580906867981,0.236,0.29
M,0.615,0.48454520106315613,0.19,1.403,0.5073712468147278,0.2925,0.33086127042770386
M,0.62,0.485,0.165,1.0414398908615112,0.4165040850639343,0.2505,0.2825
F,0.625,0.495,0.15712636709213257,1.1115,0.4495,0.2825,0.3133816719055176
F,0.625,0.4651587903499603,0.17,1.255,0.525,0.2415,0.405
M,0.625,0.485,0.17,1.437,0.5855,0.293,0.475
F,0.635,0.495,0.155,1.3635,0.5590362548828125,0.2778962254524231,0.3527930974960327
F,0.64,0.48,0.195,1.1435,0.4915,0.2345,0.353
M,0.64,0.5,0.17,1.4545,0.642,0.3575,0.30779704451560974
M,0.5954535007476807,0.525,0.18,1.478,0.5815,0.381,0.372
F,0.665,0.48979365825653076,0.1629185974597931,1.6885,0.5301250219345093,0.407,0.4265
F,0.715,0.48679301142692566,0.23,1.1703898906707764,0.8655,0.4095,0.565
F,0.72,0.565,0.2,1.787,0.718,0.25668901205062866,0.529
F,0.6314173340797424,0.5031716823577881,0.17035605013370514,1.398438572883606,0.8045,0.3595,0.4375
I,0.165,0.12,0.05,0.021,0.0075,0.0045,0.014
I,0.21,0.15,0.055,0.0455,0.02,0.0065,0.013
I,0.355,0.265,0.085,0.2435,0.122,0.0525,0.06
I,0.3824872374534607,0.315,0.085,0.2675,0.116,0.0585,0.0765
I,0.4,0.29,0.1,0.258,0.104,0.059,0.0815
I,0.4,0.3,0.11,0.2985,0.1375,0.071,0.075
I,0.435,0.335,0.11,0.411,0.2025,0.0945,0.1
I,0.44,0.33,0.11,0.38,0.197,0.079,0.06537003815174103
I,0.45,0.34,0.105,0.4385,0.21,0.0925,0.12
I,0.465,0.345,0.105,0.4015,0.242,0.0345,0.109
I,0.47,0.355,0.145,0.4485,0.156,0.102,0.1261753886938095
I,0.47,0.355,0.115,0.4155,0.167,0.084,0.139
I,0.475,0.42,0.16,0.7095,0.35,0.1505,0.1845
I,0.485,0.37,0.115,0.637,0.38,0.1335,0.128
F,0.505,0.475,0.16,1.1155,0.509,0.25786393880844116,0.3211800456047058
I,0.51,0.405,0.13,0.599,0.3065,0.1155,0.1485
I,0.42814013361930847,0.38,0.13,0.5345,0.2375,0.122,0.1535
F,0.53,0.42,0.14,0.627,0.2905,0.1165,0.183
M,0.535,0.42,0.16,0.7465,0.348,0.1515,0.2185
M,0.55,0.44,0.16,0.985,0.4645,0.201,0.27
M,0.555,0.44,0.145,0.85,0.4165,0.1685,0.23
M,0.5636404156684875,0.44,0.15,0.838,0.37562626600265503,0.146,0.25958478450775146
F,0.555,0.43,0.135,0.7692058086395264,0.4055,0.163,0.2215
M,0.5303852558135986,0.415,0.13260678946971893,0.7615,0.3338944911956787,0.17,0.1955
M,0.575,0.44,0.145,0.87,0.3945,0.2195,0.225
F,0.585,0.45,0.145,0.9835,0.4845,0.21050453186035156,0.22
M,0.59,0.46,0.145,0.9460117220878601,0.38,0.24,0.255
F,0.595,0.47,0.15118007361888885,1.0155,0.491,0.1905,0.289
M,0.6,0.41,0.145,0.939,0.4475,0.196,0.268
M,0.6,0.475,0.16,1.164,0.4332161247730255,0.2635,0.335
M,0.61,0.47,0.15686330199241638,1.214,0.5315,0.2835,0.3250916004180908
F,0.6190918684005737,0.49,0.16548070311546326,1.1345,0.4695,0.257,0.34603574872016907
F,0.62,0.51,0.18,1.233,0.592,0.274,0.322
M,0.625,0.495,0.18,1.0815,0.4715,0.254,0.28126993775367737
F,0.625,0.47,0.175,1.179,0.605,0.258,0.3197050094604492
F,0.64,0.5,0.15435655415058136,1.1635,0.554,0.239,0.32
F,0.64,0.4683874547481537,0.175,1.1545,0.4547223746776581,0.341,0.288
F,0.645,0.52,0.175,1.3345,0.45914432406425476,0.2665,0.355
M,0.5979438424110413,0.505,0.15947295725345612,1.469,0.7115,0.3335,0.38
M,0.655,0.5052098035812378,0.1696016639471054,1.3409761190414429,0.7185,0.29457658529281616,0.355
F,0.6026219129562378,0.4753512442111969,0.15973776578903198,1.5585,0.7285,0.402,0.385
F,0.66,0.5,0.175,1.3275,0.556,0.2805,0.4085
M,0.6140037775039673,0.525,0.18,1.1714355945587158,0.8005,0.3645,0.43
F,0.69,0.525,0.1745605319738388,1.3878519535064697,0.6425,0.30371013283729553,0.42
F,0.602863073348999,0.575,0.16225209832191467,1.7365,0.7755,0.3965,0.461
F,0.7,0.56,0.175,1.6605,0.8605,0.3275,0.2951056957244873
M,0.71,0.5123334527015686,0.1710093915462494,1.348,0.6290088295936584,0.3007967472076416,0.37694481015205383
F,0.715,0.47562864422798157,0.18,1.7405,0.871,0.347,0.449
F,0.72,0.545,0.168690025806427,1.3304363489151,0.7925,0.401,0.36170947551727295
I,0.215,0.15,0.055,0.041,0.015,0.009,0.0125
I,0.24,0.185,0.06,0.0655,0.0295,0.0005,0.02
I,0.26,0.205,0.07,0.097,0.0415,0.019,0.0305
I,0.32,0.24,0.085,0.131,0.0615,0.0265,0.038
I,0.33,0.23,0.085,0.1695,0.079,0.026,0.0505
I,0.335,0.26,0.085,0.192,0.097,0.03,0.054
I,0.35,0.26,0.09,0.1765,0.072,0.0355,0.0575
I,0.35,0.265,0.085,0.1735,0.0775,0.034,0.056
I,0.36,0.265,0.075,0.1785,0.0785,0.035,0.054
I,0.36,0.265,0.09,0.2055,0.096,0.037,0.0585
I,0.365,0.275,0.09,0.2345,0.108,0.051,0.0625
I,0.38,0.285,0.09,0.2305,0.1005,0.039,0.0775
I,0.4,0.31,0.115,0.314,0.1545,0.0595,0.087
I,0.4,0.315,0.09,0.33,0.151,0.068,0.08
I,0.4,0.265,0.1,0.2775,0.1245,0.0605,0.08
I,0.425,0.325,0.11,0.2615446448326111,0.1695,0.092,0.1065
I,0.43,0.325,0.105,0.309,0.119,0.08,0.098
M,0.435,0.335,0.11,0.4385,0.2075,0.0715,0.1315
I,0.435,0.34,0.12,0.396,0.1775,0.081,0.125
I,0.445,0.355,0.095,0.3615,0.1415,0.0785,0.12
I,0.3786170482635498,0.35,0.11,0.514,0.253,0.1045,0.14
I,0.455,0.435,0.11,0.4265,0.195,0.09,0.1205
I,0.46,0.34,0.09,0.384,0.1795,0.068,0.11
I,0.475,0.355,0.125,0.4865,0.2155,0.1105,0.142
I,0.475,0.36,0.135,0.4355,0.196,0.0925,0.125
I,0.475,0.35,0.115,0.498,0.2375,0.099,0.14
I,0.48,0.355,0.125,0.494,0.2385,0.0835,0.15
F,0.495,0.37,0.12,0.594,0.28,0.11,0.1375
I,0.5,0.365,0.125,0.528,0.229,0.103,0.1645
M,0.505,0.39,0.115,0.5176395773887634,0.2575,0.119,0.1535
I,0.515,0.4,0.135,0.5215407609939575,0.3055,0.1215,0.1855
I,0.525,0.39,0.105,0.567,0.2875,0.1075,0.16
F,0.53,0.405,0.13322380185127258,0.6615,0.2945,0.1395,0.19
I,0.53,0.37269020080566406,0.13,0.658,0.227433443069458,0.1245,0.198
M,0.535,0.415,0.137697234749794,0.78,0.3165,0.169,0.2365
I,0.535,0.41,0.13,0.6075,0.268,0.1225,0.1975
I,0.54,0.41,0.135,0.7025,0.31,0.177,0.2
I,0.5516116619110107,0.425,0.155,0.8725,0.412,0.187,0.2425
F,0.6218564510345459,0.45,0.175,1.2365,0.5305,0.2455,0.31745919585227966
M,0.57,0.47,0.155,1.186,0.6355,0.22717852890491486,0.277
I,0.57,0.42,0.1187160536646843,0.7745,0.3535,0.1505,0.2365
F,0.5791261792182922,0.42,0.16,0.8875,0.4315,0.1915,0.223
I,0.575,0.455,0.155,0.8725,0.349,0.2095,0.285
I,0.575,0.44,0.125,0.8515,0.30614835023880005,0.1715,0.1965
F,0.575,0.475,0.14889764785766602,0.895,0.3605,0.221,0.271
M,0.575,0.45,0.155,0.886,0.3605,0.211,0.2575
I,0.58,0.46,0.14,0.8238443732261658,0.4135,0.1845,0.27
I,0.58,0.46,0.14,0.8295,0.3915,0.165,0.238
I,0.58,0.47,0.15,0.907,0.444,0.1855,0.2445
M,0.58,0.47,0.15725530683994293,1.041,0.54,0.2581283450126648,0.32168564200401306
F,0.585,0.465,0.165,0.9355,0.4035,0.2275,0.259
F,0.585,0.46,0.165,1.058,0.486,0.2326165735721588,0.294
F,0.595,0.465,0.145,0.7626779079437256,0.3425,0.1795,0.2425
F,0.6,0.47,0.17,1.0805,0.41843125224113464,0.2245,0.3205
M,0.6,0.47,0.14064748585224152,0.928,0.4225,0.183,0.275
F,0.6,0.475,0.155,1.059,0.441,0.19,0.39
F,0.5915235877037048,0.4709714353084564,0.23,1.157,0.522,0.2235,0.36
F,0.6,0.4618804156780243,0.17,1.088,0.4905,0.2475,0.31
F,0.6,0.485,0.1342485547065735,0.776,0.3545,0.1585,0.239
F,0.62,0.48,0.165,1.043,0.4835,0.221,0.31
M,0.625,0.48,0.16,1.1415,0.5795,0.2145,0.29
F,0.625,0.475,0.16,1.1002027988433838,0.605,0.2875,0.319
F,0.625,0.5,0.175,1.273,0.564,0.253427118062973,0.374
M,0.625,0.49,0.165,1.1835,0.517,0.219013512134552,0.39
M,0.625,0.485,0.16,1.2135,0.631,0.2213623970746994,0.302
I,0.63,0.465,0.15,1.0315,0.4265,0.24,0.325
M,0.635,0.495,0.17,1.3695,0.657,0.3055,0.365
M,0.65,0.515,0.185,1.3745,0.75,0.22698891162872314,0.369
M,0.65,0.515,0.18,1.463,0.43557241559028625,0.3135,0.4115
F,0.65,0.52,0.195,1.6275,0.5000442862510681,0.26346907019615173,0.3426875174045563
F,0.65,0.475,0.165,1.3875,0.58,0.3485,0.30198320746421814
M,0.655,0.525,0.15885144472122192,1.46,0.686,0.26177582144737244,0.32900455594062805
F,0.5849245190620422,0.53,0.165,1.2835,0.583,0.1255,0.4
F,0.5996806025505066,0.5,0.155,1.3765,0.6485,0.288,0.335
M,0.66,0.49254918098449707,0.16643159091472626,1.6465,0.5595354437828064,0.422,0.35863202810287476
M,0.675,0.515,0.145,1.265,0.6025,0.299,0.2896730601787567
M,0.685,0.53,0.17,1.178078055381775,0.48341983556747437,0.383,0.3332667350769043
M,0.715,0.52,0.18,1.6,0.708,0.3525,0.445
M,0.5879441499710083,0.4581054449081421,0.22,2.333,1.2395,0.3645,0.6195
I,0.175,0.125,0.04,0.028,0.0095,0.008,0.009
I,0.37,0.285,0.095,0.226,0.1135,0.0515,0.0675
I,0.395,0.3,0.09,0.2855,0.1385,0.0625,0.077
I,0.42,0.325,0.11,0.325,0.1245,0.0755,0.1025
I,0.4454613924026489,0.37,0.11,0.514,0.2385,0.1235,0.126
I,0.495,0.375,0.115,0.5755,0.31,0.1145,0.1395
F,0.51,0.3486264944076538,0.11,0.5805,0.2865,0.118,0.148
M,0.515,0.39,0.14,0.678,0.341,0.1325,0.119
M,0.545,0.43,0.155,0.8035,0.409,0.144,0.228
F,0.555,0.405,0.12,0.913,0.4585,0.196,0.2065
M,0.58,0.45,0.16,0.8675,0.3935,0.221,0.215
F,0.59,0.465,0.17,1.0425,0.4635,0.24,0.27
M,0.5925440788269043,0.46,0.15940023958683014,1.14,0.423,0.2575,0.365
F,0.61,0.4838153123855591,0.17,1.1694766283035278,0.7045,0.25,0.3045
M,0.615,0.4742923378944397,0.155,1.0735,0.4375,0.23023709654808044,0.31
M,0.6299363970756531,0.502485454082489,0.19,1.4335,0.7315,0.29848363995552063,0.373831182718277
M,0.615,0.495,0.2,1.304,0.5795,0.3115,0.371
M,0.62,0.44669458270072937,0.16,0.9505,0.38498759269714355,0.2,0.228
M,0.63,0.515,0.17,1.385,0.43408387899398804,0.2955,0.38
F,0.64,0.5,0.15509051084518433,1.12,0.4955,0.2645,0.32
F,0.64,0.46015554666519165,0.17,1.2645,0.565,0.3375,0.315
F,0.655,0.46248146891593933,0.17,1.275,0.583,0.303,0.333
M,0.655,0.505,0.165,1.27,0.41905367374420166,0.262,0.335
M,0.66,0.53,0.175,1.583,0.7395,0.3505,0.405
F,0.665,0.5,0.175,1.4355,0.643,0.345,0.37
F,0.609102189540863,0.525,0.165972501039505,1.42,0.5173605680465698,0.368,0.3905
M,0.69,0.53,0.19,1.5955,0.678,0.22586646676063538,0.48
M,0.6197665929794312,0.525,0.16569440066814423,1.89,0.95,0.436,0.35181108117103577
F,0.735,0.4848830997943878,0.225,2.037,0.5218684077262878,0.5145,0.5675
I,0.27,0.205,0.05,0.084,0.03,0.0185,0.0436089001595974
I,0.285,0.225,0.07,0.1005,0.0425,0.0185,0.035
I,0.295,0.22,0.085,0.1285,0.0585,0.027,0.0365
I,0.3,0.225,0.075,0.1345,0.057,0.028,0.044
I,0.3,0.22,0.065,0.1195,0.052,0.0155,0.035
I,0.36,0.265,0.085,0.1895,0.0725,0.0515,0.055
I,0.37,0.275,0.095,0.257,0.1015,0.055,0.0825
I,0.39,0.29,0.09,0.2745,0.135,0.0455,0.078
I,0.435,0.325,0.09295868128538132,0.342,0.1335,0.0835,0.105
I,0.44,0.34,0.105,0.344,0.123,0.081,0.125
I,0.44,0.32,0.095,0.3275,0.1495,0.059,0.1
I,0.445,0.345,0.12,0.4035,0.169,0.0825,0.13
I,0.465,0.37,0.115,0.3566085398197174,0.1515,0.0935,0.1455
I,0.465,0.355,0.12,0.4975,0.2375,0.099,0.14
I,0.47,0.345,0.12,0.3579614460468292,0.1525,0.0615,0.125
I,0.475,0.365,0.105,0.4175,0.1645,0.099,0.127
I,0.475,0.335,0.1,0.4425,0.1895,0.086,0.135
I,0.475,0.35,0.125,0.4225,0.1905,0.079,0.1355
I,0.485,0.365,0.125,0.426,0.163,0.0965,0.151
I,0.49,0.39,0.12,0.511,0.2205,0.103,0.1745
I,0.515,0.405,0.13,0.573,0.213,0.134,0.195
I,0.49704307317733765,0.415,0.14,0.6385,0.2945,0.1405,0.1698923259973526
I,0.525,0.405,0.125,0.657,0.2985,0.1505,0.168
F,0.525,0.4504995048046112,0.14,0.8735,0.4205,0.182,0.2225
I,0.53,0.425,0.13,0.8301076889038086,0.3905,0.2005,0.215
I,0.53,0.42,0.14,0.6765,0.256,0.1855,0.19115881621837616
M,0.53,0.41,0.125,0.769,0.346,0.173,0.215
I,0.53,0.395,0.125,0.6235,0.2975,0.108,0.195
M,0.535,0.405,0.1224740520119667,0.7315,0.336,0.156,0.19
F,0.535,0.45269668102264404,0.15078705549240112,0.8075,0.3655,0.148,0.27210164070129395
M,0.545,0.41,0.14,0.737,0.349,0.15,0.212
F,0.545,0.41,0.125,0.654,0.2945,0.1315,0.205
I,0.55,0.415,0.15,0.7915,0.3535,0.15133900940418243,0.236
F,0.55,0.45,0.14,0.753,0.3233206272125244,0.1325,0.24
I,0.55,0.4,0.135,0.717,0.3315,0.1495,0.221
I,0.555,0.43,0.15,0.783,0.345,0.1755,0.247
I,0.575,0.45,0.145,0.872,0.4675,0.18,0.217
I,0.575,0.44,0.15,0.983,0.486,0.215,0.239
F,0.585,0.46403172612190247,0.155,1.034,0.437,0.2225,0.32
F,0.585,0.465,0.145,0.9855,0.4325,0.2145,0.2845
I,0.585,0.46,0.14,0.7635,0.326,0.1422164887189865,0.265
M,0.59,0.465,0.135,0.9895,0.4235,0.199,0.28
I,0.595,0.47,0.135,0.9365,0.434,0.184,0.21019114553928375
F,0.5888146162033081,0.44,0.135,0.964,0.5005,0.1715,0.2575
F,0.5965582132339478,0.46,0.155,1.0455,0.4565,0.24,0.3085
F,0.595,0.45,0.165,1.081,0.49,0.2333720624446869,0.279
M,0.6,0.47,0.16,1.012,0.441,0.2015,0.305
F,0.6,0.5,0.16,1.122,0.42382970452308655,0.256,0.309
M,0.605,0.49,0.165,1.1245,0.492,0.222,0.3555
F,0.605,0.49,0.15,1.1345,0.4305,0.2525,0.35
M,0.61,0.45,0.19,1.0805,0.517,0.2495,0.29422318935394287
F,0.61,0.495,0.165,1.0835,0.4525,0.273,0.317
M,0.615,0.45272403955459595,0.175,1.242,0.5675,0.287,0.317
M,0.62,0.5,0.18,1.3915,0.726,0.2795,0.303714781999588
M,0.62,0.525,0.155,1.085,0.454,0.1965,0.35
I,0.62,0.47,0.155,0.966,0.447,0.171,0.284
M,0.62,0.48,0.15185393393039703,1.0855,0.481,0.2575,0.30874672532081604
F,0.625,0.485,0.135,1.3025,0.61,0.2675,0.3605
I,0.625,0.485,0.1436530351638794,1.15,0.5255,0.257,0.3315
I,0.63,0.49,0.17,1.217,0.5515,0.212,0.31
F,0.63,0.505,0.195,1.306,0.516,0.3305,0.375
M,0.64,0.5,0.175,1.0540525913238525,0.5065,0.2925,0.405
M,0.645,0.51,0.19,1.4865,0.6445,0.296,0.3042321801185608
M,0.65,0.52,0.17,1.3655,0.6155,0.2885,0.29684382677078247
F,0.65,0.5267256498336792,0.17928723990917206,1.276,0.6900412440299988,0.3358331322669983,0.399
M,0.65,0.495,0.16,1.2075,0.55,0.2695,0.32
F,0.6127153038978577,0.52,0.195,1.281,0.5985,0.26287972927093506,0.3825
M,0.65,0.525,0.205,1.1477434635162354,0.69,0.2411281317472458,0.4355
M,0.65,0.51,0.175,1.155,0.4369554817676544,0.2221296727657318,0.385
F,0.65,0.51,0.175,1.35,0.575,0.3155,0.3885
M,0.6053017973899841,0.4785887897014618,0.19,1.3685,0.5975,0.296,0.33244791626930237
F,0.631116509437561,0.53,0.16756291687488556,1.431,0.622,0.3003513216972351,0.398
M,0.66,0.51,0.18,1.261,0.5,0.2335,0.339
F,0.665,0.54,0.1665712147951126,1.764,0.8505,0.27223244309425354,0.47
F,0.67,0.51,0.155,1.278,0.5605,0.3045,0.31319373846054077
F,0.6238898038864136,0.54,0.195,1.2355928421020508,0.5313023328781128,0.2735,0.3315
F,0.67,0.54,0.2,1.1605753898620605,0.46852150559425354,0.250555157661438,0.4165
F,0.675,0.535,0.185,1.5575,0.7035,0.402,0.30091872811317444
F,0.675,0.51,0.17,1.527,0.809,0.27765366435050964,0.3482332229614258
F,0.675,0.53,0.1645498126745224,1.4985,0.62,0.2638765275478363,0.425
M,0.6099564433097839,0.55,0.19,1.885,0.4740457236766815,0.41,0.4895
F,0.6397125124931335,0.5132527947425842,0.175,1.3515188694000244,0.637,0.247,0.46
F,0.705,0.4989960491657257,0.21,1.217378854751587,0.655,0.3255,0.462
F,0.705,0.53,0.17,1.170541763305664,0.4650144577026367,0.394,0.44
F,0.6249479055404663,0.4889829754829407,0.166579931974411,2.14,1.2455,0.3725,0.434
F,0.725,0.56,0.185,1.273779034614563,0.873,0.367,0.3429102599620819
F,0.6854900121688843,0.6,0.19076621532440186,1.613762617111206,0.7400550842285156,0.368140310049057,0.6745
I,0.235,0.13,0.075,0.1585,0.0685,0.037,0.0465
I,0.35,0.25,0.1,0.4015,0.1725,0.063,0.1255
I,0.36,0.25,0.115,0.465,0.21,0.1055,0.128
I,0.38,0.28,0.095,0.2885,0.165,0.0435,0.067
F,0.38,0.32,0.115,0.6475,0.323,0.1325,0.164
M,0.43,0.31,0.13,0.6485,0.10854528099298477,0.163,0.184
I,0.465,0.36,0.105,0.452,0.22,0.159,0.1035
I,0.47,0.355,0.12,0.4915,0.1765,0.1125,0.1325
F,0.485,0.365,0.13927942514419556,0.9145,0.4145,0.199,0.273
F,0.495,0.45467695593833923,0.155,0.976,0.45,0.2285,0.2475
I,0.5,0.395,0.145,0.7865,0.332,0.1527058631181717,0.2131451815366745
M,0.505,0.4,0.15,0.775,0.3445,0.157,0.185
I,0.51,0.375,0.15,0.8415,0.3845,0.156,0.255
M,0.51,0.3511400520801544,0.135,0.681,0.3435,0.142,0.17
M,0.3962346911430359,0.37,0.115,0.6145,0.3415,0.155,0.146
F,0.55,0.415,0.165852352976799,1.1655,0.4755089282989502,0.301,0.311
F,0.575,0.42,0.19,1.764,0.914,0.377,0.4095
M,0.605,0.455,0.16,1.1215,0.533,0.2199496328830719,0.271
M,0.615,0.4796075224876404,0.165,1.1191365718841553,0.4895,0.2955,0.345
M,0.615,0.475,0.1495189517736435,1.0375,0.476,0.2325,0.30000975728034973
M,0.597019612789154,0.48,0.15978588163852692,1.223,0.565,0.2975,0.3375
M,0.625,0.47,0.15,1.124,0.556,0.21465040743350983,0.287
F,0.635,0.505,0.17,1.2635,0.47084781527519226,0.322,0.355
F,0.65,0.525,0.165,1.238,0.647,0.2485,0.3005
F,0.65,0.5,0.17,1.4045,0.694,0.318,0.3235
F,0.6180503964424133,0.525,0.195,1.37,0.6065,0.2955,0.31242725253105164
F,0.6396703124046326,0.510465145111084,0.205,1.3633686304092407,0.819,0.4025,0.4525
F,0.705,0.4773542582988739,0.15709421038627625,1.7525,0.7105,0.4215,0.516
I,0.275,0.205,0.065,0.101,0.0926874652504921,0.021,0.034
I,0.285,0.205,0.07,0.106,0.039,0.0285,0.034
I,0.36,0.265,0.085,0.1865,0.0675,0.037,0.0615
I,0.385,0.2813054323196411,0.1,0.2575,0.1,0.061,0.086
I,0.4,0.315,0.1,0.3225,0.143,0.0735,0.091
I,0.43,0.33,0.095,0.32,0.118,0.065,0.123
I,0.435,0.375,0.11,0.4155,0.17,0.076,0.145
I,0.4269898235797882,0.32827994227409363,0.115,0.3935,0.195,0.071,0.11
I,0.475,0.355,0.135,0.4775,0.2145,0.09,0.1435
I,0.40131422877311707,0.36,0.11,0.452,0.191,0.099,0.13
I,0.485,0.37,0.14,0.5065,0.2425,0.088,0.1465
I,0.51,0.395,0.105,0.5525,0.234,0.127,0.165
I,0.515,0.39,0.12,0.4573781192302704,0.235,0.135,0.179
I,0.52,0.41,0.14,0.699,0.3395,0.129,0.1945
I,0.525,0.4,0.14,0.6055,0.2605,0.108,0.21
M,0.53,0.425,0.155,0.7905,0.307,0.171,0.2595
F,0.53,0.425,0.13,0.702,0.2975,0.1395,0.20903663337230682
M,0.53,0.42,0.135,0.675,0.294,0.156,0.1825
I,0.53,0.395,0.115,0.5097290873527527,0.2025,0.101,0.148
I,0.53,0.41,0.15,0.612,0.2435,0.1525,0.1895
I,0.535,0.4,0.145,0.705,0.3065,0.1365,0.22
I,0.535,0.45,0.135,0.728,0.2845,0.1845,0.265
F,0.555,0.44,0.14652447402477264,0.846,0.346,0.1715,0.2735
M,0.5690332055091858,0.46,0.16,0.9473086595535278,0.3345,0.1935,0.275
M,0.56,0.465,0.145,0.8875,0.43028244376182556,0.22,0.2915074825286865
F,0.601751446723938,0.43,0.145,1.1565406322479248,0.3895,0.2325,0.245
I,0.565,0.43,0.125,0.7603104710578918,0.328253835439682,0.139,0.21
I,0.575,0.40023815631866455,0.145,0.795,0.364,0.1505,0.26
M,0.575,0.465,0.12,1.0535,0.516,0.2185,0.235
F,0.575,0.46,0.15,0.9276553988456726,0.333,0.207,0.2985
I,0.58,0.36272701621055603,0.14,0.701,0.3285,0.102,0.2255
M,0.58,0.45,0.155,0.8275,0.321,0.16214130818843842,0.2445
F,0.585,0.42,0.155,0.9845,0.442,0.2155,0.2875
M,0.585,0.47,0.145,0.9565,0.4025,0.2365,0.265
I,0.59,0.45,0.125,0.8657911419868469,0.437,0.1840333789587021,0.245
M,0.595,0.46075475215911865,0.15155430138111115,1.1785,0.526,0.2975,0.314
M,0.615,0.48,0.185,1.1781755685806274,0.48062965273857117,0.315,0.33673176169395447
M,0.615,0.4452659785747528,0.13,0.9685,0.49,0.182,0.2655
F,0.5921115875244141,0.5,0.175,1.107,0.4895,0.24,0.343
I,0.62,0.42836564779281616,0.18,1.1305,0.5285,0.2655,0.306
F,0.62,0.48,0.155,1.2555,0.527,0.374,0.32423949241638184
M,0.625,0.495,0.155,1.177,0.5055,0.278,0.345
M,0.625,0.496988445520401,0.16560180485248566,1.2425,0.5631861686706543,0.248,0.35594627261161804
M,0.63,0.4523567855358124,0.16,1.09,0.407,0.224,0.354
F,0.63,0.475,0.15,1.072,0.433,0.2975,0.28527575731277466
F,0.645,0.51,0.155,1.129,0.5015,0.24,0.342
F,0.65,0.505,0.175,1.2075,0.5036666989326477,0.2591307461261749,0.39
F,0.65,0.495,0.175,1.227,0.528,0.258,0.37
F,0.655,0.48932957649230957,0.175,1.163585901260376,0.6275,0.27,0.45
F,0.665,0.4662339985370636,0.18,1.5785,0.678,0.229,0.456
F,0.67,0.52,0.175,1.4755,0.6275,0.379,0.374
F,0.638344943523407,0.5122714042663574,0.175,1.346590518951416,0.6645,0.278,0.512
F,0.628385603427887,0.54,0.21,1.3058300018310547,0.686,0.318,0.3521661162376404
M,0.695,0.58,0.1670103222131729,1.2640596628189087,0.5364044308662415,0.27318641543388367,0.5295
F,0.695,0.535,0.175,1.361,0.5465,0.2815,0.465
F,0.705,0.56,0.17,1.122064232826233,0.4452475905418396,0.318,0.44
F,0.6588503122329712,0.5282595157623291,0.205,1.518869161605835,0.8155,0.4695,0.41163456439971924
I,0.205,0.155,0.045,0.0495,0.0235,0.011,0.014
I,0.305,0.23,0.075,0.1455,0.0595,0.0305,0.05
I,0.32,0.23,0.06,0.129,0.0615,0.041909366846084595,0.0355
I,0.355,0.27,0.1,0.2255,0.11,0.045376256108284,0.064
M,0.425,0.305,0.11,0.359,0.173,0.0875,0.0975
I,0.425,0.31,0.095,0.3505,0.1645,0.071,0.1
F,0.45,0.365,0.115,0.5885,0.318,0.121,0.1325
M,0.515,0.385,0.13,0.5388990044593811,0.2855,0.1285,0.175
F,0.52,0.375,0.135,0.5375,0.221,0.117,0.17
I,0.49011167883872986,0.4,0.125,0.5655,0.2435,0.119,0.175
M,0.555,0.445,0.13,0.8625,0.4225,0.155,0.24
F,0.6262896656990051,0.4909798800945282,0.16648846864700317,1.137,0.4605,0.2825,0.3741924464702606
I,0.35,0.2933464050292969,0.095,0.221,0.13331523537635803,0.043,0.07
I,0.38,0.275,0.095,0.2425,0.106,0.0485,0.21
I,0.46,0.34,0.1,0.386,0.1805,0.0875,0.0965
M,0.465,0.355,0.12,0.5315,0.2725,0.0912313386797905,0.11342187970876694
M,0.475,0.385,0.12,0.562,0.2016381025314331,0.0905,0.153
M,0.565,0.445,0.14,0.7731442451477051,0.406,0.1605,0.2245
M,0.57,0.45,0.14,0.9275,0.477,0.1605,0.2515
M,0.57,0.44,0.145,0.8815,0.3605,0.1955,0.2735
M,0.595,0.46,0.155,1.03,0.4275,0.207,0.3305
F,0.605,0.48,0.175,1.1685,0.4815,0.2305,0.356
F,0.615,0.455,0.135,1.0459762811660767,0.4735,0.263,0.274
M,0.62,0.46,0.17,1.127,0.535,0.2635,0.296
M,0.625,0.47,0.17,1.1665,0.4281425476074219,0.2565,0.3945
F,0.68,0.52,0.185,1.541,0.5985,0.395,0.2992158532142639
F,0.68,0.54,0.195,1.7825,0.5312809944152832,0.26995187997817993,0.4285
M,0.68,0.52,0.175,1.543,0.43697190284729004,0.351,0.374
F,0.612619936466217,0.555,0.17,1.47,0.5375,0.25832244753837585,0.431
M,0.5,0.385,0.12,0.6335,0.2305,0.125,0.235
F,0.545,0.42,0.175,0.8164458274841309,0.256,0.1775,0.275
F,0.46,0.365,0.115,0.4485,0.165,0.0897713378071785,0.17
M,0.535,0.41,0.15,0.8105,0.345,0.187,0.24
M,0.335,0.26,0.075,0.22,0.0855,0.04,0.085
F,0.425,0.35,0.1,0.4425,0.175,0.0755,0.175
M,0.41,0.325,0.1,0.3555,0.146,0.072,0.105
I,0.17,0.105,0.035,0.034,0.012,0.0085,0.005
I,0.335,0.25,0.095,0.185,0.0795,0.0495,0.055
M,0.52,0.425,0.125,0.79,0.372,0.205,0.2483714073896408
F,0.53,0.41,0.145,0.8255,0.375,0.204,0.245
M,0.5,0.42,0.125,0.62,0.255,0.15,0.205
F,0.615,0.475,0.145,0.9525,0.3915,0.195,0.24134765565395355
M,0.575,0.45,0.16,0.955,0.44,0.2071283906698227,0.27
M,0.57,0.45,0.155,0.91,0.326,0.1895,0.355
M,0.455,0.35,0.105,0.416,0.1625,0.097,0.145
I,0.37,0.275,0.10264035314321518,0.2045,0.096,0.056,0.08
M,0.445,0.37,0.125,0.515,0.2495,0.087,0.159
F,0.6046513915061951,0.535,0.22,1.604,0.47514885663986206,0.4255,0.453
I,0.385,0.3,0.115,0.3435,0.1645,0.085,0.1025
F,0.375,0.295,0.11,0.3005,0.1255,0.0575,0.1035
M,0.56,0.44,0.13,0.8255,0.2425,0.17872340977191925,0.25365903973579407
M,0.55,0.41,0.15,0.785,0.282,0.186,0.275
F,0.57,0.465,0.155,0.9685,0.446,0.21266739070415497,0.255
F,0.485,0.4,0.155,0.731,0.236,0.183,0.255
M,0.41,0.335,0.115,0.4405,0.19,0.085,0.135
I,0.335,0.255,0.085,0.1785,0.071,0.0405,0.055
M,0.655,0.515,0.2,1.373,0.443,0.2119329571723938,0.49
F,0.565,0.45,0.165,0.9765,0.322,0.244,0.26964107155799866
F,0.57,0.44,0.19,1.018,0.447,0.207,0.265
F,0.55,0.43180859088897705,0.15,1.082,0.3575,0.194,0.19
F,0.63,0.475,0.175,1.1182825565338135,0.4155,0.3385,0.3123846650123596
I,0.475,0.37,0.125,0.655,0.266,0.1725,0.185
F,0.655,0.5,0.18,1.4155,0.508,0.314,0.445
I,0.32,0.235,0.065,0.1385,0.058,0.04155780375003815,0.05
M,0.525,0.395,0.165,0.782,0.285,0.1405,0.285
F,0.525,0.43,0.165,0.717,0.289,0.1745,0.195
F,0.5,0.39,0.13,0.6355,0.2505,0.1635,0.195
F,0.44,0.34,0.135,0.3975,0.1505,0.0945,0.135
F,0.49,0.3764718174934387,0.16,0.656,0.2455,0.171,0.205
M,0.545,0.42735743522644043,0.165,0.744,0.2875,0.204,0.24517537653446198
F,0.4481815695762634,0.36,0.11,0.447,0.203,0.082,0.13
F,0.515,0.4,0.115,0.578,0.191,0.1445,0.17
I,0.33,0.25,0.075,0.1405,0.056,0.035,0.05
F,0.525,0.41,0.15,0.708,0.274,0.151,0.25
M,0.295,0.225,0.09,0.1385,0.048,0.046,0.05
M,0.545,0.45,0.16,0.8615,0.2925,0.1545,0.365
F,0.6264450550079346,0.5,0.225,1.626,0.587,0.28712916374206543,0.3498155474662781
M,0.45,0.355,0.115,0.478,0.18,0.1185,0.155
F,0.61,0.49,0.17,1.1775,0.5655,0.2385,0.295
I,0.38,0.3,0.1,0.286,0.1305,0.056,0.05554397031664848
F,0.565,0.455,0.13,1.058,0.439,0.2645,0.3
F,0.67,0.545,0.16,1.5415,0.5985,0.2565,0.495
M,0.54,0.425,0.12,0.817,0.2945,0.153,0.195
I,0.29,0.225,0.075,0.152,0.071,0.059,0.045
I,0.41,0.33,0.105,0.335,0.1525,0.074,0.11
F,0.46,0.375,0.12,0.4915,0.2205,0.088,0.17
F,0.56,0.44,0.155,0.9705,0.4315,0.263,0.255
F,0.575,0.45,0.1,0.9315,0.431,0.222,0.235
M,0.62,0.5,0.2,1.221,0.4605,0.263,0.43
M,0.515,0.4,0.14,0.7365,0.2955,0.184,0.185
F,0.56,0.46,0.18,0.97,0.342,0.196,0.355
F,0.5,0.4,0.15,0.8085,0.273,0.112,0.295
I,0.435,0.355,0.125,0.4075,0.1535,0.074,0.165
M,0.495,0.3431573510169983,0.135,0.6295,0.263,0.1425,0.215
F,0.595,0.46009737253189087,0.18,1.053,0.4405,0.192,0.39
M,0.6149510741233826,0.575,0.19,1.829,0.7035,0.386,0.32214802503585815
F,0.615,0.5,0.165,1.1765,0.488,0.244,0.345
F,0.565,0.46,0.15,0.8765,0.3455,0.1925,0.275
I,0.14,0.105,0.035,0.0145,0.005,0.0035,0.005
M,0.445,0.345,0.14,0.476,0.2055,0.1015,0.1085
F,0.525,0.43,0.125,0.813,0.3315,0.166,0.1775
I,0.16,0.12,0.02,0.018,0.0075,0.0045,0.005
M,0.635,0.43635156750679016,0.235,1.064,0.413,0.228,0.36
M,0.575,0.47,0.165,0.853,0.292,0.179,0.35
M,0.38,0.27,0.095,0.219,0.0835,0.0515,0.07
M,0.245,0.18,0.065,0.0635,0.0245,0.0135,0.06928721070289612
I,0.48,0.39,0.15,0.46804875135421753,0.276,0.134,0.185
I,0.455,0.365,0.135,0.441,0.1515,0.1165,0.145
F,0.455,0.375,0.125,0.458,0.1985,0.111,0.12
M,0.455,0.3569258749485016,0.135,0.4745,0.2039821743965149,0.0935,0.168
I,0.355,0.27,0.1,0.216,0.083,0.037,0.075
I,0.52,0.405,0.14,0.6765,0.2865,0.146,0.205
I,0.4662195146083832,0.4,0.145,0.757,0.315,0.181,0.215
I,0.52,0.39,0.14,0.7325,0.2415,0.144,0.26
I,0.56,0.445,0.165,1.0285,0.4535,0.253,0.2675665318965912
F,0.52,0.41,0.16,0.712,0.2845,0.153,0.225
I,0.615,0.46,0.19,1.066,0.4335,0.226,0.33
F,0.645,0.49,0.19,1.3065,0.479,0.3565,0.29278096556663513
F,0.565,0.43,0.135,0.8545,0.42331662774086,0.1775,0.275
M,0.295,0.23,0.085,0.125,0.042,0.0285,0.043
M,0.375,0.28,0.095,0.2225,0.0875,0.043,0.08
I,0.525,0.4,0.14,0.6955,0.2405,0.16,0.253
M,0.395,0.28,0.08,0.266,0.0995,0.066,0.09
F,0.5330253839492798,0.4,0.165,0.7105,0.27,0.1742171198129654,0.225
F,0.47,0.35,0.115,0.487,0.1955,0.127,0.155
I,0.58,0.42,0.16,0.728,0.2725,0.19,0.19
I,0.5,0.38,0.155,0.6675,0.2745,0.156,0.18
I,0.5755699276924133,0.55,0.15514923632144928,2.0495,0.45915335416793823,0.4405,0.655
F,0.65,0.515,0.215,1.498,0.564,0.323,0.425
F,0.67,0.535,0.185,1.1597011089324951,0.6275,0.2484344094991684,0.3255225419998169
I,0.55,0.44,0.165,0.8605,0.312,0.169,0.3
F,0.49,0.37,0.115,0.541,0.171,0.1175,0.185
I,0.235,0.18,0.06,0.058,0.022,0.0145,0.018
I,0.34823980927467346,0.175,0.08,0.0645,0.0215,0.0175,0.0215
M,0.52,0.41,0.115,0.77,0.263,0.157,0.26
F,0.475,0.4,0.115,0.541,0.186,0.1025,0.21
M,0.53,0.425,0.11,0.739,0.237,0.161,0.295
F,0.35,0.275,0.065,0.205,0.0745,0.0465,0.07
M,0.555,0.42,0.15737269818782806,0.8695,0.43925991654396057,0.2575,0.25
M,0.505,0.39,0.105,0.41970524191856384,0.2595,0.18,0.19
F,0.54,0.44,0.16,1.0751123428344727,0.391,0.2295,0.355
F,0.525,0.4,0.115,0.6295,0.2555,0.144,0.18
M,0.55,0.45,0.175,1.0985,0.3765,0.215,0.4
M,0.55,0.44,0.16,0.991,0.40734148025512695,0.168,0.375
I,0.235,0.175,0.065,0.0615,0.0205,0.02,0.019
M,0.525,0.41,0.165,0.8005,0.2635,0.1985,0.24588164687156677
M,0.475,0.365,0.14,0.6175,0.202,0.1445,0.19
F,0.53,0.4,0.165,0.772,0.2855,0.1975,0.23
F,0.525,0.415,0.15,0.8473032116889954,0.2355,0.171,0.26029542088508606
F,0.53,0.425,0.13,0.717,0.32643046975135803,0.166,0.255
F,0.465,0.39,0.11,0.6355,0.1815,0.157,0.225
I,0.315,0.235,0.08,0.18,0.08,0.045,0.047
I,0.465,0.355,0.12,0.5805,0.255,0.0915,0.184
M,0.485,0.385,0.105,0.556,0.296,0.104,0.133
I,0.49,0.385,0.12,0.591,0.271,0.1125,0.1775
I,0.515,0.395,0.14,0.686,0.281,0.1255,0.22
F,0.555,0.46193575859069824,0.155,1.016,0.4935,0.1855,0.263
F,0.61,0.5,0.16391587257385254,1.438,0.5185,0.3735,0.3320079445838928
F,0.68,0.55,0.1598648726940155,1.807,0.8225,0.3655,0.515
M,0.69,0.55,0.15697818994522095,1.777,0.769,0.38,0.3246372640132904
F,0.695,0.55,0.17087091505527496,2.173,1.133,0.4665,0.3667749762535095
F,0.72,0.575,0.195,2.1505,1.0745,0.24729248881340027,0.585
I,0.27,0.205,0.075,0.118,0.09249011427164078,0.031,0.0305
I,0.27,0.19,0.06,0.099,0.0445,0.017,0.03
I,0.295,0.22,0.07,0.1365,0.0575,0.0295,0.035
I,0.295,0.22,0.065,0.1295,0.052,0.028,0.035
I,0.315,0.23,0.07,0.164,0.0625,0.04,0.045
I,0.375,0.29,0.095,0.2875,0.123,0.0605,0.08
I,0.38,0.3,0.09,0.277,0.1655,0.0625,0.082
I,0.385,0.285,0.09,0.248,0.0935,0.066,0.07
I,0.4,0.295,0.095,0.252,0.1105,0.0575,0.066
M,0.415,0.311672180891037,0.12,0.4015,0.199,0.087,0.097
I,0.415,0.33,0.1,0.3905,0.1925,0.0755,0.1025
I,0.42,0.28269895911216736,0.115,0.409,0.2055,0.0935,0.105
I,0.44,0.33,0.135,0.35116857290267944,0.163,0.1005,0.11283580213785172
I,0.45,0.35,0.135,0.494,0.2205,0.0945,0.1405
I,0.475,0.3042568266391754,0.12,0.4905,0.2035,0.13,0.135
M,0.485,0.39,0.12,0.599,0.251,0.1345,0.12180532515048981
M,0.495,0.375,0.115,0.6245,0.282,0.143,0.155
F,0.525,0.41,0.115,0.7745,0.416,0.163,0.18
M,0.565,0.455,0.15,0.9795,0.444,0.205,0.275
I,0.58,0.435,0.15,0.8915,0.363,0.1925,0.2515
F,0.585,0.43680763244628906,0.125,0.874,0.3545,0.2075,0.225
M,0.6175803542137146,0.465,0.155,1.262,0.6245,0.2455,0.32165321707725525
M,0.5961061120033264,0.48,0.185,1.21,0.53,0.2555,0.322
F,0.645,0.525,0.17,1.37,0.6135,0.23238533735275269,0.34
F,0.6324607729911804,0.5064804553985596,0.17116679251194,1.385654330253601,0.6865,0.313,0.547
M,0.665,0.515,0.165,1.3855,0.621,0.302,0.3445
F,0.67,0.52,0.195,1.8065,0.758,0.3735,0.30470651388168335
M,0.67,0.51,0.2,1.5945,0.6705,0.22803837060928345,0.4505
M,0.685,0.51,0.18,1.4545,0.6315,0.3105,0.3001336455345154
M,0.7,0.6,0.23,1.1299313306808472,0.8105,0.4045,0.3177213668823242
M,0.6140533089637756,0.6,0.235,1.2827776670455933,0.5308968424797058,0.411,0.3604876399040222
I,0.185,0.135,0.045,0.032,0.011,0.0065,0.01
I,0.245,0.175,0.055,0.0785,0.04,0.018,0.02
I,0.315,0.23,0.0,0.134,0.0575,0.0285,0.3505
I,0.36,0.27,0.09,0.2075,0.098,0.039,0.062
I,0.375,0.28,0.08,0.2235,0.115,0.043,0.055
I,0.415,0.31,0.095,0.34,0.181,0.057,0.083
I,0.455,0.35,0.135,0.5365,0.2855,0.0855,0.1325
I,0.48,0.35,0.105,0.635,0.1594456434249878,0.08335238695144653,0.135
I,0.485,0.375,0.125,0.562,0.2505,0.1345,0.1525
I,0.51,0.39,0.125,0.597,0.293,0.1265,0.1555
M,0.46621233224868774,0.395,0.125,0.5815,0.2565,0.1265,0.17
F,0.555,0.43,0.14,0.7545,0.3525,0.1835,0.2015
M,0.5889934301376343,0.465,0.15,0.98,0.4315,0.2545,0.247
F,0.585,0.46,0.15,1.0035,0.503,0.2105,0.2515
M,0.585,0.455,0.155,1.133,0.5515,0.223,0.305
M,0.61,0.49,0.16,1.146,0.597,0.246,0.265
M,0.61,0.46068623661994934,0.15,1.142,0.443068265914917,0.237,0.245
F,0.615,0.53,0.17,1.12,0.5775,0.2287214696407318,0.286
F,0.62,0.465,0.14,1.011,0.479,0.2385,0.255
M,0.625,0.505,0.175,1.131,0.42553988099098206,0.21586011350154877,0.323
M,0.625,0.48,0.175,1.065,0.4865,0.259,0.285
M,0.635,0.48,0.145,1.181,0.665,0.229,0.28802621364593506
F,0.64,0.525,0.175,1.382,0.646,0.3115,0.37
F,0.66,0.505,0.15669755637645721,1.4385,0.6775,0.25740426778793335,0.178
M,0.66,0.485,0.15379709005355835,1.2275,0.61,0.274,0.31511273980140686
F,0.66,0.515,0.155,1.4415,0.7055,0.3555,0.3263907730579376
F,0.68,0.55,0.175,1.1552493572235107,0.713,0.282,0.4295
F,0.69,0.46455562114715576,0.195,1.658,0.708,0.3615,0.4715
M,0.72,0.545,0.1601826399564743,1.7475,0.8215,0.26540684700012207,0.33412468433380127
I,0.275,0.2,0.07,0.096,0.037,0.0225,0.03
I,0.33,0.245,0.065,0.1445,0.058,0.032,0.0505
I,0.33,0.26,0.085,0.1965,0.0915,0.0425,0.055
I,0.365,0.28,0.09,0.196,0.0865,0.036,0.0605
I,0.365,0.27,0.09,0.2155,0.1005,0.049,0.0655
I,0.42,0.31,0.1,0.2805,0.1125,0.0615,0.0925
I,0.435,0.335,0.11,0.334,0.1355,0.0775,0.0965
I,0.435,0.325,0.1,0.366,0.174,0.0725,0.109
I,0.44,0.325,0.11,0.4965,0.258,0.1195,0.1075
I,0.485,0.365,0.09,0.651,0.3165,0.132,0.18
I,0.495,0.385,0.125,0.5125,0.2075,0.1155,0.172
M,0.51,0.405,0.125,0.6925,0.327,0.155,0.1805
I,0.52,0.41,0.14,0.5995,0.242,0.1375,0.182
I,0.54,0.42,0.14,0.74,0.3595,0.159,0.1985
I,0.54,0.415,0.155,0.702,0.2899568974971771,0.167,0.22609038650989532
I,0.55,0.445,0.125,0.672,0.288,0.1365,0.21
I,0.56,0.44,0.155,0.811,0.3685,0.178,0.235
F,0.575,0.45,0.12,0.9585,0.447,0.169,0.275
I,0.575,0.45,0.15,0.858,0.449,0.166,0.215
F,0.575,0.46,0.165,0.9575,0.4815,0.1945,0.236
F,0.58,0.46,0.135,0.926,0.4025,0.208,0.25776708126068115
F,0.58,0.425,0.155,0.873,0.3615,0.249,0.239
M,0.59,0.45,0.16,1.0579166412353516,0.445,0.214,0.296308308839798
M,0.6,0.46,0.155,0.6655,0.285,0.149,0.269
M,0.62,0.45898497104644775,0.14855685830116272,1.003,0.4655,0.2195,0.28
F,0.625,0.5028793215751648,0.16,1.262506127357483,0.5408344268798828,0.192,0.35
M,0.625,0.495,0.155,1.025,0.46,0.1945,0.2548695206642151
F,0.625,0.495,0.175,1.2935,0.5805,0.317,0.355
M,0.625,0.44978153705596924,0.175,1.0565,0.4615,0.258,0.305
M,0.625,0.47,0.16115516424179077,1.2351787090301514,0.675,0.2656121253967285,0.3245
F,0.5954059958457947,0.485,0.165,1.2255,0.5075,0.296,0.36
F,0.635,0.5,0.18,1.2565,0.539,0.292,0.35
F,0.645,0.5,0.15,1.159,0.4675,0.3355,0.31
M,0.645,0.4558504521846771,0.165,1.403,0.5755,0.2515,0.4545
F,0.6375743746757507,0.535,0.185,1.3817492723464966,0.797,0.409,0.3654918372631073
F,0.695,0.56,0.185,1.7715,0.8195,0.331,0.437
M,0.515,0.39,0.12,0.6125,0.302,0.1365,0.1415
I,0.545,0.405,0.13,0.658,0.327,0.1445,0.174
M,0.62,0.465,0.1498415768146515,0.9800435304641724,0.375,0.2145,0.278
M,0.63,0.49,0.15,1.1955,0.5845,0.257,0.3
F,0.63,0.515,0.16,1.336,0.553,0.3205,0.35
F,0.64,0.49,0.18,1.36,0.653,0.347,0.305
I,0.37,0.275,0.08,0.2325,0.093,0.056,0.072
I,0.395,0.31,0.08863197267055511,0.317,0.153,0.0505,0.0935
I,0.4,0.3,0.115,0.318,0.1335,0.0725,0.0935
I,0.41,0.305,0.1,0.2645,0.1,0.0655,0.085
I,0.455,0.335,0.105,0.4055,0.175,0.092,0.1185
I,0.48,0.335,0.125,0.524,0.246,0.1095,0.145
I,0.485,0.375,0.11,0.3819870352745056,0.2015,0.09,0.149
I,0.5,0.36,0.12,0.439,0.1875,0.1055,0.1305
I,0.515,0.395,0.125,0.5805,0.2365,0.1075,0.19
I,0.52,0.4,0.12839309871196747,0.5819225907325745,0.278,0.1455,0.169
M,0.545,0.45,0.15,0.7805,0.3795,0.1625,0.216
I,0.545,0.43,0.14,0.7670025825500488,0.289,0.19,0.2615
I,0.55,0.435,0.125,0.741,0.348,0.1585,0.206
M,0.55,0.43,0.18,0.8265,0.4405,0.159,0.225
M,0.55,0.385,0.13,0.7275,0.343,0.1625,0.19
I,0.555,0.43,0.125,0.6204881072044373,0.3395,0.1355,0.2095
M,0.56,0.45,0.145,0.9355,0.425,0.20832544565200806,0.2725
I,0.565,0.465,0.15,0.9931049346923828,0.581,0.2215,0.3095
M,0.57,0.4512091875076294,0.16,1.0145,0.516,0.164,0.3
F,0.575,0.49178123474121094,0.17,1.1,0.506,0.28447842597961426,0.3512676954269409
M,0.585,0.51,0.16,1.050620675086975,0.639,0.241,0.3
M,0.59,0.45,0.155,0.8734830617904663,0.369,0.2135,0.24
I,0.595,0.475,0.1399395614862442,0.984,0.3607337772846222,0.184,0.2755
M,0.6,0.47,0.13,1.0105,0.41183918714523315,0.219,0.298
M,0.61,0.365,0.155,1.0765,0.43205931782722473,0.249,0.27
M,0.606929361820221,0.475,0.205,1.337,0.5995,0.2497350126504898,0.37
M,0.624003529548645,0.5,0.1693301945924759,1.2897393703460693,0.645,0.303,0.3705
F,0.625,0.49,0.19,1.7015,0.4551255404949188,0.4105,0.3855
M,0.63,0.46204066276550293,0.15215086936950684,1.2435,0.5175,0.308,0.37
F,0.63,0.53,0.16136948764324188,1.4135,0.667,0.2945,0.3555
F,0.635,0.485,0.155,1.073,0.467,0.1975,0.35
F,0.635,0.5,0.1626807451248169,1.477,0.684,0.3005,0.39
M,0.635,0.5,0.18,1.2915,0.594,0.2223663628101349,0.37
F,0.65,0.495,0.15883713960647583,1.3105,0.577,0.3315,0.355
F,0.6599471569061279,0.525,0.18,1.4022027254104614,0.728,0.3102083206176758,0.381
F,0.675,0.52,0.175,1.1284258365631104,0.45108214020729065,0.3055,0.32782790064811707
F,0.675,0.51,0.1568661779165268,1.1965,0.475,0.304,0.386
M,0.68,0.4789015054702759,0.185,1.672,0.7075,0.24068552255630493,0.48
M,0.7,0.545,0.16508260369300842,1.9125,0.5194492340087891,0.2668750286102295,0.506
F,0.71,0.545,0.16324588656425476,1.907,0.8725,0.4565,0.475
F,0.6656216979026794,0.5309242606163025,0.18396982550621033,1.6338282823562622,0.7416345477104187,0.3535,0.4732866585254669
F,0.72,0.59,0.205,1.7495,0.7755,0.2375747710466385,0.48
I,0.42,0.305,0.1,0.3415,0.1645,0.0775,0.086
I,0.48,0.35,0.1,0.519,0.2365,0.1275,0.126
M,0.48,0.365,0.13,0.5305,0.2405,0.127,0.139
M,0.51,0.41,0.155,1.2825,0.569,0.291,0.3795
I,0.515,0.4,0.14,0.7165,0.3495,0.1595,0.1785
F,0.56,0.42,0.18,1.6645,0.7755,0.35,0.4525
I,0.56,0.42,0.14,0.837,0.32759717106819153,0.214,0.2
F,0.57,0.45,0.15,0.9645,0.531,0.189,0.2746501564979553
F,0.605,0.465,0.155,1.1,0.42752891778945923,0.2665,0.2585
M,0.5793382525444031,0.4505764842033386,0.16,1.2415,0.6575,0.2625,0.2785
F,0.64,0.505,0.15791171789169312,1.3185,0.6185,0.302,0.3315
M,0.65,0.525,0.15250661969184875,1.3455,0.586,0.278,0.3865
I,0.3,0.215,0.05,0.1185,0.09342887252569199,0.0225,0.042
M,0.35,0.265,0.09,0.197,0.073,0.0365,0.077
I,0.455,0.35,0.13,0.4725,0.215,0.0745,0.15
I,0.46,0.365,0.11,0.4495,0.1755,0.102,0.15
I,0.49,0.375,0.115,0.557,0.2275,0.1335,0.1765
I,0.5,0.385,0.12,0.516,0.197,0.1305,0.165
I,0.54,0.415,0.135,0.709,0.3195,0.174,0.185
M,0.55,0.42,0.145,0.7385,0.321,0.1485,0.20657701790332794
I,0.55,0.36046236753463745,0.11,0.7935,0.378,0.142,0.26
M,0.555,0.44885772466659546,0.145,0.9205,0.404,0.2275,0.255
I,0.57,0.425,0.14,0.7655,0.331,0.14,0.24
M,0.58,0.45,0.14,0.824,0.3465,0.1765,0.263
F,0.58,0.425,0.14414748549461365,0.83,0.379,0.1605,0.2575
I,0.585,0.47,0.17,0.985,0.3695,0.2395,0.315
M,0.585,0.45,0.15,0.997,0.4055,0.283,0.251
F,0.595,0.455,0.14,0.914,0.3895,0.2225,0.271
F,0.5975554585456848,0.5,0.16186664998531342,1.13,0.4405,0.267,0.335
F,0.615,0.495,0.155,1.0805,0.52,0.19,0.32
M,0.63,0.505,0.155,1.105,0.492,0.226,0.27147820591926575
M,0.63,0.49,0.155,1.229,0.535,0.29,0.2980969250202179
F,0.635,0.495,0.175,1.2355,0.5205,0.3085,0.347
F,0.645,0.535,0.19,1.2395,0.4142380952835083,0.2385,0.424
F,0.597682535648346,0.505,0.165,1.357,0.5725,0.281,0.43
M,0.6147617101669312,0.525,0.18,1.402,0.624,0.2935,0.3203296959400177
F,0.655,0.5,0.22,1.359,0.642,0.3255,0.29236161708831787
M,0.67,0.5290675759315491,0.18238955736160278,1.4912406206130981,0.7465,0.3158874213695526,0.392374724149704
F,0.6577070355415344,0.5378715395927429,0.2,1.5079272985458374,0.6205,0.33136945962905884,0.657
M,0.5938668251037598,0.53,0.21,1.51,0.664,0.4095,0.385
M,0.5852280259132385,0.45695170760154724,0.195,1.6645,0.727,0.36,0.445
M,0.77,0.5028185248374939,0.175,2.0505,0.5758208632469177,0.2786599397659302,0.35185706615448
I,0.28,0.215,0.07,0.124,0.063,0.0215,0.03
I,0.33,0.23,0.08,0.14,0.0565,0.0365,0.046
I,0.35,0.25,0.075,0.1695,0.0835,0.0355,0.041
I,0.37,0.28,0.09,0.218,0.0995,0.04696875065565109,0.0615
I,0.43,0.315,0.115,0.384,0.1885,0.0715,0.11
I,0.435,0.33,0.095,0.393,0.219,0.075,0.05994069203734398
I,0.44,0.35,0.11,0.3805,0.13684691488742828,0.0895,0.115
M,0.475,0.37,0.11,0.4895,0.2185,0.107,0.146
M,0.475,0.36,0.14,0.5135,0.241,0.1045,0.155
I,0.48,0.355,0.11,0.4495,0.201,0.089,0.14
F,0.56,0.44,0.135,0.8025,0.35,0.1615,0.259
F,0.585,0.475,0.165,1.053,0.458,0.217,0.3
F,0.585,0.455,0.17,1.0315583944320679,0.4255,0.263,0.2845
M,0.385,0.3012385964393616,0.1,0.3175,0.137,0.068,0.092
I,0.39,0.31,0.085,0.344,0.181,0.0695,0.079
I,0.39,0.29,0.1,0.2845,0.11008063703775406,0.0635,0.081
I,0.405,0.3,0.085,0.3035,0.15,0.0505,0.088
I,0.475,0.365,0.115,0.499,0.232,0.0885,0.156
M,0.5,0.38,0.125,0.577,0.269,0.1265,0.1535
F,0.515,0.4,0.125,0.615,0.2865,0.123,0.1765
M,0.52,0.3794669508934021,0.165,0.791,0.375,0.18,0.1815
M,0.55,0.4194308817386627,0.13,0.8395,0.3155,0.1955,0.2405
F,0.56,0.44465872645378113,0.155,0.8675,0.4,0.172,0.229
F,0.565,0.45,0.15779389441013336,0.887,0.37,0.239,0.249
M,0.59,0.44,0.135,0.966,0.41387155652046204,0.2145,0.2605
M,0.6,0.4468860328197479,0.205,1.176,0.5255,0.2875,0.308
F,0.6139764189720154,0.485,0.15,1.185731291770935,0.531,0.261,0.296
M,0.628024160861969,0.555,0.195,1.2641713619232178,0.9455,0.2779419422149658,0.495
