con_CreditScore,cat_Geography,cat_Gender,con_Age,con_Tenure,con_Balance,con_NumOfProducts,cat_HasCrCard,cat_IsActiveMember,con_EstimatedSalary,cat_Exited
619.0,France,Female,42.0,-10.630422878265382,0.0,1.0,1.0,1.0,101348.88,1.0
608.0,Spain,Female,41.0,1.0,83807.86,1.0,0.0,1.0,112542.58,0.0
502.0,France,Female,42.0,-26.958660984039305,159660.8,3.0,0.0,0.0,113931.57000000002,1.0
699.0,France,Female,39.0,1.0,0.0,2.0,0.0,0.0,93826.63,0.0
850.0,Spain,Female,43.0,2.0,125510.82000000002,1.0,1.0,1.0,79084.1,1.0
292.6084808349609,Spain,Male,-22.452852058410645,8.0,113755.78,20.919967699050904,0.0,1.0,45121.45600585938,1.0
71.48433074951171,France,Male,50.0,7.0,0.0,2.0,1.0,0.0,10062.8,0.0
376.0,France,Male,-9.508466339111328,4.0,115046.74000000002,4.0,1.0,0.0,119346.88,1.0
501.0,France,Male,44.0,4.0,142051.07,2.0,0.0,1.0,74940.5,0.0
684.0,France,Male,27.0,2.0,134603.88,1.0,1.0,1.0,71725.73,0.0
528.0,France,Male,31.0,6.0,102016.72,2.0,0.0,0.0,80181.12,0.0
497.0,Spain,Male,24.0,3.0,0.0,2.0,1.0,0.0,76390.01,0.0
476.0,France,Female,34.0,10.0,0.0,2.0,1.0,0.0,26260.98,0.0
549.0,France,Female,25.0,5.0,0.0,2.0,0.0,0.0,190857.79,0.0
635.0,Spain,Male,35.0,7.0,0.0,2.0,1.0,1.0,65951.65,0.0
616.0,Germany,Male,45.0,3.0,143129.41,2.0,0.0,1.0,64327.259999999995,0.0
653.0,Germany,Male,58.0,1.0,132602.88,1.0,1.0,0.0,5097.67,0.0
549.0,Spain,Female,24.0,9.0,0.0,2.0,1.0,1.0,14406.41,0.0
587.0,Spain,Male,45.0,6.0,0.0,1.0,0.0,0.0,158684.81,0.0
726.0,France,Female,24.0,6.0,0.0,2.0,1.0,1.0,54724.030000000006,0.0
732.0,France,Male,23.448200607299803,8.0,0.0,2.0,1.0,1.0,60790.55595703125,0.0
636.0,Spain,Female,32.0,8.0,0.0,2.0,1.0,0.0,138555.46,0.0
510.0,Spain,Female,38.0,4.0,0.0,1.0,1.0,0.0,118913.53,1.0
669.0,France,Male,46.0,3.0,0.0,2.0,0.0,1.0,8487.75,0.0
594.6358215332032,France,Female,38.0,5.0,0.0,1.0,1.0,1.0,187616.16,0.0
577.0,France,Male,25.0,3.0,0.0,2.0,0.0,1.0,124508.29,0.0
756.0,Germany,Male,-37.26244468688965,2.0,136815.64,1.0,1.0,1.0,170041.95,0.0
571.0,France,Male,44.0,9.0,0.0,2.0,0.0,0.0,38433.35,0.0
574.0,Germany,Female,43.0,3.0,141349.43,1.0,1.0,1.0,100187.43,0.0
411.0,France,Male,29.0,0.0,59697.17,2.0,1.0,1.0,53483.21,0.0
591.0,France,Male,39.0,3.0,0.0,3.0,1.0,0.0,140469.38,1.0
533.0,France,Male,36.0,7.0,85311.7,1.0,0.0,1.0,156731.91,0.0
250.16440200805664,Germany,Male,41.0,-21.610967683792115,110112.54,17.538587176799773,0.0,0.0,81898.81,0.0
520.0,Spain,Female,42.0,6.0,0.0,2.0,1.0,1.0,34410.55,0.0
722.0,Spain,Female,29.0,9.0,33179.393359375,2.0,1.0,1.0,142033.07,0.0
475.0,France,Female,45.0,0.0,134264.04,1.0,1.0,0.0,27822.99,1.0
490.0,Spain,Male,-46.29580383300781,3.0,145260.23,1.0,0.0,1.0,114066.76999999999,0.0
804.0,Spain,Male,33.0,7.0,76548.6,1.0,0.0,0.0,98453.45,0.0
850.0,France,Male,36.0,7.0,0.0,1.0,1.0,1.0,40812.9,0.0
582.0,France,Male,41.0,-47.29242677688599,70349.48,23.086503982543945,0.0,1.0,178074.04,0.0
472.0,Spain,Male,40.0,4.0,0.0,1.0,1.0,0.0,70154.22,0.0
465.0,France,Male,51.0,8.0,122522.32000000002,1.0,0.0,0.0,181297.65,1.0
556.0,France,Female,61.0,2.0,117419.35,1.0,1.0,1.0,94153.83,0.0
834.0,France,Female,49.0,2.0,131394.56,36.923579621315,0.0,0.0,194365.76,0.0
660.0,Spain,Female,61.0,5.0,155931.11,1.0,1.0,1.0,96553.2828125,0.0
355.2668281555176,Germany,Female,32.0,4.0,109421.13,2.0,1.0,1.0,126517.46,0.0
829.0,Germany,Female,6.979453182220459,9.0,112045.67,1.0,1.0,1.0,119708.21,1.0
268.7850143432617,Germany,Female,-24.494006156921387,9.0,137843.8,1.0,1.0,1.0,49905.4119140625,0.0
550.0,Germany,Male,38.0,2.0,23537.349609375,1.0,0.0,1.0,90878.13,0.0
776.0,Germany,Female,37.0,2.0,103769.22,2.0,1.0,0.0,194099.12,0.0
698.0,France,Male,25.35016918182373,10.0,49381.521875,2.0,0.0,0.0,198059.16,0.0
585.0,Germany,Male,36.0,5.0,146050.97,2.0,0.0,0.0,86424.57,0.0
788.0,France,Female,33.0,5.0,0.0,2.0,0.0,0.0,116978.18999999999,0.0
655.0,Germany,Male,41.0,8.0,125561.97,1.0,0.0,0.0,164040.94,1.0
601.0,Germany,Male,42.0,1.0,98495.72,1.0,1.0,0.0,40014.76,1.0
488.05955810546874,France,Male,43.0,1.0,125211.92,1.0,1.0,1.0,113410.49000000002,0.0
656.0,France,Male,45.0,5.0,127864.4,1.0,1.0,0.0,87107.57,1.0
725.0,Germany,Male,19.0,0.0,75888.2,1.0,0.0,0.0,45613.75,0.0
511.0,Spain,Female,66.0,4.0,0.0,1.0,1.0,0.0,1643.11,1.0
614.0,France,Male,51.0,4.0,40685.92,1.0,1.0,1.0,46775.28,0.0
742.0,Germany,Male,35.0,5.0,136857.0,1.0,0.0,0.0,107697.33125,0.0
687.0,Germany,Female,27.0,9.0,152328.88,2.0,1.0,0.0,126494.82000000002,0.0
555.0,Spain,Male,33.0,1.0,56084.69,2.0,0.0,0.0,178798.13,0.0
684.0,Spain,Male,56.0,8.0,78707.16,1.0,0.0,0.0,71469.9921875,0.0
603.0,Germany,Male,26.0,4.0,109166.37,1.0,1.0,1.0,92840.67,0.0
751.0,Germany,Female,36.0,6.0,169831.46,2.0,1.0,1.0,27758.359999999997,0.0
581.0,Germany,Female,34.0,1.0,101633.04,1.0,1.0,0.0,110431.50999999998,0.0
317.2343635559082,Germany,Male,21.648034954071044,10.0,123180.00999999998,2.0,1.0,1.0,62460.77890625,0.0
661.0,Germany,Female,35.0,5.0,150725.53,2.0,0.0,1.0,113656.85,0.0
675.0,France,Female,21.0,8.0,98373.26,1.0,1.0,0.0,18203.0,0.0
268.60508422851564,France,Female,58.0,-33.236682987213136,133745.44,44.34289579391479,0.0,0.0,28373.859999999997,1.0
813.0,France,Male,29.0,6.0,0.0,1.0,1.0,0.0,33953.87,1.0
657.0,Spain,Female,37.0,0.0,13422.7875,1.0,0.0,1.0,44203.55,0.0
604.0,Germany,Female,-34.59835648536682,5.0,157780.84,2.0,1.0,1.0,58426.81,0.0
519.0,France,Male,36.0,9.0,0.0,2.0,0.0,1.0,145562.4,0.0
735.0,France,Female,21.0,-44.61260533332825,178718.19,2.0,1.0,0.0,22388.0,0.0
664.0,France,Male,29.043898344039917,8.0,0.0,2.0,1.0,1.0,139161.64,0.0
678.0,France,Female,32.0,9.0,0.0,1.0,1.0,1.0,148210.64,0.0
757.0,Spain,Male,33.0,5.0,52970.1765625,1.0,0.0,1.0,194239.63,0.0
416.0,Germany,Female,41.0,10.0,122189.66,2.0,1.0,0.0,98301.61,0.0
665.0,France,Female,34.0,1.0,96645.54,2.0,0.0,0.0,171413.66,0.0
777.0,France,Female,32.0,2.0,0.0,1.0,1.0,0.0,136458.19,1.0
543.0,France,Female,36.0,3.0,0.0,2.0,0.0,0.0,26019.59,0.0
506.0,France,Female,34.0,4.0,90307.62,1.0,1.0,1.0,159235.29,0.0
493.0,France,Female,46.0,4.0,0.0,2.0,1.0,0.0,1907.6600000000003,0.0
322.6420219421387,France,Female,75.0,10.0,18540.282983398436,2.0,1.0,1.0,114675.75,0.0
750.0,France,Male,22.0,3.0,121681.82000000002,1.0,1.0,0.0,128643.35,1.0
729.0,France,Male,30.0,9.0,0.0,2.0,1.0,0.0,151869.35,0.0
646.0,France,Female,46.0,4.0,0.0,3.0,1.0,0.0,93251.42,1.0
635.0,Germany,Female,28.0,3.0,81623.67,2.0,1.0,1.0,156791.36,0.0
647.0,France,Male,44.0,5.0,52007.36875,3.0,1.0,0.0,174205.22,1.0
808.0,France,Male,40.29191341400146,7.0,33482.79140625,11.634073138237,1.0,0.0,147132.46,0.0
524.0,France,Female,36.0,10.0,0.0,2.0,1.0,0.0,109614.57000000002,0.0
769.0,France,Male,29.0,8.0,0.0,2.0,1.0,1.0,172290.61,0.0
730.0,Spain,Male,42.0,4.0,0.0,2.0,0.0,1.0,82089.03359375,0.0
515.0,Spain,Female,35.0,10.0,176273.95,1.0,0.0,1.0,110683.159375,0.0
317.40594482421875,Spain,Male,41.0,9.0,102827.44,23.284819769859315,0.0,1.0,64595.25,0.0
814.0,France,Male,18.743892002105714,8.0,38300.72205810547,6.236579871177673,1.0,1.0,197276.13,0.0
710.0,Spain,Male,22.0,8.0,0.0,2.0,0.0,0.0,99645.04,0.0
413.0,France,Male,34.0,9.0,0.0,2.0,0.0,0.0,6534.18,0.0
665.0,France,Female,40.0,-36.05828170776367,0.0,1.0,1.0,1.0,161848.03,0.0
623.0,France,Female,44.0,6.0,0.0,2.0,0.0,0.0,167162.43,0.0
738.0,France,Male,31.0,9.0,82674.15,1.0,1.0,0.0,41970.72,0.0
528.0,Spain,Male,36.0,7.0,0.0,2.0,1.0,0.0,60536.56,0.0
777.8123657226563,France,Female,65.0,1.0,0.0,1.0,1.0,0.0,177655.68,1.0
622.0,Spain,Female,46.0,4.0,107073.26999999999,2.0,1.0,1.0,30984.590000000004,1.0
582.0,Germany,Male,32.0,1.0,88938.62,1.0,1.0,1.0,10054.53,0.0
785.0,Germany,Female,36.0,2.0,99806.85,1.0,0.0,1.0,36976.52,0.0
605.0,Spain,Male,33.0,5.0,150092.8,56.6594539642334,0.0,0.0,71862.79,0.0
321.2625129699707,Germany,Male,35.0,9.0,20871.3150390625,1.0,1.0,0.0,99449.86,0.0
685.0,Germany,Male,30.0,3.0,90536.81,1.0,0.0,1.0,63082.87999999999,0.0
538.0,Germany,Male,39.0,7.0,10690.775927734376,2.0,1.0,0.0,27231.26,0.0
562.0,France,Male,42.0,2.0,100238.35,20.75711779296398,0.0,0.0,86797.41,0.0
675.0,Spain,Male,36.0,9.0,106190.55,1.0,0.0,1.0,22994.32,0.0
471.268017578125,Germany,Male,28.0,-40.325630569458006,154475.54,2.0,0.0,1.0,101300.94,1.0
628.0,Germany,Female,30.0,9.0,132351.29,2.0,1.0,1.0,74169.13,0.0
668.0,Germany,Female,37.0,-73.78972468376159,167864.4,1.0,1.0,0.0,115638.29,0.0
506.0,France,Female,41.0,1.0,0.0,2.0,1.0,0.0,31766.3,0.0
524.0,Germany,Female,31.0,8.0,45809.439453125,1.0,1.0,0.0,199725.39,1.0
699.0,Germany,Male,34.0,4.0,185173.81,2.0,1.0,0.0,74380.26801757813,0.0
828.0,France,Male,34.0,8.0,129433.34,2.0,0.0,0.0,38131.77,1.0
674.0,Spain,Male,39.0,6.0,120193.42,1.0,0.0,0.0,100130.95,0.0
656.0,France,Female,39.0,6.0,0.0,2.0,1.0,0.0,141069.88,0.0
684.0,Germany,Female,48.0,10.0,126384.42,1.0,1.0,1.0,78613.3796875,0.0
625.0,France,Female,28.0,3.0,0.0,1.0,0.0,0.0,183646.41,0.0
432.0,France,Male,42.0,9.0,152603.45,1.0,1.0,0.0,110265.24000000002,1.0
549.0,France,Female,52.0,1.0,0.0,1.0,0.0,1.0,8636.05,1.0
361.31744384765625,Germany,Male,56.0,0.0,148507.24,1.0,1.0,0.0,46824.08,1.0
828.0,France,Female,41.0,7.0,0.0,2.0,1.0,0.0,171378.77,0.0
770.0,France,Male,24.0,9.0,101827.07,1.0,1.0,0.0,167256.35,1.0
758.0,France,Female,35.44743385314941,3.0,0.0,2.0,1.0,1.0,124226.16,0.0
795.0,Germany,Female,33.0,9.0,130862.42999999998,1.0,1.0,1.0,114935.21,0.0
687.0,France,Male,-12.726166844367981,9.0,122570.87,1.0,0.0,1.0,35608.88,0.0
686.0,France,Male,25.0,1.0,0.0,2.0,0.0,1.0,16459.37,0.0
789.0,Germany,Male,39.0,7.0,32795.433984375,2.0,1.0,0.0,124411.08,0.0
168.75777893066407,Germany,Female,50.0,5.0,9815.31796875,2.0,1.0,0.0,34941.23,0.0
461.0,Germany,Female,34.0,5.0,63663.93000000001,1.0,0.0,1.0,167784.28,0.0
637.0,France,Male,-3.427150082588196,2.0,133463.1,1.0,0.0,1.0,93165.34,0.0
584.0,Spain,Female,-49.937462425231935,2.0,213146.2,1.0,1.0,0.0,75161.25,1.0
579.0,Spain,Female,35.0,1.0,129490.36000000002,2.0,0.0,1.0,8590.83,1.0
702.2813903808594,Germany,Male,44.0,10.0,137452.09,1.0,1.0,0.0,189543.9,0.0
593.5145462036132,France,Male,34.0,7.0,0.0,2.0,1.0,1.0,180427.24,0.0
682.0,France,Male,43.0,5.0,125851.92999999998,1.0,1.0,1.0,86727.912109375,0.0
793.0,Spain,Male,52.0,2.0,0.0,-0.062373685836791995,1.0,0.0,87074.8515625,0.0
691.0,France,Female,31.0,5.0,40915.55,1.0,1.0,0.0,126213.84,1.0
485.0,Spain,Female,21.0,5.0,113157.22,1.0,1.0,1.0,54141.5,0.0
483.2724243164063,Spain,Female,29.0,8.0,138296.94,2.0,1.0,0.0,141075.51,0.0
650.0,France,Male,37.0,5.0,106967.17999999998,1.0,0.0,0.0,24495.03,0.0
735.0,France,Male,44.0,9.0,120681.63,1.0,0.0,0.0,74836.34,0.0
416.0,France,Male,32.0,0.0,0.0,2.0,0.0,1.0,878.8700000000001,0.0
754.0,France,Female,32.0,7.0,0.0,2.0,1.0,0.0,89520.75,0.0
535.0,France,Female,48.0,9.0,0.0,1.0,1.0,0.0,149892.79,1.0
716.0,Spain,Male,42.0,8.0,0.0,2.0,0.0,0.0,180800.42,0.0
539.0,France,Male,37.0,2.0,127609.59,1.0,1.0,0.0,98646.22,0.0
614.0,France,Female,43.0,6.0,22826.297021484374,2.0,1.0,1.0,109041.53,0.0
107.87513427734375,France,Male,57.0,7.0,0.0,1.0,1.0,0.0,17941.16,0.0
758.0,France,Female,33.0,7.0,0.0,2.0,0.0,0.0,82996.47,0.0
586.0,Spain,Female,28.0,2.0,0.0,2.0,1.0,1.0,92067.35,0.0
646.0,France,Female,73.0,6.0,97259.25,1.0,0.0,1.0,104719.66,0.0
631.0,Germany,Female,33.0,4.0,123246.7,1.0,0.0,0.0,112687.57000000002,0.0
717.0,Spain,Female,22.0,6.0,101060.25,1.0,0.0,1.0,84699.56,0.0
684.0,France,Male,15.941149073839188,2.0,0.0,2.0,1.0,0.0,83473.82,0.0
800.0,France,Female,49.0,7.0,108007.36000000002,1.0,0.0,0.0,47125.11,0.0
721.0,Spain,Female,36.0,2.0,0.0,2.0,1.0,1.0,106977.8,0.0
683.0,Spain,Male,29.0,0.0,21294.9052734375,1.0,1.0,0.0,55582.54,1.0
602.974462890625,Germany,Male,8.312054538726807,9.0,37254.290234375,21.259498405456544,1.0,1.0,139874.43,0.0
555.4492889404297,Germany,Female,24.0,7.0,32216.799365234376,1.0,1.0,0.0,162503.48,1.0
615.0,Spain,Female,41.0,9.0,109013.23000000001,1.0,1.0,0.0,93155.9609375,0.0
120.6638069152832,Spain,Female,39.0,2.0,0.0,2.0,1.0,0.0,40721.24,1.0
682.0,Germany,Male,24.0,9.0,57929.81,15.684169578552247,0.0,0.0,53134.3,1.0
484.0,France,Female,29.0,4.0,130114.38999999998,1.0,1.0,0.0,164017.89,0.0
628.0,Germany,Male,27.0,5.0,35584.77265625,2.0,0.0,0.0,155996.96,0.0
480.0,Germany,Male,44.0,10.0,129608.57000000002,1.0,1.0,0.0,5472.7,1.0
578.0,France,Male,30.0,4.0,169462.09,1.0,1.0,0.0,112187.11000000002,0.0
512.0,France,Male,18.32150831222534,5.0,0.0,2.0,1.0,1.0,146457.83,0.0
484.0,Spain,Female,35.0,7.0,133868.21,1.0,1.0,1.0,27286.1,0.0
510.0,France,Female,30.0,0.0,0.0,2.0,1.0,1.0,130553.47,0.0
606.0,France,Male,36.0,5.0,190479.48,2.0,0.0,0.0,179351.89,0.0
430.2725463867188,Spain,Female,40.0,8.0,101993.12,1.0,0.0,1.0,94774.12,0.0
754.0,Germany,Female,55.0,3.0,161608.81,29.232484102249146,0.0,1.0,8080.85,1.0
850.0,Spain,Male,45.0,2.0,122311.21,1.0,1.0,1.0,19482.5,0.0
510.0,France,Male,65.0,2.0,0.0,2.0,1.0,1.0,48071.61,0.0
778.0,Germany,Female,45.0,1.0,162150.42,28.95343283414841,1.0,0.0,174531.27,0.0
636.0,France,Male,42.0,2.0,0.0,2.0,1.0,1.0,55470.780000000006,0.0
804.0,France,Female,50.0,4.0,0.0,1.0,1.0,1.0,8546.87,1.0
514.0,France,Male,32.0,8.0,0.0,2.0,1.0,0.0,95857.18,0.0
730.0,France,Male,39.0,1.0,99010.67,1.0,1.0,0.0,194945.8,0.0
525.0,Spain,Female,37.0,0.0,0.0,1.0,0.0,1.0,131521.72,0.0
616.0,Spain,Male,30.0,5.0,0.0,2.0,0.0,0.0,196108.51,0.0
687.0,Germany,Female,34.0,7.0,111388.17999999998,2.0,1.0,0.0,148564.76,0.0
715.0,France,Male,41.0,8.0,56214.85,2.0,0.0,0.0,92982.61,1.0
512.0,France,Female,36.0,3.0,84327.77,2.0,1.0,0.0,17675.36,0.0
479.0,France,Male,40.0,1.0,0.0,2.0,0.0,0.0,114996.42999999998,0.0
601.0,France,Male,32.0,8.0,93012.89,1.0,1.0,0.0,86957.42,0.0
580.0,Spain,Male,29.0,9.0,61710.44,2.0,1.0,0.0,128077.8,0.0
807.0,France,Male,35.0,3.0,174790.15,1.0,1.0,1.0,600.36,0.0
616.0,Spain,Female,32.0,6.0,0.0,2.0,1.0,1.0,43001.46,0.0
721.0,Germany,Male,37.0,3.0,107720.63999999998,1.0,1.0,1.0,158591.12,0.0
501.0,France,Male,57.0,10.0,0.0,2.0,1.0,1.0,47847.19,0.0
521.0,France,Male,35.0,6.0,96423.84,1.0,1.0,0.0,10488.44,0.0
60.20787048339844,Spain,Male,30.0,2.0,1945.2483764648437,1.0,1.0,1.0,5978.2,0.0
759.0,France,Male,42.0,4.0,105420.17999999998,1.0,0.0,1.0,121409.06000000001,0.0
516.0,Spain,Male,50.0,5.0,0.0,1.0,0.0,1.0,146145.93,1.0
711.0,France,Female,38.0,2.0,129022.06000000001,2.0,1.0,0.0,68062.66015625,0.0
512.0,Spain,Male,33.0,3.0,176666.62,1.0,1.0,0.0,94670.77,0.0
550.0,France,Male,37.0,3.0,0.0,1.0,1.0,1.0,179670.31,0.0
792.0107269287109,Spain,Female,41.0,3.0,89763.84,1.0,0.0,0.0,199304.74,1.0
618.0,France,Male,34.0,5.0,134954.53,1.0,1.0,1.0,151954.39,0.0
643.0,France,Male,45.0,5.0,0.0,1.0,1.0,0.0,142513.5,1.0
671.0,France,Male,45.0,2.0,106376.85,1.0,1.0,1.0,158264.62,0.0
689.0,Germany,Male,33.0,2.0,161814.64,2.0,1.0,0.0,113624.234375,0.0
603.0,France,Male,31.0,8.0,36933.159765625,2.0,1.0,1.0,169915.02,0.0
620.0,France,Female,41.0,9.0,0.0,2.0,0.0,0.0,88852.47,0.0
676.0,France,Female,34.0,1.0,63095.009999999995,1.0,1.0,1.0,40645.81,0.0
572.0,Germany,Male,26.0,4.0,118287.00999999998,2.0,0.0,0.0,60427.3,0.0
605.3058776855469,France,Male,4.196658134460449,-48.34882164001465,106854.21,1.0,0.0,1.0,157959.02,1.0
469.50255126953124,France,Male,46.0,7.0,49512.55,1.0,1.0,0.0,133007.34,0.0
730.0,Spain,Female,33.0,9.0,0.0,2.0,0.0,0.0,176576.62,0.0
807.0,Spain,Male,43.0,1.0,105799.32000000002,28.847201657295226,1.0,0.0,34888.04,1.0
592.0,France,Male,54.0,8.0,0.0,1.0,1.0,1.0,28737.71,1.0
726.0,France,Female,17.993153381347657,9.0,114722.05,2.0,0.0,1.0,98178.57,0.0
514.0,Spain,Male,30.0,7.0,0.0,1.0,0.0,1.0,125010.24000000002,0.0
567.0,France,Male,42.0,2.0,0.0,6.871636581420899,1.0,1.0,167984.61,0.0
850.0,France,Male,33.0,10.0,0.0,1.0,1.0,0.0,4861.72,1.0
671.0,Germany,Male,45.0,-24.81515998840332,99564.22,44.12645797729492,1.0,1.0,108872.45,0.0
670.0,France,Male,37.0,4.0,170557.91,2.0,1.0,0.0,198252.88,0.0
694.0,France,Female,30.0,9.0,0.0,2.0,1.0,1.0,26960.310000000005,0.0
547.0,Germany,Female,39.0,6.0,74596.15,3.0,1.0,1.0,51420.2796875,1.0
751.0,Germany,Male,50.0,2.0,96888.39,1.0,1.0,0.0,77206.25,1.0
594.0,Germany,Female,29.0,3.0,130830.22,1.0,1.0,0.0,61048.530000000006,0.0
673.0,France,Male,72.0,-9.698511123657227,0.0,2.0,0.0,0.0,46743.3902709961,0.0
610.0,France,Male,40.0,0.0,0.0,2.0,1.0,0.0,62232.6,0.0
512.0,France,Female,37.0,1.0,0.0,2.0,0.0,1.0,156105.03,0.0
767.0,Germany,Male,-19.911375761032104,-37.16845970153808,119714.25,2.0,0.0,1.0,150135.38,0.0
399.5917175292969,Germany,Female,67.0,5.0,113978.97,2.0,0.0,1.0,93146.11,0.0
763.0,Germany,Male,42.0,6.0,100160.75,1.0,1.0,0.0,33462.94,1.0
712.0,France,Female,29.0,2.0,0.0,1.0,1.0,1.0,144375.0,0.0
539.0,Germany,Female,43.0,3.0,116220.5,3.0,1.0,1.0,55803.96,1.0
668.0,France,Female,46.0,2.0,0.0,3.0,1.0,0.0,89048.46,1.0
418.54626846313477,France,Male,28.0,2.0,81173.83,2.0,0.0,1.0,162812.16,1.0
662.0,Spain,Male,38.0,4.0,0.0,2.0,1.0,0.0,136259.65,0.0
725.0,Germany,Female,39.0,5.0,116803.8,1.0,1.0,0.0,124052.97,0.0
703.0,France,Male,37.0,-17.562597846984865,105961.67999999998,2.0,0.0,1.0,74158.8,0.0
659.0,Germany,Male,67.0,-67.86395835876465,117411.6,1.0,1.0,1.0,90263.7265625,0.0
523.0,Spain,Male,34.0,7.0,0.0,2.0,1.0,0.0,62030.06,0.0
635.0,France,Female,40.0,10.0,123497.58,1.0,1.0,0.0,131953.23,1.0
772.0,Germany,Male,26.0,7.0,152400.51,2.0,1.0,0.0,79414.0,0.0
545.0,France,Female,26.0,1.0,0.0,2.0,1.0,1.0,199638.56,0.0
634.0,Germany,Male,24.0,8.0,103097.85,1.0,1.0,1.0,76744.3296875,0.0
739.0,France,Male,54.0,8.0,30594.0171875,-5.710009670257568,1.0,0.0,134420.75,1.0
771.0,Germany,Female,36.0,5.0,77846.9,1.0,0.0,0.0,99805.99,0.0
587.0,Spain,Male,34.0,1.0,0.0,2.0,1.0,1.0,97932.68,0.0
462.6720718383789,France,Female,79.0,0.0,28941.4173828125,2.0,0.0,1.0,170968.99,0.0
544.0,Germany,Male,37.0,2.0,79731.91,1.0,1.0,1.0,57558.95,0.0
696.0,Spain,Male,28.0,8.0,0.0,1.0,0.0,0.0,176713.47,0.0
766.0,Spain,Male,41.0,0.0,0.0,2.0,0.0,1.0,34283.23,0.0
62.23329849243164,France,Male,34.0,10.0,0.0,2.0,1.0,1.0,7183.769482421875,0.0
671.0,Germany,Female,34.0,6.0,37266.67,2.0,0.0,0.0,156917.12,0.0
693.0,France,Female,30.0,6.0,127992.25,1.0,1.0,1.0,88153.5990234375,0.0
850.0,Germany,Male,14.606661510467529,3.0,54901.009999999995,1.0,1.0,1.0,71334.45703125,0.0
732.0,Germany,Female,-25.5998176574707,-50.902129364013675,108748.08,2.0,0.0,1.0,65323.11,0.0
726.0,Spain,Female,48.0,6.0,99906.19,1.0,1.0,0.0,64323.240000000005,0.0
557.0,France,Female,32.0,6.0,184686.41,2.0,1.0,0.0,14956.439999999999,0.0
682.0,France,Female,26.0,0.0,110654.01999999999,1.0,0.0,1.0,111879.21,0.0
157.3429313659668,Spain,Male,31.0,9.0,79019.8,1.0,1.0,0.0,18606.23,0.0
531.0,Spain,Female,36.0,9.0,99240.51,1.0,1.0,0.0,123137.00999999998,0.0
498.0,France,Male,34.0,2.0,0.0,2.0,1.0,1.0,148528.24,0.0
651.0,France,Male,36.0,7.0,0.0,2.0,1.0,0.0,13898.310000000001,0.0
549.0,Spain,Female,39.0,7.0,0.0,1.0,0.0,0.0,81259.25,1.0
791.0,Germany,Female,35.0,7.0,52436.2,1.0,1.0,0.0,161051.75,0.0
668.1259887695312,Spain,Male,41.0,9.0,0.0,2.0,1.0,1.0,191599.67,0.0
190.35719680786133,France,Male,34.0,3.0,100337.96,3.0,1.0,0.0,30843.387646484374,1.0
811.0,Germany,Female,34.0,-26.32779903411865,149297.19,60.861820220947266,1.0,1.0,186339.74,0.0
707.0,France,Male,30.0,8.0,0.0,2.0,1.0,0.0,33159.37,0.0
712.0,Germany,Male,28.0,4.0,145605.44,1.0,0.0,1.0,93883.53,0.0
706.0,Spain,Female,37.0,7.0,0.0,10.054235172271728,1.0,1.0,110899.3,0.0
75.97448120117187,France,Male,62.0,3.0,0.0,1.0,1.0,1.0,11199.04,1.0
777.0,France,Female,53.0,10.0,55025.2296875,22.147095680236816,1.0,0.0,189992.97,0.0
646.0,France,Male,35.0,6.0,84026.86,1.0,0.0,1.0,164255.69,0.0
714.0,France,Male,46.0,1.0,0.0,1.0,1.0,0.0,152167.79,1.0
782.0,France,Male,39.0,8.0,0.0,2.0,1.0,1.0,33949.67,0.0
775.0,Spain,Male,29.0,-21.582401704788207,0.0,2.0,1.0,1.0,82479.69028320312,0.0
479.0,Germany,Male,35.0,4.0,138718.92,1.0,1.0,1.0,92751.2453125,1.0
807.0,France,Male,42.0,-24.436098289489745,118274.71,1.0,1.0,1.0,25885.72,0.0
799.0,France,Female,22.0,8.0,174185.98,2.0,0.0,1.0,192633.85,0.0
675.0,France,Male,40.0,7.0,113208.86000000002,2.0,1.0,0.0,34577.36,0.0
602.0,Spain,Male,29.0,5.0,103907.28,1.0,1.0,0.0,161229.84,0.0
475.0,France,Female,32.0,8.0,119023.28,1.0,1.0,0.0,100816.29,0.0
744.0,Spain,Female,26.0,5.0,166297.89,59.960260009765626,1.0,1.0,181694.44,0.0
588.0,France,Male,34.0,10.0,0.0,2.0,0.0,0.0,79078.91,1.0
703.0,Germany,Male,42.0,9.0,63227.0,1.0,0.0,1.0,137316.32,0.0
747.0,Spain,Female,41.0,5.0,94521.17,2.0,1.0,0.0,194926.86,0.0
583.0,France,Male,27.0,7.0,0.0,2.0,1.0,0.0,51285.49,0.0
750.0,Spain,Female,34.0,9.0,112822.25999999998,1.0,0.0,0.0,150401.53,1.0
681.0,France,Male,38.0,3.0,0.0,2.0,1.0,1.0,112491.96,0.0
773.0,France,Male,25.0,2.0,135903.33,1.0,1.0,0.0,73656.38,0.0
714.0,France,Female,31.0,4.0,125169.25999999998,1.0,1.0,1.0,106636.88999999998,1.0
687.0,Spain,Female,7.230183410644531,7.0,17032.93391113281,3.0,1.0,0.0,48226.41052246094,1.0
511.0,France,Male,58.0,-50.14507484436035,149117.31,1.0,1.0,0.0,162599.51,0.0
627.0,France,Male,33.0,5.0,0.0,2.0,1.0,1.0,103737.82,0.0
694.0,France,Female,31.0,10.0,0.0,2.0,1.0,0.0,160990.27,0.0
616.0,Spain,Female,36.0,6.0,132311.71,1.0,0.0,0.0,15462.84,0.0
687.0,France,Male,35.0,8.0,0.0,2.0,1.0,0.0,10334.05,0.0
712.0,France,Female,33.0,6.0,29992.594274902345,2.0,1.0,1.0,190686.16,0.0
553.0,France,Male,33.0,4.0,118082.88999999998,1.0,0.0,0.0,94440.45,0.0
667.0,France,Male,31.0,1.0,119266.68999999999,1.0,1.0,1.0,28257.629999999997,0.0
731.0,France,Male,43.0,2.0,45275.5875,1.0,1.0,0.0,170034.95,1.0
629.0,Germany,Male,35.0,7.0,9856.67529296875,2.0,1.0,0.0,31824.29,0.0
614.0,France,Male,50.0,4.0,137104.47,1.0,1.0,0.0,127166.49000000002,1.0
438.0,Germany,Male,31.0,8.0,78398.69,1.0,0.0,0.0,44937.01,0.0
652.0,France,Female,80.0,4.0,0.0,2.0,1.0,1.0,188603.07,0.0
729.0,Germany,Male,30.0,6.0,36024.212890625,1.0,1.0,0.0,145111.37,0.0
642.0,France,Male,38.0,3.0,0.0,2.0,0.0,0.0,171463.83,0.0
806.0,Germany,Female,59.0,0.0,135296.33,1.0,1.0,0.0,182822.5,0.0
744.0,Spain,Male,-25.150477504730226,2.0,153804.44,1.0,1.0,1.0,103435.37578125,0.0
474.0,Spain,Male,37.0,3.0,0.0,2.0,0.0,0.0,57175.31999999999,0.0
559.0,France,Male,49.0,-42.29096908569336,147069.78,1.0,1.0,0.0,120540.83,1.0
706.0,Spain,Male,42.0,9.0,0.0,2.0,1.0,1.0,28714.340000000004,0.0
628.0,Spain,Female,22.0,3.0,0.0,1.0,1.0,0.0,85426.28,0.0
429.0,France,Male,24.0,4.0,95741.75,1.0,1.0,0.0,46170.75,0.0
306.42218322753905,France,Female,57.0,2.0,16615.1708984375,1.0,1.0,1.0,64448.36,0.0
680.0,France,Female,30.0,8.0,141441.75,1.0,1.0,1.0,90925.8609375,0.0
749.0,France,Male,40.0,1.0,139290.41,1.0,0.0,0.0,182855.42,1.0
763.0,France,Female,31.0,4.0,0.0,2.0,0.0,0.0,50404.72,0.0
320.92533416748046,France,Male,30.0,3.0,0.0,2.0,1.0,0.0,107640.25,0.0
637.4014282226562,France,Male,35.0,4.0,144428.87,1.0,1.0,0.0,134132.65,0.0
594.0,France,Male,35.0,2.0,0.0,2.0,1.0,0.0,103480.69,0.0
644.0,France,Female,46.0,9.0,95441.27,1.0,1.0,0.0,74516.53671875,0.0
671.0,France,Male,35.0,1.0,144848.74,1.0,1.0,0.0,179012.3,0.0
664.0,Germany,Male,26.0,-56.45019721984863,116244.13999999998,2.0,1.0,1.0,82458.778125,0.0
656.0,France,Male,50.0,-2.83833532333374,0.0,3.6177155137062074,0.0,0.0,72143.44,0.0
667.0,Spain,Female,40.0,1.0,146502.07,1.0,1.0,0.0,19162.89,0.0
663.0,Germany,Male,44.0,2.0,117028.6,2.0,0.0,0.0,144680.18,0.0
584.0,Germany,Female,30.0,8.0,112013.81000000001,1.0,1.0,0.0,177772.03,1.0
626.0,Spain,Female,37.0,6.0,3043.45859375,1.0,1.0,0.0,5597.94,0.0
485.0,France,Male,29.0,-35.83605136871338,182123.79,1.0,0.0,0.0,116828.50999999998,0.0
659.0,Germany,Female,32.0,3.0,150923.74,2.0,0.0,1.0,174652.51,0.0
649.0,France,Male,33.0,2.0,0.0,2.0,1.0,0.0,2010.98,0.0
805.0,Spain,Female,39.0,-50.743590354919434,165272.13,1.0,0.0,0.0,14109.85,1.0
716.0,Germany,Female,39.0,10.0,115301.31000000001,1.0,1.0,0.0,43527.4,1.0
642.0,Germany,Female,40.0,6.0,129502.49000000002,2.0,0.0,0.0,86099.23,1.0
659.0,France,Male,31.0,4.0,118342.25999999998,1.0,0.0,0.0,161574.19,0.0
545.0,Spain,Female,47.0,5.0,0.0,2.0,1.0,1.0,54738.6857421875,0.0
543.0,France,Male,22.0,8.0,0.0,2.0,0.0,0.0,127587.22,0.0
718.0,France,Female,25.0,7.0,0.0,2.0,1.0,0.0,30380.120000000003,0.0
840.0,France,Female,43.0,7.0,0.0,2.0,1.0,0.0,90908.95,0.0
630.0,Germany,Female,34.0,9.0,106937.05,2.0,1.0,0.0,138275.01,0.0
643.0,Spain,Male,59.0,3.0,170331.37,1.0,1.0,1.0,32171.79,0.0
654.0,Germany,Female,32.0,1.0,114510.85,1.0,1.0,1.0,126143.23000000001,0.0
582.0,France,Male,39.0,-1.119800615310669,0.0,2.0,1.0,0.0,42062.194506835935,0.0
659.0,Spain,Male,32.0,3.0,107594.11000000002,2.0,1.0,1.0,102416.84,0.0
168.12177963256835,Spain,Male,39.0,-19.83538085818291,81273.13,1.0,1.0,1.0,18719.67,0.0
363.3839141845703,Spain,Female,32.0,7.0,169399.6,1.0,1.0,0.0,61936.219999999994,0.0
670.0,Spain,Male,25.0,6.0,0.0,2.0,1.0,0.0,78358.94,0.0
613.0,France,Female,-51.4577398777008,1.0,187841.99,2.0,1.0,0.0,75767.8328125,0.0
539.0,France,Male,30.0,0.0,0.0,2.0,1.0,0.0,160979.66,0.0
850.0,Spain,Female,57.0,8.0,24545.49444580078,2.0,1.0,0.0,132298.49,0.0
522.0,Spain,Male,34.0,9.0,126436.29,1.0,1.0,0.0,174248.52,1.0
737.0,France,Male,41.0,-58.26103591918945,101960.74,1.0,1.0,0.0,123547.28,0.0
520.0,France,Male,58.0,3.0,0.0,2.0,0.0,1.0,32790.02,0.0
706.0,Spain,Male,28.0,3.0,27674.346728515626,2.0,1.0,1.0,181543.67,0.0
643.0,Germany,Female,45.0,2.0,150842.93,1.0,0.0,1.0,2319.96,1.0
648.0,France,Female,50.0,9.0,34000.90004882812,1.0,1.0,1.0,189543.19,0.0
443.0,Germany,Female,14.246010160446167,9.0,99027.61,2.0,1.0,0.0,10940.4,0.0
640.0,France,Male,68.0,9.0,0.0,2.0,1.0,1.0,76394.1984375,0.0
628.0,Spain,Female,33.0,3.0,0.0,1.0,1.0,1.0,188193.25,0.0
739.1844787597656,Germany,Female,42.0,9.0,87271.41,2.0,1.0,0.0,172572.64,0.0
460.0,Germany,Female,27.98110866546631,8.0,37963.5294921875,2.0,1.0,1.0,189339.6,0.0
636.0,Germany,Male,34.0,2.0,40105.51,2.0,0.0,1.0,53512.16000000001,0.0
593.0,France,Female,29.0,2.0,152265.43,1.0,1.0,0.0,34004.44,0.0
801.0,Spain,Male,11.556199645996093,-46.58820769786835,141947.67,1.0,1.0,1.0,10598.29,0.0
640.0,Germany,Female,-4.681650924682617,1.0,106307.91,2.0,0.0,1.0,72467.31484375,0.0
611.0,Germany,Male,31.0,0.0,107884.81000000001,2.0,1.0,1.0,183487.98,0.0
802.0,Germany,Male,11.32209770679474,1.0,125013.72,1.0,1.0,1.0,107937.0515625,0.0
133.832373046875,Germany,Male,35.0,-2.3315908789634703,58469.37000000001,2.0,1.0,1.0,27186.8529296875,0.0
769.0,France,Female,39.0,8.0,0.0,1.0,0.0,1.0,21016.0,0.0
33.971862411499025,Spain,Male,14.285457992553711,2.2204915285110474,221.78485107421875,0.8250161051750183,1.0,1.0,589.5159301757812,0.0
572.0,Spain,Male,35.0,4.0,152390.26,1.0,1.0,0.0,128123.66,0.0
629.0,Spain,Female,30.0,2.0,34013.63,1.0,1.0,0.0,19570.63,0.0
687.0,Spain,Male,39.0,2.0,0.0,3.0,0.0,0.0,188150.6,1.0
483.0,France,Female,50.0,9.0,0.0,2.0,1.0,1.0,111020.24000000002,0.0
690.0,France,Male,36.0,7.0,31600.286328125,2.0,1.0,0.0,123775.15,0.0
492.0,France,Female,30.0,10.0,77168.87,2.0,0.0,1.0,146700.22,0.0
709.0,Germany,Male,28.0,8.0,124695.72,31.828219890594482,1.0,0.0,145251.35,0.0
705.0,Germany,Male,44.0,3.0,105934.96,1.0,1.0,0.0,82463.69,0.0
560.0,France,Female,66.0,9.0,0.0,1.0,1.0,1.0,15928.49,0.0
611.0,Spain,Male,46.0,6.0,0.0,2.0,1.0,0.0,45886.33,0.0
730.0,Spain,Male,62.0,2.0,0.0,4.085885143280029,1.0,1.0,186489.95,1.0
709.0,Spain,Female,45.0,2.0,0.0,2.0,0.0,0.0,162922.65,0.0
544.0,France,Female,21.0,10.0,161525.96,2.0,1.0,0.0,9262.77,0.0
712.0,Germany,Female,29.0,7.0,147199.07,1.0,1.0,1.0,84932.4,0.0
432.5028076171875,Germany,Male,38.0,3.0,183102.29,40.376916551589964,1.0,1.0,71557.12,0.0
648.0,Spain,Male,46.0,9.0,127209.0,2.0,1.0,1.0,77405.95,1.0
51.71411895751953,Spain,Male,38.0,8.0,0.0,2.0,0.0,0.0,417.41,1.0
594.0,Spain,Female,24.0,0.0,97378.54,1.0,1.0,1.0,71405.17,0.0
645.0,Germany,Female,37.0,2.0,136925.09,2.0,0.0,1.0,153400.24,0.0
557.0,France,Male,33.0,3.0,54503.55,1.0,1.0,1.0,371.05,0.0
547.0,Germany,Male,32.0,8.0,155726.85,1.0,1.0,0.0,67789.99,0.0
701.0,France,Female,16.972579407691956,9.0,0.0,2.0,0.0,1.0,145894.9,0.0
616.0,France,Female,66.0,-98.40660552978515,135842.41,1.0,1.0,0.0,183840.51,0.0
392.16295928955077,France,Male,52.0,1.0,63349.75,1.0,1.0,0.0,108887.43999999999,0.0
593.0,Germany,Male,21.53842077255249,4.0,129499.42,1.0,1.0,1.0,154071.27,0.0
751.0,France,Male,22.784680223464967,8.0,0.0,3.832245645672083,0.0,1.0,56954.1025390625,0.0
443.0,Spain,Male,36.0,6.0,70438.01,17.37056248188019,0.0,1.0,56937.43000000001,0.0
685.0,France,Male,23.0,8.0,0.0,2.0,1.0,1.0,112239.03,0.0
718.0,France,Male,36.0,9.0,0.0,1.0,1.0,0.0,45909.87,0.0
538.0,Spain,Female,49.0,9.0,141434.04,1.0,1.0,1.0,173779.25,1.0
611.0,Spain,Female,37.0,4.0,0.0,2.0,1.0,0.0,125696.25999999998,0.0
668.0,France,Male,19.68628063201904,10.0,11151.08271484375,3.5653684198856355,1.0,0.0,32640.312255859375,1.0
537.0,Germany,Female,41.0,3.0,138306.34,1.0,1.0,0.0,106761.47,0.0
432.6053009033203,Spain,Male,23.0,10.0,0.0,2.0,0.0,0.0,129590.17999999998,0.0
850.0,France,Male,38.0,1.0,0.0,2.0,1.0,1.0,80006.65,0.0
745.0,Spain,Female,-5.876969814300537,3.0,124328.84,1.0,1.0,1.0,140451.52,0.0
35.549767303466794,Spain,Male,15.212739753723145,2.220107650756836,214.03470764160156,0.9141311168670654,1.0,1.0,552.8920227050781,0.0
795.0,Spain,Male,35.0,-9.950611054897308,37353.31663818359,2.0,1.0,0.0,167155.36,0.0
626.0,Spain,Male,47.048641204833984,8.0,0.0,2.0,0.0,0.0,191420.71,0.0
487.0,Germany,Female,61.0,5.0,110368.03,1.0,0.0,0.0,11384.45,1.0
556.0,France,Female,39.0,9.0,89588.35,1.0,0.0,1.0,94898.1,0.0
643.0,France,Female,46.0,6.0,0.0,2.0,0.0,0.0,106781.59,0.0
605.0,France,Female,28.0,6.0,0.0,2.0,0.0,0.0,159508.52,0.0
756.0,Germany,Female,60.0,3.0,115924.88999999998,1.0,1.0,0.0,93524.19,1.0
586.0,France,Female,38.0,2.0,0.0,2.0,1.0,0.0,87168.46,0.0
535.0,Germany,Female,40.0,7.0,111756.5,1.0,1.0,0.0,8128.32,1.0
678.0,France,Female,35.0,4.0,0.0,1.0,1.0,0.0,125518.32000000002,0.0
596.0,France,Male,39.0,9.0,0.0,1.0,1.0,0.0,48963.59,0.0
648.0,France,Male,26.0,9.0,162923.85,1.0,1.0,0.0,76157.57294921875,0.0
615.5665649414062,France,Male,39.0,10.0,124576.65,2.0,1.0,0.0,148584.61,0.0
702.0,France,Male,45.0,0.0,80793.58,1.0,1.0,1.0,27474.810000000005,0.0
486.0,Germany,Female,40.0,9.0,71340.09,1.0,1.0,0.0,76192.21,0.0
568.0,France,Male,40.0,1.0,99282.63,1.0,0.0,0.0,134600.94,1.0
619.0,Germany,Male,57.0,3.0,137946.39,1.0,1.0,1.0,72467.99,1.0
724.0,France,Male,41.0,2.0,127892.57000000002,2.0,0.0,1.0,199645.45,0.0
548.0,Germany,Female,33.0,0.0,101084.36,1.0,1.0,0.0,42749.85,0.0
545.0,Germany,Female,37.0,8.0,114754.08,1.0,1.0,0.0,79983.93046875,1.0
683.0,France,Male,33.0,8.0,19089.4541015625,1.0,0.0,0.0,73564.44,0.0
762.0,France,Female,51.0,3.0,99286.98,1.0,0.0,1.0,85578.63,0.0
627.0,Germany,Female,30.0,4.0,79871.02,2.0,1.0,0.0,129826.88999999998,0.0
516.0,France,Male,35.0,10.0,104088.59,2.0,0.0,0.0,119666.0,0.0
800.0,France,Female,38.0,2.0,168190.33,2.0,1.0,0.0,68052.08,0.0
464.0,Germany,Female,42.0,3.0,85679.25,1.0,1.0,1.0,164104.74,0.0
626.0,France,Female,35.0,3.0,0.0,1.0,0.0,0.0,80190.36,0.0
790.0,France,Female,31.0,9.0,0.0,2.0,1.0,0.0,84126.75,0.0
534.0,France,Female,34.0,7.0,121551.58,2.0,1.0,1.0,88754.00078125,0.0
745.0,France,Male,46.0,2.0,122220.18999999999,1.0,1.0,1.0,118024.1,0.0
553.0,Spain,Female,47.0,3.0,116528.15,1.0,0.0,0.0,145704.19,1.0
748.0,France,Female,26.0,1.0,77780.29,1.0,0.0,1.0,183049.41,0.0
722.0,France,Male,37.0,2.0,0.0,1.0,0.0,0.0,120906.83,0.0
501.0,France,Male,40.0,4.0,22889.533251953126,1.0,1.0,1.0,100433.83,0.0
675.0,France,Female,38.0,6.0,68065.8,1.0,0.0,0.0,138777.0,1.0
778.0,Germany,Female,47.0,6.0,127299.34,2.0,1.0,0.0,124694.99000000002,0.0
494.0,Germany,Female,38.0,7.0,174937.64,1.0,1.0,0.0,40084.32,0.0
374.2418273925781,France,Male,40.0,-11.528112030029297,0.0,1.4745590329170226,0.0,1.0,119232.33,0.0
592.0,Spain,Male,31.0,7.0,110071.1,1.0,0.0,0.0,43921.36,0.0
590.0,Spain,Female,44.0,3.0,139432.37,1.0,1.0,0.0,62222.81,0.0
758.0,France,Female,39.0,6.0,127357.75999999998,1.0,0.0,1.0,56577.0,0.0
506.0,France,Male,36.0,5.0,0.0,2.0,1.0,0.0,164253.35,0.0
733.0,France,Male,33.0,3.0,0.0,1.0,1.0,1.0,7666.729999999999,0.0
711.0,France,Male,38.0,3.0,0.0,2.0,1.0,0.0,68487.51,0.0
514.0,Germany,Male,43.0,1.0,95556.31,1.0,0.0,1.0,199273.98,1.0
637.0,Spain,Male,37.0,8.0,0.0,1.0,1.0,1.0,186062.36,0.0
468.0,Germany,Male,77.00302429199219,1.0,44657.65546875,2.0,1.0,1.0,195711.16,0.0
539.0,France,Male,39.0,3.0,0.0,2.0,1.0,0.0,36692.17,0.0
509.0,Spain,Female,25.0,3.0,108738.71,18.257650089263915,1.0,0.0,106920.57000000002,0.0
662.0,France,Female,32.0,4.0,133950.37,1.0,1.0,1.0,48725.68,1.0
818.0,France,Male,26.0,4.0,0.0,2.0,1.0,0.0,167036.94,0.0
608.0,France,Male,33.0,9.0,89968.69,1.0,1.0,0.0,68777.26,0.0
62.61048812866211,Spain,Female,32.0,9.0,0.0,2.0,1.0,1.0,7761.21220703125,0.0
816.0,Germany,Female,38.0,5.0,24132.46640625,3.0,1.0,0.0,71905.77,1.0
536.0,France,Male,35.0,8.0,0.0,2.0,1.0,0.0,64833.280000000006,0.0
514.4218795776367,France,Male,35.0,3.0,37310.819921875,2.0,1.0,1.0,184843.77,0.0
292.6882354736328,Spain,Male,27.0,-33.908253741264346,134169.62,35.17734105587006,0.0,1.0,72464.81318359375,0.0
703.0,France,Male,37.0,1.0,149762.08,1.0,1.0,0.0,20629.4,1.0
774.0,France,Male,26.0,2.0,93844.69,1.0,1.0,0.0,28415.359999999997,0.0
785.0,France,Male,28.0,8.0,0.0,2.0,1.0,0.0,77231.27,0.0
571.0,France,Female,33.0,1.0,0.0,2.0,1.0,0.0,102750.7,0.0
621.0,Germany,Female,46.0,6.0,141078.37,1.0,0.0,0.0,34580.8,1.0
605.0,Germany,Female,31.0,1.0,44179.47578125,1.0,1.0,1.0,183598.77,0.0
611.0,France,Female,40.0,8.0,24379.383203125,2.0,1.0,0.0,65933.971875,0.0
569.0,France,Male,38.0,7.0,0.0,1.0,1.0,1.0,108469.2,0.0
658.0,France,Male,29.0,4.0,80262.6,1.0,0.0,1.0,20612.82,0.0
788.0,France,Male,34.0,6.0,19454.2185546875,7.6035256534814835,1.0,1.0,55216.6869140625,0.0
525.0,France,Female,23.0,5.0,0.0,2.0,1.0,0.0,160249.1,0.0
798.0,France,Male,37.0,8.0,0.0,3.0,0.0,0.0,110783.28,0.0
486.0,Germany,Male,37.0,9.0,115217.99000000002,2.0,1.0,0.0,144995.33,0.0
615.0,France,Male,61.0,9.0,22635.66826171875,2.0,1.0,0.0,64559.241015625,1.0
730.0,France,Female,35.0,0.0,155470.55,1.0,1.0,1.0,53718.280000000006,0.0
641.0,France,Male,37.0,7.0,0.0,2.0,1.0,0.0,75248.3,0.0
245.51219177246094,France,Male,39.0,3.0,135096.77,1.0,1.0,1.0,14353.429999999998,0.0
692.0,France,Male,30.0,2.0,0.0,2.0,0.0,1.0,130486.57000000002,0.0
714.0,Germany,Female,55.0,9.0,180075.22,1.0,1.0,1.0,100127.71,0.0
591.0,Spain,Male,29.0,1.0,97541.24,1.0,1.0,1.0,196356.17,0.0
710.0,France,Female,41.0,2.0,156067.05,1.0,1.0,1.0,9983.88,0.0
639.0,France,Female,38.0,4.0,81550.94,2.0,0.0,1.0,118974.76999999999,0.0
531.0,France,Female,47.0,6.0,0.0,1.0,0.0,0.0,194998.34,1.0
673.0,France,Female,38.0,2.0,170061.92,2.0,0.0,0.0,134901.34,1.0
765.0,France,Male,36.0,8.0,92310.54,24.054884719848634,1.0,1.0,81897.721875,1.0
622.0,France,Female,2.9502946853637697,6.0,169089.38,2.0,1.0,0.0,101057.95,0.0
806.0,France,Male,40.0,5.0,80613.93,1.0,1.0,1.0,142838.64,0.0
43.04615020751953,Germany,Male,16.036401176452635,8.0,582.1861053466797,2.0,1.0,1.0,1611.6674194335938,0.0
570.0,France,Female,58.0,8.0,29490.935546875,13.037706184387208,0.0,1.0,116503.92,1.0
555.0,Spain,Male,32.0,4.0,0.0,2.0,1.0,1.0,54405.79,0.0
692.0,France,Male,54.0,5.0,0.0,2.0,1.0,1.0,88721.84,0.0
774.0,France,Male,60.0,-27.75151171684265,85891.55,1.0,0.0,0.0,74135.48,1.0
638.0,France,Male,44.0,9.0,77637.35,24.560395431518554,0.0,1.0,111346.22,0.0
543.0,Spain,Female,41.0,4.0,0.0,1.0,0.0,0.0,194902.16,0.0
584.0,France,Male,31.0,5.0,0.0,2.0,1.0,0.0,31474.27,0.0
295.82080993652346,Germany,Male,30.0,7.0,116927.88999999998,1.0,1.0,0.0,21198.39,0.0
684.0,Germany,Female,40.0,6.0,137326.65,1.0,1.0,0.0,186976.6,0.0
733.0,France,Male,22.0,5.0,0.0,2.0,1.0,1.0,84804.3484375,0.0
599.0,Spain,Female,37.0,2.0,0.0,2.0,1.0,1.0,143739.29,0.0
524.0,Germany,Female,31.0,-26.15910816192627,67238.98,2.0,1.0,1.0,161811.23,0.0
632.0,Germany,Male,38.0,6.0,86569.76,2.0,1.0,0.0,98090.91,0.0
735.0,Spain,Male,34.0,5.0,0.0,2.0,0.0,0.0,71095.41,0.0
734.0,France,Male,34.0,6.0,133598.4,1.0,1.0,1.0,13107.24,0.0
605.0,France,Female,51.0,3.0,14805.3322265625,1.0,1.0,1.0,67110.59,1.0
793.0,Spain,Male,38.0,9.0,23277.21953125,2.0,1.0,0.0,88225.02,0.0
468.0,France,Female,56.0,10.0,0.0,3.0,0.0,1.0,62256.87000000001,1.0
779.0,Germany,Male,-11.578829765319824,7.0,120092.51999999999,2.0,1.0,0.0,135925.72,0.0
698.0,France,Male,48.0,4.0,101238.24,28.05158519744873,0.0,0.0,177815.87,1.0
707.0,France,Male,58.0,6.0,89685.92,10.474234747886658,0.0,1.0,62744.465625,0.0
850.0,France,Female,-29.224580764770508,1.0,211774.31,1.0,1.0,1.0,188574.12,1.0
850.0,France,Male,56.0,7.0,131317.48,6.252645015716553,1.0,1.0,119175.45,0.0
527.0,Spain,Male,37.0,-12.313533580303192,15566.081848144531,2.0,1.0,1.0,43165.0021484375,0.0
696.0,Germany,Male,32.0,8.0,30457.386328125,1.0,1.0,1.0,115916.55,0.0
661.0,France,Male,48.0,3.0,120320.54,1.0,0.0,0.0,96463.25,0.0
776.0,France,Female,31.0,2.0,0.0,2.0,1.0,1.0,112349.50999999998,0.0
629.382177734375,France,Male,43.0,2.0,0.0,-8.266581487655639,1.0,1.0,165303.79,0.0
610.0,France,Male,26.0,8.0,0.0,2.0,1.0,0.0,166031.08,0.0
572.0,Germany,Female,48.0,3.0,152827.99,1.0,1.0,0.0,38411.79,1.0
673.0,France,Male,30.0,1.0,64097.75,1.0,1.0,1.0,77783.35,0.0
519.0,Spain,Male,57.0,2.0,119035.35,2.0,1.0,1.0,29871.79,0.0
702.0,Spain,Female,26.0,4.0,135219.57,1.0,0.0,1.0,59747.62999999999,0.0
729.0,France,Male,32.0,-43.739319038391116,93694.42,1.0,1.0,1.0,79919.13,0.0
543.0,Spain,Male,35.0,-28.01093535423279,59408.62999999999,1.0,1.0,0.0,76773.53,0.0
550.0,France,Female,40.0,7.0,114354.95,1.0,1.0,0.0,54018.93000000001,0.0
261.40172424316404,France,Male,59.0,1.0,0.0,1.0,1.0,0.0,70649.64,1.0
639.0,Germany,Male,35.0,-43.3390380859375,128173.9,2.0,0.0,0.0,59093.39,0.0
686.0,Spain,Male,34.0,-16.78918914794922,0.0,7.956895923614502,1.0,0.0,127569.8,0.0
564.0,Germany,Female,62.0,5.0,114931.35,15.362211894989013,0.0,1.0,75933.765625,1.0
316.57990112304685,Germany,Female,28.0,1.0,111071.36000000002,1.0,1.0,0.0,73275.96,1.0
41.61593933105469,France,Male,15.146524429321289,8.0,822.3632385253907,1.211780047416687,1.0,1.0,2178.1283203125,0.0
622.0,France,Male,26.0,9.0,0.0,0.20856552124023436,1.0,1.0,153237.59,0.0
597.0,France,Female,42.0,4.0,64740.12000000001,1.0,1.0,1.0,106841.12,0.0
721.0,Spain,Male,-44.38645210266113,0.0,169312.13,1.0,1.0,0.0,109078.35,1.0
504.0,France,Female,49.0,7.0,0.0,3.0,0.0,1.0,87822.14,0.0
539.7315307617188,Spain,Female,44.0,2.0,112652.08,2.0,1.0,0.0,126644.98000000001,0.0
587.0,France,Male,38.0,0.0,0.0,2.0,1.0,0.0,47414.15,0.0
479.0,Germany,Female,30.0,7.0,143964.36,2.0,1.0,0.0,41879.99,0.0
508.0,France,Male,49.0,-13.839571094512939,122451.46,2.0,1.0,1.0,75808.1,0.0
749.0,France,Male,24.0,1.0,0.0,3.0,1.0,1.0,47911.03,0.0
721.0,Germany,Female,36.0,3.0,65253.06999999999,9.850564205646515,1.0,0.0,28737.78,0.0
674.0,Germany,Male,47.0,-37.89944915771484,106901.93999999999,1.0,1.0,1.0,2079.2,1.0
685.0,Spain,Female,25.0,10.0,128509.63,1.0,0.0,0.0,121562.33,0.0
417.0,France,Male,34.0,7.0,0.0,2.0,1.0,0.0,55003.79,0.0
574.0,Germany,Male,33.0,3.0,129834.67,1.0,1.0,0.0,193131.42,1.0
783.5133483886718,Germany,Female,-28.182222175598145,3.0,154962.99,3.0,0.0,1.0,191932.27,1.0
587.0,Germany,Male,0.05541871786117554,5.0,138241.9,19.206156635284422,1.0,0.0,75253.8921875,0.0
598.0,Germany,Male,41.0,3.0,11572.404345703126,1.0,1.0,0.0,35876.89794921875,1.0
741.0,Spain,Male,53.0,3.0,0.0,2.0,1.0,0.0,38913.68,0.0
850.0,France,Female,70.0,5.0,0.0,1.0,1.0,1.0,705.18,0.0
584.0,Germany,Female,29.0,7.0,105204.00999999998,1.0,0.0,1.0,138490.03,0.0
295.55719299316405,Spain,Female,61.0,1.0,152968.73,1.0,0.0,1.0,82970.69,0.0
217.1511215209961,Spain,Male,36.0,8.0,12661.326538085938,1.0,1.0,1.0,76744.72,0.0
509.0,France,Female,46.0,1.0,0.0,1.0,1.0,0.0,71244.59,1.0
689.0,Spain,Female,38.0,6.0,121021.05,1.0,1.0,1.0,12182.15,0.0
543.0,France,Male,36.0,4.0,0.0,2.0,1.0,1.0,141210.5,0.0
438.0,Spain,Female,54.0,2.0,0.0,1.0,0.0,0.0,191763.07,1.0
687.0,Spain,Female,63.0,1.0,137715.66,1.0,0.0,1.0,37938.74,0.0
737.0,Germany,Female,31.0,5.0,121192.22,2.0,1.0,1.0,99249.259375,0.0
761.0,France,Male,31.0,7.0,23793.97607421875,10.87157142162323,1.0,1.0,68278.152734375,0.0
601.0,France,Male,44.0,1.0,100486.18,2.0,1.0,0.0,62678.530000000006,0.0
651.0,France,Male,45.0,1.0,0.0,1.0,1.0,0.0,67740.08,1.0
745.0,France,Male,35.0,9.0,92566.53,-12.62338399887085,1.0,0.0,92001.9015625,0.0
648.0,Spain,Female,49.0,-9.197838521003723,0.0,2.0,1.0,1.0,65823.37265625,1.0
848.0,Spain,Female,40.0,3.0,110929.96,1.0,1.0,1.0,30876.840000000004,0.0
82.47786712646484,France,Female,27.0,8.0,0.0,2.0,1.0,1.0,14858.1,0.0
439.0,Spain,Female,32.0,3.0,138901.61,1.0,1.0,0.0,75685.97,0.0
755.0,France,Male,30.0,4.0,123217.66,2.0,1.0,1.0,144183.1,0.0
593.0,France,Female,41.0,6.0,0.0,1.0,1.0,0.0,65170.66000000001,0.0
701.0,France,Male,39.0,2.0,0.0,2.0,1.0,1.0,82526.92,0.0
701.0,Spain,Male,36.61892547607422,8.0,0.0,2.0,1.0,0.0,169161.46,0.0
607.0,Spain,Female,33.0,2.0,108431.87,2.0,0.0,1.0,109291.38999999998,1.0
586.0,Spain,Female,57.0,3.0,0.0,2.0,0.0,1.0,6057.81,0.0
547.0,Germany,Female,30.0,9.0,72392.41,1.0,1.0,0.0,77077.14,0.0
647.0,Germany,Female,51.0,1.0,18018.2263671875,2.0,0.0,0.0,54954.509999999995,1.0
760.0,France,Female,51.0,2.0,100946.71,1.0,0.0,0.0,179614.8,1.0
157.0464065551758,Spain,Male,53.0,9.0,7934.03291015625,4.271348381042481,1.0,0.0,35588.07,1.0
725.0,France,Male,44.0,-20.16855115890503,0.0,1.0,1.0,1.0,117356.13999999998,0.0
526.0,France,Male,36.0,1.0,0.0,1.0,1.0,0.0,160696.72,0.0
519.0,Spain,Female,47.0,6.0,157296.02,2.0,0.0,0.0,147278.43,1.0
713.0,Germany,Female,38.0,7.0,144606.22,1.0,1.0,1.0,56594.36,1.0
359.29674072265624,France,Male,38.0,8.0,134811.3,1.0,1.0,0.0,1299.75,0.0
666.0,France,Female,34.0,9.0,115897.12,1.0,1.0,1.0,25095.03,0.0
630.0,Spain,Male,32.0,4.0,82034.0,1.0,0.0,0.0,146326.45,0.0
779.0,Spain,Female,26.0,4.0,174318.13,2.0,0.0,1.0,38296.21,0.0
611.0,Germany,Female,41.0,2.0,114206.84,1.0,1.0,0.0,164061.6,0.0
685.0,Spain,Male,43.0,9.0,0.0,2.0,1.0,0.0,73647.784375,0.0
646.0,Spain,Male,39.0,9.0,111574.41,1.0,1.0,1.0,30838.51,0.0
683.0,Germany,Female,57.0,5.0,162448.69,1.0,0.0,0.0,9221.78,1.0
484.0,Germany,Female,34.0,4.0,148249.54,1.0,0.0,1.0,33738.27,0.0
601.0,France,Male,43.0,8.0,0.0,3.0,0.0,1.0,110916.15,1.0
762.0,Spain,Female,26.0,7.0,40258.762890625,2.0,0.0,0.0,169654.57,0.0
687.0,France,Female,72.0,9.0,0.0,1.0,0.0,1.0,69829.4,0.0
566.0,France,Male,30.0,5.0,0.0,1.0,1.0,0.0,54926.509999999995,1.0
702.0,France,Male,37.0,10.0,150525.8,14.589455795288085,1.0,0.0,94728.49,1.0
601.0,France,Male,29.0,9.0,0.0,1.0,1.0,1.0,80393.27,0.0
699.0,France,Male,53.0,4.0,0.0,2.0,0.0,1.0,111307.98000000001,0.0
584.0,France,Male,28.0,10.0,0.0,2.0,1.0,0.0,19834.32,0.0
699.0,France,Male,35.0,5.0,0.0,2.0,1.0,1.0,78397.24,0.0
698.0,Germany,Female,51.0,2.0,111018.98000000001,1.0,1.0,0.0,86410.28,0.0
495.0,France,Male,30.0,10.0,129755.99000000002,1.0,1.0,0.0,172749.65,0.0
650.0,France,Female,27.0,6.0,0.0,2.0,1.0,0.0,1002.39,0.0
605.0,France,Female,64.0,2.0,129555.7,1.0,1.0,1.0,13601.790000000003,0.0
667.0,Spain,Male,38.0,1.0,87202.38,1.0,1.0,1.0,77866.91,0.0
688.0,France,Male,21.44422040581703,8.0,52100.50546875,11.715965986251831,1.0,1.0,175296.76,0.0
434.5479080200195,Spain,Female,31.0,0.0,0.0,1.0,1.0,0.0,121751.04,1.0
754.0,Germany,Male,39.0,6.0,170184.99,31.194518280029296,1.0,1.0,106381.3609375,0.0
612.0,Germany,Male,62.0,8.0,140745.33,1.0,1.0,0.0,193437.89,0.0
546.0,Spain,Male,42.0,7.0,10606.244458007812,1.0,1.0,1.0,31446.45126953125,0.0
673.0,Spain,Female,37.0,8.0,0.0,2.0,1.0,1.0,183318.79,0.0
593.0,France,Male,35.0,9.0,114193.24000000002,1.0,1.0,0.0,71154.1,0.0
656.0,France,Female,40.0,10.0,36293.34921875,-11.560061836242676,0.0,1.0,151887.16,0.0
280.27577819824216,Germany,Female,53.0,5.0,16952.534912109375,2.0,1.0,1.0,75888.65,0.0
678.0,Germany,Male,36.0,-33.271423149108884,145747.67,2.0,0.0,1.0,87213.5078125,0.0
477.0,Spain,Female,48.0,2.0,129120.63999999998,1.0,0.0,0.0,26475.79,0.0
850.0,Spain,Male,35.0,7.0,110349.82000000002,1.0,0.0,0.0,126355.8,0.0
427.0,France,Male,29.0,1.0,141325.56,1.0,1.0,1.0,93839.3,0.0
752.0,France,Male,49.0,2.0,78653.84,1.0,1.0,0.0,7698.6,0.0
649.0,France,Male,47.0,1.0,33603.539453125,10.948723983764648,1.0,1.0,145593.85,0.0
799.0,Spain,Female,28.0,3.0,142253.65,1.0,1.0,0.0,45042.56,0.0
589.0,France,Female,61.0,1.0,0.0,1.0,1.0,0.0,61108.56,1.0
583.0,Spain,Female,54.0,6.0,115988.86000000002,1.0,1.0,0.0,57553.98,1.0
273.71449890136716,Spain,Female,33.0,10.0,75592.43,1.0,1.0,0.0,62674.42,0.0
540.0,Germany,Male,44.0,3.0,164113.04,2.0,1.0,1.0,12120.79,0.0
850.0,France,Male,31.0,-19.157832908630372,67996.23,2.0,0.0,0.0,50129.87,1.0
696.0,Spain,Male,51.0,5.0,0.0,2.0,1.0,0.0,55022.43000000001,0.0
660.0,Spain,Female,33.0,1.0,0.0,2.0,0.0,0.0,117834.91,0.0
682.0,Spain,Male,48.0,1.0,138778.15,1.0,0.0,1.0,168840.23,0.0
744.0,France,Female,43.0,10.0,147832.15,1.0,0.0,1.0,85476.7830078125,0.0
785.0,France,Female,36.0,4.0,135438.4,1.0,0.0,0.0,190627.01,0.0
752.0,Spain,Male,48.0,-6.820959901809692,28147.708117675782,1.0,1.0,0.0,84466.625,1.0
706.0,France,Female,29.0,5.0,112564.62,1.0,1.0,0.0,42334.38,0.0
583.0,France,Male,27.0,1.0,125406.58,1.0,1.0,1.0,110784.42,0.0
660.0,Germany,Female,-1.6665708541870117,5.0,135134.99,1.0,0.0,0.0,173683.0,0.0
819.0,France,Female,39.0,9.0,133102.92,1.0,1.0,0.0,27046.46,1.0
673.0,France,Female,0.4922361373901367,8.0,42157.08,1.0,1.0,0.0,20598.59,1.0
752.0,France,Female,30.0,3.0,0.0,2.0,1.0,1.0,104991.28,0.0
578.0,France,Male,38.0,7.0,82259.29,1.0,1.0,0.0,8996.97,0.0
438.0,France,Female,36.0,4.0,0.0,2.0,1.0,0.0,64420.5,0.0
652.0,France,Male,38.0,6.0,0.0,2.0,1.0,1.0,145700.22,0.0
629.0,France,Female,49.0,4.0,0.0,6.3836469650268555,1.0,1.0,196335.48,0.0
720.0,France,Male,52.0,7.0,0.0,2.792205387353897,1.0,1.0,14781.12,0.0
668.0,France,Male,42.0,3.0,150461.07,1.0,1.0,0.0,108139.23000000001,0.0
459.0,Germany,Male,48.0,4.0,9490.55576171875,1.0,1.0,1.0,19287.06,1.0
729.0,Spain,Male,31.0,8.0,164870.81,2.0,1.0,1.0,9567.39,0.0
498.0,Germany,Male,25.0,-60.35060329437256,121702.73000000001,1.0,1.0,1.0,132210.49,0.0
549.0,Spain,Male,25.0,6.0,193858.2,1.0,0.0,1.0,21600.11,0.0
601.0,Germany,Female,54.0,-19.367443466186522,24749.597265625,2.0,1.0,1.0,66261.4875,0.0
544.0,France,Male,64.0,9.0,113829.45,1.0,1.0,1.0,124341.49000000002,0.0
751.0,France,Female,30.0,6.0,0.0,2.0,1.0,0.0,15766.1,0.0
632.0,Germany,Female,41.0,3.0,81877.38,1.0,1.0,1.0,33642.21,0.0
188.22438354492186,Spain,Male,57.0,8.0,116326.07000000002,1.0,1.0,1.0,31848.8263671875,0.0
678.0,France,Male,31.0,2.0,14407.4025390625,2.0,1.0,1.0,58803.280000000006,0.0
695.0,France,Male,46.0,4.0,0.0,2.0,1.0,1.0,69160.5236328125,0.0
290.43084106445315,France,Female,41.0,1.0,0.0,2.0,0.0,1.0,131300.68,0.0
661.0,France,Male,20.501027297973632,9.0,23738.94765625,2.0,1.0,1.0,84174.81,0.0
559.0,France,Female,31.0,3.0,127070.73000000001,1.0,0.0,1.0,160941.78,0.0
503.0,France,Male,29.0,3.0,0.0,2.0,1.0,1.0,143954.99,0.0
695.0,Spain,Male,46.0,3.0,122549.63999999998,1.0,1.0,1.0,95055.8265625,1.0
640.0,France,Female,42.0,5.0,176099.13,1.0,1.0,1.0,8404.73,0.0
624.0,Germany,Female,48.0,3.0,122388.38,2.0,0.0,0.0,30020.090000000004,0.0
667.0,France,Male,42.0,9.0,0.0,2.0,0.0,1.0,58137.42,0.0
642.0,France,Male,26.0,0.0,0.0,1.0,0.0,0.0,47472.68,0.0
640.0,Spain,Female,32.0,6.0,118879.35,2.0,1.0,1.0,19131.71,0.0
529.0,Spain,Male,35.0,5.0,0.0,2.0,1.0,1.0,187288.5,0.0
563.0,France,Female,39.0,5.0,0.0,2.0,1.0,1.0,17603.81,0.0
593.0,Spain,Female,38.0,4.0,88736.44,16.450277876853942,1.0,0.0,67020.03,0.0
739.0,France,Male,45.0,7.0,34700.424609375,1.0,0.0,1.0,147802.94,1.0
788.0,Spain,Female,70.0,1.0,0.0,2.0,1.0,1.0,41610.62,0.0
684.0,Spain,Female,38.0,3.0,0.0,2.0,1.0,0.0,44255.65,0.0
482.0,France,Male,55.0,-44.68282775878906,97318.25,1.0,0.0,1.0,78416.14,0.0
591.0,Spain,Female,58.0,5.0,128468.68999999999,1.0,0.0,1.0,137254.55,0.0
651.0,Germany,Female,41.0,4.0,133432.59,1.0,1.0,1.0,151303.48,0.0
749.0,Germany,Female,40.0,-34.754943180084226,141782.57,2.0,0.0,0.0,86333.63,0.0
583.0,France,Male,24.0,9.0,135125.28,1.0,0.0,0.0,89801.9,0.0
661.0,Spain,Male,42.0,2.0,178820.91,32.64443244934082,0.0,0.0,29358.57,1.0
715.0,France,Female,31.0,2.0,112212.13999999998,2.0,1.0,1.0,181600.72,0.0
769.0,Germany,Female,45.0,-27.45685729980469,126674.81000000001,1.0,0.0,0.0,124118.71,1.0
625.0,France,Female,51.0,7.0,136294.97,1.0,1.0,0.0,38867.46,1.0
641.0,France,Female,36.0,5.0,66392.64,1.0,1.0,0.0,31106.669999999995,0.0
716.0,Germany,Male,27.0,1.0,122552.34,2.0,1.0,0.0,67611.36,1.0
767.0,France,Male,43.0,-21.824867916107177,76408.85,2.0,1.0,0.0,77837.63,0.0
745.0,Germany,Male,36.0,8.0,145071.24,1.0,0.0,0.0,6078.46,0.0
589.0,France,Male,34.0,6.0,0.0,2.0,1.0,1.0,177896.92,0.0
796.0,France,Female,14.5529541015625,2.0,109730.22,1.0,1.0,1.0,123882.73000000001,0.0
664.0,France,Male,57.0,6.0,0.0,2.0,1.0,1.0,15304.079999999998,0.0
445.0,Spain,Male,62.0,1.0,64119.37999999999,1.0,1.0,1.0,76569.64,1.0
543.0,France,Male,57.0,-26.348090171813965,106138.33,2.0,1.0,0.0,120657.32000000002,1.0
746.0,Spain,Male,36.0,2.0,0.0,2.0,1.0,1.0,16436.56,0.0
742.0,Germany,Male,-29.032059001922608,0.0,181656.51,1.0,1.0,1.0,107667.91,1.0
750.0,France,Female,32.0,5.0,0.0,3.0512592017650606,1.0,0.0,95611.47,0.0
669.0,France,Male,30.0,7.0,95128.86,1.0,0.0,0.0,19799.26,0.0
594.0,Spain,Female,49.0,2.0,126615.93999999999,2.0,0.0,0.0,123214.74000000002,0.0
574.0,Spain,Male,36.0,1.0,0.0,2.0,0.0,1.0,71709.12,0.0
659.0,Germany,Male,13.340585899353027,2.0,76190.48,2.0,1.0,0.0,149066.14,0.0
750.0,Germany,Female,40.0,5.0,168286.81,55.667628860473634,1.0,1.0,20451.99,1.0
626.0,Germany,Male,35.0,4.0,88109.81,1.0,1.0,1.0,32825.5,0.0
620.0,France,Male,42.0,4.0,0.0,4.677393436431885,1.0,0.0,6232.31,0.0
580.0,France,Female,35.0,8.0,0.0,2.0,0.0,1.0,10357.03,0.0
686.0,France,Female,34.0,3.0,123971.50999999998,2.0,1.0,0.0,147794.63,0.0
540.0,France,Male,48.0,0.0,148116.48,1.0,0.0,0.0,116973.48000000001,0.0
634.0,Germany,Male,35.0,6.0,116269.00999999998,1.0,1.0,0.0,129964.93999999999,0.0
632.0,Spain,Male,38.0,1.0,120599.21,1.0,0.0,0.0,92816.86,0.0
501.0,France,Female,41.0,3.0,144260.5,1.0,1.0,0.0,172114.67,0.0
650.0,Spain,Female,25.0,3.0,86605.5,3.0,1.0,0.0,16649.31,1.0
786.0,France,Male,34.0,9.0,0.0,2.0,1.0,0.0,144517.19,0.0
554.0,Germany,Female,37.0,4.0,58629.969999999994,1.0,0.0,0.0,182038.6,0.0
701.0,Spain,Female,42.0,5.0,0.0,2.0,0.0,0.0,24210.56,0.0
474.0,France,Male,45.0,10.0,0.0,2.0,0.0,0.0,172175.9,0.0
621.0,France,Female,43.0,5.0,0.0,1.0,1.0,1.0,47578.45,0.0
672.0,Spain,Male,56.0,2.0,30797.402734375,0.6208321332931519,1.0,1.0,150694.42,1.0
596.7886413574219,Spain,Male,-23.247437644004822,6.0,129634.25,2.0,1.0,0.0,177683.02,1.0
669.0,France,Male,23.0,1.0,0.0,2.0,0.0,0.0,66088.83,0.0
776.0,France,Female,38.0,2.0,169824.46,1.0,1.0,0.0,169291.7,0.0
694.0,France,Male,36.0,3.0,97530.25,1.0,1.0,1.0,117140.41,0.0
787.0,France,Female,42.0,10.0,17138.944140625,5.052670621871949,1.0,1.0,79510.37,0.0
580.0,France,Male,37.0,9.0,0.0,2.0,0.0,1.0,77108.66,0.0
711.0,France,Female,25.0,7.0,0.0,3.0,1.0,1.0,9679.28,0.0
673.0,France,Female,40.0,5.0,137494.28,1.0,1.0,0.0,81753.92,0.0
499.0,France,Male,57.0,1.0,0.0,1.0,0.0,0.0,131372.38,1.0
591.0,France,Male,24.0,6.0,147360.0,1.0,1.0,1.0,25310.82,0.0
769.0,France,Female,25.0,10.0,0.0,2.0,0.0,0.0,187925.75,0.0
657.0,Spain,Male,31.0,3.0,125167.01999999999,1.0,0.0,0.0,98820.39,0.0
738.0,Germany,Male,10.239506363868713,9.0,121152.05,18.982991576194763,1.0,0.0,72329.24921875,1.0
545.0,Germany,Female,60.0,7.0,22930.390234375,11.050926184654235,0.0,1.0,62298.3265625,1.0
497.0,France,Male,47.0,6.0,19935.625439453124,5.327609169483185,1.0,1.0,90055.08,0.0
816.0,Spain,Male,67.0,6.0,151858.98,37.745924949645996,1.0,0.0,103022.059375,1.0
525.0,France,Male,36.0,2.0,114628.4,1.0,0.0,1.0,168290.06,0.0
523.3365196228027,France,Male,46.0,6.0,34158.36484375,-1.2220944166183472,1.0,0.0,161767.38,0.0
692.0,France,Female,28.0,8.0,95059.02,2.0,1.0,0.0,44420.18,0.0
618.0,France,Female,24.0,7.0,128736.38999999998,1.0,0.0,1.0,37147.61,0.0
485.88539810180663,France,Male,24.0,8.0,156325.38,1.0,1.0,1.0,125381.01999999999,0.0
635.0,France,Male,29.0,7.0,105405.97,1.0,1.0,1.0,149853.89,0.0
611.0,France,Female,49.0,-65.17607040405274,88915.37,3.0,0.0,0.0,161435.02,1.0
650.0,France,Male,60.0,8.0,0.0,2.0,1.0,1.0,102925.76,0.0
239.17615509033203,France,Male,40.0,5.0,0.0,2.0,1.0,1.0,70899.27,0.0
844.0,France,Male,18.0,2.0,160980.03,1.0,0.0,0.0,145936.28,0.0
450.0,France,Female,46.0,5.0,177619.71,1.0,1.0,0.0,54227.06,0.0
727.0,Spain,Male,38.0,2.0,62276.990000000005,1.0,1.0,1.0,59280.79,0.0
454.17198791503904,Germany,Male,46.0,4.0,127559.97,2.0,1.0,1.0,126952.5,0.0
649.0,France,Male,41.0,0.0,0.0,2.0,0.0,1.0,130567.01999999999,0.0
758.0,Germany,Female,47.0,9.0,95523.16,1.0,1.0,0.0,73294.48,0.0
490.0,France,Female,35.0,7.0,107749.03,1.0,1.0,1.0,3937.37,0.0
815.0,Germany,Male,37.0,2.0,110777.25999999998,2.0,1.0,0.0,2383.59,0.0
838.0,Spain,Female,39.0,5.0,166733.92,2.0,1.0,0.0,14279.439999999999,0.0
499.35780639648436,France,Male,18.02584629058838,-55.980001831054686,157120.86,2.0,1.0,0.0,141300.53,1.0
664.0,Germany,Female,36.0,2.0,127160.78,2.0,1.0,0.0,78140.75,0.0
736.0,France,Female,28.0,2.0,0.0,2.0,1.0,1.0,117431.1,0.0
633.0,France,Female,37.0,9.0,156091.97,1.0,1.0,0.0,72008.61,0.0
664.0,France,Male,58.0,5.0,98668.18,1.0,1.0,0.0,60887.58,0.0
600.0,France,Female,43.0,5.0,134022.06,1.0,1.0,0.0,194764.83,0.0
693.0,France,Female,35.0,5.0,124151.09,1.0,1.0,0.0,88705.14,1.0
663.0,Germany,Female,8.955548006296159,6.0,77253.5,1.0,0.0,0.0,35817.97,1.0
742.0,Germany,Female,21.0,1.0,114292.48000000001,1.0,1.0,1.0,31520.4,0.0
710.0,France,Male,43.0,2.0,37005.272265625,3.0,0.0,0.0,157908.19,1.0
710.0,Spain,Female,27.0,2.0,135277.96,1.0,1.0,0.0,142200.15,0.0
700.0,France,Female,82.0,2.0,0.0,2.0,0.0,1.0,182055.36,0.0
720.0,Germany,Male,60.0,9.0,115920.62,2.0,0.0,0.0,157552.08,1.0
684.0,Spain,Male,41.0,2.0,119782.72,2.0,0.0,0.0,120284.67,0.0
531.0,France,Female,63.0,1.0,114715.71,1.0,0.0,1.0,24506.95,1.0
742.0,Germany,Female,36.0,2.0,129748.54,2.0,0.0,0.0,47271.61,1.0
717.0,France,Male,31.0,4.0,129722.57000000002,1.0,0.0,0.0,41176.6,0.0
589.0,France,Male,32.0,2.0,0.0,2.0,0.0,1.0,9468.64,0.0
767.0,France,Male,36.0,3.0,139180.2,1.0,0.0,0.0,92375.79357910156,0.0
277.8164924621582,Germany,Male,20.457908821105956,6.0,113599.74000000002,2.0,1.0,0.0,158887.09,1.0
648.0,France,Male,33.0,-62.56270980834961,134944.0,1.0,0.0,1.0,87272.9015625,0.0
622.0,Germany,Male,4.502933692932129,7.0,116922.25,1.0,0.0,0.0,46912.99562988281,1.0
692.0,Germany,Male,28.0,9.0,118945.09,1.0,0.0,0.0,16064.25,1.0
754.0,France,Male,28.0,8.0,0.0,2.0,1.0,0.0,52615.62000000001,0.0
679.0,Spain,Female,35.0,8.0,119182.73000000001,1.0,0.0,0.0,121210.09,0.0
639.0,France,Male,27.0,8.0,0.0,2.262596270442009,1.0,0.0,192247.35,0.0
774.0,France,Female,28.0,1.0,71264.02,2.0,0.0,1.0,68759.57,0.0
517.0,France,Male,41.0,2.0,0.0,2.0,0.0,1.0,75937.47,0.0
571.0,France,Female,35.0,8.0,0.0,8.014048147201539,0.0,0.0,84569.13,0.0
747.0,Germany,Male,23.639799308776855,-11.593742847442627,22316.43879394531,-3.5811107754707336,0.0,1.0,61544.42607421875,1.0
792.0,Spain,Male,36.0,5.0,92140.15,21.343487572669982,0.0,1.0,73440.15625,0.0
688.0,France,Male,26.0,-16.781981945037842,0.0,2.0,1.0,1.0,104435.94,0.0
377.4938507080078,France,Male,42.0,2.0,177640.09,1.0,0.0,1.0,47166.55,0.0
562.0,Spain,Female,35.0,0.0,0.0,2.0,1.0,0.0,119899.51999999999,0.0
683.9319274902343,France,Male,48.0,8.0,43452.75703125,24.481513214111327,1.0,0.0,173498.45,0.0
698.0,France,Male,36.0,2.0,82275.35,2.0,1.0,1.0,93249.26,0.0
611.0,France,Male,49.0,3.0,0.0,2.0,1.0,1.0,142917.54,0.0
850.0,Germany,Female,48.0,6.0,111962.99000000002,1.0,1.0,0.0,111755.8,0.0
743.0,Germany,Female,34.0,1.0,131736.88,1.0,1.0,1.0,108543.21,0.0
654.0,France,Male,29.0,1.0,0.0,1.0,1.0,0.0,180345.44,0.0
761.0,Germany,Male,36.0,-32.541135762631896,108239.11000000002,2.0,0.0,0.0,99444.02,0.0
702.0,France,Female,46.0,-29.08016891479492,98444.19,1.0,0.0,1.0,109563.28,0.0
488.0,Germany,Male,32.0,3.0,114540.38,1.0,1.0,0.0,92568.07,0.0
683.0,France,Female,35.0,-32.21315870285034,187530.66,2.0,1.0,1.0,37976.36,0.0
530.7447143554688,Germany,Female,42.0,9.0,133636.16,1.0,0.0,1.0,103315.74,0.0
71.77503128051758,France,Male,52.0,7.0,0.0,2.0,1.0,1.0,9481.119165039063,0.0
671.0,Germany,Female,44.0,0.0,84745.03,2.0,0.0,1.0,34673.98,0.0
614.0,Germany,Female,31.0,-22.890432119369507,120599.38,2.0,1.0,1.0,46163.44,0.0
511.0,Spain,Female,29.0,9.0,0.0,2.0,0.0,1.0,140676.98,0.0
850.0,France,Male,39.0,4.0,37070.96762695313,2.0,1.0,1.0,151738.54,1.0
790.0,France,Female,46.0,9.0,0.0,1.0,0.0,0.0,14679.810000000001,1.0
793.0,France,Female,33.0,0.0,0.0,1.0,0.0,0.0,175544.02,0.0
628.0,France,Male,48.54372367858887,5.0,47046.8,2.0,1.0,1.0,181964.6,0.0
598.0,France,Male,53.0,10.0,167772.96,1.0,1.0,0.0,136886.86,1.0
657.0,France,Female,37.0,6.0,95845.6,1.0,1.0,0.0,122218.23000000001,0.0
618.0,France,Female,35.0,10.0,0.0,2.0,1.0,0.0,180439.75,0.0
520.2102554321289,Spain,Male,0.51640625,-75.92726864814759,134714.7,2.0,0.0,1.0,190419.81,0.0
516.0,Spain,Female,33.0,3.0,0.0,2.0,1.0,1.0,58685.58999999999,0.0
421.0,Germany,Male,28.0,-39.29203510284424,122384.22,3.0,1.0,1.0,89017.38,1.0
700.0,France,Female,26.0,2.0,0.0,2.0,0.0,0.0,50051.42,0.0
539.9358093261719,France,Male,25.0,5.0,157993.15,2.0,1.0,0.0,146041.45,0.0
696.0,France,Male,29.0,8.0,0.0,2.0,1.0,0.0,191166.09,0.0
580.0,Germany,Female,42.0,2.0,123331.36000000002,1.0,0.0,0.0,103516.08,1.0
497.0,France,Male,27.0,9.0,75263.16,1.0,1.0,1.0,164825.04,0.0
377.42113494873047,Germany,Female,43.0,-32.0954066991806,137824.03,2.0,1.0,0.0,172557.77,0.0
659.0,Germany,Male,36.0,4.0,132578.92,2.0,0.0,0.0,84320.94,0.0
841.0,France,Female,36.0,5.0,156021.31,1.0,0.0,0.0,122662.98000000001,0.0
642.0,Spain,Male,34.0,8.0,0.0,1.0,1.0,0.0,72085.1,0.0
732.0,Spain,Male,19.15521001815796,-5.463338589668274,20231.33460083008,1.0,0.0,0.0,61376.818786621094,0.0
600.0,Spain,Male,36.0,4.0,0.0,2.0,1.0,0.0,38210.56359863281,0.0
317.15467834472656,Germany,Male,33.0,8.0,164284.72,2.0,1.0,1.0,3710.34,0.0
680.0,France,Female,47.0,5.0,0.0,2.0,1.0,1.0,179843.33,0.0
758.0,Spain,Male,17.007397842407226,1.0,0.0,2.0,1.0,1.0,10643.38,0.0
630.0,Germany,Female,31.0,2.0,20921.972216796876,2.0,1.0,1.0,131167.98,0.0
577.0,France,Female,39.0,10.0,0.0,2.0,1.0,0.0,10553.31,0.0
684.0,France,Female,34.0,6.0,0.0,2.0,1.0,1.0,130928.22,0.0
708.0,Spain,Female,41.0,5.0,0.0,1.0,0.0,1.0,157003.99,0.0
732.0,Germany,Female,29.0,1.0,154333.82,1.0,0.0,1.0,138527.56,0.0
634.0,Germany,Male,37.0,3.0,111432.76999999999,2.0,1.0,1.0,57993.1712890625,0.0
633.0,France,Female,30.0,6.0,0.0,2.0,0.0,0.0,41642.29,0.0
559.0,Germany,Male,34.0,2.0,137390.11,2.0,1.0,0.0,9677.0,0.0
338.8926322937012,Spain,Female,37.0,3.0,0.0,2.0,1.0,1.0,147012.22,0.0
384.8446105957031,Germany,Female,56.0,5.0,111642.08,1.0,0.0,1.0,80553.87,0.0
553.0,Spain,Female,48.0,3.0,0.0,1.0,0.0,1.0,30730.95,0.0
507.0,France,Male,36.0,4.0,83543.37,1.0,0.0,0.0,140134.43,0.0
732.0,Germany,Male,50.0,6.0,145338.76,1.0,0.0,1.0,91936.1,1.0
818.0,France,Female,31.0,1.0,186796.37,1.0,0.0,0.0,178252.63,0.0
660.0,Germany,Male,35.0,8.0,58641.43000000001,1.0,0.0,0.0,198674.08,0.0
773.0,Spain,Female,41.0,5.0,0.0,1.0,1.0,0.0,28266.9,1.0
640.0,France,Male,44.0,3.0,137148.68,1.0,1.0,0.0,92381.01,0.0
505.0,France,Male,49.0,7.0,80001.23,16.59080743789673,0.0,0.0,135180.11,0.0
714.0,Germany,Male,21.0,6.0,86402.52,2.0,0.0,0.0,27330.590000000004,0.0
468.0,France,Female,42.0,5.0,0.0,2.0,1.0,0.0,125305.34,0.0
267.4825607299805,Spain,Male,51.0,1.0,122874.74000000002,37.63631539344787,1.0,1.0,54374.70712890625,0.0
705.0,France,Male,25.0,0.0,97544.29,1.0,0.0,1.0,59887.15,0.0
646.0,Germany,Male,46.0,1.0,170826.55,2.0,1.0,0.0,45041.32,0.0
667.0,Germany,Female,48.0,1.0,97133.92,9.78673586845398,0.0,0.0,113316.76999999999,1.0
511.0,Germany,Female,41.0,8.0,153895.65,1.0,1.0,1.0,39087.42,0.0
653.0,France,Female,15.452484893798829,6.0,0.0,2.0,1.0,1.0,7330.589999999999,0.0
675.0,France,Female,57.0,8.0,0.0,2.0,0.0,1.0,95463.29,0.0
523.0,Spain,Male,32.0,4.0,34856.640234375,2.0,1.0,0.0,167848.02,0.0
567.0,Germany,Female,49.0,5.0,19808.87099609375,1.0,1.0,0.0,93953.84,1.0
630.4819030761719,Spain,Male,39.0,7.0,143637.58,2.0,1.0,0.0,174227.66,0.0
456.0,Spain,Female,32.0,9.0,147506.25,46.330430030822754,1.0,1.0,135399.21,0.0
535.6867538452149,France,Male,64.0,1.0,0.0,2.0,1.0,0.0,195635.3,1.0
667.0,France,Male,43.0,8.0,23060.34638671875,1.0,1.0,0.0,63309.900390625,1.0
548.0,France,Female,32.0,2.0,172448.77,1.0,1.0,0.0,188083.77,1.0
725.0,France,Male,41.0,-13.228418779373168,22998.342999267577,1.0,1.0,0.0,66539.95247802735,0.0
717.0,France,Male,53.0,6.0,0.0,2.0,0.0,1.0,97614.87,0.0
594.0,France,Male,38.0,4.0,28640.125390625,2.0,0.0,0.0,186884.04,0.0
541.2601806640625,Germany,Female,25.0,10.0,76968.12,2.0,0.0,1.0,131501.72,0.0
545.0,France,Male,38.0,1.0,88293.13,2.0,1.0,1.0,24302.95,0.0
636.0,France,Female,48.0,1.0,170833.46,1.0,1.0,0.0,110510.28,1.0
603.0,Germany,Male,44.0,6.0,108122.38999999998,2.0,1.0,0.0,108488.33,1.0
435.0,France,Male,9.268227195739746,4.0,0.0,1.0,1.0,1.0,197015.2,0.0
535.0,France,Female,40.0,8.0,0.0,1.0,1.0,1.0,27689.77,0.0
629.0,Germany,Female,-12.759382247924805,7.0,129818.38999999998,3.0,1.0,1.0,9217.55,1.0
722.0,France,Female,35.0,2.0,163943.89,2.0,1.0,1.0,15068.179999999998,0.0
561.0,France,Male,28.0,7.0,0.0,2.0,1.0,0.0,7797.01,0.0
645.0,France,Female,38.0,5.0,101430.3,2.0,0.0,1.0,4400.32,0.0
501.0,France,Female,39.0,9.0,117301.66,1.0,0.0,0.0,182025.95,0.0
502.0,Germany,Female,32.0,1.0,173340.83,1.0,0.0,0.0,122763.95,0.0
652.0,Spain,Female,42.0,4.0,0.0,2.0,1.0,1.0,38152.01,0.0
574.0,France,Female,33.0,3.0,134348.57,47.068594741821286,1.0,0.0,63163.990000000005,0.0
518.0,France,Female,45.0,9.0,105525.65,2.0,1.0,1.0,73418.29,0.0
749.0,France,Female,60.0,6.0,0.0,1.0,1.0,0.0,17978.68,1.0
679.0,France,Female,43.0,4.0,0.0,3.0,1.0,0.0,66398.406640625,1.0
565.0,France,Male,36.0,6.0,106192.1,1.0,1.0,0.0,149575.59,0.0
643.0,France,Female,45.0,4.0,45144.43,1.0,1.0,0.0,60917.240000000005,1.0
515.6195678710938,France,Male,65.0,7.0,92113.61,1.0,1.0,1.0,142548.33,1.0
521.0,France,Male,25.0,7.0,0.0,2.0,1.0,1.0,157878.67,0.0
244.13227386474608,Spain,Male,38.0,0.0,128366.43999999999,1.0,1.0,0.0,12796.43,0.0
585.0,France,Male,42.0,2.0,0.0,2.0,1.0,1.0,18657.77,0.0
733.0,Germany,Female,74.0,3.0,106545.53,1.0,0.0,1.0,134589.58,0.0
542.0,France,Female,43.0,8.0,145618.37,1.0,0.0,1.0,10350.74,0.0
788.0,Spain,Male,37.0,8.0,141541.25,1.0,0.0,0.0,112244.96875,0.0
435.0,Germany,Male,32.0,2.0,57017.06,2.0,1.0,1.0,5907.11,0.0
577.0,France,Male,42.0,-7.764511966705323,0.0,1.0,1.0,0.0,74077.91,0.0
703.0,France,Female,51.0,3.0,21628.60703125,3.0,1.0,0.0,77294.56,1.0
728.0,Germany,Female,35.0,-18.073034715652465,125884.95,2.0,1.0,0.0,54359.02,1.0
728.0,Germany,Male,32.0,-22.545947766304018,61825.5,1.0,1.0,1.0,42563.92021484375,0.0
387.7749542236328,France,Male,35.0,8.0,24966.79453125,2.0,1.0,0.0,94820.85,0.0
621.0,France,Female,40.0,6.0,0.0,1.0,1.0,0.0,155155.25,0.0
523.0,France,Female,-14.040670645236968,2.0,102967.41,1.0,1.0,0.0,128702.1,1.0
657.0,Germany,Male,25.0,2.0,171770.55,1.0,1.0,0.0,22745.5,0.0
292.0854125976563,Germany,Male,40.0,-33.45067071914673,93051.64,2.0,1.0,0.0,71865.31,1.0
643.0,France,Male,-8.5973726272583,7.0,161064.64,53.6680419921875,0.0,0.0,84294.82,0.0
645.0,France,Female,48.0,7.0,90612.34,1.0,1.0,1.0,149139.13,0.0
568.0,France,Male,-25.638601779937744,5.0,145105.64,2.0,1.0,0.0,185489.11,1.0
599.0,France,Male,58.0,4.0,0.0,1.0,0.0,0.0,176407.15,1.0
672.0,France,Female,45.0,-26.526152038574217,0.0,1.0,1.0,1.0,92027.69,1.0
685.0,France,Male,33.0,6.0,27621.673828125,1.0,1.0,1.0,83617.06171875,0.0
516.0,France,Female,46.0,1.0,104947.72,1.0,1.0,0.0,115789.25,1.0
346.9567169189453,Spain,Male,31.0,10.0,25001.549560546875,1.0,1.0,1.0,125777.28,0.0
806.0,Spain,Male,25.0,7.0,17044.82333984375,2.0,1.0,0.0,18461.9,0.0
604.0,France,Male,36.0,6.0,116229.85,2.0,1.0,1.0,79633.38,0.0
648.0,Spain,Female,53.0,-43.27189044952392,111201.41,1.0,1.0,1.0,121542.29,0.0
545.0,Spain,Female,32.0,4.0,0.0,1.0,1.0,0.0,94739.2,0.0
756.0,Germany,Male,27.0,1.0,131899.0,1.0,1.0,0.0,93302.29,0.0
569.0,France,Male,35.0,10.0,124525.51999999999,1.0,1.0,1.0,193793.78,0.0
596.0,France,Male,47.0,6.0,0.0,1.0,1.0,0.0,74835.65,0.0
475.0,France,Male,39.0,6.0,0.0,4.443270945549012,1.0,1.0,56999.9,1.0
646.0,France,Female,45.0,3.0,47134.75,1.0,1.0,1.0,57236.44,0.0
784.0,France,Male,35.0,3.0,0.0,2.0,0.0,0.0,81483.64,0.0
552.0,Spain,Male,45.0,-15.35363335609436,0.0,2.0,1.0,0.0,66636.09453125,0.0
729.0,France,Male,44.0,5.0,0.0,2.0,0.0,1.0,9200.54,0.0
609.0,Spain,Male,61.0,1.0,0.0,1.0,1.0,0.0,22447.85,1.0
555.0,France,Male,52.354052734375,5.0,38757.531640625,3.0,1.0,0.0,189122.89,1.0
572.0,Germany,Female,19.0,1.0,138657.08,1.0,1.0,1.0,16161.820000000002,0.0
785.0,France,Female,34.0,9.0,70302.48,1.0,1.0,1.0,68600.36,0.0
714.0,France,Female,36.0,1.0,14224.603820800781,4.411667513847351,1.0,1.0,447.73,0.0
96.233837890625,Spain,Male,35.0,3.0,0.0,1.0,1.0,1.0,15650.73,0.0
639.0,Germany,Male,38.0,5.0,130170.82000000002,1.0,1.0,1.0,149599.62,1.0
520.0,France,Female,61.0,8.0,133802.29,2.0,1.0,0.0,90304.01,0.0
764.0,France,Female,24.0,7.0,106234.01999999999,1.0,0.0,0.0,115676.38,0.0
661.0,Spain,Male,39.0,6.0,132628.98,1.0,0.0,0.0,38812.67,0.0
564.0,Germany,Female,41.0,9.0,103522.75,2.0,0.0,1.0,34338.21,0.0
708.0,Germany,Female,42.0,8.0,192390.52,2.0,1.0,0.0,823.36,0.0
419.9958557128906,Spain,Male,36.0,1.0,0.0,1.0,0.0,1.0,135482.26,1.0
592.0,Spain,Male,37.0,-3.486767500638962,0.0,3.0,0.0,1.0,10656.89,1.0
619.0,France,Female,38.0,3.0,0.0,2.0,0.0,1.0,116467.35,0.0
775.0,Spain,Male,52.0,8.0,109922.61000000002,1.0,1.0,0.0,78146.1421875,1.0
850.0,Germany,Female,44.0,5.0,128605.32000000002,1.0,0.0,0.0,171096.2,0.0
577.0,France,Female,37.0,4.0,0.0,1.0,1.0,1.0,79881.39,0.0
724.0,France,Female,37.0,-51.8661449432373,68598.56,1.0,1.0,0.0,157862.82,0.0
521.2218444824218,Spain,Male,35.0,1.0,32042.185546875,1.0,1.0,1.0,127951.81000000001,0.0
696.0,France,Female,31.0,8.0,0.0,2.0,0.0,0.0,191074.11,0.0
376.0,France,Female,46.0,6.0,0.0,1.0,1.0,0.0,157333.69,1.0
675.0,Germany,Female,29.0,8.0,121326.42,1.0,1.0,0.0,133457.52,0.0
745.0,France,Male,36.0,8.0,67226.37,1.0,1.0,0.0,130789.6,0.0
697.0,Spain,Female,25.0,5.0,82931.85,2.0,1.0,1.0,73408.221875,0.0
599.0,Spain,Female,39.0,4.0,0.0,1.0,1.0,0.0,194273.2,1.0
715.0,France,Female,38.0,5.0,118590.41,1.0,1.0,1.0,5684.17,1.0
659.0,France,Male,15.63251838684082,4.0,18511.99431152344,1.0,1.0,1.0,131043.2,0.0
684.0,France,Female,48.0,3.0,73309.38,1.0,0.0,0.0,21228.34,1.0
635.0,France,Female,48.0,8.0,130796.33,2.0,0.0,1.0,43250.3,0.0
789.0,Germany,Male,33.0,8.0,151607.56,1.0,1.0,0.0,95441.98125,0.0
571.0,Germany,Female,66.0,9.0,111577.00999999998,1.0,0.0,1.0,189271.9,0.0
694.0,Spain,Male,2.7140302658081055,0.0,107042.74000000002,1.0,1.0,0.0,102284.2,0.0
665.0,France,Female,42.0,2.0,25839.5326171875,2.0,0.0,0.0,69301.50703125,1.0
706.0,France,Female,44.0,4.0,129605.99000000002,1.0,0.0,0.0,69865.49,0.0
807.0,Spain,Male,43.0,0.0,0.0,2.0,0.0,1.0,85523.24,0.0
771.0,Spain,Female,67.0,-29.965523719787598,25869.8900390625,2.0,1.0,0.0,79034.6546875,0.0
531.0,Spain,Male,27.0,8.0,132576.25,1.0,0.0,0.0,7222.92,0.0
629.0,France,Female,37.0,6.0,129101.3,1.0,1.0,1.0,23971.33,0.0
509.17906494140624,Germany,Female,31.0,1.0,108822.4,1.0,1.0,1.0,132173.31,0.0
685.0,Spain,Female,35.0,4.0,137948.51,1.0,1.0,0.0,113639.63999999998,0.0
70.01047286987304,France,Male,32.0,7.0,3081.802490234375,1.0,1.0,1.0,8083.20810546875,0.0
529.0,Spain,Male,41.21099739074707,4.0,14863.137283325195,-4.587511479854584,1.0,0.0,108732.96,0.0
683.0,Germany,Male,43.0,4.0,115888.04,1.0,1.0,1.0,117349.18999999999,1.0
663.0,France,Male,42.0,5.0,18579.123828125,1.0,1.0,1.0,78004.5,0.0
563.0,France,Female,34.0,6.0,139810.34,1.0,1.0,1.0,152417.79,1.0
637.0,Spain,Female,34.0,9.0,0.0,2.0,0.0,0.0,26057.08,0.0
544.0,France,Male,37.0,3.0,84496.71,1.0,0.0,0.0,79972.09,0.0
649.0,Germany,Female,6.462304508686065,9.0,116854.71,2.0,0.0,1.0,107125.79,0.0
638.0,France,Female,48.0,10.0,138333.03,12.006579113006591,1.0,1.0,47679.14,0.0
723.0,France,Male,25.0,3.0,0.0,2.0,1.0,1.0,134509.47,0.0
635.0,Germany,Male,43.0,-47.22596130371094,78992.75,2.0,0.0,0.0,153265.31,0.0
649.3474945068359,Spain,Female,38.0,7.0,97257.41,2.0,0.0,1.0,179883.04,0.0
730.0,France,Male,34.0,5.0,122453.37,2.0,1.0,0.0,138882.98,0.0
750.0,Spain,Female,36.0,8.0,112940.07000000002,1.0,0.0,1.0,9855.81,0.0
240.9542663574219,France,Female,43.0,8.0,14531.470703125,1.0,1.0,0.0,67046.83,1.0
520.0,France,Female,38.0,4.0,0.0,2.0,1.0,0.0,56388.62999999999,0.0
652.0,France,Female,48.0,8.0,133297.24,1.0,1.0,0.0,77764.37,0.0
550.0,France,Female,46.0,7.0,28563.669921875,2.0,1.0,0.0,130590.35,0.0
594.0,France,Male,27.0,0.0,197041.8,1.0,0.0,0.0,151912.49,0.0
749.0,Germany,Female,44.0,0.0,71497.79,2.0,0.0,0.0,151083.8,0.0
668.0,France,Male,32.0,7.0,0.0,2.0,1.0,1.0,777.37,0.0
614.0,Germany,Female,35.0,6.0,128100.28,1.0,0.0,0.0,69454.24,1.0
773.0,France,Male,25.0,1.0,124532.78,32.87232966423035,0.0,1.0,11723.57,0.0
551.0,France,Male,31.0,9.0,82293.82,2.0,1.0,1.0,91565.25,0.0
566.0,France,Male,36.0,1.0,142120.91,1.0,1.0,0.0,79616.37,0.0
569.0,Spain,Male,-33.6580150604248,-60.997426223754886,151839.26,21.18969440460205,1.0,0.0,102299.81,1.0
501.57929077148435,Spain,Female,31.0,7.0,149620.88,2.0,1.0,0.0,104533.51,0.0
722.0,France,Female,49.0,3.0,168197.66,1.0,1.0,0.0,140765.57,1.0
275.3486381530762,France,Male,37.0,5.0,93147.0,2.0,1.0,0.0,66214.13,0.0
615.0,France,Female,35.0,2.0,97440.02,2.0,1.0,1.0,139816.1,0.0
752.0,Germany,Female,42.0,3.0,65046.08,2.0,0.0,1.0,56246.2703125,0.0
661.0,Spain,Female,28.0,7.0,95357.49,1.0,0.0,0.0,102297.15,0.0
838.0,France,Male,43.0,-8.408362197875977,35671.159375,2.0,1.0,0.0,99502.16875,0.0
610.0,Spain,Male,29.0,9.0,0.0,3.0,0.0,1.0,83912.24,0.0
143.45999603271486,Spain,Male,44.0,3.0,0.0,4.527047395706177,0.0,1.0,78439.73,0.0
587.0,Spain,Male,62.0,7.0,121286.26999999999,1.0,0.0,1.0,6776.92,0.0
811.0,Germany,Female,28.0,4.0,167738.82,2.0,1.0,1.0,9903.42,0.0
759.0,France,Female,38.0,1.0,104091.29,1.0,0.0,0.0,91561.91,0.0
648.0,Germany,Female,42.0,8.0,121980.56000000001,2.0,1.0,0.0,4027.0199999999995,0.0
788.0,France,Female,27.268001556396484,10.0,0.0,2.0,1.0,1.0,116111.50999999998,0.0
725.0,France,Male,39.0,-50.85460910797119,50880.98,2.0,1.0,1.0,184023.54,0.0
646.0,France,Female,42.0,3.0,175159.9,2.0,0.0,0.0,67124.48,1.0
601.0,Germany,Female,26.0,7.0,105514.68999999999,2.0,1.0,0.0,50070.59,0.0
521.0,Germany,Male,52.0,5.0,116497.31000000001,3.0,0.0,0.0,53793.1,1.0
561.0,Spain,Female,33.0,6.0,0.0,2.0,1.0,0.0,45261.47,0.0
564.0,France,Male,42.0,7.0,99824.45,1.0,1.0,1.0,36721.4,0.0
444.0,France,Male,45.0,6.0,0.0,1.0,1.0,0.0,130009.85,1.0
82.65022506713868,France,Male,71.0,0.3911616712808609,0.0,1.0,1.0,1.0,9806.413806152344,0.0
724.0,France,Male,40.0,10.0,0.0,1.0,1.0,0.0,127847.25,1.0
719.0,Spain,Male,35.0,3.0,122964.88,1.0,1.0,1.0,138231.7,0.0
548.0,France,Female,29.0,4.0,0.0,2.0,0.0,1.0,48673.18,0.0
635.0,Spain,Male,24.0,4.0,0.0,2.0,1.0,0.0,70668.77,0.0
496.0,Spain,Female,43.0,3.0,0.0,2.0,0.0,1.0,199505.53,0.0
676.0,France,Female,-4.117889308929444,5.0,89634.69,1.0,1.0,1.0,169583.18,1.0
541.0,Germany,Female,40.0,7.0,95710.11,2.0,1.0,0.0,49063.42,0.0
778.0,Germany,Male,41.0,-4.345785155892372,139706.31,1.0,0.0,0.0,63337.19,0.0
850.0,Germany,Female,0.5941354751586914,5.0,103909.86,1.0,1.0,1.0,60083.11,1.0
633.0,France,Male,31.0,1.0,0.0,1.0,1.0,0.0,48606.71,0.0
769.255126953125,France,Male,49.0,-34.86898212432861,44859.3515625,1.0,1.0,0.0,165580.93,1.0
485.0,Spain,Male,-4.153803062438965,6.0,102238.01,27.96318111419678,0.0,1.0,194010.12,0.0
547.0,France,Female,48.0,1.0,18581.84296875,4.733921504020691,0.0,1.0,69263.1,0.0
642.0,France,Male,32.0,3.0,0.0,2.0,1.0,0.0,88698.83,0.0
718.0,France,Female,25.0,4.0,108691.95,1.0,1.0,0.0,63030.969999999994,0.0
582.0,France,Female,32.0,4.0,0.0,2.0,1.0,0.0,59668.81,0.0
628.0,France,Male,33.0,6.0,0.0,2.0,0.0,0.0,184230.23,0.0
383.9686279296875,Germany,Male,35.0,0.0,133377.8,1.0,0.0,1.0,64050.19,0.0
828.0,Spain,Male,34.0,9.0,0.0,2.0,1.0,1.0,80060.3609375,0.0
609.0,France,Male,39.08755397796631,-30.72378921508789,0.0,1.0,1.0,1.0,154642.91,0.0
730.0,France,Male,39.0,1.0,116537.6,1.0,0.0,0.0,145679.6,0.0
631.0,France,Female,22.0,3.0,0.0,2.0,0.0,0.0,30781.77,0.0
317.3368835449219,Spain,Male,40.0,-8.579024600982667,0.0,2.0,0.0,1.0,81622.52,0.0
645.0,France,Male,29.0,1.0,130131.08,2.0,0.0,1.0,196474.35,0.0
663.0,France,Male,22.086492347717286,3.0,0.0,2.0,0.0,1.0,176276.1,0.0
678.0,Spain,Male,30.0,0.0,0.0,1.0,1.0,0.0,35113.08,0.0
521.0,France,Male,30.0,2.0,107316.09,1.0,1.0,0.0,64299.81999999999,0.0
625.0,France,Female,24.0,1.0,0.0,2.0,1.0,1.0,180969.55,0.0
523.0,France,Male,30.0,1.0,83181.29,1.0,1.0,1.0,138176.78,0.0
714.0,France,Female,72.0,3.0,0.0,1.0,1.0,1.0,86733.61,0.0
181.2751251220703,Spain,Male,67.0,3.0,153946.14,1.0,1.0,0.0,7418.92,0.0
722.0,France,Male,30.0,5.0,0.0,2.0,1.0,0.0,166376.54,0.0
463.3595275878906,Spain,Female,39.0,7.0,135483.17,1.0,1.0,0.0,140881.2,1.0
579.0,France,Male,35.0,1.0,0.0,2.0,1.0,0.0,4460.2,0.0
670.0,France,Female,38.0,4.0,24381.296118164064,2.0,1.0,1.0,110472.12,0.0
168.18727264404296,Spain,Male,34.0,6.0,10446.72802734375,2.0,1.0,0.0,86460.28,0.0
807.0,Spain,Female,42.0,1.0,10655.168017578126,1.0,1.0,0.0,16500.66,1.0
726.0,France,Female,48.0,4.0,0.0,1.0,1.0,0.0,114020.06000000001,1.0
812.0,France,Male,25.0,5.0,54817.55,1.0,1.0,0.0,131660.31,0.0
631.0,Germany,Male,40.0,3.0,107949.45,1.0,1.0,0.0,52449.62000000001,1.0
682.0,France,Male,30.0,4.0,0.0,1.0,0.0,1.0,161465.31,0.0
625.0,Spain,Female,49.0,2.0,80816.45,1.0,0.0,1.0,20018.79,0.0
607.0,Germany,Male,38.0,3.0,98205.77,1.0,1.0,0.0,176318.27,0.0
600.0,Spain,Female,50.0,6.0,94684.27,1.0,1.0,1.0,50488.91,0.0
602.0,Spain,Female,22.0,7.0,141604.76,1.0,1.0,0.0,30379.6,0.0
545.0,France,Male,9.324857330322265,3.0,39062.594140625,2.0,1.0,1.0,161326.73,0.0
675.0,Spain,Male,33.0,3.0,0.0,2.0,1.0,0.0,45348.08,0.0
581.0,France,Female,47.0,1.0,122949.13999999998,1.0,0.0,0.0,180251.68,1.0
640.0,Germany,Male,33.0,8.0,81677.22,2.0,0.0,0.0,34925.56,0.0
850.0,France,Male,38.0,7.0,80293.98,1.0,0.0,0.0,126555.74000000002,0.0
490.0,Spain,Female,48.0,8.0,36948.47734375,1.0,1.0,0.0,187921.3,0.0
710.0,Spain,Female,38.0,4.0,0.0,2.0,1.0,1.0,136390.88,0.0
613.0,France,Male,38.0,9.0,24439.266015625,1.0,1.0,0.0,76275.68125,1.0
812.0,France,Male,34.0,5.0,103818.43,1.0,0.0,1.0,166038.27,0.0
723.0,France,Female,20.0,4.0,0.0,2.0,1.0,1.0,140385.33,0.0
512.0,France,Male,36.0,4.0,10705.373828125,2.0,0.0,0.0,38629.3,1.0
95.43812255859375,France,Female,52.0,10.0,0.0,1.0,1.0,1.0,24998.75,1.0
650.0,Germany,Female,26.0,4.0,214346.96000000002,38.147983980178836,1.0,0.0,128815.33,0.0
594.0,France,Male,57.0,6.0,0.0,1.0,1.0,0.0,19376.56,1.0
844.0,France,Female,-19.673271465301514,-21.92807502746582,113348.13999999998,1.0,0.0,0.0,31904.310000000005,1.0
434.17859802246096,Germany,Female,47.0,5.0,170935.94,1.0,1.0,0.0,69737.34453125,1.0
695.0,Germany,Male,52.0,-2.586550235748291,10924.058038330078,1.0,1.0,1.0,22485.64,0.0
624.0,Spain,Female,23.0,6.0,0.0,2.0,0.0,1.0,196668.51,0.0
503.0,Spain,Male,37.0,6.0,0.0,2.0,0.0,0.0,136506.86,0.0
535.0,France,Female,31.0,7.0,111855.04,2.0,1.0,1.0,36278.89,0.0
743.0,Germany,Female,-14.269183778762818,6.0,140348.56,18.55649337768555,1.0,1.0,88295.1046875,0.0
702.0,Spain,Male,14.84083116054535,-0.5666838049888611,0.0,2.0,1.0,0.0,99654.13,0.0
658.0,France,Female,29.0,3.0,145512.84,1.0,1.0,0.0,20207.02,0.0
232.21017990112304,Germany,Female,41.0,0.9197974920272827,146720.98,30.45812737941742,1.0,1.0,4195.84,0.0
664.0,France,Male,32.0,10.0,107209.73000000001,23.651174592971802,1.0,1.0,112340.2,0.0
766.0,Germany,Female,38.0,-40.71326475143432,130933.74000000002,1.0,0.0,1.0,2035.94,0.0
461.0,Spain,Female,35.0,8.0,0.0,1.0,1.0,0.0,132295.95,0.0
688.0,Spain,Male,-16.536780047416688,0.0,89772.3,1.0,1.0,0.0,73502.31875,1.0
678.0,France,Female,32.0,5.0,0.0,2.0,1.0,0.0,90284.47,0.0
796.0,France,Male,24.0,8.0,0.0,2.0,1.0,0.0,61349.37000000001,0.0
803.0,France,Male,46.23669834136963,-9.767396068572998,0.0,-16.229861450195312,1.0,0.0,196466.83,1.0
712.0,France,Male,36.0,2.0,100749.5,9.933138144016265,0.0,0.0,70758.37,1.0
498.0,France,Female,31.0,10.0,0.0,2.0,1.0,0.0,13892.570000000002,0.0
850.0,Spain,Male,22.0,2.0,0.0,1.380195015668869,1.0,1.0,9684.52,0.0
628.0,France,Female,51.0,3.0,123981.31000000001,2.0,1.0,1.0,40546.15,0.0
539.0,Germany,Female,34.0,4.0,91622.42,1.0,1.0,1.0,136603.42,0.0
732.0,France,Male,7.669734287261963,-64.37072849273682,126195.81000000001,1.0,1.0,1.0,133172.48,0.0
715.0,France,Male,10.271821212768554,4.0,94267.9,1.0,0.0,1.0,152821.12,1.0
448.21863708496096,France,Male,40.0,4.0,0.0,2.0,1.0,0.0,147715.83,0.0
813.0,France,Male,34.0,0.0,0.0,2.0,1.0,0.0,43169.15,0.0
692.0,France,Male,29.0,4.0,0.0,1.0,1.0,0.0,76755.99,1.0
756.0,France,Male,-13.306508827209473,-53.09390926361084,100717.85,3.0,1.0,1.0,73406.04,1.0
543.0,France,Male,36.0,6.0,0.0,2.0,1.0,0.0,176728.28,0.0
790.0,France,Female,26.0,4.0,141581.71,2.0,0.0,0.0,104115.6375,0.0
494.0,Spain,Male,38.0,7.0,0.0,2.0,1.0,1.0,6203.66,0.0
850.0,France,Female,39.0,2.0,148586.64,1.0,1.0,1.0,176791.27,0.0
703.0,Spain,Male,32.11522216796875,9.0,15075.83828125,2.0,1.0,0.0,50679.48,0.0
432.0,Spain,Male,38.0,7.0,0.0,2.0,1.0,0.0,150580.88,0.0
512.0,Germany,Female,32.0,2.0,123403.85,2.0,1.0,0.0,80120.19,0.0
589.0,France,Male,28.0,7.0,0.0,2.0,1.0,0.0,151645.96,0.0
514.0,France,Female,46.0,3.0,106511.85,1.0,1.0,0.0,55072.31999999999,0.0
678.0,France,Female,38.0,2.0,0.0,2.0,0.0,0.0,115068.99000000002,0.0
420.0,Germany,Female,-18.94003372192383,1.0,135549.9,1.0,0.0,0.0,149471.13,1.0
679.0,Germany,Male,38.0,7.0,10965.551806640626,5.838493308424949,1.0,0.0,46522.68,0.0
595.0,France,Male,31.0,4.0,37459.958984375,2.0,0.0,0.0,189995.86,0.0
427.2945053100586,Germany,Female,52.0,0.0,185891.54,1.0,1.0,1.0,75079.03774414063,1.0
833.0,Germany,Male,59.0,-62.09152450561523,130854.59,1.0,1.0,1.0,93722.41484375,1.0
690.0,France,Female,42.0,3.0,92578.14,2.0,0.0,0.0,70810.6,0.0
731.0,Germany,Female,21.0,8.0,132312.06,1.0,1.0,0.0,106663.46,1.0
608.0,France,Female,62.0,8.0,144976.5,1.0,0.0,0.0,175836.03,1.0
479.0,Spain,Male,48.0,5.0,87070.23,1.0,0.0,1.0,85646.41,0.0
519.0,France,Male,42.0,8.0,0.0,2.0,1.0,1.0,101485.72,0.0
208.87127914428712,France,Female,47.0,1.0,115414.18999999999,3.0,0.0,0.0,43421.0162109375,1.0
617.0,Spain,Male,61.0,-45.93072776794433,91070.43,1.0,1.0,1.0,101839.77,0.0
756.0,Spain,Male,29.0,2.0,117412.18999999999,2.0,1.0,0.0,4888.91,0.0
848.0,France,Female,31.0,4.0,90018.45,2.0,1.0,0.0,81655.49375,0.0
809.0,France,Female,24.0,4.0,0.0,2.0,0.0,0.0,193518.76,0.0
698.0,Germany,Male,56.0,-56.45400505065918,112414.81000000001,2.0,0.0,0.0,96173.6234375,0.0
779.0,Germany,Male,33.0,1.0,22223.08497314453,1.0,1.0,1.0,65912.18786621094,1.0
60.43995132446289,Spain,Male,35.0,7.0,0.0,1.417367935180664,1.0,0.0,6365.582568359375,1.0
612.0,Germany,Female,58.0,1.0,149641.53,1.0,1.0,1.0,115161.28,0.0
663.0,Spain,Female,33.0,8.0,44553.95390625,1.0,1.0,0.0,196260.3,0.0
549.0,Germany,Female,45.0,3.0,143734.01,2.0,1.0,1.0,96404.38,0.0
675.0,France,Female,32.0,2.0,155663.31,1.0,1.0,0.0,97658.66,0.0
669.0,France,Female,35.0,7.0,0.0,1.0,1.0,1.0,49108.23,1.0
571.0,Germany,Female,34.0,1.0,101736.66,1.0,0.0,1.0,195651.66,0.0
500.0,Spain,Male,37.0,9.0,125822.21,1.0,1.0,0.0,111698.0,0.0
628.0,France,Male,37.0,-12.797574666142463,0.0,2.0,1.0,1.0,171707.93,0.0
559.0,France,Male,34.0,4.0,0.0,2.0,1.0,1.0,66721.98,0.0
769.0,France,Female,27.0,2.0,0.0,1.0,1.0,1.0,57876.05,0.0
733.0,Germany,Male,31.0,6.0,157791.07,2.0,0.0,0.0,177994.81,0.0
750.0,France,Male,22.0,5.0,0.0,2.0,0.0,1.0,105125.65,0.0
583.0,France,Female,42.0,4.0,0.0,2.0,1.0,0.0,53844.2693359375,0.0
468.0,France,Male,42.0,9.0,13931.63076171875,2.0,1.0,0.0,40507.594921875,0.0
727.0,Spain,Female,57.0,1.0,109679.72,1.0,0.0,1.0,59169.07463378906,0.0
618.0,France,Female,37.0,5.0,96652.86,1.0,1.0,0.0,98686.4,1.0
617.0,France,Male,40.0,5.0,190008.32,2.0,0.0,0.0,107047.92,0.0
793.0,Spain,Male,15.81871987581253,9.0,0.0,4.633152294158935,1.0,0.0,37571.902587890625,0.0
630.0,France,Male,43.0,9.0,0.0,2.0,1.0,1.0,34338.04,0.0
765.0,Germany,Male,43.0,4.0,148962.76,1.0,0.0,1.0,112857.915625,1.0
546.0,France,Male,28.0,8.0,0.0,1.0,1.0,0.0,159254.29,0.0
614.0,Germany,Female,30.0,3.0,131344.52,2.0,1.0,0.0,54776.64,0.0
593.0,Germany,Female,29.0,5.0,101713.84,3.0,1.0,0.0,134594.99,0.0
613.0,Spain,Male,34.0,3.0,0.0,1.0,1.0,1.0,41724.72,0.0
655.0,France,Male,38.0,4.0,0.0,2.0,0.0,0.0,110527.71,0.0
700.0,France,Female,27.0,6.0,137963.07,1.0,0.0,0.0,8996.79,0.0
699.6290222167969,Spain,Female,29.0,4.0,129938.07000000002,13.409663009643555,0.0,1.0,190200.53,0.0
652.0,Germany,Female,45.0,2.0,151421.44,1.0,0.0,1.0,115333.42999999998,0.0
182.94398803710936,Germany,Female,45.0,7.0,135643.0,1.0,0.0,0.0,42330.55078125,0.0
538.0,Spain,Male,39.0,2.0,122773.5,2.0,1.0,1.0,58467.08,0.0
729.0,Germany,Male,34.0,3.0,152303.8,1.0,1.0,0.0,12128.69,0.0
196.61132278442383,France,Male,49.0,3.0,0.0,2.0,1.0,1.0,49872.33,0.0
700.0,Spain,Male,54.0,1.0,79415.67,1.0,0.0,1.0,139735.54,1.0
434.0,Germany,Female,58.0,-4.288352525234222,13769.47470703125,2.0,1.0,0.0,60891.8,1.0
729.0,Spain,Male,37.0,10.0,0.0,2.0,1.0,0.0,100862.54,0.0
513.0,France,Male,35.0,8.0,0.0,1.0,1.0,0.0,76640.29,1.0
755.0,France,Male,41.0,6.0,104817.41,1.0,1.0,0.0,126013.58,1.0
615.0,France,Female,30.0,9.0,0.0,1.0,1.0,0.0,87347.82,0.0
747.0,Germany,Female,32.0,5.0,67495.04,2.0,0.0,1.0,77370.37,1.0
850.0,France,Female,36.0,0.0,164850.54,1.0,1.0,1.0,62722.44,0.0
712.0,Germany,Female,49.0,5.0,154776.42,2.0,0.0,0.0,196257.68,0.0
622.0,Germany,Female,28.0,1.0,143124.63,2.0,1.0,0.0,81723.8,0.0
548.0,France,Female,35.0,10.0,0.0,1.0,1.0,1.0,31299.71,0.0
607.0,France,Female,14.965156841278077,2.0,0.0,2.0,1.0,0.0,63495.86,0.0
653.0,France,Female,38.0,8.0,102133.38,1.0,0.0,1.0,166520.96,0.0
699.0,Spain,Male,26.0,6.0,79932.41,1.0,0.0,0.0,150242.44,0.0
693.0,Spain,Male,40.0,0.0,120711.73000000001,1.0,0.0,0.0,27345.18,1.0
647.0,Spain,Female,43.0,3.0,122717.53,2.0,0.0,1.0,87000.39,0.0
478.0,Spain,Female,36.0,3.0,92363.3,2.0,1.0,0.0,44912.7,0.0
705.0,Spain,Female,40.0,5.0,203715.15,1.0,1.0,0.0,179978.68,1.0
719.0,Spain,Male,12.235902309417725,5.0,0.0,2.0,1.0,0.0,75766.86845703125,1.0
726.0,France,Male,34.0,9.0,0.0,2.0,0.0,0.0,14121.61,0.0
626.0,France,Male,21.0,1.0,0.0,2.0,1.0,0.0,66232.23,0.0
552.0,France,Male,49.0,4.0,0.0,1.0,1.0,1.0,190296.76,1.0
807.0,Germany,Female,31.0,1.0,93460.47,2.0,0.0,0.0,172782.69,0.0
621.0,France,Male,34.0,6.0,0.0,2.0,1.0,1.0,99128.13,0.0
651.0,Germany,Male,24.0,7.0,40224.7,1.0,1.0,1.0,178341.33,0.0
673.0,France,Female,43.0,5.0,33669.6953125,1.0,0.0,1.0,146992.24,1.0
652.0,France,Male,36.0,1.0,0.0,2.0,1.0,0.0,151314.98,0.0
584.0,France,Male,47.0,7.0,130538.76999999999,1.0,1.0,0.0,92915.84,0.0
270.8411529541016,France,Male,37.0,3.0,132623.6,1.0,1.0,1.0,58974.0,0.0
670.0,France,Female,35.0,3.0,103465.02,32.23137855529785,1.0,1.0,174627.06,0.0
765.0,France,Female,50.0,-3.1644243717193605,16163.79970703125,1.0,1.0,1.0,79579.94,1.0
528.0,France,Male,30.0,2.0,128262.72,2.0,1.0,0.0,50771.16,0.0
686.0577270507813,France,Male,40.0,5.0,41186.318359375,1.0,0.0,1.0,153537.55,1.0
797.0,France,Female,29.0,1.0,0.0,2.0,1.0,1.0,132975.39,0.0
639.0,Germany,Male,27.0,3.0,150795.81,1.0,0.0,1.0,85208.93,0.0
81.9117301940918,France,Female,61.0,4.0,3861.872595214844,1.9874200582504273,0.0,0.0,11179.778125,1.0
363.0,Spain,Female,28.0,6.0,146098.43,3.0,1.0,0.0,100615.14,1.0
764.0,France,Male,24.0,7.0,0.0,2.0,1.0,0.0,186105.99,0.0
676.0,France,Female,43.0,2.0,0.0,1.0,1.0,1.0,55119.530000000006,0.0
718.0,Germany,Male,28.0,4.0,65643.3,1.0,1.0,0.0,28760.99,0.0
590.0,Spain,Female,34.0,6.0,0.0,2.0,1.0,0.0,171021.44,0.0
584.0,France,Male,38.0,9.0,104584.16,1.0,1.0,0.0,176678.72,0.0
645.0,France,Male,41.0,7.0,0.0,1.0,0.0,1.0,28667.560000000005,0.0
772.0,Germany,Male,30.0,6.0,99785.28,2.0,0.0,0.0,197238.03,0.0
399.0,Germany,Male,46.0,-41.52021341323852,127655.22,1.0,1.0,0.0,76845.8109375,1.0
529.0,France,Male,22.0,5.0,0.0,1.0,1.0,0.0,151169.83,0.0
463.0,France,Male,35.0,2.0,101257.16,1.0,1.0,1.0,118113.63999999998,0.0
630.0,France,Female,40.0,7.0,0.0,2.0,1.0,1.0,34453.17,0.0
425.78590087890626,France,Male,-16.478219985961914,10.0,121313.88,1.0,0.0,1.0,64872.33,0.0
584.0,Spain,Male,32.0,5.0,0.0,2.0,1.0,0.0,47756.4046875,0.0
752.0,Germany,Male,30.0,4.0,81523.38,1.0,1.0,1.0,36885.85,0.0
697.0,France,Female,47.0,6.0,128252.66,1.0,0.0,1.0,168053.4,0.0
850.0,France,Female,32.0,7.0,0.0,2.0,0.0,0.0,155227.0,0.0
711.0,France,Male,20.84141583442688,0.8766563773155213,0.0,3.0,1.0,0.0,38409.79,1.0
452.0,France,Female,32.0,5.0,0.0,2.0,0.0,1.0,75279.39,0.0
488.9272399902344,France,Male,42.0,6.0,30112.8611328125,2.0,1.0,0.0,158302.59,1.0
694.0,France,Female,22.0,4.0,0.0,2.0,1.0,1.0,11525.72,0.0
579.0,Spain,Male,33.0,6.0,0.0,1.0,1.0,0.0,94993.04,1.0
745.0,Spain,Female,54.0,8.0,19136.340185546876,1.0,0.0,0.0,55473.2638671875,1.0
572.0,France,Male,33.0,5.0,0.0,1.0,0.0,1.0,41139.05,0.0
505.0,Germany,Male,29.0,3.0,12750.81484375,2.0,1.0,1.0,58019.95,0.0
706.0,France,Female,23.0,5.0,0.0,1.0,0.0,0.0,164128.41,1.0
42.06358413696289,Germany,Male,16.086742401123047,5.0,581.5255249023437,0.8999333024024964,1.0,1.0,1566.6912963867187,1.0
725.0,Germany,Female,11.993465995788574,7.0,115182.84,2.0,1.0,1.0,177279.41,0.0
791.0,France,Male,37.0,2.0,163789.49,2.0,1.0,0.0,75832.53,0.0
536.0,France,Male,46.0,1.0,65733.41,1.0,1.0,0.0,61094.530000000006,0.0
699.0,Spain,Male,47.0,1.0,0.0,2.0,0.0,1.0,30117.439999999995,0.0
500.0,Spain,Female,47.0,8.0,128486.11000000002,1.0,1.0,0.0,179227.12,0.0
707.0,Spain,Female,53.0,-34.34424896240235,109663.47,1.0,1.0,1.0,52110.45,0.0
531.0,Germany,Female,42.0,6.0,88324.31,2.0,1.0,0.0,75248.75,0.0
557.0,France,Female,28.0,7.0,146445.24,2.0,1.0,0.0,184317.74,0.0
659.0,France,Female,38.0,3.0,0.0,2.0,1.0,0.0,158553.1,0.0
575.0,Spain,Female,31.0,6.0,0.0,2.0,1.0,1.0,95686.42,0.0
775.0,Germany,Male,36.0,2.0,109949.05,2.0,0.0,1.0,71682.54,0.0
772.0,Spain,Male,30.0,4.0,78653.05,1.0,1.0,0.0,1790.48,0.0
587.0,Germany,Male,12.307935333251953,9.0,107850.82000000002,1.0,1.0,0.0,68731.1875,1.0
667.0,Germany,Female,39.0,4.0,83765.35,2.0,1.0,0.0,118358.54,0.0
771.0,France,Female,66.0,7.0,143773.07,1.0,0.0,1.0,130827.88,0.0
523.0,Germany,Male,13.942867946624755,6.0,116227.26999999999,1.0,1.0,1.0,119404.63,0.0
662.0,Germany,Male,33.0,0.0,103471.52,9.502907657623291,1.0,1.0,162703.0,0.0
717.0,France,Male,42.0,5.0,0.0,2.0,1.0,0.0,172665.21,0.0
746.0,Germany,Male,24.0,3.0,137492.35,2.0,0.0,1.0,102475.7953125,0.0
569.0,France,Male,28.0,7.0,0.0,2.0,1.0,0.0,73977.23,0.0
579.0,France,Male,36.0,9.0,129829.59,1.0,1.0,1.0,60906.12000000001,0.0
519.0,France,Female,21.0,1.0,49060.376171875,2.0,1.0,1.0,194867.27,0.0
696.0,Germany,Male,10.963999176025391,4.0,114027.7,1.0,1.0,1.0,193716.56,0.0
693.0,Germany,Male,25.0,6.0,24948.87265625,1.0,0.0,1.0,74549.38515625,0.0
587.0,Germany,Female,38.0,0.0,132122.42,2.0,0.0,0.0,31730.32,0.0
626.0,France,Female,-10.134232425689698,10.0,81553.93,1.0,1.0,0.0,20063.63,1.0
666.0,France,Female,18.125674438476562,7.0,0.0,2.0,1.0,0.0,99792.82,0.0
512.0,France,Male,24.0,6.0,0.0,2.0,1.0,0.0,37654.31,0.0
689.0,Spain,Female,28.0,3.0,0.0,2.0,1.0,1.0,192449.02,0.0
803.0,France,Female,26.0,4.0,0.0,2.0,1.0,1.0,181208.47,0.0
548.0,Germany,Male,32.0,5.0,175214.71,-2.1176474571228026,1.0,1.0,155165.61,0.0
588.0,Germany,Female,40.0,10.0,125534.50999999998,1.0,1.0,0.0,121504.17999999998,1.0
693.0,France,Male,68.0,4.0,97705.99,1.0,1.0,1.0,61569.06999999999,0.0
499.0,Germany,Female,55.0,4.0,126817.65,2.0,1.0,0.0,123269.71,0.0
628.0,France,Female,46.0,-19.325948333740236,46870.43,4.0,1.0,0.0,31272.140000000003,1.0
624.0,Spain,Male,21.871067905426024,3.0,0.0,2.0,1.0,1.0,62825.030000000006,0.0
733.0,Germany,Male,-40.725135040283206,9.0,120094.92999999998,1.0,1.0,0.0,72576.00546875,0.0
628.0,France,Female,38.0,3.0,0.0,2.0,1.0,1.0,48924.73,0.0
633.0,France,Female,33.0,3.0,0.0,2.0,1.0,0.0,191111.02,0.0
559.0,Germany,Female,36.0,1.0,104356.94,2.0,0.0,1.0,54184.06,0.0
704.0,Germany,Female,27.0,-37.830519223213194,147004.34,1.0,1.0,0.0,64381.33,1.0
744.0,Germany,Male,38.0,6.0,73023.17,2.0,1.0,0.0,78770.86,0.0
426.66817169189454,Spain,Female,40.0,1.0,173432.55,1.0,0.0,1.0,116766.79,0.0
638.0,France,Female,42.0,7.0,165679.92,1.0,0.0,0.0,32916.29,0.0
837.0,Spain,Male,31.0,-39.157605743408205,104678.62,1.0,0.0,1.0,50972.6,0.0
506.42689819335936,France,Female,55.0,8.0,116973.25999999998,3.0,0.0,0.0,122066.5,1.0
548.0,France,Female,36.0,3.0,0.0,1.0,1.0,0.0,65996.9,0.0
837.0,Germany,Male,38.0,2.0,126732.85,1.0,1.0,1.0,79577.38,0.0
658.0,France,Female,44.0,6.0,148481.09,1.0,1.0,0.0,130529.13,0.0
554.0,France,Female,38.0,4.0,137654.05,2.0,1.0,1.0,172629.67,0.0
724.0,Germany,Male,30.0,7.0,115315.04,1.0,1.0,0.0,15216.530000000002,0.0
723.0,France,Male,42.0,2.0,99095.73,1.0,1.0,1.0,17512.53,0.0
585.0,Germany,Female,39.0,7.0,165610.41,2.0,0.0,0.0,131852.01,0.0
474.0,France,Male,33.0,5.0,0.0,2.0,1.0,0.0,181945.52,1.0
562.0,Spain,Female,32.0,6.0,161628.66,1.0,1.0,0.0,91482.5,0.0
719.0,France,Male,32.0,9.0,146605.27,35.17158832550049,1.0,1.0,77119.45,0.0
635.0,France,Female,37.0,-39.31887683868408,113488.67999999998,1.0,1.0,0.0,95611.74,1.0
743.0,France,Male,42.0,7.0,77002.2,2.0,1.0,1.0,80428.42,0.0
681.0,France,Male,0.8897855758666993,7.0,0.0,5.022246146202088,1.0,1.0,163714.92,0.0
521.0,France,Female,39.0,6.0,0.0,2.0,0.0,1.0,27375.15,0.0
741.0,Spain,Male,24.866001272201537,4.0,0.0,2.0,0.0,1.0,73873.65,0.0
500.53759918212893,Spain,Male,-59.07213249206543,8.0,182364.53,43.14647289812565,0.0,0.0,100199.82744140625,1.0
622.0,France,Male,35.0,8.0,29917.355078125,2.0,1.0,1.0,131772.51,0.0
669.0,France,Male,45.0,7.0,36148.42275390625,1.0,0.0,1.0,173454.07,0.0
583.0,Germany,Male,59.0,-41.14236154556274,127450.13999999998,1.0,0.0,1.0,67552.71,0.0
520.0,Spain,Female,63.0,5.0,162278.32,1.0,1.0,1.0,34765.33,0.0
579.0,Spain,Female,37.0,5.0,152212.88,2.0,0.0,0.0,120219.13999999998,0.0
698.0,France,Female,39.0,9.0,161993.89,1.0,1.0,0.0,90212.38,0.0
548.0,Spain,Male,39.0,7.0,131468.44,1.0,1.0,0.0,164975.82,0.0
191.6610450744629,Germany,Male,-6.183633613586426,10.0,102980.44,1.0,1.0,0.0,1285.81,1.0
653.0,Germany,Male,31.0,9.0,143321.97,1.0,1.0,0.0,83679.46,0.0
734.0,Spain,Female,37.0,2.0,130404.92,24.25258584022522,0.0,0.0,34548.74,0.0
794.0,France,Female,41.0,-8.086564141511918,0.0,2.0,1.0,1.0,74275.08,0.0
641.0,France,Male,30.0,2.0,16153.460693359375,2.0,0.0,1.0,7278.57,0.0
824.0,France,Male,30.0,0.0,133634.02,1.0,1.0,1.0,162053.92,0.0
534.0,Spain,Female,33.0,3.0,151233.62,1.0,0.0,0.0,199336.63,0.0
653.0,Spain,Male,55.0,2.0,70263.83,1.0,0.0,0.0,62347.71,1.0
498.0,France,Male,34.0,5.0,0.0,2.0,1.0,1.0,91711.66,0.0
683.0,France,Male,30.0,10.0,57657.490000000005,1.0,0.0,0.0,79240.9,0.0
618.0,Germany,Male,32.643130493164065,-16.13469829559326,19565.5466796875,2.0,1.0,0.0,76679.6,1.0
538.0,France,Male,37.0,1.0,134752.08,1.0,1.0,0.0,162511.55,0.0
643.0,Spain,Male,34.0,3.0,83132.09,1.0,1.0,1.0,21360.88,0.0
428.0,France,Female,31.0,2.0,0.0,2.0,1.0,0.0,54487.43000000001,0.0
593.0,Germany,Female,32.0,9.0,134096.53,2.0,1.0,0.0,53931.05,1.0
718.0,France,Female,31.0,0.0,118100.59,2.0,1.0,0.0,103165.15,0.0
811.0,Germany,Female,-2.235592746734619,-30.763116073608398,76915.4,1.0,0.0,0.0,77438.2953125,1.0
823.0,Spain,Female,46.0,3.0,81576.75,1.0,1.0,1.0,28370.95,1.0
645.0,Spain,Male,49.0,2.0,0.0,2.0,0.0,0.0,10023.15,0.0
712.5126159667968,France,Male,33.0,10.0,118327.17,2.0,1.0,0.0,192928.82,0.0
591.0,Spain,Male,30.0,8.0,124857.68999999999,2.0,0.0,0.0,50485.7,0.0
748.0,Germany,Female,27.0,2.0,90971.85,1.0,1.0,1.0,131662.47,0.0
850.0,France,Male,37.0,7.0,38608.53515625,1.0,1.0,1.0,152235.3,0.0
542.0,Germany,Male,38.0,8.0,65942.26,1.0,1.0,1.0,68093.23,1.0
809.0,France,Male,38.0,-26.1369722366333,0.0,2.0,1.0,1.0,80061.31,0.0
675.0,France,Male,54.0,2.0,0.0,1.0,1.0,0.0,149583.67,1.0
607.0,Spain,Female,27.0,5.0,100912.19,1.0,0.0,0.0,7631.270000000001,0.0
850.0,France,Female,31.0,4.0,0.0,2.0,1.0,1.0,33082.81,0.0
789.0,France,Male,39.48282470703125,3.0,0.0,1.0,1.0,0.0,121883.87,1.0
598.0,France,Male,12.989123463630676,5.0,0.0,0.16120679378509523,1.0,1.0,100722.72,0.0
756.0,Germany,Male,-19.610349464416505,2.0,124439.49000000002,2.0,0.0,1.0,47093.11,0.0
687.0,France,Female,47.0,7.0,28397.59091796875,2.0,1.0,1.0,177624.01,0.0
724.0,France,Male,40.0,6.0,0.0,2.0,0.0,0.0,106149.48000000001,0.0
150.50824584960938,France,Female,44.0,2.0,58781.759999999995,1.0,1.0,0.0,16874.92,0.0
392.7156616210938,Spain,Male,50.0,-39.898136901855466,159453.64,12.139781475067139,0.0,0.0,54560.79,0.0
687.0,France,Male,26.0,2.0,142721.52,24.498195749521255,1.0,0.0,153605.75,0.0
613.0,France,Female,46.0,8.0,167795.6,1.0,0.0,1.0,44390.38,0.0
781.0,France,Female,-53.47981386184692,3.0,128345.68999999999,2.0,1.0,0.0,63218.85,0.0
703.0,Spain,Male,20.0,3.0,165260.98,1.0,1.0,0.0,99035.74765625,1.0
593.0,Germany,Female,62.0,3.0,118233.81000000001,1.0,0.0,1.0,94917.44375,1.0
743.0,France,Female,40.0,6.0,0.0,6.032261657714844,1.0,0.0,28280.8,1.0
640.0,Spain,Female,46.0,-15.000065422058105,0.0,2.0,1.0,0.0,89043.19,0.0
849.0,Germany,Male,-40.35259780883789,7.0,143452.74,17.13424533009529,1.0,1.0,61186.5388671875,0.0
778.0,France,Male,38.0,-55.785348129272464,145018.49,20.798127269744874,1.0,1.0,126702.41,0.0
539.0,Germany,Female,38.0,8.0,82407.51,1.0,1.0,0.0,13123.41,0.0
489.0,Germany,Male,28.0,1.0,79460.98,2.0,1.0,1.0,167973.63,0.0
568.0,Spain,Female,43.0,9.0,0.0,1.0,1.0,0.0,125870.79,1.0
618.0,Spain,Male,38.0,5.0,126473.99000000002,1.0,1.0,0.0,91972.49,0.0
710.0,Germany,Female,30.0,10.0,133537.1,2.0,1.0,0.0,81263.32578125,0.0
625.0,France,Female,-27.559074664115904,5.0,164978.01,1.0,1.0,1.0,67788.49,1.0
682.0,Spain,Male,46.0,7.0,128029.72,1.0,0.0,1.0,62615.35,0.0
264.14234466552733,France,Male,43.0,-25.750008034706116,97403.18,18.961128568649293,1.0,1.0,45373.4515625,1.0
794.0,Germany,Female,31.15677261352539,7.0,176845.41,109.38852615356446,0.0,0.0,122017.9984375,1.0
376.9098258972168,Spain,Male,27.343350982666017,-20.24454884529114,0.0,1.0,1.0,1.0,120107.1,0.0
670.0,Spain,Male,42.0,3.0,81589.04,1.0,1.0,0.0,188227.8,0.0
460.0,Germany,Female,40.0,6.0,119507.58,2.0,1.0,0.0,91560.63,1.0
568.0,Spain,Female,26.0,6.0,0.0,2.0,0.0,0.0,166495.2,0.0
643.0,France,Male,30.0,5.0,94443.77,1.0,1.0,1.0,165614.4,0.0
521.0,France,Male,37.0,2.0,0.0,2.0,1.0,1.0,86372.24,0.0
615.0,France,Male,32.0,7.0,92199.84,1.0,1.0,1.0,79410.86640625,0.0
575.0,Spain,Male,43.0,3.0,0.0,1.0,1.0,0.0,83594.51,0.0
717.0,France,Female,41.0,3.0,135756.96,1.0,1.0,0.0,103706.41,0.0
648.0,France,Female,54.0,9.0,120633.42,1.0,0.0,0.0,5924.38,1.0
535.0,Germany,Male,48.0,-19.700017118453978,134542.73,1.0,1.0,0.0,58203.67,0.0
626.0,Spain,Male,29.0,7.0,0.0,2.0,1.0,0.0,49361.84,0.0
611.0,Spain,Male,27.25974807739258,7.0,0.0,-3.838364601135254,0.0,1.0,73585.18,1.0
734.0,Spain,Male,23.198052978515626,6.0,26922.728125,1.0,1.0,1.0,95135.27,0.0
709.0,France,Male,49.0,-15.919600629806519,16177.068359375,2.0,1.0,1.0,38794.57,0.0
591.0,France,Male,43.0,3.0,0.0,2.0,0.0,1.0,56281.05625,0.0
340.4910255432129,France,Male,26.26431155204773,9.0,189026.53,2.0,1.0,1.0,56099.86,0.0
431.0,France,Male,37.0,0.0,120764.08,1.0,1.0,1.0,117023.08,0.0
647.0,Germany,Female,22.0,3.0,97975.82,2.0,0.0,1.0,62083.0,0.0
578.0,France,Male,32.0,4.0,27726.10126953125,2.0,1.0,0.0,141822.8,0.0
555.0,Germany,Male,41.0,10.0,113270.2,20.148604583740234,1.0,1.0,185387.14,0.0
775.0,Spain,Male,30.0,4.0,0.0,2.0,0.0,1.0,46987.04287109375,0.0
850.0,France,Male,13.721903610229493,-43.18708114624023,124548.99000000002,27.70933246612549,1.0,1.0,120380.12,0.0
625.0,France,Female,43.0,8.0,201696.07,22.87454161643982,0.0,0.0,131627.2671875,1.0
645.0,Spain,Male,37.0,7.0,0.0,2.0,1.0,0.0,13589.929999999998,0.0
378.72859954833984,France,Male,44.0,7.0,19425.146875,1.0,1.0,1.0,77830.36,1.0
689.0,Spain,Female,31.0,4.0,0.0,2.0,1.0,1.0,136610.02,0.0
652.0,Germany,Male,50.0,-35.01481170654297,125437.63999999998,1.0,1.0,1.0,17160.94,0.0
769.0,France,Female,26.0,7.0,0.0,2.0,1.0,0.0,176843.53,0.0
611.0,France,Female,43.0,-21.085981500148772,64897.75,1.0,1.0,0.0,114996.33,0.0
489.0,France,Male,38.0,8.0,0.0,2.0,0.0,1.0,196990.79,0.0
528.0,Germany,Female,46.0,9.0,135555.66,31.170183181762695,1.0,0.0,133146.03,1.0
632.0,France,Male,44.0,-61.49289321899414,107764.75,1.0,1.0,0.0,185667.72,0.0
429.0,France,Female,27.0,6.0,117307.43999999999,2.0,1.0,1.0,24020.49,0.0
457.0,France,Male,-3.738536548614502,-7.610418605804443,73700.12,22.355412626266478,1.0,1.0,54645.19765625,1.0
768.0,Spain,Male,44.0,6.0,60603.4,1.0,0.0,0.0,178045.97,0.0
105.94238204956055,Spain,Female,35.0,4.0,40169.88,2.0,1.0,1.0,14242.106689453125,0.0
668.0,Germany,Female,32.0,10.0,92041.87,1.0,1.0,1.0,43595.9,0.0
625.0,Germany,Male,26.0,3.0,130483.95,1.0,1.0,0.0,122810.53,0.0
846.0,France,Female,41.0,5.0,0.0,3.0,1.0,0.0,71932.36762695313,1.0
661.0,Spain,Female,42.0,3.0,0.0,2.0,1.0,0.0,35989.41,0.0
571.0,France,Female,23.0,10.0,151097.28,1.0,0.0,1.0,17163.75,0.0
582.0,Spain,Female,46.0,8.0,67563.31,1.0,1.0,0.0,44506.09,1.0
716.0,France,Female,35.0,8.0,112808.17999999998,1.0,0.0,1.0,17848.3,0.0
758.0,France,Female,42.0,7.0,0.0,4.9396673202514645,0.0,1.0,76209.56,0.0
725.0,Germany,Male,66.0,-38.800779581069946,86459.8,1.0,0.0,0.0,59214.7703125,0.0
630.0,France,Female,40.0,0.0,118633.08,1.0,0.0,1.0,60032.46,1.0
627.0,France,Female,55.0,2.0,159441.27,1.0,1.0,0.0,100686.11,1.0
653.0,France,Female,27.0,9.0,0.0,2.0,1.0,0.0,58266.3283203125,0.0
775.0,Germany,Female,38.0,4.0,125212.65,2.0,1.0,1.0,74318.6796875,1.0
794.0,France,Male,45.0,8.0,88656.37,2.0,0.0,0.0,116547.31000000001,0.0
831.0,France,Female,32.0,2.0,146033.62,1.0,1.0,0.0,191260.74,0.0
437.50330810546876,France,Male,29.0,9.0,26370.200573730468,1.0,1.0,1.0,173870.39,0.0
705.0,Spain,Male,46.0,7.0,0.0,2.0,1.0,0.0,117273.35,0.0
636.0,Spain,Female,33.0,0.0,0.0,1.0,1.0,0.0,92277.47,1.0
487.0,Germany,Female,46.0,4.0,135070.58,2.0,1.0,1.0,44244.49,0.0
693.0,France,Female,38.0,3.0,0.0,2.0,0.0,0.0,78133.48,1.0
517.0,Spain,Female,29.0,5.0,0.0,2.325154995918274,1.0,0.0,103402.88,0.0
684.0,France,Female,27.0,9.0,122550.05,2.0,0.0,1.0,87729.1328125,0.0
620.0,Spain,Female,43.0,2.0,0.0,2.0,1.0,0.0,20670.1,0.0
757.0,France,Male,29.0,8.0,130306.49000000002,1.0,1.0,0.0,77469.38,0.0
739.0,France,Female,27.0,6.0,0.0,1.0,1.0,1.0,57572.37999999999,0.0
662.0,Spain,Female,-11.20173692703247,4.0,90350.77,1.0,1.0,0.0,75884.65,1.0
359.0,France,Female,44.0,6.0,128747.68999999999,1.0,1.0,0.0,146955.71,1.0
572.0,Spain,Male,23.0,2.0,126873.51999999999,30.22350196838379,0.0,1.0,67040.12,0.0
294.37767219543457,France,Male,69.0,-21.91200909614563,108424.18999999999,1.0,1.0,1.0,45932.18659667969,0.0
707.0,France,Male,32.0,9.0,0.0,2.0,0.0,0.0,30807.02,0.0
444.0,France,Female,40.0,5.0,31338.7953125,1.0,1.0,0.0,143835.76,0.0
523.0,France,Female,7.877463054656983,7.0,0.0,2.0,0.0,0.0,130883.9,1.0
685.0,Germany,Female,30.0,4.0,84958.6,2.0,0.0,1.0,194343.72,0.0
673.0,Germany,Female,29.0,4.0,99097.36,1.0,1.0,1.0,9796.69,0.0
503.0,Germany,Male,30.0,10.0,136622.55,2.0,0.0,0.0,47310.24,0.0
485.0,Germany,Female,30.0,-49.736495113372804,156771.68,1.0,1.0,1.0,141148.21,0.0
799.0,France,Male,28.0,-17.605335533618927,18494.53366699219,2.0,1.0,0.0,56390.12177734375,0.0
343.48316802978513,Spain,Female,33.0,8.0,23852.94111328125,2.0,1.0,0.0,114182.07000000002,0.0
607.0,Germany,Female,24.0,2.0,109483.54,2.0,0.0,1.0,127560.76999999999,0.0
521.0,Germany,Female,40.0,9.0,134504.78,1.0,1.0,0.0,18082.06,0.0
535.0,France,Female,44.0,2.0,114427.86000000002,1.0,1.0,1.0,136330.26,0.0
195.86907348632812,Spain,Male,45.0,5.0,83888.54,1.0,0.0,1.0,34121.81,1.0
520.0,Germany,Male,32.0,5.0,110029.76999999999,1.0,1.0,0.0,56246.69,0.0
536.1131538391113,Spain,Male,41.0,9.0,30396.123474121094,1.0,0.0,0.0,191417.42,0.0
657.0,Germany,Female,30.0,1.0,139762.13,2.0,0.0,1.0,23317.88,0.0
603.0,Spain,Female,42.0,-30.65818872451782,91611.12,1.0,0.0,0.0,144675.3,1.0
726.0,France,Female,42.0,2.0,109471.79,1.0,0.0,1.0,175161.05,0.0
591.0,France,Female,39.0,4.0,150500.64,1.0,1.0,0.0,14928.8,0.0
792.0,France,Male,59.0,-51.3580379486084,101609.77,1.0,0.0,0.0,161479.19,1.0
550.0,France,Male,29.33862648010254,5.0,0.0,1.0,1.0,1.0,133501.94,0.0
601.0,France,Female,26.0,8.0,78892.23,1.0,1.0,1.0,23703.52,0.0
820.0,France,Female,29.0,3.0,82344.84,1.0,0.0,1.0,115985.38,0.0
667.0,France,Male,48.0,2.0,0.0,1.0,1.0,0.0,43229.2,0.0
573.0,France,Female,44.0,4.0,0.0,1.0,1.0,1.0,94862.93,0.0
602.1975463867187,France,Female,62.0,1.0,127706.33,2.0,0.0,1.0,142377.69,0.0
552.0,France,Female,41.0,9.0,124349.34,1.0,1.0,0.0,135635.25,0.0
598.0,Spain,Male,44.0,8.0,0.0,4.731184852123261,1.0,0.0,148487.9,0.0
266.2298980712891,Germany,Male,28.0,1.0,119336.29,2.0,0.0,0.0,58976.85,0.0
670.0,France,Female,31.0,9.0,0.0,1.0,0.0,1.0,76254.83,0.0
504.0,Germany,Male,56.0,9.0,104217.3,1.0,0.0,0.0,55857.48,1.0
778.0,France,Female,65.0,7.0,0.0,1.0,1.0,0.0,77867.23,0.0
558.0,Germany,Male,39.0,10.0,144757.02,1.0,0.0,0.0,22878.16,1.0
627.0,Spain,Male,44.0,6.0,0.0,1.0,1.0,1.0,42139.61435546875,0.0
683.0,France,Male,43.0,8.0,0.0,1.0,1.0,0.0,96754.8,0.0
556.0,France,Female,43.0,6.0,0.0,3.0,0.0,0.0,125154.57000000002,1.0
583.0,France,Female,38.0,10.0,0.0,2.0,1.0,1.0,113597.63999999998,0.0
705.0,France,Female,24.0,7.0,100169.51,1.0,1.0,0.0,121408.55,0.0
637.0,France,Male,33.0,2.0,145731.83,1.0,0.0,1.0,109219.42999999998,0.0
697.0,Spain,Male,56.0,-6.014676570892334,13523.21015625,0.6247844159603119,1.0,0.0,50230.31,1.0
555.0,Germany,Male,46.0,4.0,120392.99000000002,1.0,1.0,0.0,177719.88,1.0
473.74607238769534,Germany,Female,26.0,6.0,135067.52,2.0,0.0,0.0,131211.86,0.0
632.0,Spain,Male,31.0,3.0,136556.44,1.0,1.0,0.0,82152.83,1.0
551.0,France,Female,38.0,10.0,0.0,2.0,1.0,1.0,216.27000000000004,0.0
687.0,France,Female,35.0,3.0,99587.43,1.0,1.0,1.0,1713.1,1.0
672.0,France,Female,53.0,7.0,0.0,1.0,1.0,1.0,136910.18,0.0
521.0,France,Female,34.0,7.0,70731.07,1.0,1.0,1.0,20243.97,1.0
686.0,Germany,Male,35.0,2.0,109342.82000000002,2.0,0.0,1.0,86043.27,0.0
639.0,Spain,Male,28.0,8.0,0.0,2.0,1.0,0.0,126561.07000000002,0.0
850.0,France,Male,66.0,-10.252263641357422,0.0,2.0,0.0,1.0,64350.8,0.0
465.0,France,Male,25.0,2.0,78247.31,2.0,1.0,1.0,10472.31,0.0
438.8559265136719,France,Female,55.0,10.0,117561.49000000002,1.0,1.0,0.0,95941.55,1.0
578.0,France,Male,23.0,10.0,88980.32,1.0,1.0,1.0,125222.36000000002,0.0
611.0,Spain,Male,34.0,-31.85638885498047,0.0,2.0,1.0,0.0,170950.58,1.0
616.0,Germany,Female,41.0,1.0,103560.57,1.0,1.0,0.0,236.45,1.0
517.0,France,Male,37.0,5.0,113308.84,1.0,0.0,0.0,31517.159999999996,0.0
637.0,Spain,Female,40.0,6.0,0.0,2.0,1.0,1.0,181610.6,0.0
806.0,France,Female,32.0,3.0,63763.490000000005,1.0,1.0,0.0,156593.09,0.0
633.0,France,Female,29.0,7.0,169988.35,1.0,1.0,0.0,4272.0,0.0
624.0,Germany,Female,35.0,0.0,180303.24,2.0,1.0,0.0,163587.9,0.0
560.785905456543,France,Male,52.0,3.0,0.0,1.0,1.0,0.0,175843.68,1.0
819.0,Germany,Male,49.0,1.0,120656.86000000002,4.0,0.0,1.0,166164.3,0.0
568.0,Germany,Female,31.0,1.0,61592.14,2.0,1.0,1.0,61796.64,0.0
806.0,France,Male,48.0,4.0,164701.68,1.0,1.0,1.0,21439.49,0.0
726.0,Spain,Female,26.0,1.0,80780.16,1.0,1.0,1.0,19225.85,0.0
552.0,France,Male,36.0,8.0,0.0,2.0,0.0,0.0,132547.02,0.0
755.0,Germany,Female,30.0,6.0,154221.37,2.0,0.0,1.0,62688.55,0.0
634.0,France,Male,26.0,8.0,0.0,1.0,1.0,0.0,21760.96,0.0
617.4953247070313,France,Female,26.0,-53.92037792205811,101641.14,2.0,0.0,1.0,154460.68,0.0
776.0,France,Male,37.0,2.0,0.0,1.0,0.0,1.0,8065.0,0.0
649.0,France,Female,45.0,5.0,92786.66,1.0,1.0,0.0,173365.9,1.0
595.0,France,Male,32.0,8.0,21965.6103515625,2.0,1.0,1.0,69428.79,0.0
646.0,France,Male,30.0,5.0,98014.74,1.0,1.0,1.0,12757.14,0.0
406.31817626953125,Spain,Male,38.0,8.0,0.0,2.0,1.0,0.0,180426.2,1.0
574.0,France,Male,26.0,8.0,97460.1,1.0,1.0,1.0,43093.67,0.0
850.0,France,Male,36.0,1.0,104077.19,2.0,0.0,1.0,68594.0,0.0
850.0,France,Female,39.765397262573245,1.0,0.0,2.0,1.0,1.0,197996.65,0.0
475.0,France,Female,46.0,10.0,0.0,2.0,0.0,0.0,122953.0,1.0
642.0,France,Female,39.0,4.0,0.0,1.0,1.0,1.0,76821.24,0.0
710.0,Spain,Male,51.0,4.0,38888.226171875,1.0,0.0,1.0,141400.51,1.0
596.0,Spain,Male,30.0,6.0,11040.698583984375,4.0,1.0,0.0,30360.52431640625,1.0
609.0,France,Female,39.0,8.0,141675.23,15.41231164932251,0.0,1.0,175664.25,0.0
797.0,Spain,Female,31.0,8.0,0.0,2.0,1.0,0.0,117916.63,0.0
504.0,France,Female,43.0,7.0,102365.49,1.0,1.0,0.0,194690.77,1.0
42.88452911376953,Spain,Male,15.762996482849122,9.0,0.0,1.0,0.0,0.0,1804.244140625,0.0
680.0,Spain,Female,30.0,3.0,0.0,1.0,1.0,0.0,160131.58,0.0
449.0,France,Male,52.0,6.0,0.0,12.847077751159668,0.0,1.0,123622.0,0.0
685.0,Germany,Male,57.0,7.0,101868.51,1.0,0.0,0.0,113483.96,0.0
569.0,Spain,Male,38.0,8.0,0.0,2.0,0.0,0.0,79618.79,0.0
631.0,France,Male,35.0,9.0,112392.45,2.0,1.0,0.0,24472.23,0.0
595.0,Germany,Male,25.0,7.0,106570.34,2.0,0.0,1.0,177025.79,0.0
461.0,France,Female,28.0,8.0,0.0,1.0,1.0,1.0,103349.74,0.0
630.0,France,Male,50.0,1.0,81947.76,1.0,0.0,1.0,73570.87109375,1.0
661.0,France,Female,31.0,7.0,144162.3,7.355178146995604,1.0,1.0,14490.790000000003,0.0
796.0,Germany,Male,39.0,5.0,86350.87,2.0,0.0,0.0,105080.53,0.0
710.0,France,Male,47.0,5.0,158623.14,1.0,0.0,0.0,83499.89,1.0
741.0,France,Male,32.0,8.0,0.0,8.729120457172394,1.0,0.0,143598.7,0.0
606.0,Germany,Male,48.0,4.0,132403.56,1.0,0.0,0.0,36091.91,1.0
747.0,France,Male,27.0,10.0,0.0,2.0,0.0,0.0,13007.89,0.0
549.0,Germany,Female,43.0,3.0,134985.66,1.0,1.0,0.0,6101.41,0.0
576.0,France,Male,36.0,6.0,0.0,2.0,1.0,1.0,68523.97734375,0.0
528.0,France,Male,37.0,6.0,103772.45,1.0,1.0,0.0,70511.734375,0.0
535.0,France,Male,33.0,2.0,133040.32,1.0,1.0,1.0,110299.78,0.0
575.0,Spain,Female,37.0,0.0,0.0,2.0,0.0,0.0,30114.32,0.0
656.0,France,Male,39.0,10.0,0.0,2.0,1.0,1.0,98894.64,1.0
440.0,France,Male,42.0,2.0,0.0,2.0,1.0,0.0,49826.68,0.0
539.0,Spain,Male,38.0,8.0,71460.67,2.0,1.0,1.0,10074.05,0.0
850.0,Spain,Male,39.0,6.0,133214.13,1.0,0.0,1.0,20769.88,0.0
646.0,France,Female,37.0,7.0,96558.66,1.0,0.0,0.0,163427.18,0.0
744.0,France,Male,54.0,6.0,93806.31,2.0,0.0,1.0,140068.77,0.0
710.0,Spain,Female,36.0,8.0,0.0,2.0,0.0,0.0,83206.19,0.0
544.0,France,Female,64.0,3.0,35838.473828125,1.0,1.0,1.0,111402.97,1.0
298.7593017578125,Germany,Male,52.0,5.0,131694.97,1.0,0.0,1.0,92873.5,1.0
507.0,Spain,Female,29.0,6.0,0.0,2.0,0.0,1.0,94780.9,0.0
787.0,France,Female,35.0,1.0,106266.8,1.0,1.0,1.0,16607.15,0.0
598.0,Spain,Male,41.0,8.0,0.0,2.0,1.0,1.0,57707.66118164062,0.0
796.0,France,Male,51.0,-18.52061171531677,0.0,13.641366171836854,0.0,0.0,194733.28,0.0
569.0,Spain,Female,2.0263492584228517,4.0,139840.36,23.113483667373657,1.0,1.0,163524.7,0.0
711.0,France,Male,34.0,8.0,0.0,2.0,0.0,0.0,48260.19,0.0
419.08289794921876,Germany,Male,35.0,8.0,124098.54,1.0,1.0,0.0,86678.48,0.0
415.0,France,Male,32.0,5.0,145807.59,1.0,1.0,1.0,3064.65,0.0
578.0,Spain,Male,23.0,8.0,0.0,2.0,1.0,0.0,112124.98000000001,0.0
611.0,France,Female,26.0,2.0,107508.92999999998,2.0,1.0,1.0,120801.65,0.0
600.0,France,Female,28.0,6.0,0.0,2.0,0.0,1.0,52193.23,0.0
661.0,Germany,Female,32.0,1.0,145980.23,1.0,0.0,1.0,56636.280000000006,0.0
850.0,France,Female,-41.34254703521729,3.0,212778.2,1.0,0.0,1.0,69372.88,0.0
573.0,Germany,Female,47.0,4.0,39876.8046875,1.0,0.0,1.0,164038.07,1.0
764.0,Spain,Female,33.0,9.0,168964.77,1.0,0.0,1.0,118982.50999999998,0.0
838.0,France,Female,34.0,8.0,0.0,2.0,1.0,0.0,27472.07,0.0
821.0,France,Female,28.0,8.0,0.0,4.077276611328125,1.0,1.0,36754.13,0.0
607.0,Spain,Female,36.0,4.0,98266.3,1.0,1.0,1.0,46416.36,0.0
558.0,France,Male,38.0,-41.731047081947324,113000.92,1.0,1.0,1.0,152872.39,0.0
516.9002807617187,Germany,Male,23.0,1.0,137060.88,2.0,1.0,1.0,165227.23,0.0
654.0,Germany,Male,37.0,5.0,112146.12,1.0,1.0,0.0,75927.35,0.0
530.0,France,Female,33.0,4.0,129307.32000000002,1.0,1.0,1.0,172930.28,0.0
656.0,Spain,Male,69.0,-8.181072998046876,9122.18236694336,1.0,1.0,1.0,36108.5,0.0
144.42074890136718,Spain,Male,43.0,-6.502772617340088,0.0,2.0,1.0,1.0,36202.74,0.0
602.0,Germany,Female,14.9607759475708,6.0,31889.26875,1.0,1.0,1.0,131886.46,0.0
701.0,Germany,Female,12.023676133155822,1.0,92072.68,1.0,1.0,1.0,133992.36,0.0
653.0,Spain,Female,30.0,2.0,88243.29,16.402495670318604,0.0,1.0,96658.26,0.0
668.0,Spain,Male,25.0,8.0,0.0,13.433439016342163,1.0,1.0,135112.09,0.0
652.0,France,Male,48.0,-13.885416221618652,59486.31,1.0,1.0,0.0,163944.18,1.0
639.0,Spain,Female,54.0,-4.235255289077759,0.0,2.0,1.0,1.0,53843.71,0.0
730.0,France,Female,52.0,7.0,0.0,8.258057200908661,0.0,1.0,122398.84,0.0
780.0,France,Male,34.0,1.0,0.0,1.0,1.0,1.0,64804.04,0.0
592.0,France,Female,38.0,8.0,119278.00999999998,2.0,0.0,1.0,19370.73,0.0
628.0,France,Male,11.921010422706605,4.0,158741.43,2.0,1.0,0.0,126192.54,0.0
658.0,France,Female,40.0,7.0,140596.95,1.0,0.0,1.0,58605.4140625,1.0
850.0,Spain,Female,29.0,10.0,0.0,2.0,1.0,1.0,94815.04,0.0
515.0,Germany,Male,27.8584903717041,-70.57680816650391,90432.92,-0.9319401741027832,1.0,1.0,188366.04,1.0
571.0,France,Female,35.0,1.0,104783.81,2.0,0.0,1.0,178512.52,0.0
760.0,France,Male,42.0,0.0,77992.97,2.0,1.0,1.0,79161.36484375,0.0
720.0,France,Female,43.0,10.0,110822.9,1.0,0.0,0.0,72861.94,0.0
464.67451400756835,France,Male,36.28328990936279,4.0,28598.142199707032,-16.530766439437866,1.0,1.0,195978.86,0.0
694.0,Germany,Male,31.0,6.0,109052.59,2.0,0.0,1.0,19448.93,1.0
559.0,Spain,Female,40.0,5.0,139129.44,1.0,0.0,1.0,32635.54,0.0
773.0,Germany,Female,42.0,-40.34605441391468,152324.66,2.0,0.0,0.0,171733.22,0.0
581.0,France,Male,38.0,1.0,0.0,2.0,1.0,0.0,46176.22,0.0
524.0,Germany,Female,37.0,9.0,127480.58,2.0,1.0,0.0,179634.69,0.0
713.0,France,Male,53.0,6.0,115029.4,40.31671400070191,0.0,0.0,191521.32,1.0
312.4214233398437,France,Male,40.0,8.0,114005.78,1.0,0.0,1.0,67998.45,0.0
651.0,Germany,Female,42.0,1.0,116646.75999999998,1.0,1.0,0.0,44731.8,1.0
717.0,France,Female,49.0,-27.17279644012451,110864.38,33.04366774559021,0.0,1.0,86031.59453125,1.0
594.0,France,Male,53.87440481185913,-50.3106273651123,45028.20390625,1.0,1.0,0.0,160968.44,0.0
716.0,France,Female,44.0,3.0,109528.28,1.0,1.0,0.0,27341.629999999997,1.0
668.0,France,Female,35.0,6.0,102482.76,1.0,1.0,1.0,53994.64,0.0
678.0,Germany,Male,23.0,-18.567736434936524,115563.71,1.0,1.0,1.0,91633.53,0.0
545.0,France,Male,23.0,2.0,0.0,2.0,1.0,0.0,189613.12,0.0
613.0,Spain,Female,40.0,9.0,95624.36,2.0,1.0,1.0,60706.33,0.0
687.0,Spain,Female,21.0,8.0,0.0,2.0,1.0,1.0,154767.34,0.0
715.0,France,Male,28.0,7.0,160376.61,1.0,0.0,0.0,196853.11,0.0
601.0315856933594,Germany,Male,41.0,8.0,37702.79,1.0,1.0,1.0,195775.48,0.0
721.0,France,Female,35.0,6.0,118273.83,1.0,0.0,1.0,3086.89,0.0
445.0,Germany,Female,34.0,7.0,131082.17,2.0,1.0,1.0,70618.0,0.0
690.0,France,Male,38.0,1.0,94456.0,2.0,0.0,1.0,55034.02,0.0
709.0,France,Female,43.0,8.0,0.0,2.0,0.0,0.0,168035.62,1.0
671.0,Spain,Female,42.0,3.0,0.0,2.0,1.0,1.0,64187.813671875,0.0
656.0591598510742,France,Male,33.0,6.0,93791.38,1.0,1.0,1.0,199249.29,0.0
252.35880584716796,France,Female,33.0,4.0,0.0,2.0,1.0,0.0,149474.69,0.0
301.45717697143556,France,Female,21.876022338867188,7.0,0.0,2.0,1.0,0.0,126726.33,0.0
747.0,France,Male,9.522339057922363,7.0,155973.13,1.0,0.0,1.0,147554.26,0.0
675.0,Germany,Male,36.0,-19.370468056201936,31047.2658203125,1.0,1.0,0.0,149399.7,0.0
421.83709106445315,France,Female,39.0,5.0,97854.37,2.0,1.0,0.0,93536.38,0.0
621.0,France,Male,39.0,-8.238420295715333,0.0,2.0,1.0,1.0,58883.91000000001,0.0
521.0,Spain,Male,29.0,-14.443724954128266,60280.62000000001,1.0,1.0,0.0,154271.41,0.0
591.0,Spain,Male,31.29701166152954,7.0,33669.9671875,1.0,1.0,0.0,122022.88999999998,0.0
706.0,Germany,Female,28.0,6.0,124923.35,2.0,1.0,1.0,50299.14,0.0
677.0,France,Male,38.0,4.0,0.0,2.0,1.0,0.0,47080.714453125,0.0
769.0,Germany,Male,27.0,7.0,188614.07,1.0,1.0,0.0,171344.09,1.0
771.0,France,Male,32.0,5.0,62321.62000000001,1.0,0.0,1.0,40920.59,0.0
326.5811340332031,Germany,Female,48.0,8.0,120782.7,1.0,0.0,0.0,58033.03203125,0.0
670.0,France,Female,42.0,1.0,115961.58,2.0,0.0,1.0,29483.870000000003,0.0
517.0,France,Male,28.0,2.0,115062.61000000002,1.0,1.0,0.0,179056.23,0.0
834.0,France,Female,49.0,8.0,160602.25,2.0,1.0,0.0,129273.93999999999,0.0
346.3031433105469,France,Female,42.0,-35.69927425384522,108825.34,3.0,1.0,0.0,55558.509999999995,1.0
425.92662200927737,Germany,Female,36.0,8.0,166287.85,1.0,0.0,1.0,88566.107421875,0.0
718.0,France,Female,31.0,1.0,152663.77,1.0,0.0,1.0,17128.64,0.0
636.0,Germany,Female,31.0,-37.511190032958986,80844.69,2.0,1.0,1.0,61833.8609375,0.0
566.0,Germany,Female,40.0,2.0,97001.36,2.0,1.0,0.0,154486.01,0.0
102.18174285888672,France,Male,64.0,4.0,0.0,2.0,1.0,1.0,15856.321484375,0.0
574.0,France,Female,39.0,2.0,122524.61000000002,2.0,1.0,0.0,88463.63,0.0
619.0,France,Female,35.0,8.0,132292.63,1.0,1.0,0.0,65682.93,0.0
588.0,France,Female,24.0,0.0,0.0,2.0,1.0,1.0,140586.08,0.0
760.0,Germany,Female,49.0,9.0,91502.99,1.0,0.0,0.0,117232.9,1.0
665.0,France,Male,52.0,3.0,0.0,1.0,1.0,0.0,116137.00999999998,1.0
339.75270080566406,Germany,Male,29.0,3.0,59385.98,23.566059875488282,1.0,1.0,105533.96,0.0
641.0,France,Male,77.0,-18.911487865448,0.0,3.0,1.0,1.0,81514.06,0.0
685.0,Germany,Female,21.0,6.0,97956.5,1.0,1.0,1.0,164966.27,0.0
594.0,France,Female,49.0,4.0,0.0,2.0,1.0,1.0,23631.55,0.0
557.0,Spain,Female,40.0,4.0,0.0,2.0,0.0,1.0,105433.53,0.0
697.0,France,Male,27.0,8.0,141223.68,2.0,1.0,0.0,90591.15,0.0
656.0,France,Male,18.0,10.0,151762.74,1.0,1.0,1.0,127014.32000000002,0.0
712.0,Germany,Male,43.0,1.0,141749.74,2.0,0.0,1.0,90905.26,0.0
689.0,Spain,Male,38.0,5.0,75075.14,1.0,0.0,1.0,8651.92,1.0
697.0,France,Male,25.0,4.0,165686.11,2.0,1.0,0.0,15467.98,0.0
589.0,France,Male,38.0,2.0,0.0,1.0,1.0,0.0,79915.28,0.0
525.0,Spain,Female,25.0,10.0,0.0,2.0,1.0,0.0,69361.95,0.0
680.0,France,Male,30.62988862991333,3.0,0.0,2.0,1.0,0.0,86935.08,0.0
617.0,France,Female,28.0,0.0,0.0,2.0,1.0,1.0,7597.83,1.0
680.0,France,Male,32.0,5.0,92961.61,1.0,1.0,0.0,116957.6,0.0
662.0,Spain,Female,30.0,9.0,0.0,2.0,0.0,1.0,157884.83,0.0
396.7685302734375,Germany,Male,46.0,-15.451796460151673,130812.91,1.0,1.0,1.0,77981.54,1.0
375.57154541015626,Germany,Male,-19.70709114074707,8.0,107174.58,13.669260215759277,1.0,1.0,126369.55,1.0
350.0,Spain,Male,54.0,1.0,49106.63125,1.0,1.0,1.0,191973.49,0.0
617.0,France,Male,30.0,3.0,132005.77,1.0,1.0,0.0,142940.39,0.0
562.0,France,Male,35.0,7.0,0.0,1.0,0.0,0.0,48869.67,0.0
705.0,Spain,Female,20.08746976852417,5.0,0.0,2.0,1.0,1.0,73131.73,0.0
516.0,France,Female,33.0,7.0,127305.5,1.0,1.0,1.0,120037.36000000002,0.0
573.0,France,Female,37.0,6.0,0.0,2.0,1.0,0.0,193995.37,0.0
538.0,Spain,Female,31.0,0.0,0.0,2.0,0.0,0.0,179453.66,0.0
699.0,France,Male,39.0,9.0,0.0,1.0,1.0,0.0,80963.92,0.0
504.0,Germany,Male,32.0,8.0,170291.22,2.0,0.0,1.0,15658.99,0.0
583.0,Spain,Male,47.0,5.0,102562.23,1.0,1.0,0.0,92708.1,0.0
712.0,Spain,Male,53.0,2.0,111061.00999999998,2.0,1.0,0.0,51473.530102539065,0.0
626.0,Spain,Male,62.0,3.0,0.0,1.0,1.0,1.0,65010.740000000005,0.0
631.0,France,Female,34.0,4.0,124379.13999999998,1.0,1.0,0.0,106892.91,0.0
663.0,France,Female,37.0,7.0,0.0,1.0,1.0,1.0,185210.63,0.0
506.0,Germany,Female,41.0,3.0,57745.759999999995,1.0,1.0,0.0,4035.46,0.0
570.0,Germany,Female,50.0,-54.12824182510376,129293.74000000002,1.0,1.0,0.0,177805.44,1.0
703.0,France,Female,45.0,7.0,0.0,2.0,1.0,1.0,68831.72,0.0
698.0,Germany,Female,40.0,8.0,150777.1,24.711571598052977,1.0,0.0,114732.62,0.0
731.0,Spain,Male,41.0,4.0,0.0,2.0,1.0,0.0,22299.27,0.0
625.0,France,Male,34.0,6.0,0.0,2.0,0.0,0.0,48950.17641601562,0.0
634.0,Spain,Male,31.0,9.0,108632.48000000001,6.891428756713867,0.0,1.0,179485.96,1.0
616.0,France,Male,59.0,5.0,153861.1,1.0,1.0,1.0,103881.990625,0.0
500.0,France,Male,56.0,1.0,100374.58,1.0,1.0,0.0,118490.8,1.0
446.0,France,Male,32.0,8.0,0.0,2.0,0.0,0.0,133292.94,0.0
669.0,France,Female,47.0,9.0,61196.54,1.0,1.0,0.0,58170.240000000005,0.0
581.0,Germany,Male,31.0,6.0,116891.72,1.0,1.0,0.0,107137.3,0.0
704.0,France,Female,54.0,6.0,35287.05625,3.0,1.0,0.0,145071.33,1.0
748.0,France,Male,16.39545612335205,2.0,92911.52,1.0,0.0,1.0,85495.24,0.0
680.0,France,Female,31.0,9.0,119825.75,2.0,1.0,1.0,101139.3,0.0
655.0,France,Female,37.0,7.0,111852.84,14.82032688856125,1.0,0.0,10511.13,0.0
690.0,Germany,Male,32.0,0.0,106683.51999999999,2.0,1.0,1.0,137916.49,0.0
695.0,Germany,Male,40.0,7.0,33624.35380859375,12.458885169029235,0.0,1.0,193383.13,0.0
700.0,Germany,Female,40.0,-56.499498748779295,148571.07,1.0,1.0,0.0,189826.96,1.0
454.4776641845703,France,Male,52.0,4.0,0.0,1.0,0.0,1.0,144113.42,0.0
749.0,France,Male,42.0,-12.1352144241333,129776.72,2.0,0.0,1.0,143538.51,0.0
611.0,France,Female,46.0,5.0,0.0,1.0,1.0,0.0,77677.14,1.0
572.9419662475586,Spain,Female,46.0,8.0,0.0,2.0,1.0,1.0,183717.94,0.0
554.0,France,Male,24.0,10.0,0.0,1.0,0.0,0.0,92180.62,0.0
567.0,France,Female,37.0,7.0,0.0,2.0,1.0,1.0,28690.9,0.0
559.0,Spain,Male,24.0,-20.049683380126954,24384.366015625,1.0,1.0,0.0,85891.02,1.0
594.0,Germany,Male,41.0,2.0,19582.409375,2.0,1.0,1.0,42050.24,0.0
513.0,France,Female,37.0,6.0,0.0,2.0,1.0,0.0,110142.34,0.0
652.0,Germany,Female,26.0,1.0,131908.35,1.0,1.0,1.0,179269.79,0.0
680.0,Germany,Female,14.261301803588868,-51.04224874973297,105722.68999999999,1.0,1.0,1.0,90558.24,0.0
784.0,Spain,Male,19.10548515319824,10.0,0.0,2.0,1.0,0.0,162022.47,0.0
217.55423431396486,Spain,Female,44.0,-12.864639437198639,0.0,3.0,1.0,0.0,66926.83,1.0
784.0,Spain,Female,40.0,8.0,0.0,2.0,1.0,0.0,108891.3,0.0
570.0,France,Female,18.0,4.0,20337.708984375,1.0,1.0,0.0,71811.9,0.0
712.0,France,Female,42.0,1.0,87842.98,1.0,0.0,0.0,92223.59,0.0
705.0,Spain,Male,24.974569511413574,-21.95235319137573,21688.9623046875,1.0,1.0,1.0,78065.9,1.0
681.0,Spain,Female,32.0,3.0,0.0,2.0,1.0,1.0,59679.9,0.0
620.0,France,Male,41.0,0.0,97925.11,1.0,1.0,0.0,85000.32,0.0
550.3418273925781,France,Male,52.0,5.0,0.0,1.0,1.0,0.0,159808.95,0.0
613.0,France,Female,24.0,7.0,140453.91,1.0,1.0,0.0,129001.3,0.0
613.0,Germany,Female,20.0,0.0,117356.18999999999,1.0,0.0,0.0,113557.7,1.0
682.0,Spain,Male,36.0,5.0,0.0,-6.611509943008423,1.0,1.0,147758.51,0.0
850.0,Spain,Male,37.0,4.0,137204.77,1.0,1.0,1.0,28865.590000000004,1.0
601.0,France,Female,41.0,1.0,0.0,2.0,0.0,1.0,160607.06,0.0
595.0,France,Male,35.0,8.0,0.0,1.0,1.0,0.0,100015.79,0.0
675.0,Spain,Male,36.0,3.0,54098.18000000001,2.0,0.0,1.0,54478.52,0.0
591.0,Spain,Male,31.0,8.0,30322.085400390624,1.0,1.0,1.0,141677.33,0.0
602.0,France,Male,23.0,7.0,113758.48000000001,2.0,0.0,0.0,84077.6,0.0
554.0,Spain,Female,34.0,8.0,0.0,1.0,0.0,1.0,106981.03,0.0
310.67115173339846,France,Female,37.0,9.0,118636.92,1.0,1.0,1.0,73551.44,0.0
506.0,France,Male,34.0,7.0,0.0,2.0,0.0,0.0,115842.1,0.0
814.0,Germany,Male,44.0,8.0,95488.82,2.0,0.0,0.0,64665.42373046875,0.0
683.0,France,Male,30.0,8.0,110829.51999999999,2.0,0.0,0.0,24938.84,0.0
240.59662704467775,Germany,Male,51.0,7.0,144244.59,2.0,1.0,0.0,51113.14,0.0
696.0,Germany,Female,31.0,8.0,122021.92,2.0,1.0,0.0,33828.64,0.0
608.0,France,Female,30.0,8.0,0.0,2.0,1.0,0.0,128875.86000000002,0.0
37.979174041748045,France,Male,15.37606372833252,2.3214544296264648,314.76820068359376,0.947307801246643,1.0,1.0,861.5798461914062,0.0
686.0,Spain,Male,22.0,5.0,0.0,2.0,1.0,0.0,158974.45,0.0
790.0,Germany,Male,42.0,1.0,85839.62,1.0,1.0,0.0,198182.73,0.0
654.0,France,Female,29.0,4.0,96974.97,1.0,0.0,1.0,141404.07,0.0
452.0,France,Male,35.0,4.0,148172.44,1.0,1.0,1.0,4175.68,0.0
719.0,Spain,Male,38.0,0.0,0.0,1.0,1.0,0.0,126876.47,0.0
707.0,France,Female,40.0,5.0,0.0,2.0,1.0,0.0,41052.82,0.0
699.0,France,Female,49.0,2.0,0.0,1.0,0.0,0.0,105760.00999999998,0.0
850.0,Spain,Male,30.0,2.0,0.0,2.0,0.0,1.0,27937.120000000003,0.0
828.0,France,Male,28.0,8.0,134766.85,1.0,1.0,0.0,79355.87,0.0
71.1448600769043,France,Male,30.0,5.0,3419.01513671875,2.0,1.0,1.0,9327.29345703125,0.0
712.0,Spain,Male,-22.710131072998045,1.0,139887.01,49.375437355041505,1.0,1.0,95719.73,0.0
634.0,France,Male,44.0,-23.405879974365234,149961.11,29.1976957321167,1.0,0.0,57121.509999999995,0.0
730.0,Germany,Male,45.0,6.0,43386.5953125,1.0,0.0,0.0,162478.11,0.0
685.0,Germany,Male,43.0,9.0,108589.47,2.0,0.0,0.0,93835.7796875,0.0
809.0,France,Male,33.0,9.0,0.0,5.1405969023704525,1.0,1.0,124045.65,0.0
707.0,Spain,Female,35.0,-10.299559047818184,56674.48,1.0,1.0,0.0,17987.4,0.0
648.0,Spain,Male,32.0,8.0,0.0,1.0,1.0,0.0,133653.38,0.0
760.0,Spain,Female,57.0,1.0,0.0,2.0,1.0,1.0,25101.17,0.0
805.0,Spain,Female,33.0,3.0,105663.56000000001,2.0,0.0,1.0,33330.89,0.0
585.0,France,Female,39.0,7.0,0.0,2.0,1.0,0.0,2401.26,0.0
595.0,Spain,Female,30.0,5.0,100683.54,1.0,1.0,1.0,178361.04,0.0
630.0,France,Male,42.0,6.0,0.0,2.0,1.0,0.0,162697.93,0.0
627.0,Germany,Male,29.0,5.0,139541.58,2.0,1.0,0.0,80607.33,0.0
631.0,Germany,Female,37.0,2.0,121801.72,2.0,0.0,1.0,23146.62,0.0
776.0,Germany,Male,-39.20367660522461,5.0,112281.7,1.0,0.0,1.0,89893.6,0.0
676.0,Spain,Female,36.0,4.0,0.0,2.0,1.0,1.0,3173.31,1.0
758.0,Spain,Male,40.0,5.0,93499.82,2.0,0.0,0.0,123218.81000000001,0.0
637.0,France,Male,33.0,0.0,132255.99,2.0,0.0,1.0,74588.41,0.0
850.0,France,Male,20.0,7.0,0.0,2.0,1.0,0.0,31288.77,0.0
601.0,Spain,Male,44.0,4.0,0.0,2.0,1.0,0.0,34029.85063476562,0.0
735.0,France,Male,49.0,5.0,121973.28,1.0,1.0,0.0,148804.36,0.0
614.0,Germany,Male,32.0,7.0,99462.8,2.0,1.0,1.0,51117.06,1.0
672.0,France,Female,21.0,3.0,165878.76,2.0,1.0,1.0,164537.17,0.0
642.0,France,Male,30.0,8.0,117494.26999999999,1.0,0.0,0.0,61977.81999999999,0.0
633.0,Germany,Female,29.0,0.0,138577.34,1.0,1.0,0.0,193362.99,0.0
769.0,Spain,Male,15.74690351486206,9.0,0.0,1.0,1.0,1.0,47722.79,0.0
145.78624877929687,Spain,Male,41.0,8.0,107525.07000000002,1.0,1.0,0.0,18510.41,0.0
715.0,Germany,Male,23.0,7.0,139224.92,2.0,1.0,0.0,65057.71,0.0
695.0,France,Female,42.0,7.0,121453.63,1.0,0.0,0.0,46374.64,0.0
747.0,France,Female,25.0,4.0,0.0,2.0,0.0,1.0,42039.67,0.0
489.8129058837891,Germany,Female,54.0,1.0,77354.37,1.0,0.0,0.0,138192.98,1.0
476.0,France,Male,40.0,6.0,0.0,1.0,1.0,1.0,22735.45,0.0
743.8367797851563,France,Female,39.0,7.0,79259.99,1.0,0.0,1.0,186910.74,0.0
529.0,France,Male,30.0,2.0,116295.29,1.0,1.0,0.0,75285.47,0.0
584.0,Spain,Female,59.0,1.0,0.0,1.0,0.0,1.0,57256.3466796875,1.0
586.0,Germany,Male,34.0,9.0,74309.81,1.0,1.0,0.0,15034.929999999998,0.0
674.0,France,Male,34.0,-44.2147011756897,152797.9,1.0,1.0,0.0,175709.4,1.0
552.0,France,Male,42.0,-52.07365951538086,133701.07,2.0,1.0,0.0,101069.71,1.0
601.0,Germany,Female,33.0,7.0,114430.17999999998,2.0,1.0,1.0,153012.13,0.0
541.0,France,Male,29.0,7.0,127504.57000000002,1.0,0.0,0.0,86173.92,0.0
744.0,Germany,Female,41.0,2.0,84113.41,1.0,1.0,0.0,197548.63,0.0
595.0,Spain,Female,23.0,10.0,101126.66,2.0,0.0,0.0,37042.8,0.0
724.0,Germany,Male,33.0,-55.981937885284424,103564.83,2.0,1.0,0.0,121085.72,0.0
533.0,Spain,Female,52.0,7.0,42645.99609375,1.0,0.0,1.0,194113.99,1.0
618.0,France,Male,37.0,2.0,168178.21,2.0,0.0,1.0,101273.23,0.0
523.0,Germany,Female,39.0,1.0,143903.11,1.0,1.0,1.0,118711.75,1.0
642.0,Germany,Female,30.0,5.0,129753.68999999999,1.0,1.0,0.0,582.53,0.0
584.0,France,Male,35.0,9.0,0.0,13.932863450050354,1.0,0.0,192381.21,0.0
521.0,France,Male,38.0,5.0,32165.685546875,1.0,0.0,1.0,136507.69,1.0
662.0,France,Female,36.0,-70.02548789978027,166909.2,2.0,1.0,0.0,138871.12,0.0
758.0,France,Female,34.0,1.0,154139.45,1.0,1.0,1.0,60728.89,0.0
717.0,France,Male,38.0,7.0,97459.06,1.0,0.0,0.0,69047.03203125,0.0
611.0,France,Male,40.0,1.0,0.0,2.0,1.0,1.0,102547.56,0.0
766.0,Germany,Male,43.0,6.0,112088.04,2.0,1.0,1.0,66611.82329101562,0.0
636.0,France,Female,34.0,3.0,0.0,2.0,1.0,1.0,44756.25,0.0
814.0,France,Female,48.0,7.0,0.0,2.0,1.0,1.0,26404.6017578125,0.0
760.0,Spain,Male,28.0,1.0,141038.57,2.0,0.0,0.0,16287.38,0.0
607.0,Germany,Male,39.0,2.0,24905.51953125,2.0,1.0,1.0,121945.42,0.0
725.0,Spain,Female,-14.386109447479248,4.0,118520.25999999998,1.0,0.0,0.0,131173.9,1.0
600.0,France,Male,37.0,1.0,142663.46,1.0,0.0,1.0,88669.89,0.0
656.0,Germany,Male,27.0,4.0,118627.16,34.93814334869385,1.0,1.0,95681.6671875,0.0
640.0,Spain,Male,34.0,1.0,137523.02,1.0,0.0,0.0,24761.36,0.0
439.0,France,Female,28.0,7.0,110976.23000000001,2.0,1.0,0.0,138526.96,0.0
549.0,France,Female,38.0,8.0,107283.4,1.0,0.0,0.0,157442.75,0.0
622.0,France,Male,38.0,5.0,0.0,2.0,0.0,0.0,105295.76999999999,1.0
715.0,France,Male,34.0,4.0,124314.45,1.0,0.0,0.0,97782.92,0.0
657.0,France,Female,41.0,5.0,95858.37,1.0,1.0,1.0,68255.88,0.0
703.0,France,Male,36.0,2.0,0.0,2.0,1.0,0.0,108790.95,0.0
802.0,France,Male,33.0,8.0,0.0,2.0,1.0,0.0,143706.18,0.0
793.0,France,Female,36.0,0.0,0.0,1.0,0.0,0.0,148993.47,0.0
554.0,France,Female,35.0,6.0,117707.17999999998,2.0,0.0,0.0,95277.15,1.0
533.0,Spain,Male,38.0,1.0,135289.33,2.0,0.0,1.0,152956.33,0.0
658.0,France,Male,36.0,8.0,174060.46,1.0,1.0,0.0,94925.62,0.0
713.0,Germany,Male,40.0,3.0,114446.84,2.0,1.0,1.0,87308.18,0.0
711.0,Spain,Male,25.795811080932616,2.0,0.0,2.0,1.0,0.0,83978.86,1.0
669.0,France,Male,25.0,1.0,157848.53,1.0,0.0,0.0,37543.93,1.0
439.0,France,Female,43.0,8.0,0.0,1.0,0.0,1.0,104889.3,0.0
763.0,Spain,Female,37.0,6.0,0.0,2.0,1.0,1.0,149705.25,0.0
203.37748031616212,Germany,Female,74.0,3.0,108071.36000000002,2.0,1.0,1.0,16445.79,0.0
702.0,Spain,Female,22.16578826904297,8.0,14262.8,2.0,1.0,0.0,54689.16000000001,0.0
686.0,Spain,Male,41.0,7.0,102749.72,1.0,1.0,1.0,63312.98359375,1.0
629.0,Spain,Male,-12.246113109588624,1.0,161757.87,2.0,1.0,1.0,146371.72,0.0
823.0,France,Male,38.0,1.0,0.0,2.0,1.0,0.0,156603.7,0.0
683.0,Germany,Female,35.0,5.0,95698.79,1.0,0.0,1.0,182566.76,0.0
555.0,France,Male,37.0,9.0,124969.13,34.15791912078858,1.0,0.0,60194.05,0.0
647.0,Germany,Female,44.0,4.0,93960.35,1.0,1.0,0.0,36579.53,1.0
714.0,France,Female,51.0,4.0,88308.87,3.0,0.0,0.0,5862.53,1.0
850.0,Spain,Female,39.0,10.0,0.0,2.0,1.0,1.0,143030.09,0.0
713.0,France,Female,59.0,3.0,0.0,2.0,1.0,1.0,62700.08,0.0
452.0,France,Male,30.0,7.0,112935.87,1.0,1.0,1.0,99017.34,0.0
683.0,Spain,Female,24.0,8.0,98567.1,1.0,1.0,0.0,76697.903125,0.0
577.0,France,Female,26.0,1.0,180530.51,1.0,0.0,0.0,123454.62,0.0
552.0,France,Male,33.0,5.0,140931.57,1.0,0.0,1.0,10921.5,0.0
769.0,Germany,Female,31.0,7.0,148913.72,2.0,1.0,0.0,53817.23,0.0
691.0,France,Male,38.0,7.0,0.0,2.0,0.0,0.0,81617.4,0.0
818.0,France,Female,49.0,-24.792646169662476,0.0,15.198665565252304,0.0,1.0,192298.84,1.0
739.0,France,Male,41.0,5.0,0.0,2.0,0.0,0.0,143882.25,0.0
639.0,France,Female,50.0,6.0,115335.32000000002,2.0,1.0,1.0,53130.41000000001,0.0
651.0,France,Female,65.0,0.0,38698.05078125,2.0,1.0,1.0,190454.04,0.0
779.0,France,Female,26.0,0.0,0.0,2.0,0.0,1.0,111906.0,0.0
850.0,Germany,Female,33.0,7.0,134678.13,1.0,1.0,0.0,113177.95,0.0
829.0,France,Male,38.0,9.0,0.0,2.0,1.0,0.0,30529.879999999997,1.0
579.0,Germany,Male,31.0,2.0,90547.48,16.137820434570312,1.0,1.0,18800.13,0.0
217.8380874633789,France,Male,32.0,9.0,103324.78,1.0,1.0,1.0,46296.45793457031,0.0
377.64720458984374,France,Male,29.0,3.0,114590.58,1.0,0.0,0.0,75585.48,0.0
628.0,Germany,Female,36.0,3.0,91286.51,1.0,1.0,0.0,63085.94,0.0
633.0,Spain,Male,3.360998010635376,5.0,163340.12,2.0,1.0,1.0,74415.2,0.0
483.24266662597654,France,Male,5.863196563720703,8.0,150900.29,35.13427540063858,0.0,1.0,139889.15,1.0
196.67686920166017,Spain,Male,23.0,9.0,124577.33,1.0,1.0,1.0,7267.25,0.0
630.0,Spain,Male,35.0,1.0,0.0,2.0,0.0,0.0,186826.22,0.0
850.0,Spain,Female,31.0,4.0,91292.7,1.0,1.0,0.0,162149.07,0.0
323.5453125,France,Male,57.0,-29.742438507080077,93716.72,1.0,1.0,1.0,180150.49,1.0
798.0,France,Female,37.0,4.0,111723.08,1.0,1.0,1.0,83478.12,0.0
770.0,Germany,Male,16.354594564437868,-12.692604207992554,23201.940991210937,1.0,1.0,0.0,63470.99172363281,0.0
569.0,Germany,Male,25.0,9.0,173459.45,2.0,1.0,1.0,92207.4890625,0.0
425.0,Spain,Female,22.0,7.0,169649.73,21.185086250305176,0.0,1.0,136365.0,1.0
547.0,Spain,Female,31.0,9.0,0.0,2.0,0.0,0.0,99294.22,0.0
725.0,Germany,Male,-25.42899408340454,8.0,116917.07000000002,1.0,0.0,0.0,173464.43,1.0
454.94493865966797,France,Male,22.910708785057068,5.0,0.0,2.0,1.0,1.0,127543.81000000001,0.0
632.0,France,Female,36.0,7.0,0.0,2.0,1.0,1.0,52526.65,0.0
620.0,France,Male,22.0,0.0,0.0,1.0,1.0,0.0,32589.45,0.0
663.0,Germany,Male,32.0,-41.59733085632324,130627.66,1.0,0.0,0.0,90944.39140625,1.0
700.0,Spain,Female,46.0,5.0,56580.95,2.0,0.0,1.0,45424.13,0.0
696.0,Germany,Male,38.0,6.0,142316.14,15.557821464538574,1.0,1.0,8018.49,0.0
767.0,Spain,Male,31.0,6.0,25070.20900878906,2.0,1.0,1.0,70304.01083984374,0.0
492.37798461914065,France,Female,56.0,7.0,152759.0,-3.8090460538864135,1.0,0.0,133167.11,1.0
350.0,Germany,Male,39.0,0.0,109733.2,2.0,0.0,0.0,123602.11000000002,1.0
895.4518920898438,France,Male,54.0,9.0,117444.50999999998,1.0,1.0,1.0,186238.85,1.0
464.0,Spain,Female,34.0,5.0,76001.57,6.40637903213501,1.0,1.0,158668.87,0.0
501.0,France,Female,34.0,3.0,107747.57000000002,1.0,1.0,0.0,9249.36,0.0
745.0,Spain,Female,38.0456657409668,8.0,0.0,2.0,1.0,1.0,116581.1,0.0
587.0,France,Female,36.0,1.0,134997.49,2.0,1.0,0.0,44688.08,0.0
667.0,France,Female,48.0,2.0,0.0,2.0,1.0,1.0,148608.39,0.0
737.0,France,Male,36.0,9.0,0.0,1.0,1.0,1.0,188670.9,1.0
485.0,Spain,Female,30.0,7.0,0.0,1.0,1.0,0.0,107067.37,0.0
590.0,Spain,Female,37.0,0.0,64345.21,1.0,0.0,1.0,61759.33,1.0
518.0,France,Female,35.0,8.0,141665.63,1.0,0.0,1.0,192776.64,0.0
581.0,Spain,Female,29.0,8.0,0.0,2.0,1.0,0.0,46735.19,0.0
785.0,Germany,Female,33.0,5.0,39107.78515625,2.0,1.0,1.0,169117.74,0.0
799.0,France,Female,52.0,4.0,161209.66,1.0,1.0,1.0,89081.41,0.0
698.0,Spain,Male,38.0,10.0,95010.92,1.0,1.0,1.0,105227.86000000002,0.0
730.0,France,Female,41.0,4.0,167545.32,1.0,1.0,0.0,128246.81000000001,0.0
740.0,Germany,Female,36.0,4.0,109044.6,44.78614501953125,0.0,0.0,94554.74,1.0
373.6536804199219,Spain,Female,47.0,9.0,122031.55,1.0,1.0,1.0,76484.7203125,1.0
527.0,Spain,Female,29.0,2.0,27755.97,1.0,1.0,0.0,97468.44,1.0
544.0,France,Female,29.0,1.0,118560.55,1.0,1.0,1.0,164137.36,0.0
705.0,France,Male,61.0,4.0,35311.889123535155,2.0,1.0,1.0,191313.7,0.0
684.0,France,Male,34.0,9.0,0.0,2.0,1.0,1.0,65257.56999999999,0.0
639.0,Spain,Female,28.0,8.0,35160.108203125,1.0,1.0,0.0,178222.77,0.0
565.0,Germany,Female,38.0,2.0,158651.29,2.0,1.0,1.0,179445.28,0.0
481.0,France,Male,44.0,-53.95017008781433,175303.06,1.0,1.0,0.0,65500.530000000006,0.0
731.0,Spain,Male,25.0,8.0,96950.21,1.0,1.0,0.0,97877.92,0.0
607.0,France,Male,45.0,7.0,123859.6,1.0,0.0,1.0,113051.57000000002,0.0
760.0,France,Male,32.0,7.0,0.0,2.0,1.0,1.0,105969.05,0.0
559.0,France,Female,70.0,9.0,0.0,1.0,1.0,1.0,122996.75999999998,0.0
715.0,France,Female,33.0,3.0,85227.84,1.0,1.0,1.0,68087.15,0.0
656.0,France,Male,36.0,8.0,97786.08,2.0,0.0,1.0,75092.1484375,0.0
652.0,Germany,Male,33.0,7.0,128135.99000000002,1.0,1.0,0.0,158437.73,0.0
624.0,Spain,Male,33.0,6.0,0.0,2.0,0.0,0.0,64632.88203125,0.0
634.0,Spain,Male,36.0,2.0,85996.19,1.0,1.0,0.0,15887.679999999998,0.0
850.0,Spain,Female,22.20631103515625,10.0,0.0,2.0,1.0,0.0,33741.84,0.0
659.0,Germany,Female,39.0,1.0,104502.11,1.0,1.0,0.0,20652.69,0.0
207.95509490966796,Spain,Female,35.0,5.0,95772.97,11.108454465866089,1.0,1.0,33535.940625,0.0
572.0,Spain,Male,31.0,-30.537647333741187,98108.79,1.0,0.0,1.0,119996.95,0.0
640.0,Germany,Male,39.0,9.0,9239.395263671875,4.0,0.0,1.0,6981.43,1.0
217.34320068359375,Spain,Female,55.0,9.0,63127.41000000001,2.0,0.0,1.0,41439.53203125,0.0
214.16102294921876,Spain,Male,35.0,7.0,0.0,1.6335566282272338,1.0,1.0,78436.36,0.0
579.0,France,Male,31.0,9.0,0.0,1.0,0.0,1.0,139048.0,0.0
589.0,Germany,Female,36.0,9.0,140355.56,2.0,1.0,0.0,136329.96,0.0
530.0,Spain,Female,36.0,2.0,0.0,2.0,1.0,1.0,14721.8,0.0
831.0,France,Male,30.0,2.0,0.0,2.0,0.0,1.0,3430.38,0.0
790.0,Germany,Male,24.0,7.0,107418.26999999999,1.0,0.0,1.0,160450.21,0.0
656.0,France,Male,35.0,6.0,0.0,2.0,1.0,0.0,47668.50166015625,0.0
563.0,Spain,Male,32.0,6.0,9382.67255859375,2.0,1.0,1.0,19720.08,0.0
667.0,Spain,Male,39.0,7.0,167557.12,39.634044075012206,1.0,1.0,41183.02,0.0
613.0,Spain,Male,34.0,8.0,34426.066015625,1.0,1.0,0.0,139410.08,0.0
429.0,France,Male,60.0,7.0,0.0,2.0,1.0,1.0,163691.48,0.0
425.9216033935547,France,Female,23.0,-27.47269731760025,143672.9,1.0,1.0,1.0,115147.33,0.0
731.0,France,Male,33.0,4.0,0.0,2.0,1.0,1.0,74945.11,0.0
584.0,France,Female,37.0,1.0,0.0,2.0,1.0,1.0,180363.56,0.0
634.0,Germany,Female,31.0,8.0,76798.92,1.0,0.0,0.0,196021.73,0.0
488.0,France,Male,34.0,3.0,0.0,2.0,1.0,1.0,125979.36000000002,0.0
535.0,Spain,Female,49.0,7.0,115309.75,1.0,1.0,0.0,111421.76999999999,0.0
776.0,France,Female,29.0,7.0,178171.04,44.064133930206296,1.0,1.0,116241.371875,1.0
850.0,France,Female,38.0,3.0,0.0,2.0,0.0,1.0,179360.76,0.0
673.0,France,Female,37.0,0.0,0.0,2.0,0.0,0.0,82351.06,0.0
850.0,Germany,Female,45.0,-57.96217231750488,127258.79,1.0,1.0,1.0,192744.23,1.0
627.0,France,Female,30.0,6.0,0.0,1.0,1.0,1.0,63648.75556640625,0.0
570.0,France,Male,33.0,8.0,0.0,1.0,1.0,1.0,124641.42,0.0
796.0,Spain,Male,23.497526359558105,5.0,0.0,2.0,0.0,1.0,54871.02,0.0
773.0,Spain,Female,33.0,10.0,0.0,1.0,1.0,1.0,98820.09,0.0
144.6377685546875,Spain,Male,36.0,2.0,0.0,2.0,1.0,1.0,45570.84,0.0
625.0,Spain,Female,69.0,1.0,107569.96,1.0,1.0,0.0,182336.45,0.0
535.0,Germany,Male,20.0,-42.13107962608338,134874.4,1.0,1.0,1.0,80108.61081542968,0.0
786.0,France,Female,29.0,4.0,0.0,2.0,1.0,0.0,103372.79,0.0
620.0,France,Female,67.0,3.0,22456.68671875,2.0,1.0,1.0,43486.73,0.0
605.0,Spain,Female,48.0,6.0,0.0,2.0,1.0,1.0,40062.99,0.0
670.0,Spain,Female,32.0,3.0,0.0,2.0,1.0,0.0,46175.7,0.0
617.0,Spain,Male,42.0,0.0,70105.87,10.711354064941407,1.0,1.0,120830.73000000001,0.0
595.0,France,Male,41.0,-1.611096978187561,0.0,2.0,1.0,0.0,5967.09,0.0
687.0,Germany,Female,29.0,-9.30937328338623,78939.15,1.0,1.0,0.0,122134.56000000001,1.0
757.0,Germany,Male,30.0,6.0,105128.85,2.0,1.0,1.0,84322.58828125,1.0
746.0,Spain,Male,12.498892998695373,-37.99203901290893,113836.26999999999,1.0,1.0,1.0,174815.54,0.0
503.0,Spain,Male,25.0,7.0,0.0,1.0,0.0,1.0,192841.13,0.0
543.0,Germany,Female,48.0,1.0,100900.5,1.0,0.0,0.0,33310.72,1.0
428.0,Germany,Female,40.0,3.0,129248.11000000002,2.0,1.0,0.0,72876.43,1.0
176.38469848632812,France,Female,28.0,3.0,109118.05,2.0,0.0,1.0,50911.41,0.0
618.0,France,Male,56.0,7.0,0.0,1.0,1.0,1.0,142400.27,1.0
591.0,France,Female,31.0,7.0,0.0,2.0,0.0,1.0,48778.46,0.0
658.0,France,Male,35.0,5.0,126397.66,1.0,0.0,0.0,156361.58,1.0
625.0,France,Male,36.0,9.0,108546.16,3.0,1.0,0.0,133807.77,1.0
717.0,France,Male,23.07212257385254,2.0,148061.89,1.0,1.0,0.0,179128.69,1.0
469.42543334960936,France,Male,44.0,8.0,122277.87,1.0,0.0,1.0,91810.71,0.0
804.0,France,Male,24.0,3.0,0.0,2.0,1.0,0.0,173195.33,0.0
693.0,France,Male,31.0,1.0,0.0,2.0,0.0,1.0,182270.88,0.0
264.26450119018557,Spain,Male,36.0,8.0,152899.24,2.0,1.0,0.0,41386.44140625,1.0
484.0,Germany,Male,54.0,3.0,134388.11,1.0,0.0,0.0,49954.79,1.0
632.0,Spain,Female,40.0,3.0,109740.62,1.0,1.0,0.0,141896.74,0.0
536.0,Germany,Male,23.0,6.0,92366.72,2.0,1.0,0.0,120661.71,0.0
573.0,France,Female,26.0,4.0,129109.01999999999,1.0,0.0,0.0,149814.68,1.0
655.0,Spain,Female,19.993868255615233,5.0,0.0,-0.9854284167289734,1.0,0.0,41782.7,0.0
666.0,Germany,Female,74.0,7.0,105102.5,1.0,0.0,1.0,70976.69921875,1.0
726.0,Germany,Male,30.0,-15.443559741973877,111375.32000000002,2.0,0.0,0.0,2704.09,0.0
523.0,France,Male,39.0,3.0,3082.71728515625,2.0,1.0,0.0,6726.530000000001,0.0
728.0,Germany,Female,33.0,9.0,150412.14,2.0,1.0,0.0,170764.08,0.0
701.0,France,Male,30.0,3.0,156660.72,2.0,1.0,0.0,45742.42,0.0
518.0,France,Male,38.0,3.0,90957.81,1.0,0.0,1.0,162304.59,0.0
739.0,France,Male,37.0,7.0,104960.46,1.0,0.0,1.0,80883.82,0.0
531.0,Germany,Female,31.0,7.0,117052.82000000002,1.0,1.0,0.0,118508.09,1.0
452.0,Spain,Male,44.0,3.0,88915.85,1.0,1.0,0.0,64314.1984375,0.0
684.0,France,Male,45.0,6.0,148071.39,1.0,1.0,0.0,183575.01,0.0
728.0,Germany,Male,39.0,6.0,152182.83,1.0,0.0,0.0,161203.6,0.0
783.0,Spain,Male,39.0,9.0,0.0,2.0,1.0,0.0,143752.77,0.0
734.0,France,Male,22.0,5.0,130056.23000000001,1.0,0.0,0.0,121894.31000000001,1.0
648.0,France,Male,34.0,3.0,35235.69453125,2.0,1.0,1.0,147055.87,0.0
688.0,France,Male,52.0,-28.54406452178955,0.0,2.0,1.0,1.0,172033.57,0.0
371.9404685974121,Spain,Male,35.0,9.0,20197.162341308594,2.0,0.0,0.0,143774.06,0.0
516.0,France,Female,43.0,2.0,112773.73000000001,2.0,1.0,1.0,139366.58,0.0
680.0,France,Female,37.0,-30.58650646209717,123806.28,1.0,1.0,0.0,81776.84,1.0
511.13720703125,France,Male,-37.20600967407226,8.0,144453.75,1.0,1.0,0.0,89407.1671875,1.0
624.0,Germany,Male,27.0,9.0,94667.29,2.0,0.0,1.0,72393.01328125,0.0
549.7401412963867,France,Male,21.0,10.0,0.0,2.0,0.0,1.0,135851.3,0.0
613.8528312683105,Spain,Female,-24.776564407348634,-32.56635332107544,174397.21,2.0,0.0,0.0,172372.63,0.0
419.9453323364258,Germany,Female,58.0,3.0,108888.24000000002,3.0,0.0,1.0,135875.51,1.0
533.2801330566406,France,Male,55.0,4.0,31133.283203125,2.0,1.0,1.0,128124.7,1.0
710.0,France,Male,12.125017356872558,-19.937017917633057,25880.45859375,1.0,1.0,0.0,77231.959375,1.0
645.0,France,Male,42.0,6.0,0.0,1.0,0.0,0.0,149807.01,0.0
707.0,Germany,Male,33.0,8.0,136678.52,23.746448461152614,1.0,0.0,54290.62000000001,0.0
655.0,Spain,Female,36.0,1.0,135515.76,1.0,1.0,0.0,86013.96,0.0
705.0,Spain,Female,24.0,5.0,177799.83,2.0,0.0,0.0,79886.06,0.0
358.0,Germany,Male,52.0,-47.29151573181152,143542.36,3.0,1.0,1.0,141959.11,1.0
578.0,Germany,Male,34.0,-10.608343696594238,147487.23,2.0,1.0,0.0,66680.77,0.0
800.0,France,Female,40.0,5.0,97764.41,1.0,1.0,0.0,98640.15,1.0
612.0,France,Female,33.0,9.0,0.0,1.0,0.0,0.0,142797.5,1.0
591.1645896911621,Germany,Female,48.0,8.0,139480.18,1.0,1.0,1.0,163581.67,0.0
559.0,France,Male,9.017910575866699,5.0,0.0,2.0,1.0,1.0,163221.22,0.0
488.0,Spain,Female,39.0,9.0,140553.46,1.0,1.0,0.0,12440.44,0.0
717.0,France,Female,36.0,5.0,27964.905712890624,2.0,1.0,1.0,145551.6,0.0
666.0,France,Female,41.0,10.0,141162.08,1.0,1.0,0.0,50908.48,0.0
582.0,Spain,Male,26.0,4.0,7588.605810546875,2.0,1.0,0.0,30149.21,0.0
733.0,Spain,Female,30.0,0.0,83319.28,8.047748312354088,0.0,0.0,57769.2,0.0
693.0,France,Male,41.0,4.0,0.0,2.0,0.0,0.0,156381.47,0.0
694.0,France,Female,33.0,4.0,129731.63999999998,2.0,1.0,0.0,178123.86,0.0
622.0,France,Female,35.0,5.0,0.0,2.0,1.0,0.0,51112.8,0.0
598.0,Spain,Female,38.0,6.0,50421.5671875,2.0,0.0,0.0,173783.38,0.0
717.0,Spain,Male,35.0,1.0,0.0,3.0,0.0,0.0,174770.14,1.0
494.0,Germany,Male,37.0,5.0,107106.33,2.0,1.0,0.0,172063.09,0.0
644.0,France,Male,33.0,8.0,0.0,2.0,1.0,1.0,155294.17,0.0
554.0,France,Female,30.0,9.0,0.0,2.0,1.0,1.0,73848.35859375,0.0
476.0,Spain,Female,69.0,1.0,105303.73000000001,1.0,0.0,1.0,134260.34,0.0
667.0,France,Male,-40.60164041519165,6.0,165798.1,1.0,1.0,0.0,147090.9,0.0
748.0,Spain,Female,40.0,4.0,0.0,2.0,1.0,0.0,132368.47,0.0
531.0,Spain,Female,45.0,1.0,126495.57000000002,25.68108959197998,1.0,1.0,164741.5,0.0
324.5223449707031,Spain,Female,47.0,9.0,116393.59,10.205814552307128,1.0,0.0,63051.31999999999,0.0
845.0,France,Female,41.0,2.0,81733.74,2.0,0.0,0.0,199761.29,0.0
738.0,France,Male,54.0,4.0,0.0,1.0,0.0,1.0,55725.04,1.0
563.0,Spain,Male,46.0,8.0,28318.81484375,1.0,1.0,0.0,71355.2984375,1.0
695.0,Spain,Male,28.0,0.0,96020.86,1.0,1.0,1.0,73558.4865234375,0.0
841.0,Spain,Male,41.0,1.0,50932.28359375,2.0,0.0,1.0,193093.77,0.0
208.81072235107422,Germany,Male,36.0,2.0,12270.643212890625,2.0,1.0,0.0,57531.14,0.0
613.0,France,Female,29.0,6.0,185709.28,2.0,1.0,1.0,77242.19,0.0
39.481787872314456,Spain,Male,16.158245468139647,2.2617975950241087,364.65496826171875,3.0,1.0,0.0,976.9647094726563,0.0
705.0,France,Female,49.0,7.0,0.0,1.0,1.0,0.0,63405.2,1.0
584.0,France,Female,44.0,5.0,95671.75,2.0,1.0,1.0,106564.88,0.0
534.0,France,Male,16.528511357307433,2.0,0.0,2.0,0.0,0.0,42763.12,1.0
672.0,France,Female,34.0,1.0,142151.75,50.06675262451172,1.0,1.0,168753.34,0.0
603.0,France,Male,43.0,5.0,127823.92999999998,1.0,1.0,1.0,19483.35,0.0
633.0,Germany,Male,43.0,3.0,144164.29,1.0,1.0,1.0,86105.0515625,0.0
842.0,France,Male,58.0,1.0,63492.94,1.0,1.0,1.0,83172.19,0.0
661.0,France,Female,27.0,3.0,0.0,2.0,1.0,1.0,76889.79,0.0
601.0,France,Male,74.0,2.0,0.0,2.0,0.0,1.0,51554.58,0.0
632.0,France,Male,41.0,0.0,106134.46,9.850367212295533,0.0,1.0,105570.38999999998,0.0
684.0,Germany,Male,29.0,8.0,127269.75,1.0,0.0,1.0,79495.01,0.0
785.0,Germany,Female,32.0,3.0,124493.03,2.0,0.0,1.0,52583.79,1.0
687.0,France,Male,39.0,7.0,0.0,2.0,1.0,0.0,26848.25,0.0
705.0,Germany,Female,43.0,10.0,146547.78,1.0,0.0,1.0,10072.55,1.0
639.0,France,Male,43.0,6.0,99610.92,2.0,1.0,0.0,187296.78,0.0
355.66671600341795,France,Male,46.0,5.0,117837.42999999998,1.0,1.0,0.0,104016.61,1.0
556.0,Spain,Female,48.0,8.0,168522.37,1.0,1.0,1.0,151310.16,0.0
570.0,France,Male,32.0,-43.27346707582474,117337.54,2.0,0.0,1.0,62810.91000000001,0.0
841.0,France,Male,-24.345995712280274,9.0,108131.53,1.0,0.0,1.0,60830.37999999999,0.0
392.952490234375,Germany,Male,35.0,4.0,136496.12,2.0,1.0,0.0,116672.01999999999,0.0
553.0,France,Male,32.0,3.0,116324.53,1.0,1.0,0.0,77304.49,0.0
779.0,Germany,Female,40.0,2.0,75470.23,7.496799039840698,1.0,1.0,52894.009999999995,0.0
696.0,France,Male,28.0,4.0,172646.82,1.0,1.0,1.0,116471.42999999998,0.0
728.0,Spain,Female,37.0,4.0,0.0,1.0,0.0,0.0,4539.38,1.0
691.0,Germany,Female,27.0,3.0,160358.68,2.0,1.0,0.0,142367.72,0.0
706.0,France,Male,30.0,3.0,98415.37,1.0,1.0,1.0,110520.48000000001,0.0
627.0,Germany,Female,-1.4978622913360595,6.0,57809.31999999999,1.0,1.0,0.0,188258.49,0.0
716.0,Germany,Female,18.0,3.0,128743.8,1.0,0.0,0.0,197322.13,0.0
501.0,Germany,Male,24.0,4.0,130806.42,2.0,1.0,0.0,80241.14,0.0
601.0,France,Male,41.0,1.0,123971.16,1.0,0.0,0.0,88869.7296875,0.0
545.0,Spain,Female,39.0,6.0,0.0,1.0,0.0,0.0,30919.81015625,1.0
634.0,France,Male,45.0,9.0,0.0,2.0,0.0,0.0,17622.82,0.0
451.0,Spain,Female,23.0,9.0,0.0,2.0,0.0,1.0,48021.71,0.0
655.0,France,Female,59.0,7.0,0.0,1.0,1.0,0.0,88958.49,1.0
458.0,France,Female,39.0,9.0,0.0,2.0,1.0,0.0,116343.09,0.0
778.6610107421875,France,Male,33.0,4.0,156297.58,2.0,1.0,1.0,166102.61,0.0
624.0,Spain,Female,28.0,2.0,0.0,2.0,0.0,1.0,104353.26,0.0
765.0,France,Male,51.0,3.0,123372.3,1.0,1.0,1.0,115429.32000000002,0.0
304.5452911376953,France,Female,37.0,5.0,92171.35,3.0,1.0,0.0,61423.096875,0.0
665.0,Spain,Male,41.0,8.0,0.0,2.0,1.0,0.0,41955.069091796875,0.0
389.84092407226564,Germany,Male,-24.40551815032959,4.0,148375.19,2.0,1.0,1.0,21521.38,0.0
583.0,France,Female,44.0,8.0,0.0,2.0,1.0,1.0,27431.620000000003,0.0
782.0,Spain,Male,34.0,6.0,18166.96287841797,1.0,0.0,1.0,42143.61,1.0
668.0,Spain,Female,24.0,7.0,173962.32,1.0,0.0,0.0,106457.11000000002,1.0
621.0,France,Male,47.0,0.0,0.0,1.0,1.0,1.0,133831.37,1.0
579.0,Germany,Female,64.0,6.0,49575.08046875,1.0,1.0,1.0,164083.72,0.0
547.0,France,Female,38.0,5.0,167539.97,1.0,0.0,1.0,159207.34,0.0
840.0,France,Female,39.0,1.0,94968.97,1.0,1.0,0.0,84487.62,0.0
667.0,Germany,Female,27.0,3.0,106116.5,2.0,1.0,0.0,3674.71,0.0
723.0,France,Male,34.0,5.0,0.0,2.0,0.0,1.0,12092.03,0.0
487.0,France,Male,45.0,2.0,0.0,2.0,1.0,0.0,77475.73,0.0
668.0,France,Female,31.0,9.0,0.0,2.0,0.0,0.0,41291.73,0.0
520.0,Germany,Male,34.0,8.0,120018.86000000002,2.0,1.0,0.0,343.38,0.0
549.0,France,Male,37.0,2.0,112541.54,2.0,0.0,0.0,47432.43,0.0
567.0,France,Female,35.0,5.0,166118.45,2.0,1.0,0.0,123975.625,0.0
216.14440155029297,France,Female,45.0,1.0,102882.4,2.0,1.0,1.0,35633.15,1.0
492.0,France,Female,49.0,8.0,0.0,1.0,1.0,1.0,182865.09,1.0
632.7150207519531,France,Female,37.0,1.0,106881.5,2.0,0.0,0.0,169386.81,0.0
689.0,Germany,Male,26.0,4.0,120727.97,1.0,0.0,1.0,149073.88,0.0
37.257763671875,France,Male,15.750577163696288,2.3560308456420898,218.48047485351563,0.9210027933120728,1.0,1.0,524.9916931152344,0.0
747.0,France,Male,41.0,5.0,0.0,2.0,1.0,1.0,22750.17,0.0
469.0,Germany,Male,2.6614729881286623,9.0,113599.42,1.0,0.0,0.0,11950.29,0.0
539.0,Spain,Male,18.621308517456054,6.0,0.0,1.0,1.0,1.0,33488.15092773437,1.0
743.0,France,Male,32.0,9.0,0.0,2.0,1.0,0.0,175252.78,0.0
707.0,France,Male,47.0,3.0,0.0,2.0,1.0,0.0,174303.29,0.0
581.0,France,Female,50.0,4.0,0.0,2.0,1.0,1.0,80701.72,0.0
737.0,Spain,Male,38.0,-76.74051551818847,146282.79,29.526840734481812,1.0,0.0,198516.2,1.0
445.0,Germany,Female,38.0,6.0,119413.62,2.0,1.0,0.0,175756.36,0.0
703.0,Germany,Female,29.0,3.0,122084.63,1.0,0.0,1.0,82824.08,0.0
588.0,Germany,Female,35.0,1.0,103060.63,1.0,1.0,0.0,179866.01,1.0
476.3750961303711,France,Male,44.0,6.0,34546.89096679688,2.0,1.0,1.0,159899.97,0.0
626.0,France,Male,33.0,8.0,0.0,2.0,1.0,0.0,138504.28,1.0
545.0,Spain,Male,-3.335827445983887,9.0,110483.86000000002,1.0,1.0,0.0,67144.07421875,0.0
744.0,France,Male,31.0,9.0,120718.28,1.0,1.0,1.0,58961.490000000005,0.0
658.0,Spain,Female,31.0,2.0,36566.96,1.0,1.0,0.0,103644.98,1.0
629.0,Germany,Female,0.1894047737121582,8.0,108601.0,1.0,1.0,1.0,119647.7,0.0
719.0,France,Female,42.0,4.0,0.0,1.0,1.0,0.0,28465.859999999997,1.0
686.0,Spain,Female,36.0,5.0,0.0,2.0,1.0,1.0,52906.7408203125,1.0
653.2977401733399,France,Male,36.0,4.0,0.0,2.0,1.0,1.0,190911.02,0.0
626.0,Spain,Female,48.0,2.0,0.0,2.0,1.0,1.0,95794.98,0.0
661.0,Germany,Male,44.0,1.0,141136.62,43.78474464416504,1.0,0.0,189742.78,1.0
710.0,France,Male,45.0,-47.99029064178467,108231.37,34.16142330169678,1.0,0.0,188574.08,1.0
654.0,France,Male,40.0,6.0,0.0,1.0,0.0,0.0,183872.88,1.0
569.0,Spain,Female,34.0,-67.96796951293945,144855.34,1.0,0.0,1.0,196555.32,0.0
640.0,France,Male,63.0,2.0,32211.37890625,2.0,1.0,1.0,112503.24000000002,1.0
347.2472839355469,France,Male,45.0,6.0,136855.24,1.0,1.0,0.0,46864.0,0.0
721.0,Germany,Female,55.0,3.0,44020.89,1.0,1.0,0.0,65864.4,1.0
456.0,France,Male,32.0,9.0,133060.63,1.0,1.0,1.0,125167.92,0.0
600.3446014404296,Spain,Male,39.0,7.0,0.0,10.096577262878418,1.0,1.0,177519.39,1.0
534.0,France,Male,24.0,1.0,0.0,1.0,1.0,1.0,169653.32,0.0
423.0,France,Female,36.0,5.0,97665.61,1.0,1.0,0.0,118372.55,1.0
594.0,Germany,Male,-0.5969352722167969,5.0,185013.02,1.0,1.0,0.0,16481.12,0.0
725.0,Spain,Female,32.0,0.0,0.0,2.0,1.0,1.0,45693.54680175781,0.0
716.0,France,Female,52.0,7.0,65971.61,2.0,1.0,0.0,14608.0,1.0
595.0,Germany,Female,41.0,9.0,150463.11,2.0,0.0,1.0,89754.9203125,0.0
679.0,France,Female,33.0,1.0,0.0,4.768616411089897,0.0,0.0,69608.48,0.0
667.0,Spain,Male,39.0,9.0,0.0,2.0,1.0,0.0,68873.8,0.0
661.0,France,Female,37.0,5.0,136425.18,1.0,1.0,0.0,81102.81,0.0
503.5718933105469,Spain,Male,-42.22094564437866,-64.37825474739074,250898.09,88.28078231811523,0.0,1.0,81054.0,0.0
555.0,France,Male,55.0,-47.85957493782043,146798.81,1.0,1.0,1.0,74149.77,0.0
531.0,Spain,Male,70.0,1.0,0.0,2.0,1.0,0.0,99503.19,0.0
296.5098846435547,Germany,Female,40.0,7.0,128486.91,2.0,1.0,0.0,10109.47,0.0
600.0,France,Female,38.0,9.0,0.0,2.0,1.0,1.0,58855.85,0.0
531.0,Spain,Male,37.0,1.0,143407.29,2.0,0.0,1.0,84402.46,0.0
601.0,France,Female,43.0,2.0,0.0,1.0,1.0,0.0,49713.87,1.0
548.0,France,Male,57.0,6.0,76165.65,1.0,1.0,1.0,133537.53,0.0
759.0,France,Male,40.0,4.0,0.0,2.0,1.0,0.0,124615.59,0.0
281.3969436645508,Spain,Female,49.0,-12.007176220417023,0.0,2.0,0.0,1.0,98090.69,0.0
755.0,Germany,Female,33.0,6.0,90560.3,2.0,1.0,0.0,42607.69,0.0
594.0,France,Male,61.0,-20.939865374565123,62391.219999999994,1.0,1.0,1.0,73358.5640625,0.0
768.0,France,Male,42.0,5.0,0.0,3.0,0.0,0.0,60686.4,0.0
492.0,France,Female,31.0,7.0,0.0,2.0,1.0,1.0,49463.44,0.0
637.0,France,Female,55.0,1.0,123378.2,36.377708959579465,1.0,0.0,81431.99,1.0
646.0,Spain,Female,42.0,3.0,8222.56162109375,1.0,0.0,1.0,22909.56,0.0
593.0,Spain,Male,74.0,5.0,161434.36,2.0,0.0,1.0,65532.17,0.0
596.0,Spain,Male,40.72754726409912,-45.98080711364746,0.0,2.0,0.0,1.0,141053.85,0.0
722.0,Germany,Female,48.0,10.0,138311.76,1.0,1.0,1.0,3472.63,1.0
642.0,France,Male,25.0,7.0,0.0,2.0,1.0,0.0,102083.78,0.0
472.0,Spain,Female,28.0,4.0,0.0,2.0,1.0,0.0,1801.77,0.0
738.0,Germany,Male,35.0,6.0,101744.84,1.0,0.0,0.0,85185.44,0.0
732.0,Spain,Male,33.0,-22.321371650695802,0.0,1.0,1.0,0.0,119882.7,0.0
404.0,Germany,Female,54.0,4.0,125456.07000000002,1.0,1.0,0.0,83715.66,1.0
701.0,France,Male,44.0,7.0,0.0,4.429140520095825,1.0,0.0,23425.78,0.0
683.0,France,Male,31.0,2.0,0.0,2.0,0.0,1.0,77326.78,0.0
460.0,France,Female,27.0,7.0,0.0,2.0,1.0,0.0,156150.08,1.0
690.0,France,Male,29.0,5.0,0.0,2.0,1.0,0.0,108577.97,0.0
618.0,Germany,Female,54.0,4.0,30224.69462890625,1.0,1.0,1.0,133573.29,1.0
671.0,France,Male,30.0,2.0,0.0,1.0,0.0,1.0,102057.86,0.0
765.0,Spain,Female,32.0,-82.67638282775879,178095.55,1.0,0.0,0.0,47247.56,0.0
651.0,Germany,Female,25.0,2.0,109175.13999999998,2.0,1.0,0.0,114566.47,0.0
704.0,France,Male,-1.5782910346984864,-73.58814582824706,127785.17,4.0,0.0,0.0,184464.7,0.0
544.0,France,Female,45.0,6.0,0.0,2.0,0.0,1.0,53987.896875,0.0
790.0,France,Female,40.0,9.0,0.0,2.0,1.0,1.0,70607.1,0.0
710.0,Germany,Male,34.0,-32.772930240631105,134260.36,2.0,1.0,0.0,87703.203125,0.0
743.0,France,Male,37.0,8.0,69143.91,2.0,0.0,1.0,105780.17999999998,0.0
702.0,France,Male,34.0,4.0,100054.77,1.0,1.0,0.0,109496.45,0.0
704.0,France,Female,45.0,6.0,33302.901171875,1.0,0.0,1.0,137739.45,0.0
614.0,France,Male,38.0,2.0,116248.88,1.0,1.0,0.0,105140.92,0.0
609.0,Spain,Female,3.4614641189575197,6.0,86053.52,-0.4003183364868164,1.0,1.0,113276.46,1.0
688.0,France,Female,32.0,6.0,123157.95,1.0,1.0,0.0,172531.23,0.0
713.0,France,Male,44.0,1.0,63438.91000000001,1.0,1.0,0.0,64375.4,0.0
736.0,Germany,Male,57.0,-17.923003959655762,95295.39,1.0,1.0,0.0,28434.439999999995,1.0
727.0,France,Male,18.0,4.0,133550.67,1.0,1.0,1.0,46941.41,0.0
850.0,France,Female,38.0,1.0,106871.81000000001,2.0,1.0,0.0,29333.01,0.0
718.0,Spain,Male,45.0,3.0,41990.622265625,9.75205571949482,1.0,1.0,193724.51,0.0
643.0,France,Female,51.0,2.0,105229.53,16.29724202156067,1.0,0.0,34967.75,1.0
653.0,France,Male,41.0,8.0,102768.42,1.0,1.0,0.0,55663.85,0.0
674.0,France,Male,18.0,7.0,0.0,2.0,1.0,1.0,67117.31474609375,1.0
690.0,France,Male,35.0,6.0,112689.95,1.0,0.0,0.0,176962.31,0.0
819.0,France,Male,38.0,9.0,122334.25999999998,2.0,1.0,1.0,104685.3921875,0.0
634.0,Spain,Male,34.0,1.0,0.0,2.0,1.0,0.0,61995.56999999999,0.0
633.0,Spain,Male,-2.441387176513672,4.0,137847.41,2.0,1.0,0.0,76192.33950195313,0.0
850.0,France,Male,49.0,5.0,122486.47,1.0,0.0,1.0,59748.19,0.0
665.0,France,Male,33.0,2.0,101286.11,1.0,1.0,1.0,159840.51,0.0
630.0,Spain,Male,26.0,7.0,0.0,2.0,1.0,1.0,6656.640000000001,0.0
836.0,Spain,Male,57.0,4.0,101247.06,1.0,1.0,0.0,37141.62,1.0
668.0,France,Male,38.0,10.0,86977.96,1.0,0.0,1.0,37094.75,0.0
753.0,France,Male,32.14772033691406,7.0,0.0,1.0,1.0,0.0,81049.6671875,1.0
745.0,France,Female,55.0,9.0,110123.59,1.0,0.0,1.0,51548.14,1.0
693.0,France,Male,36.0,8.0,178111.82,1.0,1.0,0.0,58719.62999999999,1.0
606.0,Germany,Male,-19.437538146972656,10.0,126306.63999999998,29.099530351161956,0.0,1.0,7861.68,0.0
660.0,France,Female,35.0,6.0,100768.77,1.0,1.0,0.0,19199.61,0.0
608.0,France,Male,42.0,-17.169950675964355,0.0,2.0,1.0,0.0,178504.29,0.0
744.0,France,Female,44.0,3.0,0.0,2.0,1.0,1.0,189016.14,0.0
731.0,France,Female,40.0,7.0,36433.4017578125,1.0,1.0,1.0,156048.64,0.0
683.0,France,Male,72.0,3.0,140997.26,1.0,0.0,1.0,91560.8796875,0.0
727.0,France,Male,28.0,5.0,0.0,2.0,0.0,1.0,19653.08,0.0
544.3271667480469,Germany,Male,32.0,6.0,166824.59,26.582133865356447,1.0,0.0,139451.98,0.0
700.0,France,Female,34.0,2.0,76322.69,1.0,1.0,0.0,128136.29,0.0
605.0,France,Male,35.0,6.0,0.0,2.0,1.0,1.0,45206.57,0.0
767.0,France,Male,51.782728385925296,-31.12683234214783,47471.5296875,7.771867370605468,1.0,0.0,190146.83,0.0
511.0,France,Male,33.0,7.0,0.0,2.0,0.0,1.0,158313.87,0.0
667.0,France,Male,40.0,9.0,0.0,1.0,1.0,1.0,96670.2,0.0
787.0,France,Male,33.0,1.0,126588.81000000001,2.0,0.0,1.0,62163.530000000006,0.0
705.0,Germany,Female,56.0,2.0,143249.67,33.76679306030273,1.0,0.0,88428.41,1.0
773.0,Germany,Male,10.841205883026124,8.0,81844.91,2.0,1.0,1.0,35908.46,0.0
554.0,France,Male,40.0,4.0,0.0,1.0,0.0,1.0,168780.04,0.0
496.77530059814455,Germany,Male,-39.96991310119629,9.0,190298.89,2.0,1.0,0.0,191263.76,0.0
661.0,Germany,Male,35.0,2.0,117212.17999999998,1.0,1.0,1.0,83052.03,0.0
698.0,France,Female,46.0,0.0,0.0,2.0,1.0,1.0,125962.01999999999,0.0
646.0,France,Male,26.0,4.0,139848.17,1.0,1.0,0.0,164696.27,0.0
757.0,Germany,Female,34.0,9.0,101861.36,2.0,0.0,0.0,187011.96,0.0
699.0,Spain,Male,35.0,-49.768190479278566,167455.66,2.0,1.0,1.0,55324.490000000005,0.0
667.0,France,Female,24.0,4.0,0.0,2.0,0.0,1.0,34335.55,0.0
774.0,Spain,Female,43.0,-34.981846237182616,116360.07000000002,1.0,1.0,0.0,17004.14,0.0
745.0,Spain,Male,40.0,3.0,88466.82,22.02281665802002,0.0,0.0,116331.42,0.0
114.50592346191407,France,Female,42.0,7.0,0.0,2.0,0.0,1.0,22974.01,0.0
634.0,Germany,Female,46.0,5.0,13079.89453125,-2.3419497489929197,1.0,1.0,49725.16,1.0
665.0,Spain,Male,38.0,9.0,0.0,1.0,0.0,1.0,87412.74,0.0
115.32739181518555,France,Male,18.700712776184083,9.0,6460.870831298828,2.0,1.0,1.0,26136.89,0.0
652.0,France,Female,40.0,1.0,0.0,2.0,1.0,0.0,126554.96,0.0
739.0,France,Male,40.0,1.0,109681.61000000002,4.252581799030304,1.0,1.0,73699.475390625,0.0
316.7862609863281,Germany,Male,37.0,9.0,17513.69970703125,3.5185398280620577,0.0,0.0,90928.02,1.0
196.08933181762694,Spain,Male,34.0,8.0,0.0,1.0,1.0,1.0,76510.46,0.0
708.0,Spain,Female,32.0,8.0,187487.63,1.0,1.0,1.0,126101.0578125,0.0
480.0,France,Male,35.0,2.0,32537.834375,1.0,1.0,1.0,197984.58,0.0
700.0,Germany,Female,59.0,5.0,137648.41,1.0,1.0,0.0,105587.69375,1.0
525.0,Spain,Female,47.0,-13.51261281967163,118560.0,1.0,1.0,0.0,82522.61,1.0
845.0,France,Male,33.0,8.0,164385.53,1.0,1.0,0.0,150664.97,0.0
613.0,France,Male,37.0,9.0,108286.5,1.0,1.0,1.0,114153.43999999999,0.0
850.0,France,Female,34.0,2.0,0.0,2.0,0.0,1.0,171706.66,0.0
798.0,Spain,Male,58.0,9.0,0.0,2.0,0.0,0.0,119071.56000000001,1.0
37.2469367980957,Germany,Male,15.318281555175782,2.3659157752990723,328.8689239501953,0.8634003758430481,1.0,1.0,830.0020141601562,0.0
614.0,Spain,Male,-1.0897350311279297,2.0,127283.78,1.0,1.0,1.0,31302.35,0.0
473.0,Spain,Male,48.0,8.0,19109.338671875,4.139826059341431,1.0,0.0,71139.8,0.0
762.0,France,Male,29.0,6.0,141389.06,1.0,1.0,0.0,54122.89,0.0
701.0,France,Male,37.0,-78.79870834350587,130091.5,7.357394599914551,1.0,1.0,120031.29,0.0
600.0,France,Male,35.0,4.0,143744.77,2.0,1.0,0.0,104076.51,0.0
850.0,France,Male,-22.000781804323196,9.0,97408.03,1.0,1.0,1.0,175853.64,0.0
613.0,Spain,Male,-18.56443934440613,9.0,111927.45,1.0,1.0,1.0,175795.87,0.0
509.0,France,Male,31.0,3.0,0.0,2.0,1.0,0.0,15360.91,0.0
509.0,Spain,Male,38.0,2.0,0.0,1.0,0.0,0.0,168460.12,0.0
609.0,France,Male,34.0,1.0,0.0,1.0,1.0,1.0,181177.9,0.0
456.0,France,Female,33.0,1.0,188285.68,1.0,1.0,0.0,58363.94,0.0
728.0,France,Female,46.0,2.0,109705.51999999999,9.064591240882873,1.0,0.0,20276.87,1.0
663.0,Spain,Male,33.0,9.0,0.0,2.0,0.0,0.0,91514.62,0.0
673.0,Germany,Female,34.0,1.0,127122.79,3.0,0.0,1.0,76703.1,0.0
717.0,France,Male,40.0,0.0,98241.04,9.517713224887848,1.0,0.0,110887.13999999998,0.0
741.0,Germany,Female,37.0,8.0,170840.08,2.0,0.0,0.0,109843.16,0.0
498.0,Germany,Female,12.865615749359131,-13.754112768173218,87541.06,2.0,1.0,1.0,12577.21,1.0
850.0,France,Female,26.0,4.0,62610.96,2.0,0.0,1.0,179365.1,0.0
493.0,France,Male,36.0,9.0,0.0,2.0,1.0,1.0,65816.53,0.0
686.0,France,Male,47.0,5.0,18232.2529296875,1.0,1.0,0.0,52831.705859375,0.0
666.0,Spain,Male,35.0,2.0,104832.49,1.0,0.0,0.0,175015.12,0.0
304.47869262695315,Spain,Female,31.0,9.0,102289.85,1.0,1.0,1.0,115441.66,0.0
631.0,Germany,Female,34.0,6.0,125227.82000000002,2.0,0.0,1.0,128247.03,0.0
261.39111328125,Germany,Female,49.0,5.0,140510.89,1.0,1.0,0.0,39091.686328125,0.0
767.0,Germany,Female,35.0,6.0,132253.22,1.0,1.0,0.0,115566.57000000002,1.0
711.0,Germany,Male,43.0,2.0,39043.29,2.0,1.0,1.0,175423.69,0.0
722.0,France,Male,34.0,8.0,0.0,2.0,1.0,1.0,133447.49,0.0
631.0,Spain,Male,55.0,9.0,24980.131115722656,1.0,1.0,0.0,114474.98000000001,0.0
701.0,Germany,Female,38.0,3.0,125385.49000000002,2.0,0.0,1.0,52044.66,0.0
790.0,France,Male,46.0,-18.98152093887329,22728.026837158202,2.0,1.0,1.0,64357.242993164065,1.0
633.0,France,Male,58.0,6.0,33568.52109375,3.0710168838500977,1.0,1.0,132034.13,0.0
644.0,France,Female,37.0,8.0,0.0,2.0,1.0,0.0,20968.88,0.0
757.0,Spain,Male,44.0,5.0,140856.16,2.0,0.0,0.0,158735.1,0.0
696.0,France,Female,30.0,8.0,0.0,2.0,1.0,1.0,196134.44,0.0
746.0,France,Male,35.0,2.0,172274.01,1.0,1.0,0.0,22374.97,0.0
649.0,Spain,Male,36.0,-19.603211212158204,0.0,24.280905723571777,1.0,0.0,161668.15,0.0
565.0,Spain,Male,38.0,0.0,122447.75999999998,1.0,0.0,0.0,67339.34,0.0
720.0,France,Female,25.763303565979005,10.0,20527.54453125,2.0,1.0,1.0,56229.719999999994,1.0
41.615176391601565,Spain,Female,14.923715591430664,6.0,905.3453002929688,1.0583914399147034,1.0,0.0,2409.55634765625,1.0
632.0,Germany,Male,41.0,3.0,126550.7,27.464541625976562,0.0,0.0,177644.52,1.0
622.0,France,Male,30.0,2.0,39438.8921875,3.0,1.0,0.0,142342.55,1.0
835.0,France,Male,28.0,2.0,163569.61,2.0,1.0,0.0,154559.28,0.0
493.0,France,Female,31.0,3.0,0.0,1.0,1.0,1.0,176570.28,1.0
785.0,Germany,Female,33.0,6.0,127211.45,1.0,0.0,0.0,191961.83,0.0
681.0,Spain,Male,42.0,3.0,118199.97,2.0,1.0,1.0,9452.88,0.0
621.0,Germany,Female,30.0,2.0,101014.08,2.0,1.0,1.0,165257.31,0.0
756.0,France,Male,-19.188456058502197,-47.94067821502686,119208.85,1.0,1.0,0.0,169763.89,1.0
515.0,France,Female,66.0,6.0,0.0,2.0,1.0,1.0,160663.11,0.0
657.3607604980468,France,Female,3.8077369689941407,10.0,53772.73,1.0,1.0,1.0,192072.1,1.0
717.0,Spain,Female,39.0,6.0,0.0,2.0,1.0,0.0,93275.61,0.0
595.0,Germany,Female,41.0,2.0,138878.81,1.0,0.0,1.0,112269.67,0.0
539.0,Spain,Female,37.0,1.0,130922.81000000001,2.0,0.0,0.0,2186.83,0.0
159.85480651855468,France,Male,35.0,9.0,0.0,2.0,1.0,0.0,43075.7,0.0
75.57827911376953,Spain,Male,20.0,8.0,0.0,2.0,1.0,0.0,12368.11,0.0
677.0,Spain,Female,25.0,8.0,130866.18999999999,1.0,1.0,0.0,42410.21,0.0
733.0,Germany,Female,33.0,7.0,187257.94,1.0,0.0,1.0,90425.4966796875,0.0
684.0,Spain,Female,41.0,7.0,0.0,1.0,1.0,1.0,138394.37,0.0
679.0,France,Male,36.0,6.0,147733.64,1.0,0.0,1.0,172501.38,0.0
478.0,Spain,Male,43.0,1.0,0.0,2.0,1.0,1.0,197916.43,1.0
696.0,France,Male,33.0,2.0,163139.27,1.0,1.0,1.0,7035.359999999999,0.0
686.0,Spain,Female,35.0,4.0,0.0,2.0,1.0,1.0,57964.4765625,0.0
466.0,France,Female,36.0,-16.603040838241576,18798.325,1.0,0.0,1.0,80603.99,0.0
686.0,France,Female,41.0,4.0,129553.75999999998,2.0,1.0,0.0,87299.9671875,0.0
576.0,France,Male,55.0,9.0,0.0,2.0,1.0,1.0,94450.97,0.0
763.0,Germany,Female,20.688170075416565,1.0,66101.89,1.0,1.0,1.0,143981.27,0.0
572.0,France,Male,43.0,2.0,140431.98,1.0,1.0,0.0,26450.57,1.0
73.15750122070312,France,Female,49.0,2.0,0.0,2.0,0.0,0.0,10975.51015625,0.0
582.0,France,Female,29.0,0.0,0.0,1.0,1.0,1.0,84012.81,0.0
623.0,France,Female,35.0,5.0,0.0,2.0,1.0,0.0,101192.08,0.0
505.8330276489258,France,Female,37.0,4.0,28766.927783203126,2.0,1.0,0.0,175324.74,1.0
425.0,France,Male,39.0,4.0,0.0,19.67551455497742,1.0,0.0,197226.32,0.0
659.0,France,Male,3.084343194961548,9.0,123785.24000000002,1.0,1.0,0.0,99504.03,1.0
605.0,France,Female,33.0,4.0,0.0,2.0,0.0,1.0,83700.66,0.0
538.0,France,Female,38.0,8.0,88758.95,2.0,0.0,0.0,28226.15,1.0
237.84473266601563,Germany,Male,25.0,5.0,153611.83,2.0,1.0,0.0,35321.65,0.0
491.0,Germany,Female,57.0,4.0,16020.1373046875,1.0,1.0,1.0,41229.73,1.0
726.0,Spain,Female,27.0,-31.2838773727417,123826.07000000002,1.0,0.0,0.0,78970.58,0.0
429.6410842895508,France,Female,65.0,9.0,106804.25999999998,18.572392386198043,0.0,0.0,107890.68999999999,0.0
877.3133666992187,France,Female,48.0,6.0,0.0,2.0,0.0,1.0,191870.28,0.0
542.0,France,Female,59.0,2.0,68892.77,2.0,1.0,0.0,7905.06,1.0
732.0,France,Female,43.0,6.0,0.0,2.0,1.0,0.0,65731.53,0.0
473.0,France,Female,33.0,5.0,125827.42999999998,1.0,0.0,1.0,145698.73,0.0
745.0,Spain,Male,34.0,9.0,28342.825390625,2.0,1.0,0.0,50046.25,0.0
732.0,France,Male,36.0,7.0,0.0,0.28977017402648925,1.0,1.0,60830.240000000005,0.0
848.0,Germany,Female,40.0,5.0,148495.64,31.561546897888185,0.0,0.0,158853.98,0.0
572.0,France,Male,37.0,1.0,133043.66,1.0,0.0,0.0,111243.09,0.0
702.0,France,Male,45.0,9.0,74989.58,30.751498985290528,1.0,1.0,171014.69,0.0
664.0,Germany,Male,39.0,7.0,60263.23,1.0,1.0,0.0,170835.32,0.0
630.0,France,Male,8.833428573608398,-17.674504113197326,24230.415625,4.0,1.0,0.0,69731.071875,1.0
618.0,Germany,Male,44.0,5.0,157955.83,2.0,0.0,0.0,139297.71,0.0
556.0,France,Male,26.0,4.0,0.0,1.0,1.0,0.0,195167.38,0.0
619.0,France,Female,30.0,7.0,70729.17,1.0,1.0,1.0,160948.87,0.0
644.0,France,Male,48.0,-8.013604804873466,0.0,2.0,0.0,1.0,44965.54,0.0
658.0,Spain,Male,50.0,2.0,0.0,2.0,1.0,0.0,52137.73,0.0
598.0,Spain,Male,12.978199315071105,8.0,90721.52,2.0,1.0,1.0,109296.17999999998,0.0
677.0,France,Male,27.0,2.0,0.0,2.0,1.0,1.0,61131.83125,0.0
689.0,France,Female,45.0,0.0,57784.219999999994,1.0,1.0,0.0,197804.0,1.0
591.0,France,Male,33.0,9.0,131765.72,1.0,0.0,0.0,118782.06000000001,0.0
699.0,France,Male,40.0,7.0,0.0,1.0,0.0,1.0,152876.13,1.0
749.0,Germany,Male,47.0,9.0,110022.74000000002,1.0,0.0,0.0,71446.30078125,1.0
709.0,France,Female,40.0,9.0,131569.63,1.0,1.0,1.0,103970.58,0.0
607.0,Germany,Male,61.0,2.0,164523.5,2.0,1.0,0.0,76294.456640625,0.0
650.0,Germany,Female,-45.86207566261292,2.0,114330.95,1.0,1.0,1.0,25325.07,0.0
651.0,Spain,Female,45.0,10.0,135923.16,1.0,1.0,0.0,18732.84,0.0
449.0274353027344,France,Female,61.0,8.0,0.0,2.0,1.0,1.0,118522.73000000001,0.0
723.0,France,Female,49.0,4.0,0.0,9.44424849152565,0.0,1.0,89972.25,0.0
714.0,Spain,Male,45.0,0.0,124693.48000000001,1.0,0.0,1.0,187194.15,0.0
475.3141784667969,Germany,Female,-47.056929969787596,7.0,147936.42,1.0,1.0,1.0,79894.821875,0.0
582.0,France,Male,29.0,0.0,0.0,1.0,1.0,0.0,142516.35,0.0
697.0,France,Female,34.0,2.0,126558.92,1.0,1.0,0.0,73334.43,0.0
610.0,Germany,Male,57.0,6.0,106938.11000000002,2.0,0.0,0.0,186612.47,0.0
488.0,Germany,Female,33.0,4.0,140002.35,1.0,1.0,0.0,123613.81000000001,0.0
599.0,France,Female,-22.719190883636475,9.0,123444.72,1.0,1.0,1.0,31368.080000000005,1.0
271.3289459228516,France,Male,32.0,6.0,147107.91,1.0,0.0,1.0,40066.95,0.0
645.0,France,Male,19.0,9.0,128514.84,1.0,0.0,0.0,175969.19,0.0
545.0,France,Female,55.0,5.0,0.0,1.0,0.0,0.0,10034.77,1.0
597.0,Germany,Female,40.0,9.0,106756.00999999998,30.685122108459474,1.0,0.0,151167.94,0.0
561.0,Spain,Female,31.35034375190735,3.0,0.0,2.0,1.0,0.0,191387.76,0.0
662.0,France,Female,37.0,-3.6338189840316772,0.0,2.0,1.0,0.0,51229.17,0.0
649.0,Germany,Female,-26.115593194961548,-66.1769187927246,155393.32,1.0,1.0,1.0,87351.42,1.0
630.0,France,Female,36.0,2.0,110414.48000000001,1.0,1.0,1.0,48984.95,0.0
672.0,Spain,Male,33.0,2.0,0.0,2.0,1.0,1.0,182738.0,0.0
636.0,Germany,Female,37.0,-40.921114683151245,157098.52,16.33410029411316,1.0,1.0,153535.27,0.0
593.0,Germany,Female,38.0,5.0,85626.6,1.0,1.0,1.0,125079.65,0.0
545.0,France,Male,45.0,6.0,37162.662109375,2.0,1.0,0.0,162321.26,1.0
567.0,Spain,Female,41.0,1.0,0.0,2.0,1.0,0.0,3414.72,0.0
473.3607856750488,France,Male,51.0,6.0,125268.03,2.0,1.0,0.0,165082.25,0.0
681.0,France,Female,29.0,2.0,148143.84,1.0,1.0,1.0,52021.39,0.0
762.0,Spain,Male,29.0,-52.57336349487305,115545.33,2.0,0.0,0.0,148256.43,0.0
648.0,Spain,Male,35.0,7.0,0.0,2.0,0.0,0.0,122899.00999999998,0.0
644.0,France,Male,30.0,-11.53366994857788,44928.88,1.0,1.0,1.0,10771.46,0.0
706.0,Spain,Male,29.0,2.0,0.0,2.0,1.0,1.0,18255.51,0.0
850.0,France,Male,35.0,3.0,162442.35,1.0,1.0,0.0,183566.78,0.0
484.0,Spain,Female,39.0,5.0,0.0,2.0,0.0,1.0,175224.12,0.0
508.0,Germany,Male,28.0,0.0,96213.82,2.0,1.0,0.0,147913.56,0.0
439.0,France,Female,29.0,6.0,156569.43,1.0,1.0,0.0,180598.66,0.0
484.0,Spain,Male,36.0,8.0,0.0,2.0,1.0,0.0,186136.48,0.0
803.0,Spain,Female,37.0,1.0,0.0,2.0,0.0,0.0,7455.2,0.0
724.0,France,Female,48.0,6.0,20160.401635742186,2.0,1.0,1.0,80552.11,1.0
640.0,France,Male,33.0,7.0,154575.76,1.0,1.0,0.0,25722.28,1.0
701.0,Spain,Female,35.0,9.0,0.0,2.0,0.0,0.0,41151.6005859375,0.0
537.0,France,Male,37.0,3.0,0.0,2.0,0.0,1.0,20603.32,0.0
651.0,Germany,Male,26.0,5.0,147037.32,1.0,0.0,0.0,141763.26,0.0
523.0,Germany,Female,41.0,0.0,119276.31000000001,1.0,0.0,0.0,122284.38,0.0
717.0,France,Female,25.0,7.0,108664.85,2.0,1.0,0.0,190011.85,0.0
593.0,Spain,Male,44.0,5.0,0.0,1.0,1.0,0.0,42856.1470703125,0.0
706.0,Germany,Female,-15.544186973571778,5.0,163034.82,2.0,0.0,1.0,135662.17,0.0
714.0,Germany,Female,49.0,4.0,93059.34,1.0,1.0,0.0,7571.51,1.0
794.0,Spain,Male,-11.526310348510743,9.0,179581.31,1.0,1.0,1.0,23596.24,0.0
518.0,Germany,Male,46.0,4.0,113625.92999999998,1.0,0.0,0.0,92727.42,1.0
589.0,Germany,Male,55.0,7.0,119961.48000000001,1.0,1.0,0.0,65156.83,1.0
824.0,France,Male,45.0,3.0,129209.48000000001,1.0,0.0,0.0,60151.77,0.0
578.932780456543,France,Female,30.495325136184693,-7.813888907432556,35664.47144165039,8.963122725486755,1.0,0.0,149097.38,1.0
239.0858123779297,Germany,Female,58.0,-34.23035774230957,119024.75,2.0,1.0,0.0,35199.24,0.0
364.03887634277345,France,Male,28.373749351501466,7.0,74623.5,3.0,1.0,0.0,129451.29,1.0
637.0,Spain,Female,-23.452779859304428,-66.52643432617188,157929.45,1.0,1.0,0.0,145134.49,1.0
554.0,France,Male,26.0,7.0,92606.86,2.0,1.0,0.0,192709.69,0.0
731.0,Germany,Male,-12.804601669311523,2.0,127862.92999999998,2.0,1.0,0.0,139083.7,0.0
569.0,Spain,Female,42.0,-16.34292415380478,0.0,1.0,1.0,1.0,83629.6,1.0
625.0,Germany,Female,37.0,4.0,142711.81,1.0,1.0,1.0,35625.41,0.0
592.0,France,Female,38.0,4.0,0.0,2.0,1.0,0.0,35338.96,0.0
669.0,France,Male,43.0,1.0,163159.85,1.0,0.0,1.0,15602.8,0.0
750.856005859375,Germany,Male,32.0,3.0,108586.86000000002,1.0,1.0,1.0,182355.21,0.0
518.0,Germany,Female,41.0,5.0,110624.99000000002,1.0,1.0,0.0,89327.67,0.0
686.0,Germany,Female,43.0,-56.32655256986618,154846.24,2.0,1.0,1.0,151903.6,0.0
709.0,Germany,Male,45.0,4.0,122917.71,1.0,1.0,0.0,11.58,1.0
571.0,France,Female,33.0,9.0,0.0,2.0,0.0,1.0,77519.62,0.0
707.0,France,Female,31.0,2.0,24535.679296875,2.0,0.0,0.0,91423.69,0.0
701.0,Germany,Male,32.0,5.0,102500.34,1.0,0.0,0.0,106287.76999999999,0.0
672.0,France,Male,34.0,9.0,0.0,2.0,1.0,0.0,161800.77,0.0
620.0,Germany,Male,39.0,9.0,21756.200390625,1.0,0.0,0.0,80582.34,0.0
557.0,Spain,Male,48.0,10.0,16409.645263671875,2.0,0.0,0.0,48773.6013671875,0.0
336.3501907348633,France,Female,54.0,7.0,118241.01999999999,15.263162934780121,1.0,0.0,70503.3396484375,1.0
479.0,France,Female,35.0,2.0,113090.4,1.0,1.0,0.0,195649.79,0.0
730.0,France,Female,22.0,9.0,65763.57,1.0,1.0,1.0,65070.66640625,0.0
737.0,Germany,Female,43.0,1.0,125537.38,1.0,1.0,0.0,138510.01,1.0
616.0,France,Male,31.0,3.0,94263.91,2.0,1.0,0.0,168895.06,0.0
639.0,Spain,Male,29.0,4.0,133434.57,2.0,1.0,0.0,97983.44,0.0
815.0,Spain,Female,39.0,6.0,0.0,1.0,1.0,1.0,58898.51625976562,0.0
786.0,Spain,Male,18.689519691467286,9.0,5929.7587890625,2.0,0.0,1.0,18210.36,1.0
549.0,France,Male,50.0,9.0,94748.76,2.0,0.0,1.0,66345.2421875,0.0
622.0,France,Female,38.0,4.0,98640.74,1.0,1.0,1.0,110457.99000000002,0.0
624.0,France,Male,-7.370134687423706,9.0,74681.9,2.0,0.0,0.0,31231.35,0.0
841.0,France,Male,34.0,4.0,0.0,2.0,1.0,0.0,141582.66,0.0
614.0,Spain,Female,-79.03583679199218,7.0,179915.85,1.0,0.0,0.0,112981.265625,1.0
676.0,France,Male,30.0,1.0,128207.23000000001,1.0,1.0,1.0,55400.17,0.0
697.0,France,Male,42.0,9.0,132739.26,2.0,0.0,0.0,174667.65,0.0
732.0,France,Female,40.0,10.0,0.0,2.0,1.0,0.0,154189.08,0.0
623.0,France,Male,27.0,4.0,120509.81000000001,1.0,0.0,0.0,142170.44,0.0
541.0,France,Female,46.0,4.0,124547.13,2.0,1.0,0.0,65758.5728515625,0.0
773.0,Spain,Male,39.0,4.0,43691.35546875,2.0,0.0,1.0,182081.45,0.0
762.0,Germany,Male,34.0,4.0,88815.56,2.0,1.0,0.0,68562.26,1.0
655.0,Spain,Female,35.0,1.0,27042.855078125,2.0,1.0,0.0,88798.02,1.0
602.0,Germany,Male,32.0,7.0,184715.86,2.0,1.0,0.0,113781.99000000002,0.0
850.0,France,Male,31.0,3.0,0.0,12.633399200439452,1.0,0.0,121866.87,0.0
649.0,Spain,Male,33.99157447814942,4.0,0.0,1.0,1.0,1.0,150390.57,0.0
346.9366180419922,Germany,Male,28.0,-51.50206832885742,147972.19,1.0,1.0,0.0,60708.719999999994,1.0
543.0,France,Male,43.0,9.0,0.0,2.0,1.0,1.0,78858.07,0.0
672.0,France,Male,52.0,8.0,170008.84,1.0,0.0,0.0,56407.42,0.0
600.0,France,Female,27.0,3.0,0.0,2.0,0.0,1.0,125698.97,0.0
110.13172149658203,France,Female,34.0,10.0,0.0,1.0,1.0,0.0,23235.38,0.0
706.0,France,Female,42.0,8.0,19851.27578125,-0.3114121437072754,1.0,1.0,75732.25,0.0
541.0,Germany,Male,51.0,-33.83436486721039,90373.28,2.0,1.0,1.0,179861.79,0.0
212.74125213623046,Germany,Male,34.0,4.0,133467.77,2.0,1.0,1.0,42976.64,0.0
630.0,Spain,Male,30.0,3.0,0.0,2.0,0.0,1.0,10486.69,0.0
531.0,France,Male,31.0,3.0,96288.26,1.0,1.0,0.0,56794.73,0.0
641.0,France,Female,26.0,4.0,11327.2427734375,2.0,0.0,1.0,28157.340000000004,0.0
631.0,Germany,Male,11.640630149841309,8.0,138292.64,40.146431487798694,0.0,0.0,152422.91,1.0
685.0,France,Male,35.0,9.0,0.0,1.0,1.0,0.0,167033.83,0.0
215.17211380004883,Spain,Male,32.0,8.0,71667.74,1.0,0.0,1.0,41378.5015625,0.0
708.0,Germany,Female,43.0,0.0,118994.84,1.0,1.0,0.0,181499.77,1.0
653.0,Spain,Male,14.8874361038208,7.0,0.0,2.0,1.0,1.0,41967.03,0.0
654.0,France,Male,37.0,2.0,145610.07,2.0,0.0,0.0,186300.59,0.0
596.0,France,Female,33.0,1.0,138162.81,1.0,1.0,0.0,85412.54,0.0
549.0,Germany,Female,31.0,9.0,10351.66298828125,2.0,1.0,1.0,23343.18,0.0
754.0,France,Male,38.0,2.0,0.0,2.0,1.0,0.0,180698.32,0.0
815.0,Germany,Female,23.514310836791992,8.0,35875.89921875,9.067073631286622,1.0,1.0,136071.05,0.0
541.0012100219726,France,Female,52.0,9.0,0.0,1.0,1.0,0.0,175149.2,1.0
706.0,France,Male,32.0,6.0,94486.47,1.0,1.0,1.0,146949.74,0.0
850.0,France,Male,46.0,-43.6027391910553,117640.38999999998,1.0,1.0,0.0,88920.68,0.0
732.0,Spain,Female,33.0,8.0,111379.55,1.0,1.0,1.0,45098.62,0.0
614.0,France,Male,40.0,6.0,0.0,1.0,1.0,1.0,20339.79,1.0
580.0,Spain,Male,-1.0166168451309203,0.0,136820.99,1.0,0.0,1.0,108528.74000000002,0.0
593.0,France,Female,46.0,7.0,98752.51,22.60616397857666,1.0,0.0,145560.38,0.0
653.0,Germany,Female,-1.11427845954895,2.0,158266.42,20.9478853225708,1.0,1.0,199357.24,0.0
746.0,France,Female,29.0,4.0,17152.7970703125,1.0,1.0,1.0,43106.17,0.0
662.0,France,Female,29.0,10.0,0.0,2.0,1.0,0.0,137508.31,0.0
573.0,France,Male,31.0,2.0,0.0,-1.4706818103790282,1.0,1.0,67041.90625,0.0
684.0,France,Female,39.0,4.0,23166.284375,1.0,1.0,0.0,120612.11000000002,0.0
793.0,France,Female,41.0,3.0,141806.46,1.0,1.0,0.0,102921.17,0.0
291.63886108398435,Germany,Female,49.0,-51.22755393981934,132571.67,1.0,1.0,1.0,31686.330000000005,1.0
524.0,France,Male,40.0,2.0,180516.9,1.0,1.0,0.0,180002.42,0.0
816.0,France,Male,31.0,8.0,0.0,2.0,1.0,1.0,28407.4,0.0
742.0,Germany,Female,41.0,4.0,92805.72,1.0,0.0,1.0,73743.95,1.0
540.0,France,Male,22.0,4.0,0.0,3.0,1.0,1.0,186233.26,0.0
537.0,Germany,Male,39.0,3.0,135309.36,1.0,1.0,0.0,31728.859999999997,1.0
759.0,France,Female,74.0,6.0,21875.51337890625,1.0,1.0,1.0,65221.226171875,0.0
774.0,France,Female,52.0,2.0,56580.93000000001,1.0,1.0,0.0,113266.28,1.0
608.0,Germany,Male,42.0,8.0,131390.75,2.0,1.0,0.0,71178.09,0.0
704.0,Spain,Male,37.0,4.0,0.0,2.0,0.0,0.0,25684.93,0.0
581.0,France,Male,41.0,8.0,0.0,2.0,0.0,0.0,29737.140000000003,0.0
628.0,Germany,Female,61.0,-22.239875411987306,97361.66,1.0,1.0,1.0,149922.38,1.0
566.0,France,Female,42.0,6.0,24532.7515625,1.0,1.0,0.0,69144.36953125,1.0
701.0,Spain,Male,23.966226196289064,7.0,0.0,2.0,0.0,1.0,27597.590000000004,0.0
369.08989868164065,France,Male,21.4846471786499,-14.800949811935425,0.0,3.1636356890201567,1.0,1.0,95025.27,0.0
680.0,France,Female,34.0,1.0,0.0,2.0,1.0,0.0,167035.07,0.0
560.0,France,Male,57.0,0.0,0.0,2.0,0.0,1.0,116781.71,0.0
663.0,Germany,Female,29.0,4.0,102714.65,2.0,0.0,0.0,21170.81,0.0
665.0,France,Female,34.0,5.0,67816.72,1.0,1.0,1.0,29641.580000000005,0.0
526.363916015625,France,Male,51.0,-14.19421100616455,81710.46,1.0,1.0,1.0,116520.07000000002,0.0
621.0,France,Male,26.0,2.0,75237.54,1.0,0.0,1.0,44220.4,0.0
764.0,Germany,Male,28.0,10.0,124023.17999999998,9.92105016708374,1.0,0.0,166188.28,0.0
537.0,Germany,Female,46.0,5.0,100727.5,1.0,0.0,1.0,140857.76,1.0
589.0,France,Female,46.0,10.0,107238.85,2.0,1.0,0.0,37024.28,0.0
555.0,France,Male,24.0,5.0,0.0,2.0,1.0,0.0,27513.47,0.0
734.0,France,Female,29.0,0.0,139994.66,1.0,1.0,0.0,17744.72,0.0
783.0,Spain,Female,4.841498947143554,9.0,126224.87,1.0,1.0,1.0,4423.63,0.0
678.0,Germany,Female,51.0,1.0,145751.03,1.0,0.0,0.0,109718.43999999999,1.0
661.0,France,Male,47.0,5.0,0.0,1.0,0.0,1.0,107243.31000000001,1.0
607.0,Spain,Female,25.0,4.0,121166.88999999998,1.0,0.0,1.0,115288.24000000002,0.0
537.0,Spain,Female,38.0,1.0,0.0,2.0,0.0,1.0,41233.97,0.0
513.0,France,Male,18.813483428955077,10.0,0.0,2.0,1.0,1.0,52952.240000000005,0.0
576.0,France,Male,63.0,9.0,70655.48,1.0,0.0,0.0,78955.8,1.0
660.0,Germany,Male,41.0,1.0,11522.67802734375,1.7819542646408082,1.0,0.0,26025.6,1.0
637.0,France,Male,40.0,8.0,32998.291015625,1.0,1.0,0.0,174536.17,0.0
45.1052978515625,France,Female,15.382990074157714,9.0,954.6992431640625,0.9499438166618347,1.0,0.0,2544.179931640625,0.0
629.0,France,Male,32.0,2.0,0.0,2.0,0.0,1.0,77965.44,0.0
583.0,Germany,Male,40.0,4.0,107041.3,1.0,1.0,0.0,5635.63,0.0
763.0,Spain,Female,32.0,10.0,95153.77,1.0,0.0,1.0,81310.1,0.0
516.0,Germany,Male,32.0,3.0,145166.09,2.0,0.0,0.0,111421.45,0.0
617.0,France,Female,27.0,4.0,48380.5578125,2.0,0.0,0.0,190269.21,1.0
700.0,France,Male,38.0,9.0,65962.63,1.0,1.0,1.0,62551.97265625,0.0
727.0,Germany,Male,36.0,-25.157235527038573,140418.81,46.87482452392578,1.0,1.0,108906.6203125,1.0
689.0,Spain,Female,1.6643607139587402,3.0,139799.63,37.57830257415772,0.0,1.0,120663.57000000002,0.0
81.40634536743164,Germany,Male,49.0,9.0,4379.878759765625,2.0,1.0,0.0,11769.2884765625,0.0
686.0,France,Male,38.0,6.0,149238.97,1.0,1.0,1.0,97825.23,0.0
351.0,Germany,Female,2.9043740749359133,4.0,163146.46,1.0,1.0,0.0,169621.69,1.0
739.0,France,Male,37.0,8.0,0.0,2.0,1.0,0.0,191557.1,1.0
627.0,France,Male,32.0,10.0,0.0,-2.4196385383605956,1.0,0.0,103287.62,0.0
451.0,Germany,Female,38.0,9.0,61482.469999999994,1.0,1.0,1.0,167538.66,0.0
512.0,France,Female,41.0,8.0,145150.28,1.0,1.0,0.0,64869.31999999999,1.0
389.4406425476074,France,Female,41.0,5.0,126670.37,1.0,1.0,0.0,102426.06,0.0
652.0,France,Female,40.0,8.0,84390.8,2.0,0.0,1.0,107876.2,1.0
638.0,Germany,Male,37.0,2.0,89728.86,2.0,1.0,1.0,37294.88,0.0
475.0,France,Female,57.0,1.0,0.0,2.0,1.0,0.0,89248.99,0.0
567.0,Spain,Male,40.0,4.0,118628.8,1.0,0.0,0.0,91973.63,0.0
86.69452438354492,France,Male,37.0,3.0,0.0,2.0,1.0,0.0,16870.2,0.0
850.0,France,Male,39.0,6.0,96863.13,1.0,0.0,0.0,121681.18999999999,0.0
753.0,France,Female,38.0,6.0,142263.45,1.0,0.0,1.0,33730.43,0.0
683.0,Spain,Female,36.0,7.0,28954.161328125,2.0,1.0,0.0,104786.59,0.0
710.0,France,Female,32.0,3.0,0.0,1.0,1.0,0.0,94790.34,0.0
645.0,Spain,Female,21.0,1.0,0.0,2.0,0.0,0.0,28726.07,0.0
714.0,France,Male,28.0,6.0,122724.37,1.0,1.0,0.0,67057.27,0.0
696.0,Germany,Female,35.0,4.0,174902.26,1.0,1.0,0.0,69079.85,0.0
612.0,Spain,Female,26.0,4.0,0.0,2.0,1.0,1.0,179780.74,0.0
520.0,Germany,Female,31.0,3.0,108914.17,1.0,1.0,1.0,183572.39,1.0
432.3242347717285,France,Male,23.0,-23.349258804321288,27287.058184814454,-2.209279716014862,1.0,1.0,142587.32,0.0
666.0,France,Male,-6.359763336181641,5.0,123873.18999999999,24.925878715515136,1.0,1.0,177844.06,0.0
466.0,Germany,Female,56.0,2.0,111920.13,3.0,1.0,0.0,75767.55078125,1.0
567.0,France,Female,45.0,4.0,0.0,2.0,0.0,1.0,121053.18999999999,0.0
613.0,France,Male,20.0,3.0,0.0,24.51613507270813,1.0,1.0,149613.77,0.0
718.0,France,Male,16.84917287826538,-6.379406499862671,0.0,10.495970606803894,1.0,1.0,45925.71779785156,0.0
506.4905944824219,France,Female,37.0,-33.028555679321286,75150.34,4.0,0.0,1.0,131766.67,1.0
217.07568969726563,France,Male,38.0,10.0,0.0,2.0,0.0,0.0,53311.780000000006,0.0
691.0,Germany,Female,38.0,5.0,114753.75999999998,1.0,1.0,0.0,107665.01999999999,0.0
527.0,France,Male,32.0,0.0,0.0,1.0,1.0,0.0,109523.88,0.0
476.0,France,Female,32.0,6.0,111871.92999999998,1.0,0.0,0.0,112132.86000000002,0.0
619.0,Spain,Female,45.0,0.0,0.0,2.0,0.0,0.0,113645.4,0.0
607.0,Germany,Female,37.0,4.0,135927.06,1.0,0.0,0.0,180890.4,0.0
695.0,France,Male,44.0,-12.165944147109986,0.0,2.9678136110305786,0.0,1.0,65048.95859375,0.0
653.0,France,Male,33.0,1.0,0.0,2.0,0.0,0.0,53379.52,0.0
677.0,France,Male,46.0,2.0,57037.740000000005,1.0,1.0,1.0,158531.01,0.0
655.0,France,Female,35.84813003540039,-31.416734218597412,0.0,5.504723691940308,1.0,0.0,179267.94,1.0
625.0,France,Female,52.0,2.0,79468.96,1.0,1.0,0.0,84606.03,0.0
679.0,Germany,Female,34.0,7.0,121063.85,1.0,1.0,0.0,56984.58,0.0
465.9805603027344,France,Male,51.0,1.0,118537.47,1.0,1.0,1.0,116912.45,0.0
666.0,France,Male,39.0,10.0,0.0,2.0,1.0,0.0,102999.33,0.0
592.0,Germany,Female,26.0,4.0,105082.07000000002,2.0,1.0,0.0,132801.57,0.0
564.0,France,Male,40.0,4.0,0.0,1.0,1.0,0.0,85455.62,1.0
814.0,France,Female,36.0,6.0,0.0,2.0,1.0,1.0,98657.01,0.0
592.0,Germany,Male,36.0,2.0,104702.65,2.0,1.0,0.0,107948.72,0.0
758.0,France,Female,-29.124233055114747,2.0,95813.76,3.0,1.0,1.0,67944.09,1.0
612.0,Spain,Female,62.0,0.0,167026.61,47.290046310424806,0.0,1.0,192892.05,1.0
498.0,France,Male,39.537115287780765,-34.90656728744507,43730.71171875,1.0,1.0,0.0,187247.56,1.0
638.0,Germany,Male,25.0,4.0,148045.45,2.0,0.0,1.0,114722.42,0.0
558.0,France,Male,35.0,1.0,0.0,2.0,0.0,0.0,111687.57000000002,0.0
756.0,France,Female,24.0,1.0,0.0,2.0,1.0,0.0,184182.25,0.0
782.0,France,Male,52.0,4.0,0.0,1.0,1.0,1.0,58411.18371582031,1.0
473.90296630859376,France,Male,34.0,10.0,104498.79,1.0,0.0,1.0,126451.13999999998,0.0
671.0,Spain,Female,29.0,6.0,0.0,2.0,0.0,0.0,12048.67,1.0
801.0,France,Male,32.205651092529294,6.0,0.0,2.0,1.0,1.0,95804.33,0.0
604.0,France,Male,26.0,-51.78769254684448,149542.52,2.0,0.0,1.0,197911.52,0.0
716.0,France,Female,29.0,10.0,87946.39,9.653034782409668,1.0,1.0,182531.74,0.0
624.0,France,Female,45.0,-29.203528690338135,68639.57,1.0,1.0,0.0,168002.31,1.0
607.0,Germany,Male,-40.94071636199951,4.0,148826.32,1.0,1.0,1.0,79450.61,0.0
827.0,France,Female,60.0,2.0,0.0,2.0,0.0,1.0,60615.83,0.0
606.0,France,Male,61.0,5.0,108166.09,37.94083671569824,0.0,1.0,8643.21,0.0
717.0,Germany,Female,35.0,5.0,103214.71,1.0,1.0,0.0,172172.7,0.0
651.0,Germany,Male,40.0,1.0,134760.21,2.0,0.0,1.0,77871.64367675781,1.0
691.0,France,Male,58.0,3.0,33465.92421875,1.0,0.0,1.0,194930.3,1.0
573.0,France,Female,33.0,0.0,90124.64,1.0,1.0,0.0,137476.71,0.0
350.1924224853516,Spain,Male,38.0,-18.008720445632935,18332.324545288087,2.0,1.0,0.0,94415.6,0.0
584.0,Germany,Female,6.825748634338379,-55.354378128051756,87361.02,2.0,1.0,0.0,120376.87,1.0
550.0,Germany,Female,45.0,8.0,111257.59,1.0,1.0,0.0,97623.42,1.0
331.4460906982422,France,Female,61.0,3.0,131583.59,4.0,0.0,1.0,66238.23,1.0
549.0,Germany,Male,41.0,9.0,19824.883740234374,3.0,1.0,1.0,58054.6919921875,1.0
850.0,Spain,Female,24.0,1.0,0.0,2.0,0.0,1.0,69052.87,0.0
668.0,Germany,Male,34.0,5.0,80242.37,2.0,0.0,0.0,56780.969999999994,0.0
661.7773681640625,France,Female,43.0,0.0,0.0,1.0,1.0,1.0,170072.9,0.0
417.83924560546876,France,Male,10.421877479553222,-28.368560123443604,26816.034130859374,8.408870255947113,1.0,1.0,191849.15,1.0
352.2722900390625,Spain,Female,59.0,0.0,122661.38999999998,1.0,0.0,1.0,84803.76,0.0
524.0,France,Male,50.0,4.0,0.0,2.0,1.0,1.0,31840.590000000004,1.0
645.0,France,Female,36.0,8.0,0.0,2.0,1.0,1.0,12096.61,1.0
850.0,France,Male,42.0,0.0,0.0,-7.108813226222992,1.0,0.0,44165.84,0.0
537.0,France,Female,53.0,3.0,0.0,1.0,1.0,1.0,91406.62,0.0
599.0,Spain,Female,46.0,7.0,81742.84,2.0,1.0,0.0,83282.21,0.0
87.2031852722168,France,Male,71.0,8.0,4368.4488525390625,0.3512760281562805,1.0,0.0,12966.372998046874,1.0
756.0,Spain,Male,30.0,2.0,145127.85,1.0,0.0,0.0,7554.68,0.0
755.0,France,Male,38.0,9.0,14388.8916015625,1.0,1.0,0.0,80416.16,0.0
634.0,Spain,Female,41.0,4.0,0.0,2.0,1.0,1.0,164549.74,0.0
837.0,France,Male,15.364347076416015,4.0,31231.056640625,13.460353755950928,1.0,0.0,87217.55,0.0
727.0,Germany,Female,30.0,-54.042671585083006,119027.28,2.0,1.0,1.0,95367.03515625,0.0
567.0,Germany,Female,40.0,2.0,105222.86000000002,2.0,1.0,0.0,93795.86,0.0
650.0,Spain,Female,30.0,6.0,0.0,1.0,0.0,0.0,67997.13,1.0
655.0,Spain,Male,34.0,1.0,116114.92999999998,1.0,1.0,1.0,49492.15,0.0
763.0,France,Female,-33.37907180786133,9.0,187911.55,1.0,0.0,1.0,35825.18,0.0
843.0,France,Female,27.0,5.0,0.0,2.0,1.0,1.0,29821.363818359376,0.0
667.0,France,Female,38.0,6.0,144432.04,1.0,0.0,1.0,73963.17,1.0
705.0,France,Female,50.0,4.0,29742.174609375,2.0,0.0,1.0,145159.26,0.0
660.0,Germany,Female,29.0,6.0,180520.29,26.674133276939394,1.0,1.0,94463.29375,1.0
553.0,France,Male,42.0,1.0,0.0,2.0,0.0,0.0,23822.04,0.0
612.0,Germany,Female,47.0,-42.829285335540774,130024.87,1.0,1.0,1.0,81643.415625,1.0
641.0,Germany,Female,40.0,2.0,110086.68999999999,1.0,1.0,0.0,159773.14,0.0
513.0,Spain,Female,31.0,5.0,174853.46,1.0,1.0,0.0,84238.63,0.0
680.0,France,Male,44.0,7.0,108724.98000000001,1.0,0.0,1.0,72330.46,0.0
711.0,France,Male,9.43882417678833,9.0,91285.13,9.379499769210815,1.0,1.0,26767.85,0.0
414.32914581298826,Spain,Male,31.495242500305174,2.0,0.0,2.0,1.0,0.0,164768.82,0.0
665.0,Germany,Female,51.0,9.0,110610.41,2.0,0.0,1.0,1112.76,1.0
551.0,Germany,Male,54.0,5.0,102994.04,23.99563331604004,1.0,0.0,74765.95,1.0
645.0,Spain,Male,36.0,4.0,59893.85,2.0,1.0,0.0,43999.64,0.0
616.0,Germany,Male,29.0,8.0,149318.55,34.30737399458885,1.0,0.0,140746.13,0.0
582.0,France,Female,32.0,1.0,116409.55,1.0,0.0,1.0,152790.92,0.0
365.0,Germany,Male,30.0,0.0,127760.07000000002,1.0,1.0,0.0,81537.85,1.0
697.0,Germany,Female,38.0,6.0,132591.36,1.0,1.0,1.0,7387.8,1.0
704.0,France,Male,31.0,-27.385687255859374,0.0,2.0,1.0,0.0,183038.33,0.0
656.0,France,Female,46.0,5.0,113402.13999999998,2.0,1.0,1.0,138849.06,0.0
712.0,France,Female,31.0,7.0,0.0,2.0,1.0,0.0,170333.38,0.0
748.0,France,Male,40.0,0.0,0.0,1.0,0.0,0.0,60416.759999999995,0.0
724.0,France,Male,28.0,9.0,0.0,5.836310482025146,1.0,1.0,65930.8046875,0.0
691.0,France,Male,50.0,6.0,136953.47,1.7768817961215972,1.0,0.0,2704.98,0.0
563.0,France,Male,33.0,8.0,0.0,2.0,0.0,1.0,68815.05,0.0
741.0,France,Male,32.0,5.0,0.0,1.0,1.0,1.0,64839.23,0.0
778.0,France,Male,44.0,8.0,123863.63999999998,1.0,1.0,0.0,87079.0234375,0.0
848.0,Spain,Male,22.0,7.0,29611.914404296876,1.0,1.0,0.0,78743.5056640625,0.0
634.0,Germany,Male,38.0,2.0,148430.55,1.0,1.0,1.0,56055.719999999994,0.0
505.0,France,Male,40.0,6.0,47869.69,2.0,1.0,1.0,155061.97,0.0
395.8040023803711,Germany,Male,53.0,7.0,150926.99,2.0,0.0,0.0,84173.1240234375,0.0
537.0,Germany,Female,47.0,6.0,103163.35,1.0,1.0,0.0,16259.64,1.0
633.0,France,Male,29.0,10.0,130206.28,1.0,1.0,0.0,184654.87,0.0
287.98142395019534,France,Female,28.0,4.0,136674.51,2.0,0.0,0.0,5278.78,0.0
592.0,Spain,Female,40.0,2.0,200322.45,1.0,1.0,1.0,113244.73000000001,0.0
587.0,Spain,Male,48.0,1.0,0.0,6.348848336935044,1.0,1.0,8908.0,0.0
550.0,Spain,Male,-18.29855031967163,7.0,80927.56,1.0,0.0,1.0,64490.67,1.0
432.7132209777832,France,Female,24.0,10.0,0.0,3.0,1.0,0.0,154971.63,1.0
622.0,Spain,Female,41.0,9.0,25094.623193359374,2.0,1.0,0.0,155786.39,1.0
594.0,Germany,Male,-27.674814987182618,0.0,142574.71,28.586825847625732,1.0,0.0,129084.82000000002,0.0
643.0,Germany,Female,34.0,7.0,160426.07,1.0,0.0,1.0,188533.11,0.0
540.0,France,Male,25.0,5.0,116160.23000000001,21.984735441207885,1.0,0.0,13411.670000000002,0.0
635.0,Spain,Female,34.0,5.0,98683.47,2.0,1.0,0.0,15733.189999999999,0.0
657.0,France,Male,32.0,3.0,118829.03,2.0,1.0,0.0,73127.61,0.0
814.0,France,Male,31.0,1.0,118870.92,1.0,1.0,0.0,101704.19,0.0
600.0,France,Male,32.0,-21.16378607749939,0.0,1.0,1.0,1.0,101986.16,0.0
682.0,France,Female,46.0,2.0,0.0,1.0,1.0,1.0,114442.66,0.0
191.1213851928711,France,Male,38.0,4.0,107192.38,1.0,1.0,1.0,15669.170000000002,0.0
170.59578399658204,France,Male,42.0,3.0,108010.78,1.0,1.0,1.0,26201.35625,0.0
550.0,Spain,Male,34.0,-24.84712905883789,0.0,2.0,0.0,0.0,131281.28,0.0
630.0,France,Male,26.0,-33.93559640645981,129837.72,2.0,0.0,1.0,117756.9359375,0.0
271.9047149658203,France,Female,58.0,3.0,106458.31000000001,15.981039798259735,1.0,1.0,42787.105249023436,1.0
486.0,France,Male,63.0,9.0,19376.0494140625,1.0,1.0,0.0,85101.0,0.0
762.0,Spain,Male,35.0,-28.604452705383302,122929.42,32.3625410079956,0.0,0.0,149822.04,0.0
48.24144439697265,France,Male,17.003705406188963,6.0,927.5525695800782,4.0,1.0,1.0,2778.7145385742188,1.0
498.0,France,Female,30.0,1.0,0.0,2.0,0.0,0.0,135795.53,0.0
850.0,Spain,Male,49.0,8.0,0.0,1.0,0.0,0.0,25867.67,1.0
603.0,France,Male,14.034729146957398,6.0,128993.75999999998,2.0,1.0,0.0,130483.56000000001,0.0
551.0,France,Female,36.0,5.0,0.0,1.0,1.0,0.0,183479.12,0.0
627.0,Germany,Male,27.0,0.0,185267.45,2.0,1.0,1.0,77027.34,0.0
515.0,France,Female,28.0,9.0,0.0,2.0,0.0,0.0,94141.75,0.0
605.0,Spain,Female,29.0,3.0,116805.82000000002,1.0,0.0,0.0,4092.75,0.0
567.0,Germany,Male,29.0,5.0,129750.67999999998,21.511727619171143,1.0,0.0,109257.59,0.0
568.0,Germany,Female,29.0,2.0,129177.00999999998,2.0,0.0,1.0,104617.99,0.0
688.1737915039063,Germany,Male,25.0,6.0,82506.72,2.0,1.0,0.0,167705.07,0.0
634.0,Germany,Male,48.0,2.0,24658.05732421875,1.0,1.0,0.0,66847.784765625,0.0
768.0,Spain,Female,42.0,3.0,0.0,1.0,0.0,0.0,161242.99,1.0
554.0,Germany,Female,36.0,3.0,157780.93,2.0,1.0,0.0,6089.13,0.0
629.0,France,Male,35.0,1.0,172170.36,1.0,1.0,1.0,159777.37,0.0
638.0,Spain,Male,48.0,2.0,0.0,2.0,1.0,1.0,7919.08,0.0
576.0,France,Male,41.0,1.0,0.0,1.0,1.0,1.0,188274.6,0.0
661.0,Spain,Female,42.0,9.0,75361.44,1.0,1.0,0.0,56481.5390625,1.0
592.0,France,Female,27.0,4.0,0.0,2.0,1.0,1.0,183569.25,0.0
702.0,Spain,Male,30.0,2.0,0.0,5.367935729026795,1.0,1.0,145537.32,0.0
647.0,France,Female,29.0,0.0,98263.46,2.0,1.0,0.0,164717.95,0.0
593.0,France,Male,43.0,9.0,0.0,2.0,1.0,0.0,76357.43,0.0
712.0,France,Male,1.2411832809448242,3.0,109308.79,31.521348667144775,1.0,0.0,120158.72,0.0
625.0,Spain,Female,31.0,8.0,0.0,2.0,1.0,0.0,151843.54,0.0
538.0,Germany,Female,28.0,6.0,164365.44,1.0,0.0,1.0,5698.97,0.0
637.0,Spain,Female,22.0,5.0,98800.0,1.0,1.0,0.0,122865.55,0.0
632.0,France,Male,27.0,4.0,193125.85,1.0,1.0,1.0,152665.85,0.0
736.0,France,Male,27.0,5.0,51522.75,1.0,0.0,1.0,192131.77,0.0
755.0,France,Male,23.0,5.0,20412.6544921875,2.0,1.0,1.0,62851.6,1.0
425.0,Spain,Female,39.0,5.0,0.0,2.0,1.0,0.0,140941.47,0.0
364.1960983276367,France,Male,51.0,9.0,119889.84,1.0,0.0,0.0,56767.67,1.0
745.0,France,Male,21.0,4.0,137910.45,1.0,1.0,0.0,177235.23,0.0
616.0,France,Female,37.0,6.0,0.0,2.0,1.0,0.0,86242.18,0.0
587.0,France,Male,33.0,5.0,100116.82,1.0,1.0,0.0,34215.58,0.0
850.0,Germany,Male,40.0,4.0,166082.15,2.0,0.0,1.0,44406.17,1.0
601.0,France,Female,38.0,0.0,0.0,2.0,1.0,0.0,165196.65,0.0
730.0,Spain,Male,26.0,3.0,0.0,1.0,1.0,0.0,34542.41,0.0
532.0,France,Male,44.0,3.0,148595.55,1.0,1.0,0.0,74838.64,1.0
212.28359756469726,Germany,Male,53.0,2.0,94078.97,2.0,1.0,0.0,36980.54,0.0
779.0,Spain,Female,34.0,-15.706389427185059,0.0,2.0,0.0,0.0,111676.63,0.0
562.0,France,Male,29.0,9.0,0.0,4.262975972890854,1.0,1.0,25858.68,0.0
670.0,Germany,Male,40.0,2.0,164948.98,10.408671760559082,1.0,0.0,177028.0,1.0
264.38167572021484,France,Female,62.0,4.0,140549.4,1.0,0.0,0.0,30990.159999999996,1.0
767.0,France,Female,44.0,2.0,152509.25,1.0,1.0,1.0,136915.15,0.0
742.0,Germany,Female,28.0,2.0,191864.51,1.0,1.0,0.0,108457.99000000002,1.0
669.0,France,Female,44.0,8.0,96418.09,1.0,0.0,0.0,131609.48,1.0
542.0,France,Male,32.0,2.0,131945.94,1.0,0.0,1.0,159737.56,0.0
586.0,France,Male,29.0,3.0,0.0,2.0,1.0,1.0,142238.54,0.0
612.0,Germany,Female,-13.76505229473114,9.0,142910.15,1.0,1.0,0.0,105890.55,0.0
740.0,France,Male,37.0,7.0,0.0,2.0,1.0,1.0,194270.91,0.0
584.0,France,Male,35.0,3.0,146311.58,1.0,1.0,1.0,105443.47,0.0
475.93700714111327,France,Male,52.0,2.0,87894.26,1.0,1.0,0.0,173899.42,1.0
614.0,France,Female,19.0,5.0,97445.49,2.0,1.0,0.0,122823.34,0.0
598.0,France,Female,64.0,9.0,0.0,1.0,0.0,1.0,13181.37,1.0
799.0,Spain,Female,35.0,7.0,0.0,2.0,0.0,1.0,140780.8,0.0
724.0,France,Male,34.0,2.0,154485.74,2.0,0.0,0.0,78560.64,0.0
601.0,France,Male,50.0,2.0,115625.07000000002,1.0,1.0,0.0,185855.21,0.0
804.0,France,Male,25.0,7.0,108396.67,1.0,1.0,0.0,128276.95,0.0
745.0,Germany,Male,38.0,-19.178616523742676,65095.41000000001,2.0,1.0,1.0,140197.42,0.0
667.0,Germany,Male,43.0,1.0,103018.45,1.0,1.0,0.0,32462.390000000003,1.0
518.0,France,Female,38.0,10.0,84764.79,1.0,1.0,1.0,162253.9,0.0
819.0,France,Female,38.0,10.0,0.0,2.0,1.0,0.0,30498.7,0.0
520.0,Spain,Female,35.0,4.0,115680.81000000001,1.0,1.0,1.0,90280.7,0.0
625.0,France,Female,39.0,5.0,0.0,2.0,1.0,0.0,32615.21,0.0
673.0,Germany,Male,36.0,5.0,73088.06,2.0,0.0,0.0,60873.8140625,1.0
656.0,Germany,Female,27.0,3.0,150905.03,2.0,1.0,0.0,16998.72,0.0
850.0,Spain,Female,23.0,-7.173108100891113,143054.85,1.0,0.0,1.0,62980.96,0.0
574.0,Spain,Female,28.0,7.0,0.0,2.0,1.0,0.0,45008.34638671875,0.0
679.0,France,Male,11.436842441558838,6.0,0.0,2.0,1.0,1.0,77331.77,0.0
530.0,Germany,Female,42.0,0.0,99948.45,1.0,0.0,1.0,97338.62,0.0
508.0,France,Male,44.0,3.0,115451.05,2.0,0.0,0.0,67234.33,0.0
558.0,France,Male,32.0,4.0,108235.91,1.0,1.0,1.0,143783.28,0.0
414.0,France,Male,18.112754821777344,8.0,0.0,1.0,0.0,1.0,77661.12,1.0
648.0,Spain,Male,42.0,2.0,98795.61,12.838818669319153,1.0,0.0,89123.99,0.0
721.0,France,Female,37.0,1.0,0.0,2.0,1.0,0.0,70810.8,0.0
751.0,France,Male,31.0,8.0,0.0,2.0,0.0,0.0,17550.49,0.0
662.0,France,Male,34.0,2.0,0.0,2.0,0.0,1.0,60773.9123046875,0.0
628.0,Germany,Male,29.0,-26.765772533416747,113146.98000000001,2.0,0.0,1.0,124749.08,0.0
597.0,Germany,Female,39.0,8.0,162532.14,3.0,1.0,0.0,36051.46,0.0
698.0,Spain,Female,40.0,0.0,92053.44,1.0,1.0,1.0,97462.8703125,0.0
723.0,France,Male,48.0,7.0,0.0,2.0,1.0,0.0,81776.5919921875,0.0
586.0,France,Female,28.0,5.0,0.0,3.0,1.0,0.0,170487.4,1.0
361.20225982666017,Germany,Female,29.0,8.0,104944.1,1.0,1.0,1.0,97684.46,0.0
564.0,France,Male,31.0,4.0,0.0,2.0,1.0,0.0,53520.030000000006,0.0
649.0,France,Female,31.0,2.0,0.0,2.0,1.0,0.0,15200.61,0.0
622.0,France,Female,30.0,4.0,107879.04,1.0,0.0,1.0,196894.62,0.0
459.0,Germany,Male,46.0,7.0,110356.42,1.0,1.0,0.0,4969.13,1.0
718.0,France,Male,27.0,2.0,0.0,2.0,0.0,0.0,26229.24,0.0
655.0,Spain,Male,34.0,4.0,109783.68999999999,2.0,1.0,0.0,134034.32,0.0
696.0,France,Male,22.0,9.0,149777.0,37.091244316101076,1.0,1.0,198032.93,0.0
637.0,France,Female,38.0,3.0,104339.56,1.0,0.0,0.0,119882.86000000002,0.0
630.0,Spain,Female,21.0,1.0,85818.18,1.0,1.0,1.0,133102.3,0.0
592.0,France,Male,37.0,-66.93822975158692,212692.97000000003,1.0,0.0,0.0,176395.02,0.0
634.0,Germany,Male,37.0,1.0,89696.84,2.0,1.0,1.0,193179.88,0.0
69.56784591674804,France,Female,28.0,9.0,0.0,2.0,1.0,1.0,6976.794970703125,0.0
565.0,Germany,Female,32.0,9.0,68067.24,1.0,1.0,0.0,143287.58,0.0
84.65720901489257,Spain,Male,67.0,9.0,3587.1372314453124,3.452222990989685,0.0,0.0,10806.041845703125,1.0
665.0,France,Female,55.0,8.0,136354.16,24.6805981695652,1.0,1.0,80061.7240234375,0.0
649.0,France,Male,38.0,1.0,122214.0,1.0,0.0,1.0,88965.46,0.0
695.0,France,Male,45.0,-2.3286175966262816,0.0,2.0,1.0,1.0,30793.609999999997,0.0
95.82758178710938,Germany,Male,70.0,0.167161762714386,5486.68212890625,2.0,1.0,1.0,15237.68984375,1.0
788.0,France,Female,39.0,3.0,29127.490625,1.0,0.0,1.0,113086.08,0.0
569.0,Germany,Female,42.0,9.0,146100.75,1.0,1.0,0.0,32574.01,1.0
77.03796310424805,France,Male,56.0,8.0,3631.0364013671874,2.5893040180206297,1.0,0.0,10948.777490234375,1.0
329.67887420654296,Germany,Female,44.0,3.0,111760.4,3.0,1.0,1.0,104722.47,1.0
153.30653381347656,France,Female,32.0,9.0,110728.38999999998,1.0,1.0,1.0,14559.62,1.0
614.0,France,Female,41.0,8.0,121558.46,1.0,1.0,1.0,598.8,0.0
453.0,Germany,Female,38.0,8.0,120623.21,1.0,1.0,0.0,129697.99000000002,0.0
471.0,France,Female,58.0,4.0,114713.57000000002,1.0,0.0,1.0,36315.03,0.0
829.0,Germany,Female,37.0,3.0,103457.76,1.0,0.0,0.0,1114.12,0.0
754.0,Germany,Female,57.0,2.0,101134.87,2.0,0.0,1.0,90001.5328125,0.0
749.0,Germany,Male,46.0,10.0,78136.36,9.374831438064575,1.0,0.0,73470.98,0.0
667.0,France,Male,23.0,1.0,0.0,2.0,1.0,0.0,91573.19,0.0
670.0,Spain,Male,30.0,3.0,133446.34,19.324554991722106,0.0,0.0,3154.95,0.0
670.0,France,Female,33.0,7.0,0.0,2.0,1.0,0.0,88187.81,0.0
623.0,Germany,Female,15.562479782104493,1.0,108076.33,1.0,1.0,0.0,118855.25999999998,1.0
571.0,France,Male,32.0,5.0,131354.25,1.0,1.0,0.0,125256.53,0.0
641.0,Germany,Female,37.0,7.0,62974.64,2.0,0.0,1.0,39016.43,0.0
551.0,Germany,Female,30.0,2.0,143340.44,1.0,1.0,0.0,145796.49,0.0
510.16756134033204,Germany,Male,36.0,8.0,116993.42999999998,2.0,1.0,0.0,168816.22,0.0
472.0,France,Male,31.0,4.0,58662.92,2.0,0.0,1.0,73322.0,0.0
650.0,Spain,Female,24.597374749183654,3.0,16964.782653808594,3.0,0.0,0.0,113677.53,1.0
625.0,France,Male,45.0,7.0,137555.44,1.0,0.0,0.0,124607.7,0.0
650.0,Germany,Male,34.0,4.0,142393.11,1.0,1.0,1.0,11276.48,0.0
535.0,France,Female,38.0,8.0,0.0,2.0,1.0,0.0,136620.64,0.0
649.0,France,Female,41.0,2.0,125785.23000000001,1.0,1.0,1.0,70523.92,0.0
689.0,France,Male,22.0,4.0,136444.25,1.0,1.0,0.0,95993.4671875,1.0
694.0,Spain,Male,2.56758394241333,-24.989346623420715,121527.4,1.0,1.0,0.0,113481.01999999999,0.0
655.0,Germany,Male,52.0,-48.049982166290285,144696.75,1.0,0.0,1.0,49025.79,0.0
620.0,France,Male,36.0,8.0,0.0,2.0,1.0,1.0,145937.99,0.0
577.0,France,Female,35.0,10.0,0.0,2.0,1.0,1.0,25161.61,0.0
401.0,Germany,Female,48.0,8.0,128140.17,16.35026969909668,1.0,0.0,175753.55,1.0
220.9648406982422,France,Male,25.0,6.0,120383.41,1.0,1.0,1.0,24903.09,0.0
481.0,France,Female,57.0,9.0,43333.394921875,3.0,1.0,1.0,169719.35,1.0
75.01981582641602,France,Male,42.0,8.0,3346.5403076171874,2.0,1.0,1.0,9496.7861328125,0.0
698.0,Spain,Female,31.0,8.0,185078.26,1.0,0.0,0.0,115337.74000000002,1.0
480.0,France,Female,28.0,6.0,0.0,2.0,0.0,0.0,48131.92,0.0
682.0,France,Male,42.0,0.0,0.0,1.0,1.0,1.0,160828.98,0.0
513.3128280639648,Spain,Male,17.43038091659546,-24.403485679626463,0.0,2.0,0.0,1.0,145151.96,0.0
492.0,France,Male,-10.524700927734376,1.0,144591.96,1.0,1.0,1.0,196293.76,0.0
444.0,France,Female,45.0,4.0,0.0,2.0,1.0,0.0,161653.5,1.0
624.0,France,Male,36.0,6.0,0.0,2.0,0.0,0.0,84635.64,0.0
709.0,France,Male,37.0,7.0,0.0,1.0,1.0,0.0,159486.76,0.0
557.0,Germany,Male,68.0,2.0,100194.44,1.0,1.0,1.0,38596.34,0.0
646.0,Germany,Male,15.903324079513549,6.0,145295.31,4.523266983032227,1.0,1.0,76435.6953125,0.0
642.3377197265625,Germany,Male,28.0,-55.24514636993408,106070.29,4.736369705200195,1.0,1.0,183893.31,0.0
706.0,Germany,Female,1.289674973487854,6.0,120621.88999999998,1.0,1.0,1.0,140803.7,0.0
660.0,France,Male,38.0,7.0,0.0,2.0,0.0,1.0,146585.53,0.0
667.0,France,Male,36.0,9.0,0.0,2.0,1.0,1.0,40062.29,0.0
705.0,France,Male,30.0,1.0,0.0,1.0,1.0,1.0,181300.32,0.0
598.0,Germany,Female,27.0,10.0,171283.91,1.0,1.0,1.0,84136.12,0.0
669.0,France,Male,26.0,4.0,0.0,2.0,1.0,1.0,197594.34,0.0
580.0,Germany,Female,38.0,1.0,128218.47,1.0,1.0,0.0,125953.83,1.0
676.0,France,Female,32.0,5.0,0.0,2.0,1.0,1.0,75465.41,0.0
714.0,Germany,Male,28.0,7.0,34367.62890625,1.0,1.0,0.0,177737.07,1.0
597.0,Germany,Female,72.0,6.0,124978.18999999999,30.716006803512574,1.0,1.0,7144.460000000001,0.0
559.0,France,Male,29.0,1.0,0.0,2.0,0.0,0.0,155639.76,0.0
564.0,France,Female,28.0,1.0,0.0,1.0,1.0,1.0,162428.05,0.0
91.38481903076172,France,Male,51.0,0.5765947103500366,3987.789306640625,2.0,1.0,0.0,12457.76,1.0
85.93083419799805,France,Male,39.0,7.0,0.0,2.0,0.0,0.0,14917.09,0.0
758.0,Germany,Female,61.0,-43.14133720397949,125397.21,1.0,1.0,0.0,100716.7484375,1.0
604.0,France,Female,71.0,-19.332334995269775,0.0,16.37724142074585,1.0,1.0,129984.2,0.0
507.5135864257812,Germany,Male,12.065775775909424,9.0,111347.37,24.231551122665405,0.0,1.0,194872.97,0.0
70.65637512207032,France,Male,40.0,8.0,2868.2309448242186,1.7555718183517457,1.0,0.0,8141.950634765625,1.0
732.0,France,Male,17.506156826019286,9.0,26432.794140625,2.0,1.0,1.0,77100.7953125,1.0
646.0,France,Male,24.0,8.0,0.0,2.0,0.0,0.0,92612.88,0.0
597.0,France,Female,33.0,6.0,16232.115405273438,2.0,0.0,0.0,74850.84,0.0
821.0,France,Female,37.0,5.0,106453.53,2.0,0.0,1.0,86998.8359375,0.0
640.0,France,Male,43.0,7.0,132412.38,1.0,0.0,0.0,69584.3,1.0
511.0,Germany,Female,40.0,9.0,124401.6,1.0,1.0,1.0,198814.24,1.0
805.0,France,Male,19.772432136535645,6.0,118022.06000000001,3.0,1.0,0.0,162643.15,1.0
540.0,Germany,Male,39.0,1.0,82531.11,1.0,1.0,0.0,114092.51999999999,0.0
705.0,Spain,Male,18.27423210144043,0.0,22130.19453125,1.0,1.0,0.0,68860.3,0.0
540.0,Germany,Male,39.0,-7.4406290531158445,127278.31000000001,1.0,1.0,1.0,16150.34,0.0
532.0,Spain,Female,66.0,3.0,0.0,1.0,1.0,1.0,115227.01999999999,0.0
535.0,France,Female,45.0,2.0,0.0,2.0,0.0,1.0,170621.55,0.0
627.0,Germany,Male,23.0,5.0,184244.86,37.36066455841065,1.0,0.0,103099.22,0.0
646.0,France,Female,52.0,8.0,59669.43000000001,1.0,0.0,0.0,172495.81,1.0
515.0,France,Female,25.0,7.0,79543.59,1.0,0.0,1.0,38772.82,0.0
697.0,France,Female,39.0,6.0,151553.19,1.0,1.0,1.0,44946.29,0.0
652.0,Germany,Male,27.0,2.0,166527.88,2.0,0.0,1.0,146007.7,0.0
579.0,Germany,Male,28.0,6.0,150329.15,1.0,1.0,0.0,145558.42,0.0
760.0,France,Male,43.0,8.0,44592.65,1.0,1.0,0.0,193312.33,1.0
769.0,France,Male,51.0,9.0,156773.78,2.0,1.0,0.0,40257.79,0.0
498.0,Spain,Male,-2.1715737342834474,8.0,127864.25999999998,7.785210967063904,1.0,1.0,46677.9,0.0
774.0,France,Male,-20.5150089263916,4.0,113709.28,1.0,1.0,1.0,153887.93,1.0
705.0,Germany,Female,43.0,-31.89999923706055,79974.55,1.0,0.0,1.0,103108.33,0.0
648.0,France,Female,44.0,-5.930367279052734,0.0,2.0,1.0,1.0,58652.23,0.0
688.0,France,Female,51.0,5.0,0.0,1.0,1.0,0.0,91624.11,1.0
592.0,Spain,Male,38.0,0.0,0.0,1.0,1.0,0.0,65986.48,1.0
705.0,France,Male,33.0,3.0,144427.96,2.0,1.0,0.0,113845.18999999999,0.0
654.0,France,Male,42.0,7.0,99263.09,1.0,1.0,1.0,67607.9,0.0
624.0,France,Female,32.0,2.0,79368.87,2.0,1.0,1.0,145471.94,0.0
594.0,France,Female,30.0,10.0,0.0,3.246887683868408,1.0,1.0,124071.71,0.0
695.0,Spain,Female,16.96453266143799,9.0,0.0,2.0,1.0,0.0,69389.53474121094,0.0
597.0,France,Male,28.0,2.0,0.0,3.0,1.0,1.0,78707.97,0.0
758.0,France,Female,52.0,7.0,125095.93999999999,1.0,1.0,0.0,171189.83,1.0
737.0,Germany,Female,40.0,2.0,162485.8,2.0,1.0,0.0,149381.32,0.0
694.0,Germany,Male,37.0,1.0,95668.82,2.0,1.0,0.0,100335.55,0.0
683.0,France,Male,28.19351029396057,4.0,0.0,2.0,1.0,0.0,152698.24,0.0
538.0,Spain,Female,20.589077758789063,8.0,0.0,2.0,1.0,1.0,41192.95,0.0
669.0,France,Male,37.0,4.0,0.0,1.0,1.0,0.0,132540.33,0.0
730.0,France,Female,34.0,5.0,74197.38,2.0,1.0,0.0,96875.52,0.0
622.0,France,Female,31.0,-25.693642687797546,89688.94,1.0,1.0,1.0,152305.47,0.0
714.0,Spain,Female,33.0,10.0,103121.33,13.149724769592286,0.0,1.0,49672.01,1.0
569.0,Spain,Female,34.0,3.0,30689.16328125,1.0,1.0,0.0,133997.53,0.0
305.8629547119141,Germany,Female,59.0,5.0,120170.07000000002,1.0,0.0,1.0,50454.8,0.0
279.2757141113281,France,Male,32.0,9.0,149136.31,2.0,0.0,1.0,16402.11,0.0
600.0,France,Male,40.0,1.0,141136.79,1.0,1.0,1.0,67803.83,0.0
693.0,France,Female,43.0,4.0,152341.55,1.0,1.0,0.0,9241.78,0.0
704.0,France,Male,36.0,7.0,120026.98000000001,23.147011375427248,0.0,1.0,100601.73,0.0
527.0,Spain,Male,33.0,9.0,132168.28,1.0,0.0,0.0,98734.15,0.0
628.9262023925781,Germany,Male,43.0,-22.149089956283568,85200.82,2.0,1.0,1.0,160574.09,1.0
575.0,Spain,Male,53.0,1.0,84903.33,8.270511865615845,0.0,1.0,54329.8263671875,0.0
626.0,France,Female,32.0,0.0,0.0,2.0,0.0,0.0,187172.54,0.0
582.0,France,Male,20.0,4.0,0.0,1.0,1.0,1.0,55763.66000000001,0.0
195.11475372314453,Spain,Male,40.0,8.0,0.0,1.0,1.0,0.0,75848.22,0.0
850.0,France,Male,30.0,9.0,121535.17999999998,1.0,0.0,0.0,40313.47,0.0
653.0,France,Male,13.52398910522461,-37.927622604370114,116662.96,2.0,0.0,1.0,91536.1046875,0.0
679.0,France,Male,60.0,8.0,0.0,2.0,1.0,0.0,58206.24360351563,0.0
549.0,Germany,Female,49.0,6.0,124829.16,1.0,0.0,1.0,93551.36,0.0
850.0,Spain,Female,36.0,2.0,155180.56,2.0,0.0,0.0,169415.54,0.0
558.0,Germany,Female,32.0,1.0,108262.87,1.0,1.0,1.0,6935.31,0.0
528.0,France,Male,40.0,4.0,0.0,2.0,1.0,0.0,25399.7,0.0
801.0,France,Male,38.0,5.0,0.0,2.0,1.0,0.0,66256.27,0.0
513.0,Spain,Male,48.0,2.0,0.0,1.0,1.0,1.0,114709.13,1.0
543.1826538085937,Germany,Male,38.0,6.0,99812.88,2.0,1.0,1.0,158357.97,0.0
606.0,France,Male,35.0,2.0,132164.26,1.0,0.0,1.0,164815.59,0.0
599.0,France,Male,45.0,10.0,10809.0875,9.360604119300842,1.0,0.0,31094.972998046876,1.0
554.4644958496094,Germany,Male,39.0,4.0,142406.43,2.0,1.0,0.0,146637.45,0.0
529.0,Spain,Male,38.0,7.0,99842.5,26.319921493530273,1.0,0.0,77875.334375,1.0
850.0,France,Female,41.0,5.0,12849.25302734375,2.0,1.0,1.0,34827.43,0.0
497.0,France,Male,41.0,9.0,0.0,1.0,0.0,0.0,22074.48,0.0
764.0,France,Female,39.0,5.0,81042.42,1.0,0.0,1.0,109805.17,0.0
261.8272254943848,France,Female,48.0,5.0,0.0,1.0,1.0,0.0,100478.6,1.0
609.0,France,Male,40.0,-21.380688858032226,0.0,2.0,1.0,1.0,97416.34,0.0
487.0,France,Female,53.0,4.0,199689.49,1.0,1.0,1.0,24207.86,1.0
748.0,France,Male,33.0,1.0,142645.43,1.0,0.0,0.0,69132.66,0.0
710.0,Spain,Male,75.0,5.0,0.0,2.0,1.0,1.0,9376.89,0.0
432.0,Germany,Female,-23.08803234100342,3.0,110219.13999999998,1.0,1.0,0.0,43046.7,1.0
534.0,Spain,Male,51.0,3.0,0.0,2.0,1.0,1.0,20856.31,0.0
607.0,France,Male,25.0,3.0,0.0,2.0,0.0,0.0,187048.72,0.0
551.0,Spain,Male,32.0,4.0,0.0,10.806053686141968,1.0,0.0,53420.530000000006,0.0
674.0,France,Male,45.0,7.0,142072.02,1.0,1.0,0.0,37013.29,0.0
525.0,France,Female,25.0,6.0,0.0,2.0,1.0,0.0,89566.64,0.0
645.0,Germany,Male,33.0,8.0,149564.61,50.535782432556154,0.0,0.0,106704.00234375,0.0
755.0,France,Female,43.0,9.0,0.0,2.0,1.0,0.0,18066.69,0.0
708.0,France,Male,37.0,8.0,153366.13,1.0,1.0,1.0,26912.340000000004,0.0
715.0,France,Male,21.0,6.0,76467.16,1.0,1.0,1.0,173511.72,0.0
727.0,France,Female,26.0,9.0,121508.28,33.81313285827637,1.0,1.0,146785.44,0.0
559.0,Spain,Female,27.0,1.0,0.0,1.0,0.0,1.0,1050.33,0.0
545.0,Spain,Male,36.0,8.0,73211.12,20.214188957214354,1.0,0.0,55118.58828125,0.0
524.0,France,Male,22.0,9.0,0.0,2.0,1.0,0.0,74405.34,0.0
707.0,France,Female,55.0,1.0,0.0,2.0,0.0,1.0,54409.48,0.0
671.0,Spain,Male,38.0,0.0,92674.94,2.0,1.0,1.0,3647.5700000000006,0.0
651.5057365417481,France,Male,52.0,-40.69242424964905,41287.31809387207,6.832037293910981,1.0,0.0,198874.52,1.0
667.0,Germany,Female,36.0,1.0,114391.62,1.0,1.0,1.0,53412.54,0.0
837.3174072265625,Germany,Male,32.0,9.0,80262.66,1.0,1.0,0.0,194867.78,0.0
545.0,Spain,Female,33.0,7.0,173331.52,1.0,1.0,0.0,150452.88,0.0
361.558935546875,Spain,Female,35.0,7.0,147285.52,1.0,1.0,1.0,57807.05,0.0
657.0,Spain,Male,16.147531700134277,-5.513210725784302,18071.973864746094,2.0,1.0,1.0,50419.24221191406,0.0
487.0,Spain,Female,36.0,1.0,140137.15,1.0,1.0,0.0,194073.33,0.0
750.0,France,Female,27.141378450393677,6.0,36527.56796875,1.0,1.0,0.0,126233.17999999998,1.0
557.6108703613281,France,Female,37.0,8.0,98218.04,2.0,1.0,0.0,182354.46,1.0
711.0,Germany,Female,35.0,2.0,133607.75,1.0,0.0,1.0,120586.32000000002,0.0
551.0,France,Male,37.0,3.0,0.0,2.0,1.0,1.0,50578.4,0.0
559.0,France,Female,38.0,8.0,95139.41,1.0,1.0,1.0,86575.46,0.0
620.0,France,Male,29.0,3.0,0.0,2.0,0.0,1.0,153392.28,0.0
277.12917175292966,Spain,Male,42.0,5.0,0.0,2.0,1.0,0.0,115509.59,0.0
449.0,France,Female,37.0,6.0,0.0,2.0,1.0,0.0,82176.48,0.0
703.0,Germany,Female,26.0,1.0,97331.19,1.0,0.0,0.0,63717.490000000005,0.0
466.5756805419922,Germany,Male,37.0,2.0,139265.63,18.588283133506774,1.0,1.0,198745.94,0.0
594.0,France,Female,31.0,9.0,0.0,1.0,0.0,1.0,5719.11,0.0
586.0,Spain,Male,34.0,5.0,168094.01,1.0,0.0,0.0,20058.61,0.0
613.0,Germany,Female,30.0,5.0,131563.88,2.0,1.0,0.0,170638.98,0.0
601.0,France,Male,44.0,3.0,0.0,2.0,1.0,0.0,30607.109999999997,0.0
657.0,France,Male,50.0,9.0,0.0,2.0,0.0,0.0,37171.46,0.0
531.0,France,Male,31.0,3.0,0.0,1.0,1.0,1.0,42589.33,0.0
621.0,Germany,Male,47.0,7.0,107363.29,1.0,1.0,1.0,66799.28,0.0
782.0,France,Female,33.0,2.0,94493.03,1.0,0.0,1.0,101866.39,0.0
528.0,France,Female,29.0,9.0,170214.23,2.0,1.0,0.0,49284.0,0.0
696.0,France,Male,52.0,6.0,139781.06,1.0,1.0,0.0,27445.4,1.0
586.0,France,Female,35.0,7.0,0.0,2.0,1.0,0.0,70760.69,0.0
341.55879669189454,France,Female,-11.391630935668946,8.0,148610.41,3.0,0.0,1.0,73482.18564453124,1.0
498.0,France,Female,73.0,2.0,170241.7,25.0277147769928,1.0,1.0,80224.16274414063,0.0
691.0,France,Female,33.0,1.0,128306.83,1.0,1.0,0.0,113580.79,0.0
568.0,France,Female,47.0,7.0,0.0,2.0,1.0,1.0,45978.39,0.0
715.0,France,Female,35.0,3.0,0.0,1.0,1.0,1.0,56899.55747070313,0.0
680.0,Germany,Male,32.0,7.0,21308.6640625,1.0,0.0,1.0,77349.92,0.0
191.68894424438477,Spain,Male,21.690996360778808,6.0,0.0,2.0,1.0,0.0,47322.05,0.0
539.0,France,Female,22.0,0.0,100885.93,2.0,1.0,1.0,38772.65,0.0
148.9241500854492,Germany,Male,69.0,9.0,93320.8,1.0,1.0,1.0,24489.44,0.0
594.0,Germany,Male,5.404666423797607,6.0,63176.44,-1.216666293144226,1.0,1.0,54701.87512207031,0.0
343.22009963989257,France,Male,33.0,2.0,139451.67,1.0,0.0,0.0,63142.12000000001,0.0
649.0,France,Female,52.0,8.0,49113.75,1.0,1.0,0.0,41858.43,0.0
597.1336364746094,France,Female,32.0,-32.25332527160644,123906.22,19.42274915575981,0.0,1.0,127443.82000000002,1.0
787.0,France,Female,40.0,6.0,0.0,-5.325304341316223,1.0,1.0,84151.98,0.0
604.0,France,Male,28.0,7.0,0.0,2.0,0.0,0.0,58595.64,0.0
489.0,Germany,Female,0.8133969306945801,1.0,131441.51,1.0,1.0,0.0,37240.11,1.0
651.0,France,Male,56.0,2.0,0.0,1.0,1.0,0.0,114522.67999999998,1.0
698.0,France,Male,-14.323932725191117,6.0,136325.48,2.0,1.0,1.0,76587.18203125,1.0
578.0,Germany,Female,38.0,4.0,113150.43999999999,2.0,1.0,0.0,176712.59,0.0
538.0,Spain,Female,42.0,9.0,0.0,1.0,0.0,0.0,73693.76796875,1.0
696.0,France,Female,33.0,4.0,0.0,2.0,1.0,1.0,73371.65,0.0
260.21832275390625,Germany,Female,46.0,8.0,102785.16,1.0,1.0,1.0,70323.68,0.0
685.0,Spain,Male,34.0,6.0,83264.28,1.0,0.0,0.0,9663.28,0.0
705.0,Germany,Male,41.0,4.0,72252.64,2.0,1.0,1.0,142514.66,0.0
499.0,Germany,Female,29.0,6.0,148051.52,1.0,1.0,0.0,118623.93999999999,0.0
717.0,France,Female,-0.1224355697631836,9.0,138489.66,1.0,1.0,1.0,68400.14,1.0
510.0,France,Male,16.150395584106445,8.0,0.0,2.0,1.0,1.0,115291.86000000002,0.0
632.0,France,Male,32.0,6.0,111589.33,1.0,1.0,1.0,170382.99,0.0
668.0,Germany,Female,39.0,0.0,122104.79,1.0,1.0,0.0,112946.67,1.0
744.0,Germany,Male,32.0,4.0,96106.83,31.918385601043703,1.0,1.0,79812.77,0.0
663.0,Germany,Male,42.0,7.0,115930.87,1.0,1.0,0.0,19862.78,1.0
638.0,Germany,Female,37.0,7.0,124513.66,2.0,1.0,0.0,158610.89,0.0
688.0,France,Female,54.0,9.0,0.0,1.0,1.0,0.0,191212.63,1.0
588.0,Spain,Male,46.0,8.0,0.0,1.0,1.0,0.0,61931.21,0.0
631.0,France,Male,33.0,-12.189330816268921,0.0,1.0,1.0,1.0,58043.02,0.0
687.0,Spain,Male,35.0,8.0,100988.39,13.661813831329345,1.0,0.0,22247.27,1.0
599.0,France,Male,44.0,10.0,118577.24000000002,1.0,1.0,1.0,31448.52,0.0
63.53579330444336,France,Male,28.0,6.0,0.0,2.0,1.0,0.0,6976.418408203125,0.0
730.0,France,Male,27.0,5.0,0.0,2.0,1.0,1.0,116081.92999999998,0.0
533.0,France,Female,39.0,2.0,0.0,1.0,0.0,1.0,73669.94,1.0
711.0,Spain,Female,53.85941696166992,5.0,0.0,1.5189208984375,1.0,1.0,93959.96,0.0
555.0,Spain,Female,26.0,9.0,0.0,2.0,0.0,1.0,158918.03,0.0
850.0,France,Female,42.0,9.0,113311.11000000002,1.0,1.0,1.0,198193.75,0.0
678.0,France,Female,41.0,9.0,0.0,1.0,0.0,0.0,13160.030000000002,0.0
576.0,France,Male,32.0,7.0,0.0,2.0,1.0,0.0,4660.91,0.0
835.0,Germany,Male,20.0,4.0,124365.42,1.0,0.0,0.0,180197.74,1.0
592.0,France,Male,42.0,1.0,17091.667578125,2.0,1.0,1.0,63023.02,0.0
774.0,France,Male,36.0,7.0,103688.19,1.0,0.0,1.0,118971.74000000002,0.0
620.0,France,Female,29.0,1.0,138740.24,2.0,0.0,0.0,154700.61,0.0
519.0,Spain,Male,39.0,4.0,26365.1890625,1.0,1.0,1.0,97577.17,0.0
734.0,Spain,Female,37.0,0.0,152760.24,1.0,1.0,1.0,48990.5,0.0
604.0955749511719,France,Male,-11.133770394325257,7.0,143966.3,2.0,1.0,0.0,140262.96,0.0
733.0,France,Male,51.0,10.0,30478.34609375,1.0,1.0,0.0,130189.53,0.0
650.0,France,Female,43.0,6.0,0.0,2.0,1.0,1.0,16301.91,0.0
538.0,France,Female,33.0,5.0,0.0,2.0,1.0,0.0,126962.41,0.0
577.0,France,Female,46.0,1.0,0.0,1.0,1.0,1.0,158750.53,0.0
792.0,France,Male,30.0,-41.127033257484435,36368.24990234375,2.0,1.0,0.0,199644.2,0.0
686.0,France,Female,41.0,10.0,0.0,1.0,1.0,1.0,144272.71,1.0
589.0,France,Male,29.0,-18.813919448852538,0.0,2.0,0.0,0.0,98320.27,0.0
530.0,France,Male,25.0,9.0,162560.32,1.0,1.0,0.0,64129.030000000006,0.0
778.0,Germany,Female,29.0,7.0,123229.46,17.74317045211792,1.0,0.0,181221.09,0.0
561.9898071289062,France,Male,31.0,7.0,76665.71,2.0,1.0,0.0,163809.08,0.0
270.9067207336426,France,Male,38.0,-25.884933257102965,140278.99,19.935906347632407,1.0,1.0,55698.72854003906,1.0
655.0,France,Female,51.0,3.0,6238.20869140625,2.0,0.0,1.0,15801.02,0.0
721.0,France,Male,46.0,1.0,22213.217150878907,2.0,0.0,0.0,102950.79,0.0
499.0,Germany,Male,36.0,-18.421056985855103,36412.27783203125,2.0,1.0,0.0,174918.46,0.0
511.0,France,Male,45.0,5.0,68375.27,1.0,1.0,0.0,193160.25,1.0
579.0,Germany,Female,39.0,5.0,117833.3,3.0,0.0,1.0,5831.0,1.0
696.0,Spain,Female,36.0,7.0,0.0,2.0,1.0,1.0,82298.59,0.0
681.0,France,Male,34.0,7.0,0.0,2.0,0.0,0.0,130686.59,0.0
815.0,France,Male,45.0,7.0,0.0,1.0,0.0,1.0,52885.23,1.0
681.0,Spain,Male,30.0,2.0,111093.00999999998,1.0,1.0,0.0,68985.99,0.0
641.0,Spain,Male,42.0,9.0,132657.55,1.0,1.0,0.0,90614.1703125,0.0
591.0,France,Female,56.0,9.0,128882.49000000002,1.0,1.0,0.0,196241.94,0.0
240.5391815185547,Germany,Male,59.0,9.0,69129.59,1.0,1.0,0.0,36971.1541015625,1.0
487.0,France,Male,37.0,6.0,0.0,2.0,1.0,1.0,126477.41,0.0
729.0,France,Male,39.0,4.0,121404.63999999998,24.595642471313475,1.0,1.0,159618.17,0.0
532.7104850769043,Spain,Female,45.0,-50.752004945278166,131355.3,3.0,0.0,0.0,195395.33,1.0
580.0,France,Female,35.0,1.0,102097.33,1.0,0.0,1.0,168285.85,0.0
642.0,France,Male,40.0,1.0,154863.15,1.0,1.0,1.0,138052.51,0.0
850.0,Spain,Female,-0.9827840328216553,3.0,99945.93,2.0,1.0,0.0,71179.31,0.0
616.0,Germany,Female,39.0,2.0,121704.32000000002,2.0,1.0,1.0,55556.3,0.0
526.0,Spain,Female,43.0,3.0,0.0,2.0,1.0,0.0,31705.189999999995,0.0
523.0,Germany,Male,35.0,8.0,138782.76,15.947656488418579,0.0,1.0,186118.93,0.0
382.59900817871096,France,Male,20.923885154724122,9.0,0.0,2.0,1.0,0.0,195580.28,0.0
840.0,France,Female,30.0,-33.15460147857666,136291.71,1.0,1.0,0.0,54113.37999999999,0.0
570.0,Germany,Male,42.0,0.0,107856.57000000002,2.0,1.0,0.0,127528.84,0.0
676.0,Germany,Female,26.0,1.0,108348.66,1.0,0.0,0.0,60231.740000000005,1.0
689.0,France,Male,47.0,1.0,93871.95,39.08383135795593,1.0,0.0,84368.4890625,0.0
703.0,Spain,Male,45.0,1.0,0.0,1.0,1.0,0.0,46644.58549804687,1.0
491.0,Germany,Male,19.0,2.0,125860.2,1.0,0.0,0.0,129690.5,0.0
584.0,France,Male,49.0,8.0,23711.78203125,1.0,1.0,0.0,64441.233203125,0.0
810.0,France,Female,51.0,-27.343393325805664,0.0,2.0,0.0,1.0,184524.74,0.0
745.0,Spain,Female,59.0,8.0,0.0,1.0,1.0,1.0,36124.98,0.0
625.0,France,Female,39.0,3.0,130786.92,1.0,0.0,1.0,121316.07000000002,0.0
535.0,France,Female,29.0,2.0,112367.34,1.0,1.0,0.0,185630.76,0.0
729.0,France,Male,20.651300287246706,7.0,18457.25546875,2.0,1.0,0.0,71133.12,0.0
655.0,France,Female,26.0,7.0,106198.5,1.0,0.0,1.0,32020.419999999995,0.0
751.0,France,Male,47.0,5.0,19194.03564453125,3.7384227395057676,1.0,0.0,55540.52578125,1.0
525.0,France,Male,33.0,1.0,112833.35,1.0,0.0,1.0,175178.56,0.0
532.0,France,Female,40.0,5.0,0.0,2.0,0.0,1.0,177099.71,0.0
234.98499145507813,Spain,Female,43.0,4.0,0.0,2.0,1.0,1.0,66406.37,0.0
786.0,Germany,Female,32.0,2.0,104336.43,2.0,0.0,0.0,59559.81,0.0
580.0,France,Male,55.0,6.0,104305.74,1.0,0.0,1.0,175750.21,0.0
618.8204193115234,France,Male,54.37264423370361,5.0,35354.66576843262,2.0,1.0,1.0,174311.3,0.0
683.0,France,Male,39.0,-32.796124649047854,0.0,2.0,1.0,0.0,171716.81,1.0
747.0,France,Female,45.0,-60.502318954467775,114959.12,1.0,1.0,0.0,103072.7953125,1.0
350.0950477600098,France,Female,33.0,5.0,164704.38,1.0,0.0,1.0,63429.45014648438,1.0
779.0,France,Male,62.0,-62.469944381713866,119096.55,41.44352035522461,0.0,1.0,116977.88999999998,0.0
361.52937469482424,France,Male,31.0,1.0,0.0,2.0,1.0,1.0,185105.44,0.0
666.0,France,Male,47.0,2.0,0.0,1.0,1.0,0.0,35046.97,1.0
526.0,Spain,Male,30.0,8.0,0.0,1.0,1.0,0.0,36251.0,0.0
849.0,France,Female,41.0,9.0,115465.28,1.0,1.0,0.0,103174.5,0.0
471.0,France,Female,27.0,4.0,0.0,2.0,1.0,0.0,122642.09,0.0
628.0,Spain,Male,43.0,-71.45358161926269,184926.61,1.0,1.0,0.0,122937.57000000002,0.0
674.0,Germany,Male,16.83993797302246,8.0,85957.88,2.0,1.0,0.0,63437.90234375,0.0
797.0,France,Male,-11.922221159934997,10.0,114084.6,1.0,0.0,1.0,94492.78359375,0.0
590.0,Spain,Female,29.0,2.0,166930.76,2.0,1.0,0.0,122487.73000000001,0.0
588.0,France,Female,27.0,8.0,0.0,1.0,1.0,0.0,20066.38,0.0
252.82296752929688,France,Male,29.0,7.0,0.0,0.9714966297149659,1.0,1.0,55473.15,0.0
571.0,France,Female,38.0,6.0,107193.82000000002,2.0,0.0,0.0,38962.94,0.0
680.0,France,Male,36.0,3.0,116275.12,1.0,1.0,1.0,63795.8,1.0
648.0,Spain,Female,21.56015739440918,7.0,0.0,2.0,1.0,1.0,163060.43,0.0
235.78670654296874,France,Male,39.0,2.0,91068.56,1.0,1.0,0.0,26578.689999999995,0.0
648.0,Germany,Male,41.0,5.0,123049.21,1.0,0.0,1.0,5066.76,0.0
759.0,France,Female,39.0,6.0,0.0,2.0,1.0,1.0,140497.67,0.0
585.0,France,Male,40.0,7.0,0.0,2.0,0.0,0.0,146156.98,0.0
774.0,France,Female,42.0,3.0,47069.48249511719,1.0,0.0,0.0,199316.19,0.0
697.0,Germany,Female,48.0,-49.428477668762206,108128.96,22.631690979003906,1.0,1.0,103944.37,0.0
605.0,France,Female,39.0,10.0,105317.73000000001,2.0,1.0,0.0,83540.2375,0.0
676.0,France,Male,20.0,1.0,80569.73,1.0,0.0,0.0,68621.98,0.0
678.0,France,Female,22.0,4.0,174852.89,1.0,1.0,1.0,28149.060000000005,0.0
495.0,France,Female,2.865979766845703,-54.58227701187134,89158.94,3.0,1.0,0.0,135169.76,1.0
47.69453353881836,France,Male,14.446985816955566,10.0,1278.03134765625,2.0,1.0,0.0,3445.6912109375,0.0
770.0,France,Male,36.0,2.0,89800.14,1.0,1.0,1.0,105922.68999999999,0.0
817.0,Germany,Male,-13.362315464019776,9.0,101207.75,1.0,0.0,0.0,88211.12,1.0
659.0,France,Male,43.0,1.0,106086.42,2.0,1.0,0.0,26900.629999999997,0.0
693.0,France,Male,21.0,1.0,0.0,2.0,1.0,1.0,3494.0199999999995,0.0
744.0,France,Male,47.0,9.0,0.0,2.0,1.0,0.0,74469.7072265625,0.0
829.0,Spain,Female,26.0,-22.770905590057374,101440.36,2.0,1.0,1.0,19324.5,0.0
716.0,France,Male,38.0,4.0,0.0,2.0,1.0,0.0,189678.7,0.0
204.2203140258789,France,Male,34.0,-26.688388061523437,106603.74000000002,2.0,1.0,1.0,26387.71,0.0
835.0,Germany,Female,29.0,10.0,130420.2,2.0,0.0,0.0,106276.55,0.0
636.0,France,Female,38.0,1.0,0.0,1.0,1.0,0.0,45015.38,0.0
649.0,France,Male,29.0,2.0,45022.23,1.0,1.0,1.0,173495.77,0.0
621.0,Germany,Male,27.0,1.0,74298.43,1.0,1.0,1.0,52581.96,0.0
658.0,Germany,Female,31.0,-20.09886884689331,133003.03,1.0,0.0,1.0,146339.27,1.0
69.99467544555664,Spain,Male,48.0,7.0,0.0,1.4064684331417083,1.0,0.0,8999.303564453125,0.0
783.0,Spain,Female,37.0,1.0,136689.66,1.0,1.0,0.0,197890.65,0.0
615.0,France,Male,32.0,4.0,0.0,2.0,1.0,1.0,6225.63,0.0
791.0,France,Female,44.0,-4.9459308385849,0.0,2.0,1.0,0.0,68336.6521484375,1.0
762.0,France,Male,53.0,1.0,102520.37,1.0,1.0,1.0,170195.4,0.0
607.0,France,Male,35.0,2.0,0.0,2.0,1.0,1.0,114190.3,0.0
601.0,France,Female,34.0,5.0,0.0,2.0,1.0,0.0,27022.57,0.0
540.0,Spain,Male,67.0,1.0,88382.01,1.0,0.0,1.0,59457.0,0.0
812.0,France,Male,3.213366174697876,4.0,115049.15,2.0,1.0,0.0,165038.41,0.0
350.47511596679686,France,Male,58.0,1.0,104796.54,18.503261756896972,1.0,0.0,55969.625,0.0
680.0,France,Male,33.0,1.0,123082.08,1.0,1.0,0.0,134960.98,0.0
680.0,Spain,Female,13.059045314788818,8.0,0.0,2.0,1.0,1.0,65708.5,0.0
631.0,France,Female,33.0,8.0,0.0,2.0,0.0,0.0,117374.22,0.0
569.0,France,Female,43.0,7.0,0.0,2.0,1.0,1.0,77703.19,0.0
524.7215148925782,France,Male,33.0,3.0,88311.48,2.0,0.0,1.0,177651.38,0.0
582.0,France,Female,40.0,9.0,0.0,3.0,1.0,1.0,60954.45,0.0
609.0,France,Male,32.0,7.0,71872.19,1.0,1.0,1.0,151924.9,0.0
506.0,Spain,Male,35.0,6.0,10657.55537109375,2.0,1.0,0.0,26318.73,0.0
503.0,France,Male,42.0,8.0,104430.08,1.0,1.0,1.0,65560.29375,0.0
503.0,France,Female,28.0,5.0,0.0,2.0,1.0,0.0,125918.17,0.0
806.0,Germany,Male,47.28279581069946,10.0,138653.51,1.0,1.0,0.0,190803.37,0.0
653.0,France,Female,31.0,7.0,102575.04,1.0,1.0,1.0,11043.54,0.0
314.65543975830076,Germany,Male,43.0,7.0,137780.74,2.0,1.0,1.0,64108.34921875,1.0
674.0,Spain,Male,32.0,2.0,0.0,2.0,1.0,0.0,140579.17,0.0
798.0,France,Male,32.0,7.0,0.0,11.388976335525513,0.0,1.0,37731.95,0.0
740.0,France,Female,30.0,8.0,105209.54,1.0,1.0,0.0,1852.58,0.0
531.0,Germany,Female,32.0,0.0,109570.21,2.0,1.0,1.0,172049.84,0.0
614.0,Germany,Female,44.0,6.0,118715.86000000002,1.0,1.0,0.0,133591.11,0.0
556.0,France,Male,35.0,10.0,36989.6466796875,2.0,1.0,0.0,192751.18,0.0
678.0,France,Female,43.0,2.0,153393.18,20.64535026550293,1.0,0.0,106529.078125,0.0
587.0,Germany,Male,33.0,6.0,132603.36,1.0,1.0,0.0,55775.719999999994,0.0
527.0,Spain,Female,36.0,6.0,0.0,2.0,1.0,1.0,102280.29,0.0
757.0,Germany,Female,34.0,1.0,129398.00999999998,2.0,0.0,0.0,44965.44,0.0
468.0,Spain,Male,28.0,3.0,0.0,2.0,1.0,0.0,170661.02,0.0
693.0,France,Male,29.0,2.0,151352.74,1.0,0.0,0.0,197145.89,0.0
483.0,France,Female,44.0,5.0,136836.49,1.0,1.0,0.0,192359.9,1.0
466.0,France,Male,40.0,4.0,91592.06,35.95753617882728,1.0,0.0,141210.18,1.0
770.0,France,Female,19.02606086730957,8.0,0.0,2.0,1.0,0.0,100557.03,0.0
734.0,France,Female,54.0,3.0,0.0,1.0,1.0,0.0,130805.54,1.0
716.0,France,Female,22.0,8.0,0.0,2.0,1.0,1.0,92606.98,0.0
439.0,France,Male,36.0,2.0,165536.28,2.0,1.0,1.0,74877.9828125,1.0
538.0,Germany,Male,25.0,5.0,62482.95,1.0,1.0,1.0,102758.43,1.0
743.0,France,Male,40.0,8.0,68155.59,1.0,1.0,0.0,94876.65,0.0
734.0,Spain,Female,-14.384741163253784,3.0,55853.33,2.0,0.0,0.0,94811.85,1.0
656.0,France,Male,37.0,2.0,0.0,2.0,0.0,1.0,67840.81,0.0
666.0,France,Female,31.0,2.0,79589.43,1.0,0.0,0.0,4050.5700000000006,0.0
627.0,Spain,Male,41.0,5.0,31384.9498046875,1.6202691793441772,0.0,1.0,134665.25,0.0
480.0,Germany,Female,25.0,3.0,174330.35,2.0,0.0,0.0,181647.13,0.0
792.0,France,Male,19.0,7.0,143390.51,1.0,1.0,0.0,33282.84,0.0
194.8072509765625,Germany,Male,59.0,8.0,91415.76,1.0,0.0,0.0,27965.0,1.0
476.0,Germany,Male,30.0,3.0,134366.42,1.0,1.0,0.0,68343.53,0.0
539.0,France,Female,24.0,3.0,0.0,2.0,1.0,1.0,198161.07,0.0
815.7771835327148,Spain,Male,26.511205768585206,8.0,88786.81,19.049597668647767,1.0,1.0,196858.4,1.0
461.3508361816406,Germany,Male,35.0,3.0,96814.46,2.0,1.0,1.0,120511.03,0.0
763.0,Germany,Male,32.0,9.0,160680.41,1.0,1.0,0.0,30886.35,0.0
640.0,France,Female,29.0,3.0,0.0,2.0,1.0,0.0,2743.69,0.0
655.0,France,Male,47.0,-20.437610626220703,0.0,2.0,1.0,0.0,167778.62,0.0
526.0,Germany,Male,31.0,5.0,145537.21,1.0,1.0,0.0,132404.64,0.0
678.0,France,Female,28.0,4.0,0.0,2.0,1.0,1.0,144423.17,1.0
554.0,France,Female,45.0,6.0,0.0,2.0,1.0,0.0,181204.5,0.0
597.0,Spain,Male,30.0,2.0,119370.11000000002,1.0,1.0,1.0,182726.22,1.0
560.0,Spain,Female,28.0,1.0,0.0,2.0,1.0,1.0,120880.72,0.0
850.0,Germany,Female,-11.520119237899781,10.0,134381.52,1.0,0.0,0.0,26812.890000000003,1.0
412.2929443359375,Germany,Male,1.6915746927261353,-30.764878749847412,114888.74000000002,25.579603052139284,1.0,1.0,66732.63,1.0
623.0,Germany,Male,42.0,-75.26968765258789,149332.48,2.0,1.0,0.0,100834.22,0.0
698.0,France,Male,40.0,7.0,105061.74000000002,3.0,1.0,0.0,107815.31000000001,1.0
620.0,France,Male,32.0,7.0,0.0,2.0,1.0,1.0,34665.79,0.0
619.0,France,Female,40.0,10.0,0.0,1.0,1.0,1.0,147093.84,1.0
561.0,France,Male,21.0,4.0,0.0,1.0,1.0,1.0,36942.35,0.0
753.0,France,Female,39.0,7.0,155062.8,1.0,1.0,1.0,100708.034375,0.0
721.0,Spain,Male,43.0,3.0,88798.34,1.0,0.0,0.0,45610.63,0.0
451.0,France,Male,33.0,6.0,0.0,2.0,1.0,0.0,184954.11,0.0
680.0,Germany,Female,51.0,5.0,143139.87,1.0,0.0,0.0,47795.43,1.0
590.0,Spain,Female,23.0,7.0,0.0,2.0,1.0,0.0,196789.9,0.0
634.0,Germany,Male,27.0,3.0,107027.51999999999,1.0,1.0,0.0,173425.68,0.0
676.0,France,Male,-22.735651779174805,-26.878894805908203,140720.93,1.0,1.0,0.0,36221.18,0.0
642.0,France,Male,3.6847578048706056,8.0,80964.57,2.0,1.0,0.0,174738.2,0.0
760.0,France,Male,39.0,-20.519487166404723,24270.965625,6.872437191009522,1.0,0.0,67131.3,1.0
736.0,Spain,Female,26.0,4.0,135889.13,1.0,1.0,1.0,165692.03,0.0
656.0,France,Male,43.0,7.0,134919.85,1.0,0.0,0.0,194691.95,0.0
776.0,Germany,Male,33.0,8.0,31220.616796875,1.0,0.0,0.0,129525.5,1.0
602.1012939453125,France,Female,34.0,6.0,138190.13,2.0,0.0,0.0,146511.2,1.0
631.0,Germany,Male,8.630705642700196,9.0,131519.49,2.0,0.0,1.0,51752.18,0.0
795.0,Spain,Female,56.0,-5.930142450332641,0.0,1.0,1.0,0.0,35418.69,1.0
648.0,Germany,Female,39.0,3.0,126935.98000000001,2.0,0.0,1.0,57995.740000000005,0.0
615.0,France,Male,39.0,4.0,133707.09,1.0,1.0,1.0,108152.75,0.0
682.0,France,Female,27.0,1.0,97893.2,1.0,1.0,0.0,166144.98,0.0
694.0,France,Male,34.0,5.0,127900.03,1.0,1.0,0.0,101737.8,0.0
694.0,France,Male,37.0,10.0,143835.47,1.0,0.0,1.0,33326.71,0.0
607.0,France,Male,24.548973321914673,0.0,19189.830096435548,2.0,1.0,1.0,81140.09,0.0
664.0,France,Male,48.0,10.0,0.0,1.0,1.0,0.0,140173.17,0.0
756.0,France,Male,60.0,2.0,0.0,1.0,1.0,1.0,166513.49,1.0
406.85051879882815,France,Female,40.0,3.0,25178.423046875,1.0,1.0,0.0,103232.6,0.0
653.0,Spain,Male,30.0,4.0,0.0,2.0,1.0,0.0,120736.04,0.0
710.0,Germany,Female,24.0,2.0,110407.43999999999,2.0,0.0,0.0,15832.429999999998,1.0
697.0,France,Female,76.0,7.0,0.0,2.0,0.0,0.0,188772.45,0.0
619.0,Germany,Female,41.0,8.0,142015.76,2.0,1.0,1.0,114323.66,0.0
648.0,Spain,Male,55.0,-23.415529632568358,81370.07,1.834857988357544,1.0,1.0,181534.04,0.0
482.0,Germany,Female,48.0,2.0,69329.47,1.0,0.0,0.0,102640.52,1.0
703.4936401367188,France,Male,-6.510692691802978,8.0,116755.5,3.859612512588501,0.0,1.0,158585.17,1.0
752.0,Spain,Male,44.0,6.0,83870.33,1.0,1.0,0.0,178722.24,0.0
648.0,France,Female,39.0,6.0,41099.71640625,2.0,0.0,1.0,153955.38,1.0
643.0,France,Female,34.0,8.0,117451.47,1.0,1.0,0.0,65374.86,0.0
573.0,Germany,Female,35.0,9.0,206868.78,2.0,0.0,1.0,102986.15,0.0
686.0,France,Female,39.0,3.0,111695.62,1.0,0.0,0.0,136643.84,0.0
331.84229736328126,France,Female,4.123869514465332,-37.935555648803714,137285.26,4.0,1.0,0.0,77063.63,1.0
702.0,France,Female,29.0,6.0,149218.39,1.0,1.0,1.0,9633.01,0.0
652.0,France,Male,51.0,7.0,0.0,2.0,0.0,1.0,43496.36,1.0
641.0,Spain,Male,32.0,7.0,0.0,2.0,1.0,1.0,24267.28,0.0
692.0,Germany,Female,41.0,8.0,130701.29,1.0,0.0,0.0,59354.240000000005,1.0
574.0,Spain,Male,34.0,5.0,0.0,2.0,0.0,0.0,28269.859999999997,0.0
643.0,France,Female,31.0,3.0,167949.48,1.0,1.0,0.0,143162.34,0.0
834.0,France,Male,23.0,4.0,131254.81,1.0,1.0,0.0,20199.3,0.0
591.0,France,Male,28.0,5.0,0.0,2.0,1.0,1.0,48606.92,0.0
470.0,Spain,Male,34.0,9.0,0.0,2.0,0.0,1.0,89013.67,0.0
608.0,Spain,Male,34.0,7.0,86656.13,1.0,0.0,1.0,59890.29,0.0
649.0,Germany,Female,37.0,-45.49502429962158,114737.25999999998,11.311726248264312,1.0,1.0,106655.88,1.0
665.0,France,Female,38.0,5.0,0.0,2.0,1.0,0.0,156439.56,0.0
651.0,France,Female,39.0,6.0,0.0,1.0,1.0,0.0,24176.44,0.0
555.0,Germany,Male,62.0,4.0,119817.33,1.0,0.0,1.0,43507.1,1.0
637.0,France,Female,48.0,7.0,130806.99000000002,7.432844066619873,1.0,0.0,132005.85,1.0
675.0,France,Female,18.811624813079835,0.0,0.0,1.0,1.0,1.0,80496.71,1.0
677.0,Spain,Male,40.0,5.0,0.0,2.0,1.0,0.0,88947.56,0.0
850.0,Germany,Female,35.0,2.0,80931.75,1.0,0.0,0.0,12639.67,1.0
261.4537071228027,France,Male,56.0,-4.372828316688538,0.0,3.2964169859886168,0.0,1.0,94248.16,1.0
665.0,Germany,Male,32.0,1.0,132178.67,1.0,0.0,0.0,11865.76,0.0
485.0,France,Female,27.0,3.0,0.0,2.0,1.0,0.0,141449.86,0.0
577.0,Spain,Male,43.0,6.0,0.0,2.0,1.0,0.0,149457.81,0.0
586.0,France,Female,-21.8506721496582,7.0,164769.02,3.0,0.0,0.0,119814.25,1.0
722.0,Germany,Male,29.0,1.0,107233.85,2.0,1.0,0.0,24924.92,0.0
528.0,France,Female,27.0,7.0,176227.07,2.0,0.0,1.0,139481.53,0.0
542.0,France,Female,39.0,4.0,109949.38999999998,2.0,1.0,1.0,41268.65,0.0
552.0,France,Male,34.0,5.0,0.0,2.0,1.0,1.0,1351.41,0.0
678.0,France,Female,60.0,10.0,117738.81000000001,1.0,1.0,0.0,147489.76,0.0
575.0,Spain,Female,37.0,9.0,133292.45,1.0,1.0,0.0,111175.09,0.0
669.0,France,Female,-19.393497371673583,1.0,160474.59,1.0,1.0,1.0,95963.14,0.0
636.0,France,Male,43.0,6.0,0.0,2.0,1.0,0.0,43128.95,0.0
507.49499053955077,Germany,Male,24.34192485809326,9.0,154393.43,1.0,1.0,0.0,137674.96,1.0
652.0,Germany,Male,45.0,9.0,110827.49000000002,1.0,1.0,0.0,86165.453125,1.0
637.0,Germany,Female,36.0,10.0,145750.45,2.0,1.0,1.0,96660.76,0.0
516.0,Spain,Female,45.0,8.0,109044.3,1.0,0.0,1.0,115818.16,0.0
801.0,France,Female,32.0,4.0,75170.54,1.0,1.0,1.0,37898.5,0.0
692.0,France,Female,42.0,2.0,0.0,2.0,1.0,0.0,145222.93,0.0
585.0,France,Female,28.0,6.0,105795.9,1.0,1.0,1.0,41219.09,0.0
590.0,France,Male,32.0,5.0,14472.917529296876,2.0,1.0,0.0,59249.83,0.0
554.0,Spain,Male,66.0,8.0,0.0,2.0,0.0,1.0,116747.62,0.0
659.0,France,Female,49.0,1.0,0.0,1.0,1.0,0.0,116249.72,1.0
690.0,France,Female,26.0,3.0,118097.87,20.229491591453552,1.0,0.0,61257.83,0.0
697.0,Germany,Male,29.0,0.0,172693.54,1.0,0.0,0.0,141798.98,0.0
610.0,France,Male,36.0,4.0,24290.205859375,2.0,1.0,0.0,102638.35,0.0
599.0,Spain,Male,36.0,4.0,0.0,2.0,0.0,0.0,13210.560000000001,0.0
544.0,France,Male,23.0,1.0,96471.2,1.0,1.0,0.0,35550.97,0.0
548.0,France,Female,46.0,1.0,0.0,1.0,1.0,1.0,104469.06,1.0
555.5606567382813,Spain,Male,24.0,-50.741991424560545,140197.18,28.76149845123291,1.0,1.0,142935.83,0.0
722.0,France,Male,20.0,-43.485895824432376,53302.64765625,2.0,1.0,0.0,195486.28,0.0
564.0,France,Female,33.0,4.0,135946.26,1.0,1.0,0.0,63170.0,0.0
719.0,France,Male,69.0,3.0,0.0,2.0,1.0,1.0,87076.7046875,0.0
479.3653396606445,Germany,Male,13.61143217086792,3.0,81290.02,19.284781312942506,0.0,1.0,177747.03,1.0
850.0,France,Female,15.735676765441895,8.0,0.0,1.0,1.0,0.0,19632.64,1.0
515.0,Germany,Male,60.0,9.0,8688.07841796875,3.0202691674232485,1.0,0.0,18424.24,1.0
667.0,Spain,Male,56.0,2.0,168883.08,1.0,1.0,1.0,18897.78,0.0
294.59399566650393,Germany,Male,21.921109437942505,-13.550732135772705,17677.527307128905,1.0,1.0,0.0,97879.02,0.0
525.0,Germany,Male,26.0,7.0,153644.39,1.0,1.0,1.0,63197.87999999999,0.0
606.0,Spain,Female,53.0,1.0,109330.06000000001,1.0,1.0,1.0,70944.58515625,0.0
686.0,Germany,Female,27.0,1.0,115095.88,2.0,0.0,0.0,78622.46,0.0
611.0,France,Male,35.0,10.0,0.0,1.0,1.0,1.0,23598.23,1.0
827.0,France,Male,46.0,1.0,183276.32,1.0,1.0,1.0,129797.40625,0.0
572.0,France,Male,33.0,9.0,68193.72,1.0,1.0,0.0,19998.31,0.0
726.0,France,Female,32.0,8.0,0.0,2.0,0.0,0.0,185075.63,0.0
579.0,Germany,Male,31.0,6.0,139729.54,1.0,0.0,1.0,135815.38,0.0
598.0,Spain,Female,56.0,-13.161282730102538,9154.03858642578,1.0,1.0,1.0,44251.33,0.0
663.0,France,Male,36.0,10.0,0.0,2.0,1.0,0.0,136349.55,0.0
505.0,Germany,Female,37.0,10.0,122453.97,2.0,1.0,1.0,52693.990000000005,0.0
576.0,Germany,Male,30.0,7.0,132174.41,2.0,0.0,0.0,93767.03,0.0
555.0,Spain,Female,24.0,2.0,0.0,2.0,0.0,1.0,197866.55,0.0
524.0,France,Male,30.0,-24.52758092880249,0.0,2.0,1.0,0.0,126812.85,0.0
776.0,Spain,Male,39.0,2.0,104349.45,1.0,0.0,0.0,79503.05,0.0
645.0,Germany,Female,41.0,2.0,138881.04,1.0,1.0,0.0,129936.53,1.0
850.0,Germany,Female,32.0,0.0,116968.91,1.0,0.0,0.0,175094.62,0.0
603.0,Germany,Male,35.0,1.0,105346.03,2.0,0.0,1.0,130379.5,0.0
539.6766174316406,France,Male,26.0,9.0,136623.19,1.0,1.0,0.0,153228.0,0.0
583.0,France,Female,29.0,10.0,0.0,2.0,1.0,1.0,111285.85,0.0
584.0,France,Female,66.0,5.0,0.0,1.0,1.0,0.0,49553.38,1.0
679.0,France,Female,33.0,6.0,0.0,2.0,1.0,1.0,98015.85,1.0
646.0,France,Male,36.0,6.0,124445.51999999999,1.0,1.0,0.0,88481.32,0.0
559.0,France,Female,34.0,5.0,68999.66,2.0,1.0,1.0,66879.27,0.0
595.0,France,Male,36.0,6.0,85768.42,25.299060535430907,1.0,1.0,24802.77,0.0
527.0,France,Male,47.0,-2.165270519256592,0.0,1.0,1.0,0.0,21312.16,1.0
684.0,France,Male,34.0,-26.95364637374878,43270.016796875,16.075378227233887,1.0,1.0,190263.78,0.0
673.0,Spain,Female,32.0,0.0,0.0,1.0,1.0,1.0,72873.33,0.0
802.0,Spain,Male,38.0,7.0,0.0,2.0,0.0,1.0,57764.65,0.0
675.0,France,Male,20.72964973449707,6.0,0.0,5.319712710380554,1.0,0.0,55221.3744140625,1.0
762.0,Spain,Female,19.0,6.0,0.0,2.0,1.0,0.0,55500.17,0.0
580.0,France,Male,50.0,0.0,125647.36000000002,1.0,1.0,0.0,57541.08,1.0
621.0,Germany,Female,31.0,-35.78184995651245,100375.39,1.0,1.0,1.0,90384.26,0.0
411.0,France,Female,36.0,10.0,0.0,1.0,0.0,0.0,120694.35,0.0
815.0,France,Male,24.0,7.0,171922.72,1.0,0.0,1.0,178028.96,0.0
631.0,Germany,Female,32.0,2.0,146810.99,2.0,1.0,1.0,180990.29,0.0
514.0,Germany,Female,45.0,3.0,109032.23000000001,1.0,0.0,1.0,155407.21,1.0
638.0,France,Male,57.0,6.0,0.0,1.0,1.0,0.0,33676.48,1.0
791.0,Spain,Male,25.0,7.0,0.0,1.0,1.0,0.0,89666.28,0.0
516.0,France,Male,35.0,5.0,128653.59,1.0,1.0,0.0,127558.25999999998,0.0
734.0,France,Male,37.0,3.0,80387.81,1.0,0.0,1.0,77272.62,0.0
436.51503295898436,France,Male,34.522259616851805,8.0,0.0,2.0,0.0,1.0,107665.67999999998,1.0
850.0,Germany,Male,43.0,0.0,43904.07109375,3.0,1.0,0.0,184044.8,1.0
641.0,France,Male,31.77576026916504,10.0,155978.17,25.055751609802247,1.0,0.0,91510.71,0.0
585.0,France,Female,38.0,5.0,0.0,1.0,1.0,1.0,87363.56,0.0
552.0,Germany,Male,50.0,4.0,121175.56000000001,1.0,1.0,0.0,62314.4630859375,1.0
507.0,France,Female,29.0,4.0,89349.47,2.0,0.0,0.0,180626.68,0.0
735.0,Spain,Male,38.0,-26.1067494392395,86131.71,2.0,0.0,0.0,93478.96,0.0
707.0,France,Female,58.0,3.0,102346.86,1.0,1.0,1.0,114672.63999999998,0.0
698.0,Germany,Female,36.0,7.0,121263.62,1.0,1.0,1.0,13387.88,0.0
841.0,France,Male,31.0,2.0,0.0,4.341481018066406,1.0,0.0,173240.52,0.0
688.0,Spain,Female,33.0,2.0,0.0,1.0,0.0,0.0,27557.18,1.0
614.0,France,Male,51.0,3.0,0.0,2.0,1.0,1.0,5552.37,0.0
511.0,France,Male,48.0,6.0,149726.08,1.0,0.0,0.0,88307.87,1.0
447.0,France,Male,43.0,2.0,0.0,2.0,1.0,0.0,33879.26,1.0
778.6049682617188,France,Male,35.0,5.0,161274.05,2.0,1.0,0.0,181429.87,0.0
422.0,France,Female,33.0,2.0,0.0,2.0,1.0,0.0,102655.31,0.0
537.0,Spain,Male,30.0,1.0,103138.17,1.0,1.0,1.0,96555.42,0.0
707.0,Germany,Female,40.0,3.0,109628.43999999999,1.0,1.0,0.0,189366.03,0.0
98.35921325683594,France,Male,54.0,-1.2444962859153748,3812.709912109375,1.0,1.0,0.0,12847.61,1.0
664.0,Spain,Male,33.0,7.0,97286.16,2.0,1.0,0.0,143433.33,1.0
850.0,France,Male,33.0,7.0,40146.31016845703,1.0,1.0,0.0,183983.82,0.0
584.0,Spain,Male,32.0,9.0,85534.83,1.0,0.0,0.0,169137.24,0.0
728.0,France,Male,59.0,4.0,0.0,3.9760742008686067,1.0,0.0,163365.85,1.0
560.0,Spain,Male,43.0,4.0,95140.44,2.0,1.0,0.0,123181.43999999999,1.0
629.0,France,Female,31.0,6.0,0.0,1.0,1.0,1.0,16447.6,1.0
658.0,France,Male,25.0,3.0,0.0,2.0,0.0,1.0,173948.4,0.0
794.0,Germany,Female,54.0,1.0,75900.84,1.0,1.0,1.0,192154.66,0.0
790.0,France,Female,41.0,2.0,126619.26999999999,1.0,1.0,0.0,198224.38,0.0
640.0,France,Male,44.0,7.0,111833.47,1.0,1.0,0.0,67202.74,0.0
652.0,Spain,Male,37.0,7.0,0.0,2.0,1.0,0.0,75369.53125,1.0
318.1212272644043,France,Female,57.0,-10.243709310889244,22749.04152832031,9.410605531930923,0.0,1.0,147964.99,1.0
775.0,France,Male,32.0,2.0,108698.96,2.0,1.0,1.0,161069.73,0.0
584.0,France,Female,39.0,2.0,112687.68999999999,1.0,1.0,1.0,127749.61000000002,0.0
549.9443206787109,Germany,Female,48.0,4.0,81556.89,2.0,1.0,0.0,191914.37,0.0
648.1322570800781,France,Male,48.0,9.0,136596.85,1.0,1.0,1.0,185791.9,0.0
744.1556396484375,Germany,Female,21.049232769012452,9.0,98807.45,1.0,0.0,0.0,184570.04,1.0
678.0,France,Female,31.0,1.0,0.0,2.0,0.0,1.0,130446.65,0.0
693.0,France,Male,37.0,1.0,0.0,2.0,1.0,1.0,82867.55,0.0
640.0,France,Female,30.0,6.0,107499.7,24.81042594909668,1.0,1.0,187632.22,0.0
773.0,Spain,Female,23.0,8.0,0.0,2.0,1.0,0.0,56759.79,0.0
736.0,France,Male,30.0,9.0,0.0,2.0,1.0,0.0,34180.33,0.0
693.0,France,Male,12.337925481796265,8.0,0.0,2.0,1.0,1.0,158545.25,0.0
496.0,France,Male,41.0,1.0,176024.05,2.0,1.0,0.0,182337.98,0.0
751.0,France,Female,39.0,3.0,0.0,2.0,1.0,1.0,84175.34,0.0
528.0,Germany,Male,39.0,0.0,10570.7427734375,1.0,0.0,1.0,22197.8,1.0
754.0,Spain,Female,12.682312202453613,9.0,0.0,1.0,1.0,0.0,189641.11,0.0
568.0,Germany,Female,26.0,10.0,109819.16,2.0,1.0,0.0,154491.39,0.0
592.0,Spain,Female,41.0,-38.58500633239746,138734.94,1.0,1.0,0.0,90020.74,0.0
804.602294921875,Germany,Male,25.0,10.0,111363.1,2.0,1.0,0.0,197264.35,0.0
825.0,France,Male,34.0,9.0,0.0,0.8821856021881104,1.0,1.0,31933.060000000005,0.0
677.0,Germany,Male,28.0,0.0,143988.0,2.0,0.0,0.0,57010.70634765625,0.0
653.0,France,Male,34.0,-17.823762130737304,118838.75,1.0,1.0,1.0,52820.12999999999,0.0
593.0,Spain,Male,35.0,4.0,161637.75,1.0,1.0,0.0,20008.46,0.0
632.0,France,Female,44.0,3.0,133793.89,1.0,1.0,1.0,34607.14,1.0
771.2902587890625,Germany,Male,35.0,8.0,71553.83,1.0,0.0,0.0,177384.45,0.0
786.0,France,Female,17.319924545288085,8.0,15684.425476074219,-4.463402605056762,0.0,0.0,42937.99753417969,0.0
654.0,France,Female,40.0,3.0,0.0,15.310618925094605,1.0,0.0,167889.1,0.0
572.0,France,Female,38.0,7.0,0.0,2.0,1.0,1.0,133122.62,0.0
813.0,France,Female,62.0,10.0,64667.95,2.0,0.0,1.0,52037.4259765625,0.0
523.0,France,Female,28.0,2.0,121164.11000000002,1.0,1.0,1.0,59938.81,0.0
506.0,Spain,Male,50.0,3.0,0.0,2.0,1.0,0.0,12016.79,0.0
296.4989532470703,Spain,Male,72.0,3.0,98903.06,1.0,1.0,1.0,52353.5796875,0.0
664.0,France,Female,31.0,7.0,104158.84,1.0,1.0,0.0,134169.85,0.0
684.0,France,Male,54.0,6.0,26880.725,2.0,1.0,1.0,94888.6,0.0
608.0,Spain,Female,63.0,-67.56788177490235,139529.93,2.0,0.0,1.0,98024.059375,0.0
527.0,France,Female,25.0,6.0,0.0,2.0,0.0,1.0,96758.58,0.0
666.0,France,Male,53.0,5.0,64646.7,1.0,1.0,0.0,128019.48000000001,1.0
779.0,France,Male,25.175098133087157,3.0,31339.826953125,0.18043646812438965,1.0,0.0,93144.421875,0.0
629.0,France,Female,40.0,6.0,24520.300927734374,2.0,1.0,1.0,71897.22021484375,0.0
430.0,France,Male,35.0,1.0,118894.22,1.0,0.0,0.0,2923.61,0.0
712.0,France,Male,24.0,2.0,0.0,2.4336837768554687,0.0,1.0,121232.50999999998,0.0
682.0,France,Male,30.0,9.0,0.0,2.0,1.0,1.0,2053.42,0.0
634.0,France,Female,41.0,8.0,68213.99,1.0,1.0,1.0,6382.46,0.0
487.0,Spain,Female,31.0,1.0,0.0,2.0,1.0,0.0,158750.13,0.0
258.9226013183594,Spain,Male,47.0,8.0,139196.0,1.0,0.0,1.0,74028.36,0.0
527.0,France,Female,32.0,7.0,0.0,2.0,1.0,1.0,44099.75,0.0
235.71355438232422,Germany,Male,-5.1459400177001955,4.0,126345.55,1.0,0.0,1.0,17323.0,1.0
802.0,Spain,Male,40.0,-15.366864490509034,38498.5984375,21.588097763061523,0.0,1.0,175043.69,0.0
529.0,France,Female,38.0,2.0,0.0,1.0,1.0,0.0,146388.85,1.0
850.0,France,Female,14.873140096664429,3.0,0.0,2.0,0.0,0.0,2465.8,0.0
738.0,France,Male,18.0,4.0,0.0,2.0,1.0,1.0,47799.15,0.0
817.0,France,Male,34.0,5.0,129278.42999999998,1.0,0.0,0.0,165562.84,0.0
735.0,France,Male,31.0,3.0,119558.35,1.0,0.0,0.0,72927.68,0.0
619.0,Germany,Female,41.0,5.0,92467.58,1.0,1.0,0.0,38270.47,0.0
671.0,France,Male,27.0,5.0,0.0,2.0,0.0,0.0,120893.07000000002,0.0
581.0,Spain,Female,31.0,6.0,0.0,2.0,1.0,0.0,188377.21,0.0
690.0,Spain,Male,36.0,10.0,0.0,2.0,1.0,0.0,55902.93000000001,0.0
167.3985855102539,Spain,Male,56.0,4.0,99340.83,1.0,0.0,0.0,4523.74,1.0
688.0,Spain,Female,24.0,3.0,0.0,2.0,1.0,1.0,102195.16,0.0
599.0,Spain,Female,28.0,-55.63438034057617,126833.79,2.0,1.0,0.0,60843.08999999999,1.0
729.0,France,Male,29.0,5.0,109676.51999999999,1.0,1.0,1.0,25548.47,1.0
718.0,France,Female,29.0,3.0,0.0,1.0,0.0,1.0,134462.29,0.0
712.0,Germany,Male,53.0,6.0,134729.99,2.0,1.0,1.0,94088.921875,0.0
474.0,France,Male,37.0,3.0,98431.37,1.0,0.0,0.0,75698.44,0.0
565.0,Germany,Male,33.0,-32.545800399780276,130368.31000000001,2.0,1.0,0.0,105642.42999999998,1.0
658.0,France,Female,31.0,7.0,123974.96,1.0,1.0,0.0,102153.75,1.0
714.0,France,Male,63.0,4.0,36775.23984375,1.0,0.0,1.0,166677.54,0.0
725.0,France,Male,45.0,1.0,129855.32000000002,1.0,0.0,0.0,24218.65,0.0
825.0,France,Male,40.0,6.0,132308.22,1.0,0.0,0.0,116626.021875,0.0
665.0,Germany,Female,45.0,5.0,155447.65,2.0,1.0,0.0,51871.95,1.0
670.0,Spain,Male,-15.214715003967285,2.0,124268.63999999998,2.0,0.0,1.0,87424.66171875,0.0
474.0,Germany,Female,34.0,9.0,176311.36,1.0,1.0,0.0,160213.27,0.0
591.0,France,Male,40.0,2.0,99886.42,2.0,1.0,1.0,88695.19,0.0
508.0,France,Male,31.0,7.0,0.0,2.0,1.0,1.0,6123.15,0.0
695.0,France,Female,36.0,2.0,0.0,2.0,0.0,1.0,167749.54,0.0
660.0,Germany,Male,24.0,5.0,85089.3,1.0,1.0,1.0,71638.0,0.0
676.8721145629883,Germany,Female,19.99995756149292,10.0,134318.21,18.84965374469757,1.0,1.0,198064.52,0.0
255.6896514892578,Germany,Male,29.0,5.0,75395.53,2.0,0.0,1.0,54914.92,0.0
705.0,Germany,Female,33.0,5.0,116765.7,1.0,0.0,0.0,190659.17,1.0
739.0,Spain,Male,14.985665988922118,4.0,0.0,1.0,1.0,1.0,52441.18974609375,0.0
844.0,France,Male,38.0,7.0,29730.85546875,-6.663651418685913,1.0,1.0,119333.38,0.0
602.0,Germany,Female,48.0,7.0,76595.08,2.0,0.0,0.0,127095.13999999998,0.0
759.0,France,Female,33.0,9.0,160541.36,2.0,0.0,0.0,93541.14,0.0
747.0,Germany,Male,38.0,2.0,129728.6,1.0,1.0,0.0,89289.54,0.0
673.0,France,Male,47.0,1.0,0.0,2.0,0.0,0.0,108762.16,0.0
41.80451126098633,Spain,Female,14.44543914794922,5.0,818.5510864257812,4.0,1.0,1.0,2603.539794921875,1.0
191.5987190246582,Germany,Female,74.0,2.0,116800.25,11.764017629623414,1.0,1.0,34130.43,0.0
581.0,Germany,Male,40.0,0.0,101016.53,1.0,0.0,1.0,7926.35,1.0
125.04663391113282,France,Male,67.0,5.0,0.0,2.0,1.0,1.0,27330.27,0.0
703.0,France,Female,33.0,8.0,27268.570703125,1.0,1.0,1.0,79997.14,0.0
698.0,Spain,Female,47.0,6.0,0.0,1.0,1.0,0.0,48364.4705078125,1.0
210.05040283203124,Germany,Female,43.0,6.0,97067.69,1.0,0.0,1.0,60920.030000000006,1.0
652.0,France,Female,37.0,4.0,92208.54,1.0,0.0,1.0,197699.8,1.0
644.0,France,Male,-40.221845626831055,2.0,186347.97,2.0,1.0,0.0,92809.73,0.0
735.0,France,Male,55.0,2.0,103176.62,1.0,0.0,1.0,163516.16,0.0
234.2711975097656,France,Female,58.0,4.0,0.0,-0.7886258125305176,1.0,1.0,62449.06999999999,0.0
644.0,Germany,Female,40.0,4.0,27798.183984375,2.0,1.0,1.0,115800.1,1.0
665.0,France,Female,37.0,3.0,111911.63,1.0,0.0,1.0,110359.67999999998,1.0
529.0,Germany,Male,72.0,5.0,94216.05,1.0,1.0,1.0,78695.68,0.0
803.0,Spain,Female,45.0,7.0,0.0,8.008662033081055,1.0,1.0,128378.04,1.0
604.0,Spain,Female,15.796290874481201,3.0,0.0,2.0,0.0,0.0,155248.62,0.0
486.48292236328126,France,Male,49.0,6.0,106770.82000000002,19.67949867248535,0.0,0.0,123499.26999999999,0.0
655.0,Germany,Female,-5.890688800811768,-40.815107667446135,138089.97,2.0,1.0,0.0,99920.41,0.0
698.0,France,Male,39.0,9.0,12931.65126953125,2.0,0.0,1.0,53289.490000000005,0.0
775.0,France,Female,66.0,-12.9858962059021,0.0,2.0,1.0,1.0,67622.34,0.0
735.0,France,Male,41.0,7.0,74135.85,1.0,1.0,1.0,11783.1,1.0
766.0,Spain,Male,41.0,6.0,99208.46,2.0,1.0,1.0,62402.37999999999,0.0
537.0,Germany,Male,-8.540681076049804,8.0,92242.34,10.641355419158936,1.0,0.0,67622.9375,0.0
599.0,Germany,Male,25.0,7.0,108380.72,1.0,1.0,1.0,79005.95,0.0
420.0,Spain,Female,55.0,4.0,91893.32,1.0,1.0,0.0,144870.28,1.0
674.0,France,Female,32.0,7.0,85757.93,1.0,1.0,1.0,95481.0,0.0
570.0,France,Female,46.0,3.0,0.0,2.0,0.0,0.0,820.46,0.0
623.0,Germany,Male,33.0,8.0,96759.42,1.0,1.0,0.0,174777.98,0.0
710.0,France,Male,30.0,6.0,0.0,2.0,1.0,1.0,8991.17,0.0
466.0,France,Male,29.0,6.0,0.0,1.5654211521148682,1.0,1.0,2797.27,0.0
759.0,France,Female,22.0,5.0,0.0,1.0,1.0,0.0,22303.17,0.0
581.0,France,Male,71.0,-32.75973243713379,45251.43671875,2.0,1.0,1.0,197562.08,0.0
820.0,France,Male,33.0,2.0,8151.13603515625,2.0,1.0,0.0,23067.97,0.0
759.0,France,Male,41.0,9.0,0.0,2.0,0.0,1.0,190294.12,0.0
628.0,France,Female,31.0,6.0,175443.75,15.390242195129394,1.0,0.0,113167.17,1.0
676.0,France,Male,31.0,3.0,78990.15,1.0,1.0,1.0,124777.13999999998,0.0
591.0,France,Female,33.0,4.0,113743.37,1.0,1.0,0.0,124625.08,0.0
690.0,France,Female,26.0,5.0,157624.84,1.0,0.0,1.0,49599.27,0.0
510.8877769470215,France,Female,10.681606674194336,7.0,125163.62,2.0,1.0,1.0,151411.5,0.0
573.0,France,Female,23.0,2.0,0.0,1.0,1.0,0.0,122964.17999999998,0.0
694.0,France,Male,60.0,9.0,0.0,1.0,1.0,1.0,57088.969999999994,0.0
632.0,Spain,Female,29.0,7.0,80922.75,1.0,1.0,0.0,7820.780000000001,0.0
632.0,France,Male,-54.443180084228516,3.0,193354.86,2.0,1.0,0.0,149188.41,0.0
832.0,Spain,Female,-33.38916311264038,9.0,107648.93999999999,2.0,1.0,1.0,100182.284375,0.0
598.0,Germany,Female,46.0,7.0,131769.04,1.0,0.0,0.0,184980.23,1.0
430.0,Germany,Male,36.0,1.0,138992.48,2.0,0.0,0.0,122373.42,0.0
711.0,France,Female,37.0,8.0,113899.92,1.0,0.0,0.0,80215.2,0.0
582.0,Germany,Male,26.0,-18.543311142921446,114450.32000000002,1.0,1.0,1.0,14081.64,0.0
605.0,France,Male,39.0,3.0,0.0,2.0,1.0,0.0,199390.45,0.0
657.0,France,Female,37.0,2.0,0.0,2.0,1.0,1.0,7667.479999999999,0.0
578.0,Spain,Male,40.0,6.0,63609.92,1.0,0.0,0.0,74965.61,1.0
532.0,France,Male,38.0,9.0,0.0,2.0,0.0,0.0,30583.95,0.0
612.0,France,Female,42.0,10.0,75497.51,1.0,0.0,0.0,149682.78,0.0
792.0,France,Female,42.0,2.0,0.0,2.0,1.0,0.0,92664.09,0.0
674.0,France,Female,26.0,10.0,0.0,2.0,1.0,1.0,138423.1,0.0
680.0,France,Male,31.0,-3.3944374561309814,0.0,2.0,1.0,1.0,3148.2,0.0
593.0,France,Female,39.0,0.0,117704.73000000001,1.0,1.0,0.0,197933.5,0.0
679.0,Spain,Male,35.0,1.0,130463.55,15.250133514404297,1.0,1.0,37341.17,0.0
297.0644805908203,Spain,Male,32.0,8.0,46161.18,1.0,1.0,1.0,79577.4,0.0
688.0,France,Male,29.843043088912964,5.0,0.0,2.0,0.0,0.0,197602.29,0.0
769.0,Germany,Male,43.0,4.0,110182.54,2.0,1.0,1.0,87537.32,0.0
581.0,France,Female,49.0,10.0,0.0,2.0,0.0,0.0,41623.59,0.0
465.0,France,Male,41.0,9.0,117221.15,1.0,1.0,0.0,168280.95,0.0
641.0,France,Female,35.0,4.0,0.0,2.0,0.0,0.0,125986.17999999998,1.0
731.0,Germany,Female,43.0,9.0,79120.27,1.0,0.0,0.0,548.52,1.0
625.0,France,Male,37.0,1.0,177069.24,2.0,1.0,1.0,96088.54,0.0
468.0,France,Male,36.0,3.0,61636.969999999994,1.0,0.0,0.0,107787.42,0.0
790.0,France,Male,26.0,5.0,0.0,1.0,1.0,0.0,20510.79,0.0
587.0,France,Female,37.0,-61.084774017333984,104414.03,1.0,1.0,0.0,192026.02,0.0
692.0,France,Male,66.0,-57.83121681213379,159732.02,8.771502685546874,1.0,1.0,118188.15,0.0
676.0,Germany,Female,34.0,4.0,38837.54921875,1.0,1.0,1.0,189540.95,0.0
571.0,France,Male,41.0,8.0,0.0,1.0,1.0,1.0,63736.17,0.0
700.0,France,Female,32.0,3.0,0.0,1.0,0.0,0.0,95740.37,0.0
445.0,France,Female,30.0,3.0,0.0,2.0,1.0,1.0,127939.18999999999,0.0
746.0,France,Male,36.0,7.0,142400.77,1.0,1.0,1.0,193438.69,0.0
722.0,France,Female,47.0,2.0,88011.4,1.0,1.0,1.0,90655.94,1.0
596.0,France,Male,36.0,2.0,0.0,2.0,1.0,0.0,12067.39,0.0
850.0,Germany,Female,30.0,8.0,154870.28,1.0,1.0,1.0,54191.37999999999,0.0
597.0,Spain,Female,46.0,4.0,0.0,2.0,1.0,0.0,58667.16000000001,1.0
436.0,Spain,Male,43.0,5.0,0.0,2.0,1.0,1.0,35687.43,0.0
660.0,Germany,Male,28.0,1.0,118402.25,2.0,1.0,0.0,14288.929999999998,0.0
649.0,France,Male,37.0,9.0,87374.88,2.0,1.0,1.0,247.36000000000004,0.0
646.0,Germany,Male,-34.11318778991699,8.0,105397.8,1.0,1.0,0.0,78111.84,1.0
560.0,Spain,Female,31.0,5.0,125341.68999999999,1.0,1.0,0.0,79547.39,0.0
710.0,Germany,Male,49.0,10.0,129164.88,14.669724559783935,1.0,1.0,193266.72,1.0
513.0,France,Male,40.0,3.0,141004.46,1.0,1.0,0.0,49487.2359375,0.0
607.0,France,Female,21.0,0.0,0.0,2.0,1.0,0.0,116106.51999999999,0.0
757.0,France,Male,-25.843342208862303,3.0,89079.41,1.0,1.0,1.0,53179.21,1.0
619.0,Germany,Male,40.0,9.0,103604.31,2.0,0.0,0.0,140947.05,0.0
612.0,France,Male,24.0,1.0,182705.05,1.0,1.0,1.0,171837.06,1.0
842.0,France,Male,29.0,8.0,0.0,2.0,1.0,1.0,123437.05,0.0
713.0,France,Male,33.0,6.0,94598.48,1.0,0.0,0.0,71398.8203125,0.0
754.20927734375,Spain,Male,36.0,8.0,188241.05,2.0,0.0,0.0,183058.51,1.0
770.0,France,Female,37.0,9.0,0.0,2.0,0.0,0.0,22710.72,0.0
773.0,France,Female,40.0,10.0,0.0,2.0,0.0,1.0,69303.15,0.0
470.0,Germany,Male,39.0,5.0,117469.91,2.0,0.0,0.0,63705.9,0.0
781.0,Spain,Male,35.0,4.0,80790.74,1.0,1.0,0.0,116429.50999999998,0.0
428.0,France,Female,62.0,1.0,107735.92999999998,1.0,0.0,1.0,58381.77,0.0
269.4272125244141,Germany,Female,43.0,-54.82548429965973,133379.41,1.0,1.0,1.0,61145.7994140625,1.0
697.0,Spain,Female,37.0,7.0,168066.87,1.0,1.0,0.0,35450.53,0.0
692.0,Germany,Female,43.0,2.0,69014.49,2.0,0.0,0.0,164621.43,0.0
791.0,France,Male,28.0,4.0,0.0,1.0,1.0,0.0,174435.48,0.0
538.0,Germany,Female,42.0,1.0,98548.62,2.0,0.0,1.0,94047.75,0.0
820.0,France,Male,49.0,1.0,0.0,2.0,1.0,1.0,119087.25,0.0
679.0,Spain,Female,26.0,3.0,76554.06,1.0,1.0,1.0,184800.27,0.0
649.0,France,Female,36.0,2.0,0.0,2.0,0.0,1.0,75035.48,0.0
632.0,France,Female,27.0,3.0,107375.82000000002,1.0,1.0,1.0,62703.37999999999,0.0
594.0,France,Male,40.0,9.0,122417.17,2.0,0.0,1.0,190882.69,0.0
682.0,France,Female,42.0,0.0,0.0,1.0,0.0,1.0,81591.0359375,1.0
720.0,France,Male,33.0,6.0,97188.62,1.0,0.0,0.0,76046.1609375,0.0
769.0,France,Male,31.0,4.0,61297.05,2.0,1.0,1.0,7118.020000000001,0.0
746.0,Spain,Male,30.0,1.0,112666.67,1.0,0.0,0.0,11710.4,1.0
122.88372421264648,Spain,Female,40.0,7.0,0.0,1.0,1.0,1.0,25904.12,0.0
537.0,France,Male,28.0,3.0,157842.07,1.0,1.0,0.0,86911.49,0.0
468.0,France,Male,-19.826862335205078,7.0,91443.75,1.0,1.0,0.0,10958.18,0.0
588.0,Germany,Female,30.0,0.0,110148.49000000002,1.0,1.0,0.0,5790.9,1.0
729.0,Spain,Female,34.0,9.0,53299.96,2.0,0.0,1.0,42855.97,1.0
543.0,France,Male,37.0,3.0,0.0,2.0,1.0,1.0,78915.68,0.0
499.0,Spain,Male,39.0,6.0,0.0,2.0,1.0,1.0,81409.0,0.0
784.0,France,Male,28.0,2.0,70233.74,2.0,1.0,1.0,179252.73,0.0
604.0,France,Male,33.0,3.0,0.0,1.0,1.0,0.0,42171.13,1.0
614.0,France,Female,25.0,10.0,75212.28,1.0,1.0,0.0,58965.04,0.0
671.0,France,Female,31.0,7.0,41299.03,1.0,0.0,0.0,102681.32,0.0
583.7732208251953,Spain,Female,35.0,3.0,83286.56,1.0,1.0,0.0,125553.51999999999,0.0
593.0,Spain,Male,43.0,10.0,0.0,2.0,0.0,0.0,53478.02,0.0
453.0,France,Male,29.0,6.0,0.0,1.0,0.0,0.0,198376.02,1.0
570.0,Germany,Male,35.0,6.0,85668.59,1.0,1.0,0.0,105525.36000000002,0.0
655.0,France,Female,45.0,7.0,57327.04,1.0,0.0,1.0,47349.0,0.0
632.0,Spain,Male,28.501992607116698,3.0,0.0,2.0,1.0,0.0,178822.32,0.0
681.0,France,Female,37.0,7.0,69609.85,17.19409532546997,1.0,1.0,72127.83,0.0
591.0,Germany,Male,46.0,4.0,129269.26999999999,1.0,1.0,0.0,163504.33,0.0
779.0,France,Male,27.0,1.0,0.0,2.0,1.0,1.0,190623.02,0.0
456.0,France,Female,63.0,1.0,165350.61,2.0,0.0,0.0,140758.07,1.0
686.0,France,Female,41.0,-54.98293485641479,152105.57,2.0,0.0,1.0,132374.41,0.0
204.62303161621094,France,Male,74.0,10.0,0.0,2.0,1.0,1.0,53949.98,0.0
452.85735473632815,France,Female,32.0,5.0,106290.63999999998,1.0,1.0,0.0,121982.73000000001,0.0
646.0,Germany,Female,30.0,10.0,100548.67,2.0,0.0,0.0,136983.77,0.0
735.0,France,Male,46.0,2.0,106344.95,1.0,1.0,0.0,114371.33,1.0
543.0,France,Male,35.0,5.0,137482.19,1.0,0.0,0.0,62389.35,0.0
490.0,France,Female,37.0,3.0,116465.53,1.0,0.0,1.0,24435.77,0.0
640.0,France,Male,45.0,1.0,0.0,1.0,1.0,1.0,10908.33,0.0
445.0,Spain,Male,45.0,10.0,0.0,2.0,0.0,1.0,90977.48,0.0
761.0,France,Male,36.0,-40.16292510032654,127637.92,1.0,1.0,1.0,81062.93,0.0
426.0,France,Female,34.0,3.0,0.0,2.0,1.0,1.0,61230.83,0.0
777.0,France,Male,37.0,1.0,0.0,1.0,1.0,1.0,126837.72,0.0
534.0,France,Male,35.0,2.0,81951.74,2.0,1.0,0.0,34489.843505859375,0.0
777.0,France,Female,42.0,5.0,147531.82,1.0,1.0,0.0,107640.0765625,0.0
806.0,Spain,Male,18.0,3.0,21692.16953125,2.0,1.0,1.0,86994.54,0.0
790.0,France,Female,-6.841933631896973,10.0,135120.72,1.0,0.0,0.0,195204.99,0.0
643.0,Spain,Female,32.0,2.0,0.0,1.0,0.0,0.0,131301.74,0.0
584.0,Spain,Female,37.0,8.0,0.0,2.0,0.0,0.0,100835.19,0.0
638.0,France,Female,34.0,7.0,0.0,2.0,1.0,1.0,198969.78,0.0
771.0,Spain,Male,18.0,1.0,0.0,2.0,0.0,0.0,41542.95,0.0
600.0,France,Female,39.0,5.0,0.0,2.0,0.0,0.0,118272.07000000002,0.0
661.0,Spain,Female,41.0,5.0,28082.95,1.0,1.0,0.0,69586.27,1.0
554.0,France,Female,43.0,10.0,0.0,2.0,1.0,0.0,149629.13,1.0
627.0,Spain,Male,49.0,4.0,111087.5,1.0,0.0,1.0,146680.25,0.0
659.0,France,Female,38.0,2.3740254163742067,0.0,2.0,1.0,1.0,132809.18,0.0
835.0,France,Male,35.0,6.0,127120.07000000002,1.0,0.0,0.0,28707.689999999995,0.0
256.4439102172852,France,Female,35.0,7.0,19032.789697265624,2.0,1.0,1.0,104706.29,0.0
625.0,Germany,Male,31.0,4.0,77743.01,2.0,1.0,0.0,75335.68,0.0
799.0,France,Female,21.30047950744629,9.0,0.0,2.0,1.0,0.0,136827.96,0.0
373.26058731079104,France,Male,69.0,7.0,22142.950122070313,1.0,0.0,1.0,139065.94,1.0
692.0,France,Male,28.0,5.0,61581.969999999994,6.600574719905853,1.0,1.0,70179.91,0.0
623.0,France,Female,24.0,5.0,0.0,2.0,1.0,0.0,116160.04,0.0
453.0,Spain,Female,7.491635584831238,5.0,0.0,3.0,1.0,0.0,83008.49,1.0
408.0,France,Female,84.0,8.0,87873.39,1.0,0.0,0.0,70733.70234375,1.0
778.0,Germany,Male,37.0,-45.45829696655274,105617.73000000001,2.0,1.0,1.0,133699.82,1.0
695.0,France,Female,42.0,5.0,0.0,1.0,0.0,1.0,72681.7125,1.0
677.0,Germany,Female,44.0,4.0,25447.769860839842,2.0,1.0,1.0,73021.1237548828,0.0
662.0,Spain,Male,37.0,5.0,94901.09,19.13468246459961,1.0,1.0,48233.75,0.0
534.0,France,Male,29.0,7.0,174851.9,1.0,1.0,1.0,79178.31,0.0
520.0982604980469,France,Male,59.0,7.0,34631.093359375,11.099332046508788,1.0,1.0,162347.05,0.0
554.0,Germany,Female,43.0,2.0,120847.11000000002,1.0,1.0,0.0,7611.609999999999,1.0
667.0,France,Male,42.0,-19.65471773147583,0.0,1.0,1.0,0.0,88890.05,0.0
672.0,France,Male,43.0,5.0,0.0,1.0,0.0,0.0,63833.08999999999,0.0
838.0,Spain,Male,67.0,4.0,21855.76328125,1.0,1.0,0.0,78310.04,0.0
692.0,Spain,Female,34.0,4.0,109699.08,1.0,1.0,1.0,37898.91,0.0
531.5567504882813,France,Male,-26.4526611328125,8.0,135133.39,39.95255374908447,0.0,1.0,88480.56796875,1.0
731.0,France,Male,33.0,1.0,0.0,0.1343887448310852,1.0,0.0,130726.96,1.0
468.0,France,Female,32.0,8.0,137649.47,1.0,0.0,0.0,198714.29,0.0
542.0,Spain,Male,43.0,6.0,113567.93999999999,1.0,1.0,0.0,89543.25,0.0
662.0,Spain,Female,35.0,6.0,0.0,2.0,0.0,0.0,2423.9,1.0
836.3039794921875,Germany,Male,19.917803525924683,5.0,141547.26,2.0,0.0,1.0,180326.83,0.0
503.0037414550781,France,Female,61.0,5.0,62055.17,3.0,0.0,0.0,166305.16,1.0
647.0,Germany,Male,51.0,4.0,131156.76,1.0,1.0,0.0,29883.629999999997,0.0
604.0,France,Male,31.0,6.0,134837.58,1.0,1.0,0.0,192029.19,0.0
833.0,France,Female,39.0,3.0,0.0,2.0,1.0,0.0,1710.89,0.0
741.0,France,Male,40.0,4.0,104784.23,1.0,1.0,0.0,71789.19609375,1.0
658.0,Spain,Male,36.0,1.0,0.0,2.0,1.0,1.0,84927.42,0.0
528.0,France,Female,36.0,-54.76859665289521,156948.41,52.91413665413857,1.0,1.0,149912.28,0.0
590.0,Germany,Female,60.0,6.0,147751.75,1.0,1.0,0.0,88206.04,1.0
675.0,France,Male,34.0,1.0,124619.33,2.0,0.0,1.0,163667.56,0.0
765.0,France,Male,41.0,4.0,124182.21,1.0,0.0,0.0,100153.43,0.0
650.0,France,Female,-3.02696533203125,7.0,142028.36,1.0,1.0,0.0,32275.090000000004,1.0
817.0,France,Male,44.0,8.0,0.0,1.0,0.0,0.0,65501.91000000001,1.0
699.0,France,Female,31.0,-34.264682698249814,125837.86000000002,2.0,1.0,0.0,189392.66,0.0
495.0,Germany,Female,34.0,-40.06790351867676,117160.32000000002,1.0,1.0,1.0,116069.24000000002,1.0
491.0,Spain,Female,61.0,-3.6575332790613175,0.0,2.0,0.0,1.0,67177.8265625,0.0
847.0,France,Male,3.0706643581390383,5.0,40342.25546875,1.0,0.0,0.0,144184.06,1.0
676.0,Spain,Female,30.0,5.0,0.0,2.0,0.0,1.0,157888.5,0.0
746.0,Spain,Female,25.0,3.0,104833.79,1.0,0.0,0.0,71911.3,0.0
470.0,Spain,Female,31.0,2.0,14052.48671875,2.0,1.0,0.0,45033.75,0.0
714.0,Spain,Male,28.285912609100343,3.0,0.0,2.0,0.0,1.0,150465.93,0.0
695.0,France,Female,50.0,8.0,0.0,1.0,1.0,0.0,126381.6,1.0
674.0,France,Male,46.0,2.0,174701.05,1.0,1.0,0.0,90189.72,1.0
526.148681640625,Germany,Male,36.0,6.0,71142.77,2.0,1.0,0.0,122433.09,0.0
697.0,Germany,Male,31.0,3.0,33847.2640625,2.0,0.0,1.0,123825.83,0.0
670.0,France,Male,68.0,4.0,0.0,2.0,1.0,1.0,11426.7,0.0
541.0,France,Female,32.0,4.0,0.0,1.0,1.0,1.0,114951.42,0.0
640.0,France,Female,66.0,9.0,116037.75999999998,1.0,0.0,1.0,72495.30546875,0.0
647.0,France,Female,25.356365966796876,8.0,0.0,2.0,1.0,1.0,80349.07890625,0.0
757.0,France,Male,23.0,2.0,80673.96,2.0,1.0,0.0,72829.39375,0.0
704.0,Germany,Female,39.0,-42.003500533103946,124640.50999999998,1.0,1.0,0.0,116511.12,1.0
778.0,Germany,Female,31.0,9.0,182275.23,45.26433277130127,1.0,0.0,190631.23,0.0
639.0,Germany,Female,41.0,5.0,98635.77,5.652854418754577,0.0,0.0,199970.74,0.0
637.0,France,Male,33.0,5.0,0.0,2.0,1.0,0.0,139947.17,0.0
686.0,France,Male,35.0,-3.4192192532122134,0.0,1.0,1.0,0.0,8816.37,0.0
577.0,Spain,Male,43.0,8.0,24403.091357421876,1.0,1.0,0.0,135650.72,0.0
506.0,Germany,Male,28.0,8.0,53053.759999999995,1.0,0.0,1.0,24577.34,0.0
294.50695724487304,France,Female,-12.163900446891784,-26.96281819343567,120911.75,2.0,1.0,1.0,42818.23542480469,0.0
510.5208709716797,France,Male,55.0,4.0,115285.85,1.322449016571045,1.0,0.0,140126.17,0.0
721.0,France,Male,41.0,2.0,0.0,2.0,1.0,0.0,168219.75,0.0
489.0,France,Male,40.0,3.0,39083.77578125,1.0,1.0,0.0,171867.08,0.0
446.0,France,Female,51.0,4.0,105056.13,1.0,0.0,0.0,70613.52,0.0
677.0,France,Male,37.0,3.0,88363.03,1.0,0.0,1.0,117946.3,0.0
769.0,France,Male,29.0,2.0,123757.51999999999,2.0,1.0,0.0,84872.66,0.0
77.78461456298828,Spain,Male,56.0,5.0,3392.6521728515627,1.0044951260089874,1.0,1.0,9594.856298828125,1.0
555.0,Germany,Female,62.0,10.0,114822.63999999998,1.0,0.0,1.0,8444.5,0.0
652.0,Germany,Female,37.0,9.0,145219.3,55.0404541015625,1.0,0.0,159132.83,0.0
722.0,Germany,Female,32.0,-11.801134300231933,106807.63999999998,1.0,1.0,1.0,76998.69,0.0
643.0,France,Male,36.0,0.0,148159.71,1.0,0.0,0.0,55835.66000000001,0.0
796.0,Germany,Female,40.0,1.0,99745.95,1.0,1.0,0.0,177524.19,0.0
720.0,Germany,Female,37.0,8.0,156282.79,1.0,1.0,0.0,45985.52,0.0
613.0,France,Male,41.0,7.0,0.0,2.0,1.0,0.0,67756.55747070312,0.0
506.0,France,Female,57.0,6.0,0.0,2.0,0.0,1.0,194421.12,1.0
608.0,France,Male,50.0,6.0,0.0,1.0,1.0,0.0,93568.77,1.0
667.0,Spain,Male,77.0,-4.5461442232131954,17788.4025390625,1.0,0.0,1.0,34702.92,0.0
750.0,France,Female,47.0,7.0,121376.15,2.0,1.0,0.0,108425.01328125,1.0
610.0,France,Male,33.0,4.0,111582.11000000002,1.0,0.0,0.0,113943.17,0.0
588.0,Germany,Female,34.0,10.0,129417.82000000002,29.59162335395813,1.0,0.0,153727.32,0.0
479.0,France,Female,26.0,1.0,0.0,2.0,1.0,1.0,19116.97,0.0
682.0,France,Male,37.0,5.0,0.0,2.0,1.0,1.0,112554.67999999998,0.0
677.0,France,Female,36.0,7.0,0.0,1.0,1.0,0.0,47318.75,0.0
263.0340087890625,Germany,Male,40.0,6.0,94607.08,1.0,1.0,0.0,47421.9888671875,0.0
580.0,France,Male,56.0,1.0,131368.3,1.0,1.0,0.0,106918.67,0.0
746.0,France,Female,21.0,8.0,166883.07,45.75175094604492,0.0,1.0,194563.65,0.0
635.0,Spain,Female,37.0,3.0,0.0,2.0,1.0,0.0,91086.73,0.0
664.0,Germany,Male,25.0,6.0,172812.72,2.0,1.0,0.0,108008.65,0.0
192.81451873779298,Germany,Female,36.0,0.0,126606.63,2.0,1.0,0.0,33687.8419921875,0.0
415.0,France,Male,46.0,9.0,134950.19,3.0,0.0,0.0,178587.36,1.0
798.0,France,Female,60.0,6.0,96956.1,1.0,1.0,0.0,31907.439999999995,1.0
792.0,Germany,Female,29.0,4.0,107601.79,1.0,1.0,0.0,18922.18,1.0
489.0,Germany,Male,46.0,8.0,92060.06,1.0,1.0,0.0,147222.95,1.0
730.0,France,Male,33.0,0.0,0.0,2.0,1.0,0.0,1474.79,0.0
773.0,France,Male,41.0,4.0,0.0,2.0,1.0,0.0,24924.92,0.0
711.0,France,Male,36.0,-20.807384967803955,137688.71,1.0,1.0,1.0,46884.1,0.0
592.0,Spain,Male,55.0,-9.005112957954406,22227.158203125,2.0,1.0,0.0,58141.71953125,0.0
695.0,Germany,Male,27.0,6.0,125552.96,1.0,1.0,0.0,105291.25999999998,0.0
640.0,France,Female,33.0,1.0,167298.42,1.0,0.0,1.0,145381.65,0.0
470.0,France,Male,31.0,4.0,55732.92,2.0,1.0,1.0,103792.53,0.0
789.0,Germany,Female,37.0,6.0,110689.07000000002,1.0,1.0,0.0,71121.04,1.0
604.0,Spain,Female,39.0,7.0,98544.11,1.0,1.0,1.0,52327.57,0.0
493.0,Germany,Female,35.0,8.0,178317.6,1.0,0.0,0.0,197428.64,0.0
671.0,France,Female,48.0,8.0,115713.84,2.0,0.0,0.0,83210.84,0.0
656.0,France,Male,-30.680548858642577,9.0,143267.14,2.0,0.0,0.0,193099.43,0.0
739.0,Spain,Male,19.0,5.0,89750.21,1.0,1.0,0.0,193008.52,1.0
560.0,Spain,Female,26.0,3.0,116576.45,1.0,1.0,0.0,157567.37,0.0
243.79057388305665,France,Female,47.0,8.0,19495.67001953125,2.0,1.0,0.0,108977.5,0.0
681.0,France,Male,23.0,-29.481969726085662,157761.56,1.0,0.0,0.0,147759.84,0.0
740.0,France,Female,37.0,5.0,0.0,2.0,1.0,1.0,27528.4,0.0
663.0,Spain,Male,31.0,4.0,103430.11,33.51783676147461,0.0,1.0,36479.27,0.0
845.0,Spain,Female,52.0,0.0,0.0,1.0,1.0,0.0,31726.76,1.0
555.0,Spain,Male,27.0,5.0,0.0,2.0,0.0,0.0,96398.51,0.0
680.0,Germany,Male,48.0,8.0,33717.21875,1.0,0.0,0.0,139558.6,1.0
638.0,France,Male,-3.820893716812134,0.0,122501.28,2.0,1.0,0.0,95007.8,0.0
640.0,France,Male,62.0,3.0,0.0,1.0,1.0,1.0,101663.47,0.0
778.0,France,Male,42.0,6.0,0.0,2.0,1.0,1.0,58969.9802734375,0.0
679.0,France,Male,45.0,3.0,146758.24,1.0,1.0,1.0,48466.89,0.0
593.0,France,Female,32.0,3.0,0.0,2.0,1.0,0.0,151978.36,0.0
788.0,France,Male,55.0,3.0,0.0,1.0,1.0,1.0,13288.459999999997,1.0
770.0,Spain,Female,70.0,9.0,110738.88999999998,1.0,0.0,0.0,22666.77,1.0
729.0,France,Male,67.0,2.0,94203.8,1.0,0.0,1.0,102391.06,0.0
545.0,France,Male,47.0,8.0,105792.49000000002,1.0,0.0,0.0,59840.49296875,1.0
597.0,France,Male,41.0,4.0,153198.23,1.0,1.0,1.0,92090.36,0.0
537.0,France,Male,38.0,3.0,0.0,2.0,0.0,0.0,141023.01,0.0
732.0,France,Male,39.887577819824216,-24.59403371810913,61811.23,1.0,1.0,0.0,104222.8,0.0
542.0,France,Male,34.0,8.0,101116.06,1.0,1.0,0.0,196395.05,0.0
688.0,Germany,Female,46.0,0.0,74458.25,1.0,0.0,1.0,6866.31,0.0
542.0,Germany,Male,33.0,8.0,142871.27,2.0,0.0,0.0,77737.86,0.0
754.0,Germany,Male,35.0,6.0,98585.94,2.0,0.0,1.0,106116.84,0.0
750.0,France,Female,37.0,-18.59672155380249,0.0,1.0,1.0,1.0,117948.0,1.0
746.5437377929687,France,Male,30.0,7.0,0.0,6.149863505363465,1.0,0.0,184581.68,0.0
699.0,Spain,Female,43.0,-18.186133360862733,80764.03,1.0,1.0,0.0,59271.95759277344,1.0
534.0,France,Female,42.0,9.0,144801.97,1.0,0.0,1.0,12483.39,1.0
494.0,Spain,Male,27.0,2.0,0.0,2.0,1.0,0.0,22404.64,0.0
497.0,Germany,Male,35.0,7.0,25357.3625,2.0,1.0,1.0,92887.06,0.0
632.0,France,Female,28.0,5.0,118890.81000000001,1.0,0.0,1.0,145157.97,0.0
724.0,France,Male,14.847137236595154,5.0,0.0,1.0,1.0,0.0,72190.16245117187,1.0
751.0,Germany,Female,37.0,0.0,151218.98,1.0,1.0,1.0,109309.29,0.0
733.0,France,Male,42.0,9.0,150507.21,32.838815689086914,0.0,1.0,116715.2,0.0
62.47127227783203,Spain,Female,21.0,9.0,0.0,2.0,1.0,1.0,6683.4873046875,0.0
363.25966491699216,Germany,Male,33.0,4.0,131023.75999999998,2.0,0.0,0.0,55072.93000000001,0.0
666.0,Germany,Female,44.0,2.0,122314.5,1.0,0.0,0.0,68574.88,1.0
653.0,France,Male,29.0,2.0,0.0,2.0,1.0,1.0,41671.81,0.0
850.0,France,Male,28.0,4.0,0.0,2.0,1.0,0.0,81260.4744140625,0.0
339.7865783691406,Germany,Female,52.0,6.0,111739.4,2.0,0.0,1.0,68367.18,0.0
750.0,France,Male,43.0,6.0,19352.2796875,1.0,1.0,1.0,74564.41,0.0
764.0,France,Male,24.0,7.0,98148.61,1.0,1.0,0.0,26843.76,0.0
658.0,France,Female,32.0,9.0,0.0,2.0,1.0,0.0,156774.75,0.0
727.0,France,Female,32.0,1.0,59271.81999999999,18.003649711608887,1.0,1.0,46019.43,0.0
687.0,France,Female,31.0,2.0,0.0,2.0,0.0,1.0,145411.39,0.0
631.0,Spain,Male,33.0,2.0,0.0,2.0,1.0,1.0,158268.84,0.0
797.0,France,Male,30.0,10.0,69413.44,1.0,1.0,1.0,74637.57,0.0
318.237451171875,Spain,Male,25.0,7.0,160599.06,2.0,1.0,1.0,28391.52,0.0
850.0,Spain,Male,22.0,3.0,0.0,1.0,1.0,0.0,144385.54,0.0
676.0,France,Female,40.0,2.0,147803.48,1.0,1.0,0.0,95181.06,1.0
620.0,France,Male,44.0,-3.10613012611866,0.0,2.0,1.0,1.0,15627.51,0.0
576.0,France,Female,52.0,9.0,170228.59,2.0,1.0,0.0,148477.57,1.0
482.0,France,Female,35.0,2.0,133111.73,1.0,0.0,1.0,79957.95,0.0
695.0,Spain,Female,39.0,5.0,26506.343359375,2.0,0.0,0.0,102763.69,0.0
706.0,France,Male,18.0,2.0,176139.5,2.0,1.0,0.0,129654.22,0.0
668.0,France,Female,32.0,2.0,0.0,2.0,1.0,1.0,40652.33,0.0
679.0,Germany,Male,35.0,-61.09929504394531,110245.13,1.0,1.0,1.0,178291.09,0.0
703.0,France,Female,45.0,5.0,33247.49375,2.0,1.0,0.0,131906.44,0.0
458.75436782836914,France,Male,67.0,-40.14156377315521,158719.57,1.0,1.0,1.0,81845.56928710938,0.0
590.0,France,Female,76.0,5.0,160979.68,1.0,0.0,1.0,13848.579999999998,0.0
613.0,Spain,Male,35.0,4.0,123557.65,2.0,0.0,1.0,170903.4,0.0
742.0,France,Female,60.0,4.0,0.0,1.0,1.0,1.0,13161.66,1.0
608.0,France,Female,33.0,4.0,0.0,1.0,1.0,0.0,79304.38,1.0
571.0,France,Male,40.0,10.0,112896.86000000002,1.0,1.0,1.0,121402.53,0.0
242.46229553222656,France,Female,39.0,7.0,120962.13,1.0,0.0,0.0,23305.01,0.0
745.0,Germany,Male,48.0,10.0,96048.55,1.0,1.0,0.0,74510.65,0.0
589.0,France,Female,21.0,3.0,0.0,2.0,0.0,1.0,55601.44,0.0
749.0,France,Male,37.0,-48.04086112976074,185063.7,2.0,1.0,0.0,134526.87,0.0
678.0,France,Female,22.0,6.0,39307.8765625,2.0,1.0,1.0,195424.01,1.0
603.0,France,Male,46.0,2.0,17478.616796875,-1.7965691685676575,1.0,1.0,59563.490000000005,0.0
504.0,France,Female,73.0,8.0,0.0,1.0,1.0,0.0,34595.58,0.0
739.0,Germany,Male,40.0,5.0,29010.009814453126,8.052774441242217,1.0,1.0,73809.41235351562,1.0
604.0,France,Female,34.0,7.0,0.0,2.0,1.0,0.0,193021.49,0.0
612.0,France,Female,35.0,3.0,0.0,1.0,1.0,1.0,48108.72,0.0
629.0,Spain,Female,44.0,6.0,125512.98000000001,2.0,0.0,1.0,79082.76,0.0
652.0,Spain,Female,42.0,3.0,83492.07,2.0,1.0,0.0,37914.12,0.0
565.0,France,Male,34.0,7.0,0.0,1.0,0.0,0.0,74593.84,0.0
707.0,France,Female,49.0,-21.431740975379945,0.0,1.0,1.0,0.0,82967.97,1.0
645.0,France,Male,30.0,1.0,125739.25999999998,1.0,1.0,1.0,193441.23,0.0
762.0,France,Female,34.0,-51.241783905029294,98592.88,1.0,1.0,0.0,191790.29,1.0
639.0,Spain,Female,39.0,1.0,141789.15,1.0,1.0,0.0,92455.96,0.0
709.0,Germany,Male,22.0,0.0,112949.71,1.0,0.0,0.0,155231.55,0.0
823.0,France,Male,34.0,3.0,105057.33,1.0,1.0,0.0,64400.78603515625,0.0
817.0,Germany,Female,46.0,0.0,89087.89,1.0,0.0,0.0,87941.85,1.0
665.0,Germany,Female,27.0,2.0,147435.96,1.0,0.0,0.0,187508.06,0.0
646.0,Germany,Male,39.0,0.0,154439.86,1.0,1.0,0.0,171519.06,0.0
568.0,France,Male,30.0,8.0,73054.37,2.0,1.0,1.0,27012.0,0.0
850.0,France,Female,23.88224811553955,1.0,124678.35,1.0,1.0,0.0,70916.0,1.0
473.0,Germany,Male,40.0,-66.11764526367188,152576.25,2.0,1.0,0.0,73073.68,0.0
731.0,France,Female,41.0,9.0,152243.57,1.0,1.0,1.0,88783.59,0.0
619.0,France,Male,25.0,4.0,0.0,1.0,1.0,0.0,145524.36,0.0
715.0,Germany,Male,42.0,-2.9586713761091232,6742.02646484375,2.0,1.0,0.0,21333.22,0.0
772.0,France,Female,51.0,9.0,143930.92,36.82098042964935,0.0,0.0,109223.9609375,0.0
686.0,France,Female,31.0,1.0,0.0,2.0,1.0,0.0,4802.25,0.0
749.0,Germany,Female,29.0,-48.8613899230957,137059.05,3.0,0.0,0.0,102975.72,0.0
781.0,France,Female,27.0,7.0,186558.55,1.0,1.0,1.0,175071.29,1.0
304.5611740112305,France,Female,5.4410148620605465,5.0,115654.47,2.0,1.0,1.0,55078.752197265625,0.0
730.0,Spain,Male,29.0,2.0,0.0,2.0,1.0,0.0,14174.09,0.0
683.0,Spain,Male,38.0,3.0,126152.84,1.0,0.0,0.0,15378.75,0.0
554.0,Germany,Female,51.0,7.0,105701.91,18.81207666397095,0.0,1.0,179797.79,1.0
722.0,France,Male,46.0,6.0,0.0,1.0,0.0,1.0,93917.68,1.0
689.0,France,Male,67.0,9.0,157094.78,1.0,1.0,1.0,81696.29765625,0.0
308.38657836914064,Germany,Male,40.0,2.0,113228.38,2.0,1.0,1.0,46415.09,0.0
447.0,France,Female,32.0,10.0,0.0,1.0,1.0,1.0,151815.76,0.0
498.0,Germany,Male,37.0,8.0,108432.88,2.0,1.0,1.0,14865.05,0.0
663.0,Spain,Male,27.0,8.0,0.0,1.0,1.0,0.0,27644.567724609376,0.0
356.2173309326172,Germany,Female,44.0,2.0,120702.67,2.0,1.0,1.0,98175.74,0.0
627.0,France,Female,32.0,1.0,0.0,1.0,1.0,0.0,106851.7,0.0
649.0,France,Male,45.0,7.0,0.0,2.0,0.0,1.0,75204.21,1.0
738.0,Germany,Female,-9.137356185913086,9.0,139106.19,1.0,1.0,0.0,113381.85625,0.0
587.0,Germany,Female,39.0,6.0,101851.8,2.0,1.0,0.0,72635.18984375,0.0
655.0,Spain,Female,32.0,6.0,130935.56000000001,1.0,1.0,0.0,9241.83,1.0
647.0,Germany,Male,37.0,-45.54699859619141,116509.99000000002,1.0,1.0,1.0,149517.71,1.0
776.0,France,Female,-10.269943284988404,1.0,93124.04,2.0,0.0,1.0,72849.915625,0.0
688.0,Germany,Male,35.0,5.0,111578.17999999998,1.0,0.0,0.0,166165.93,1.0
605.0,France,Male,32.0,9.0,0.0,2.0,1.0,1.0,55724.240000000005,0.0
406.8388900756836,France,Female,39.0,10.0,86546.29,2.492166543006897,0.0,1.0,131768.98,0.0
427.0,France,Male,33.0,8.0,0.0,1.0,1.0,1.0,13858.95,0.0
629.0,France,Male,39.0,2.0,129669.32000000002,2.0,1.0,0.0,82774.07,0.0
496.0,Spain,Male,29.0,2.0,0.0,2.0,1.0,0.0,55389.58999999999,0.0
717.0,Spain,Female,36.0,2.0,164557.95,1.0,0.0,1.0,82336.73,0.0
777.0,France,Male,17.793910217285156,6.0,0.0,2.0,1.0,1.0,163225.48,1.0
535.0,Spain,Male,13.611238622665406,8.0,31153.639453125,1.0,1.0,1.0,135536.72,0.0
744.0,France,Male,29.0,1.0,0.0,1.0,0.0,0.0,82422.97,0.0
619.2266067504883,France,Male,31.0,5.0,0.0,2.0,0.0,1.0,194660.78,1.0
593.0,Spain,Female,45.0,6.0,79259.75,1.0,1.0,0.0,54145.846484375,0.0
514.0,France,Male,38.0,4.0,112230.38,1.0,1.0,0.0,16717.11,1.0
575.471875,France,Male,40.0,9.0,118129.87,1.0,0.0,1.0,160277.65,0.0
835.0,Spain,Male,38.0,-18.475028216838837,86824.09,1.0,0.0,0.0,53548.1640625,0.0
682.0,France,Female,64.0,10.0,128306.7,1.0,0.0,1.0,66040.83,0.0
590.0,Germany,Female,40.0,2.0,117641.42999999998,2.0,0.0,0.0,92198.05,0.0
653.0,Germany,Female,-38.33718204498291,3.0,125734.2,2.0,1.0,0.0,134625.09,1.0
837.0,Spain,Male,49.0,8.0,103302.37,1.0,1.0,1.0,50974.57,0.0
841.0,France,Male,27.0,8.0,0.0,9.656576466560363,1.0,0.0,75734.66982421876,0.0
584.0,Spain,Male,36.0,4.0,82696.09,2.0,0.0,0.0,83058.14,0.0
769.0,France,Male,29.0,4.0,145471.37,1.0,1.0,0.0,188382.77,0.0
599.0,Spain,Male,34.0,2.0,101506.66,1.0,0.0,0.0,198030.24,0.0
698.0,France,Male,47.0,5.0,156265.31,2.0,0.0,0.0,1055.66,0.0
477.0,France,Male,27.0,1.0,128554.98000000001,1.0,1.0,1.0,133173.19,0.0
477.0,France,Male,-12.864806032180786,8.0,139959.55,22.37708673477173,1.0,0.0,189875.83,0.0
745.0,France,Male,-28.644409942626954,7.0,132944.53,1.0,0.0,0.0,99151.9328125,0.0
749.0,France,Female,35.0,3.0,0.0,3.0,1.0,1.0,132649.85,0.0
850.0,France,Male,61.0,1.0,0.0,1.0,1.0,0.0,53067.83,1.0
528.0,Germany,Male,22.0,5.0,93547.23,2.0,0.0,1.0,961.57,0.0
750.0,France,Male,33.0,2.0,152302.72,1.0,1.0,0.0,71333.44,0.0
285.2514343261719,France,Female,31.0,2.0,147674.26,1.0,1.0,1.0,16658.76,0.0
579.0,Spain,Female,59.0,3.0,148021.12,1.0,1.0,1.0,74878.22,0.0
624.0,France,Male,37.0,0.0,0.0,2.0,0.0,0.0,112104.55,0.0
595.0,Germany,Male,17.352270555496215,5.0,9984.15682373047,2.0,1.0,0.0,48421.4,1.0
596.0,Germany,Female,27.0,2.0,151027.56,1.0,1.0,0.0,170320.58,0.0
431.0,Germany,Female,44.0,2.0,138843.7,1.0,1.0,0.0,37688.31,1.0
647.0,Spain,Female,26.0,8.0,109958.15,1.0,1.0,1.0,136592.24,1.0
640.0,France,Female,31.0,9.0,138857.59,1.0,1.0,0.0,48640.77,0.0
752.0,Germany,Female,45.0,3.0,105426.5,2.0,0.0,1.0,89773.45,0.0
710.0,Germany,Male,41.0,9.0,149155.53,2.0,0.0,0.0,102100.1703125,1.0
638.0,Germany,Male,27.0,4.0,135096.05,1.0,1.0,0.0,186523.72,0.0
660.0,Germany,Male,28.0,2.0,170890.05,2.0,1.0,0.0,41758.9,0.0
609.0,Spain,Female,45.0,4.0,89122.3,13.400261402130127,1.0,1.0,199256.98,0.0
596.0,Spain,Female,54.0,0.0,78126.28,1.0,1.0,1.0,61295.42890625,1.0
705.0,France,Female,38.0,3.0,123894.42999999998,1.0,1.0,0.0,21177.1,0.0
344.62244567871096,France,Male,36.0,7.0,0.0,2.0,0.0,0.0,138743.86,0.0
727.0,Germany,Male,58.0,5.0,6560.87646484375,1.0,1.0,0.0,25881.0,1.0
496.0,France,Male,32.0,4.0,127845.83,1.0,1.0,0.0,66469.2,0.0
554.0,France,Female,25.581621837615966,8.0,0.0,2.0,0.0,1.0,142670.61,0.0
537.0,France,Male,26.0,7.0,106397.75,1.0,0.0,0.0,103563.23,0.0
839.0,France,Female,24.94987087249756,3.0,0.0,1.0,1.0,1.0,69101.23,1.0
700.0,Spain,Female,43.0,0.0,0.0,2.0,1.0,0.0,59475.35,0.0
458.0,Spain,Female,35.0,5.0,166492.48,1.0,1.0,0.0,135287.74,0.0
850.0,France,Female,28.0,2.0,0.0,2.0,1.0,1.0,38773.74,0.0
699.0,Spain,Male,31.0,6.0,114493.67999999998,1.0,0.0,0.0,138396.32,0.0
615.0,Germany,Female,44.0,9.0,19129.565209960936,2.0,0.0,1.0,50938.62255859375,0.0
850.0,Germany,Male,51.0,4.0,29009.52333984375,-1.0332173585891724,0.0,0.0,118545.49000000002,1.0
604.0,France,Female,40.0,1.0,0.0,2.0,1.0,0.0,123207.17,0.0
668.0,Spain,Male,34.0,0.0,0.0,1.0,1.0,0.0,99984.86,0.0
594.0,Spain,Female,38.0,10.0,0.0,2.79232177734375,1.0,0.0,58332.91000000001,0.0
470.0,France,Male,30.0,3.0,101140.76,1.0,1.0,1.0,50906.65,0.0
701.0,Germany,Male,41.0,0.0,150844.94,1.0,0.0,1.0,127623.36000000002,0.0
664.0,Spain,Male,35.0,1.0,115024.5,1.0,0.0,1.0,78986.7984375,0.0
717.2877319335937,France,Female,30.0,6.0,131286.46,1.0,1.0,0.0,194144.45,0.0
756.0,France,Female,42.0,9.0,0.0,2.0,1.0,0.0,35673.42,0.0
625.0,France,Female,40.0,7.0,141267.67,1.0,0.0,1.0,177397.49,0.0
519.2944274902344,Spain,Male,73.0,5.0,137761.55,1.0,0.0,1.0,159677.46,0.0
646.0,France,Male,30.0,7.0,0.0,2.0,1.0,0.0,153566.97,0.0
650.0,France,Male,33.0,0.0,98064.97,1.0,1.0,0.0,52411.99,0.0
664.0,France,Female,31.0,9.0,114519.57000000002,2.0,0.0,1.0,79222.02,0.0
682.0,Germany,Female,29.0,6.0,101012.77,1.0,0.0,0.0,32589.890000000003,1.0
725.0,France,Female,44.0,10.0,0.0,1.0,0.0,1.0,93777.61,0.0
553.0,Germany,Male,46.0,3.0,82291.1,1.0,1.0,0.0,66140.3984375,1.0
576.0,France,Male,39.0,9.0,84719.98,1.0,0.0,0.0,191063.36,0.0
608.0,Spain,Male,56.0,5.0,0.0,12.37107481956482,0.0,1.0,153810.41,0.0
850.0,France,Female,39.0,0.0,104386.53,1.0,1.0,0.0,105886.76999999999,0.0
627.0,France,Male,31.0,8.0,128131.73000000001,1.0,1.0,0.0,96131.47,0.0
667.0,France,Male,44.0,2.0,122806.95,1.0,0.0,0.0,15120.86,0.0
548.0,Spain,Male,44.0,8.0,0.0,1.0,1.0,0.0,16989.77,0.0
774.0,France,Male,12.106397342681884,4.0,24813.582458496094,1.0,1.0,1.0,143133.18,0.0
390.68190307617186,Germany,Female,57.0,3.0,117056.46,1.0,0.0,0.0,72814.89765625,0.0
497.0,Germany,Female,55.0,7.0,131778.66,17.27577542066574,1.0,1.0,9972.64,0.0
587.0,France,Female,36.0,1.0,70784.27,1.0,1.0,0.0,30579.82,0.0
850.0,France,Female,29.0,10.0,0.0,2.0,1.0,1.0,199775.67,0.0
722.0,France,Male,15.13667106628418,5.0,0.0,2.0,1.0,0.0,179908.71,0.0
555.0,Spain,Female,35.0,1.0,0.0,2.0,1.0,0.0,101667.0,0.0
609.0,Germany,Male,17.028040719032287,6.0,140752.06,2.0,0.0,1.0,106855.3015625,0.0
734.0,Spain,Female,39.0,6.0,92126.26,2.0,0.0,0.0,112973.34,0.0
500.8940254211426,Germany,Female,39.0,-26.813099670410157,33902.11518554688,2.0,0.0,1.0,190746.38,0.0
645.0,France,Male,49.0,5.0,37627.64765625,21.8551073551178,1.0,1.0,187689.91,1.0
598.0,Spain,Male,23.0,6.0,0.0,2.0,1.0,0.0,153229.19,0.0
628.0,Germany,Male,50.0,-61.0435546875,122227.71,1.0,0.0,1.0,14217.77,1.0
629.0,Germany,Male,0.44933834075927737,2.0,121647.54,2.0,1.0,1.0,64849.740000000005,0.0
558.0033126831055,France,Male,58.0,1.0,23519.865185546874,1.0,0.0,1.0,160122.66,1.0
539.6598175048828,France,Male,19.399933052062988,-24.236055064201356,29779.783068847657,4.0,1.0,0.0,138160.11,1.0
711.0,France,Male,28.0,8.0,0.0,2.0,1.0,1.0,64286.39,0.0
303.6755889892578,France,Male,38.0,1.0,0.0,3.0,1.0,1.0,80178.54,0.0
681.0,France,Male,38.0,6.0,153722.47,1.0,1.0,0.0,101319.76,0.0
712.0,France,Male,34.0,8.0,114088.32000000002,1.0,1.0,0.0,92794.61,0.0
554.0,France,Female,48.0,7.0,0.0,2.0,1.0,1.0,63708.06999999999,0.0
611.0,France,Female,37.0,6.0,0.0,2.0,1.0,0.0,110782.88,0.0
560.0,Germany,Male,41.0,4.0,152532.3,1.0,0.0,0.0,10779.69,0.0
646.0,Spain,Male,32.0,-33.31548051834106,0.0,2.0,1.0,0.0,183289.22,0.0
680.0,France,Male,34.0,3.0,143292.95,1.0,1.0,0.0,66526.01,0.0
631.0,France,Male,26.0,1.0,149144.61,1.0,0.0,1.0,107143.2359375,0.0
746.0,France,Male,36.0,-23.836148977279663,36867.610546875,1.0,1.0,0.0,155700.15,0.0
654.0,Germany,Female,43.0,9.0,84673.17,32.183718013763425,0.0,1.0,82081.35,0.0
330.2989273071289,France,Male,33.0,9.0,135962.4,6.905080986022949,1.0,0.0,121747.96,0.0
708.0,Germany,Male,32.0,3.0,151691.44,72.40756072998047,1.0,1.0,172810.51,0.0
482.70563049316405,Germany,Female,32.0,0.0,88335.05,1.0,0.0,0.0,159584.81,0.0
636.0,France,Female,45.0,7.0,139859.23,1.0,1.0,1.0,108402.54,0.0
695.0,France,Male,45.0,9.0,43134.65,1.0,0.0,1.0,77330.35,0.0
677.0,France,Male,42.0,5.0,99580.13,1.0,1.0,0.0,21007.96,0.0
720.0,France,Female,34.0,6.0,110717.38,1.0,1.0,1.0,9398.45,0.0
780.0,France,Female,37.0,3.0,0.0,0.7285159587860107,0.0,0.0,182156.81,1.0
653.0,Spain,Female,36.0,3.0,0.0,2.0,0.0,0.0,110525.6,0.0
674.0,France,Female,28.0,3.0,0.0,1.0,1.0,0.0,51536.99,0.0
620.0,Germany,Male,40.0,5.0,108197.11000000002,35.84220414161682,1.0,0.0,56318.7201171875,0.0
623.0,France,Male,40.0,6.0,0.0,2.0,1.0,1.0,66119.07,0.0
547.0,France,Female,29.0,6.0,104450.86,1.0,1.0,1.0,37160.28,0.0
530.0,France,Male,39.0,2.0,0.0,2.0,1.0,0.0,197923.05,0.0
746.0,France,Female,34.0,4.0,0.0,1.0,0.0,1.0,65166.6,0.0
512.0,France,Female,31.0,7.0,0.0,2.0,0.0,0.0,49326.07,0.0
630.0,France,Male,40.0,8.0,0.0,2.0,1.0,1.0,42495.81,0.0
570.0,Spain,Male,21.370666694641113,7.0,30016.055517578126,1.0,1.0,1.0,148087.62,0.0
605.0,France,Male,39.0,6.0,111169.91,1.0,0.0,0.0,9641.4,0.0
530.0,Spain,Male,26.69939422607422,4.0,0.0,2.0,1.0,1.0,164844.37,1.0
813.0,Germany,Female,25.0,5.0,123616.42999999998,1.0,0.0,1.0,132959.33,0.0
704.0,France,Female,37.0,9.0,18553.601708984374,1.0,1.0,1.0,52284.104296875,0.0
565.0,Germany,Male,31.0,2.0,89558.39,2.0,1.0,1.0,4441.54,0.0
513.432502746582,Spain,Male,45.0,4.0,0.0,1.0,0.0,0.0,174916.85,0.0
526.0,Germany,Female,32.0,6.0,131938.92,2.0,1.0,1.0,1795.9299999999998,0.0
778.0,France,Female,33.0,9.0,151772.63,43.99268760681152,0.0,0.0,180249.94,1.0
677.0,France,Female,72.0,8.0,0.0,2.0,1.0,1.0,153604.44,0.0
588.0,France,Female,64.0,3.0,0.0,1.0,1.0,1.0,189703.65,0.0
488.0,France,Female,22.0,6.0,0.0,2.0,1.0,1.0,66393.89,0.0
519.0,France,Male,39.0,1.0,97700.02,1.0,1.0,1.0,30709.03,0.0
709.0,France,Male,31.0,6.0,0.0,2.0,1.0,1.0,71009.84,0.0
642.0,France,Female,1.515788459777832,6.0,103244.86,2.0,1.0,0.0,90341.4015625,1.0
710.0,Germany,Male,34.0,8.0,147833.3,2.0,0.0,1.0,1561.58,0.0
653.0,France,Female,46.0,5.0,0.0,2.0,1.0,0.0,49707.85,0.0
743.0,France,Male,71.0,0.0,0.0,2.0,0.0,1.0,29837.65,0.0
418.0,France,Female,39.0,2.0,0.0,2.0,0.0,0.0,9041.71,0.0
670.0,Germany,Female,33.0,9.0,84521.48,2.0,0.0,1.0,198017.05,0.0
723.0,Germany,Female,28.0,5.0,91938.31,1.0,1.0,0.0,74859.7890625,0.0
549.0,Germany,Male,45.0,6.0,124240.92999999998,1.0,1.0,1.0,146372.51,1.0
543.0,France,Female,42.0,5.0,0.0,2.0,0.0,0.0,101905.34,0.0
595.0,Spain,Male,37.0,2.0,157084.99,1.0,1.0,0.0,134767.13,0.0
673.0,Germany,Female,25.0,3.0,108244.82000000002,2.0,1.0,0.0,103573.96,0.0
741.0,France,Female,21.0,9.0,0.0,2.0,1.0,1.0,139259.54,0.0
508.0,Germany,Female,41.0,5.0,82161.7,2.0,1.0,0.0,187776.49,0.0
151.9046661376953,Germany,Male,59.0,2.0,104568.41,1.0,1.0,0.0,8059.44,1.0
752.0,France,Female,-0.0987997055053711,2.0,119912.46,1.0,1.0,0.0,124354.92,0.0
809.0,France,Male,-13.046045237779618,9.0,68881.59,2.0,0.0,0.0,63368.40095214844,0.0
575.0,Spain,Male,30.0,2.0,0.0,2.0,1.0,1.0,82222.86,0.0
591.0,France,Female,40.0,1.0,28260.272607421874,1.0,0.0,1.0,136767.16,1.0
643.0,France,Female,45.0,-76.13519821166992,150840.03,29.540017628669737,1.0,0.0,155516.35,0.0
698.0,France,Male,16.503390777111054,-18.794321537017822,29733.559375,17.015136909484863,1.0,1.0,144584.29,0.0
496.0,France,Female,29.0,4.0,0.0,2.0,1.0,0.0,164806.89,0.0
597.0,France,Male,44.0,-23.737712860107422,78128.13,2.0,0.0,1.0,109153.04,0.0
603.0,Germany,Male,46.0,4.0,98899.76,2.0,1.0,1.0,86190.34,0.0
340.4095947265625,France,Male,37.0,1.0,0.0,1.0,1.0,1.0,106040.97,0.0
431.0,France,Male,63.0,6.0,160982.89,1.0,1.0,0.0,168008.17,0.0
620.0,France,Female,70.0,3.0,87926.24,2.0,1.0,0.0,33350.26,1.0
468.5828254699707,France,Female,35.0,4.0,0.0,1.0,1.0,1.0,119565.34,0.0
581.0,Spain,Male,46.0,2.0,79385.21,2.0,0.0,0.0,188492.82,0.0
572.2428405761718,France,Male,53.0,5.0,127997.83,1.0,1.0,0.0,165378.66,1.0
658.0,France,Male,44.0,2.0,168396.34,51.838370895385744,1.0,1.0,14178.73,0.0
686.0,Germany,Male,43.0,2.0,134896.03,1.0,1.0,1.0,97847.05,0.0
539.0,Spain,Male,36.0,6.0,0.0,3.0,1.0,0.0,118959.63999999998,1.0
685.0,France,Female,-16.494246864318846,6.0,94238.75,21.60502471923828,1.0,1.0,83471.26875,1.0
850.0,France,Male,29.0,-39.24959993362427,0.0,2.0,0.0,0.0,152996.89,0.0
763.0,Spain,Female,39.0,7.0,18750.31083984375,2.0,1.0,0.0,19458.75,0.0
634.0,Germany,Male,43.0,3.0,212696.32,1.0,1.0,0.0,115268.86000000002,0.0
567.0,France,Male,59.0,3.0,0.0,2.0,1.0,0.0,25843.7,1.0
539.0,France,Male,39.0,3.0,139153.68,2.0,1.0,0.0,147662.33,0.0
764.0,France,Male,41.0,7.0,0.0,2.0,0.0,0.0,134878.34,0.0
653.0,France,Female,40.0,0.0,0.0,2.0,1.0,0.0,35795.85,0.0
74.7232048034668,Spain,Male,44.0,-0.09534880220890045,0.0,2.0,1.0,0.0,9307.612109375,0.0
714.0,Germany,Male,29.0,6.0,92887.13,33.79502124786377,0.0,1.0,69578.49,0.0
580.0,Spain,Female,65.0,1.0,0.0,2.0,0.0,1.0,103182.46,1.0
548.0,France,Male,29.0,5.0,83442.98,1.0,0.0,1.0,177017.39,0.0
646.0,Germany,Female,36.0,6.0,144773.29,2.0,1.0,0.0,53217.3,0.0
622.0,Germany,Male,-28.774213790893555,9.0,111973.97,1.0,1.0,1.0,62736.74384765625,1.0
706.0,France,Female,35.0,8.0,178032.53,1.0,0.0,1.0,42181.68,0.0
680.0,France,Male,23.0,5.0,140007.19,1.0,0.0,1.0,31714.080000000005,0.0
698.0,France,Male,37.0,5.0,98400.61,2.0,0.0,0.0,25017.28,0.0
581.0,Spain,Male,46.0,1.0,0.0,2.0,1.0,0.0,104272.04,1.0
728.0,Germany,Male,0.7259993076324462,3.0,108924.33,2.0,1.0,0.0,84300.4,1.0
707.0,Spain,Female,32.0,4.0,132835.56,1.0,0.0,0.0,136877.24,0.0
761.0,France,Female,26.0,1.0,0.0,2.0,1.0,0.0,199409.19,0.0
483.0,Germany,Male,41.0,1.0,118334.43999999999,1.0,0.0,0.0,163147.99,1.0
736.0,Germany,Female,25.0,9.0,81732.88,2.0,1.0,0.0,87373.1875,0.0
716.0,Germany,Male,66.0,5.0,121411.9,16.541816926002504,0.0,0.0,10070.4,1.0
654.0,France,Male,32.0,9.0,121455.65,1.0,1.0,0.0,190068.53,1.0
649.0,Spain,Male,22.219748306274415,5.0,0.0,2.0,1.0,1.0,30522.202880859375,0.0
649.0,France,Male,46.0,5.0,0.0,-2.004110860824585,1.0,1.0,76946.6,0.0
612.0,France,Female,31.0,8.0,117989.75999999998,1.0,1.0,1.0,54129.86,0.0
657.0,Spain,Male,40.0,10.0,0.0,2.0,1.0,1.0,44657.651123046875,0.0
511.0,France,Female,31.0,5.0,137411.29,1.0,0.0,1.0,161854.98,0.0
682.0,France,Male,61.0,-51.93661689758301,73688.2,1.0,1.0,0.0,172141.33,0.0
748.0,Spain,Male,58.0,9.0,122330.7,2.0,0.0,1.0,124429.18999999999,0.0
554.0,Germany,Male,43.0,5.0,99906.89,1.0,0.0,0.0,24983.39,0.0
794.0,Spain,Female,28.0,5.0,0.0,2.0,0.0,1.0,86699.98,0.0
807.0,France,Female,47.0,9.0,167664.83,1.0,0.0,0.0,125440.11000000002,1.0
594.0,France,Female,34.0,7.0,141525.55,1.0,0.0,0.0,9443.15,0.0
652.0,Spain,Female,33.0,-41.04540071487427,124832.50999999998,1.0,0.0,0.0,195877.06,0.0
729.0,France,Female,34.0,9.0,132121.71,1.0,0.0,1.0,105409.31000000001,0.0
625.0,France,Male,39.0,2.0,0.0,2.0,1.0,0.0,100403.05,0.0
597.0,Germany,Female,60.0,0.0,78539.84,1.0,0.0,1.0,48502.88,0.0
657.0,Germany,Female,38.0,5.0,123770.46,1.0,0.0,0.0,47019.66,1.0
633.0,France,Male,43.0,5.0,0.0,2.0,1.0,1.0,48249.88,1.0
381.3482360839844,Spain,Male,-16.909750366210936,-38.7536584854126,116150.65,28.276243209838867,0.0,1.0,84358.71,1.0
535.0,France,Male,47.0,0.0,160729.1,1.0,0.0,1.0,145986.35,0.0
702.0,France,Female,29.0,10.0,88378.6,1.0,1.0,0.0,88550.28,0.0
712.0,France,Male,-12.552947235107421,2.0,182888.08,1.0,1.0,0.0,3061.0,0.0
607.0,France,Male,31.0,8.0,0.0,2.0,1.0,1.0,43196.5,0.0
476.0,France,Male,37.0,-3.8696311473846436,0.0,1.0,1.0,1.0,55775.83999999999,1.0
748.0,Spain,Female,23.0,8.0,85600.08,1.0,0.0,0.0,134077.71,0.0
815.0,France,Male,35.0,4.0,0.0,2.0,0.0,1.0,75769.9017578125,0.0
446.1890563964844,France,Male,32.0,10.0,0.0,2.0,1.0,1.0,116052.92,1.0
649.0,Germany,Male,40.0,4.0,95001.33,1.0,0.0,1.0,123202.99000000002,0.0
551.0,Spain,Male,27.0,2.0,113873.22,1.0,1.0,1.0,85129.77,1.0
509.0,France,Male,30.0,6.0,0.0,2.0,1.0,0.0,180598.86,0.0
932.7912475585938,Spain,Male,40.0,7.0,74896.92,1.0,1.0,0.0,198694.2,0.0
536.0,France,Female,22.0,5.0,89492.62,1.0,0.0,0.0,42934.43,0.0
711.0,Spain,Male,38.0,3.0,128718.78,1.0,0.0,0.0,114793.45,0.0
761.0,Spain,Male,27.0,8.0,0.0,2.0,1.0,0.0,63297.7,1.0
535.0,France,Female,49.0,3.0,0.0,1.0,0.0,0.0,61820.41000000001,1.0
566.0,France,Female,22.0,7.0,144954.75,2.0,1.0,0.0,102246.0,0.0
620.0,France,Male,21.0,9.0,0.0,2.0,0.0,0.0,154882.79,0.0
837.0,Germany,Male,37.0,6.0,94001.61,2.0,1.0,0.0,140723.05,0.0
685.0,France,Female,40.0,7.0,0.0,1.0,1.0,0.0,72852.74,1.0
673.0,France,Male,65.0,0.0,0.0,1.0,1.0,1.0,85733.33,0.0
638.0,France,Male,24.0,-7.796245408058167,0.0,2.0,0.0,1.0,162597.15,0.0
614.0,France,Male,46.0,4.0,0.0,1.0,1.0,0.0,74379.57,1.0
626.0,France,Female,44.0,2.0,0.0,1.0,0.0,1.0,173117.22,1.0
57.83428039550781,Spain,Male,38.0,1.1379016518592835,0.0,1.7229576706886292,1.0,1.0,5945.837438964843,0.0
691.0,France,Male,24.0,6.0,0.0,2.0,1.0,0.0,92811.2,0.0
706.0,Spain,Male,38.0,8.0,0.0,2.0,0.0,1.0,46635.11,0.0
633.0,France,Male,37.0,7.0,141546.35,1.0,1.0,1.0,124830.11000000002,0.0
644.0,Germany,Female,40.00042037963867,8.0,141528.88,1.0,1.0,1.0,167087.34,1.0
666.0,France,Male,30.0,7.0,109805.3,1.0,0.0,1.0,163625.56,0.0
708.0,France,Male,-0.37959880828857423,10.0,86614.06,2.0,1.0,1.0,172129.26,0.0
496.0,Germany,Female,22.676928901672362,7.0,37401.767578125,2.0,1.0,0.0,163141.18,1.0
730.0,Germany,Male,38.0,0.0,38848.19,2.0,0.0,0.0,94003.11,0.0
696.0,Spain,Male,40.0,-50.14286255836487,153639.11,1.0,1.0,1.0,82292.5369140625,0.0
809.0,France,Male,80.0,8.0,22032.80139770508,2.0,0.0,0.0,57273.616528320315,0.0
701.0,Spain,Female,13.5945650100708,7.0,123870.07000000002,1.0,0.0,0.0,97794.71,0.0
604.0,France,Male,24.017412376403808,5.0,0.0,2.0,1.0,0.0,75786.55,0.0
665.0,France,Male,39.0,10.0,46323.57,1.0,1.0,0.0,136812.02,0.0
476.2749816894531,France,Female,60.0,5.0,162039.78,1.0,1.0,1.0,84361.72,1.0
696.0,France,Male,19.0,1.0,110928.50999999998,1.0,1.0,1.0,2766.63,0.0
520.0,France,Male,38.0,5.0,0.0,2.0,1.0,0.0,163185.76,0.0
545.0,Germany,Female,53.0,5.0,114421.55,1.0,1.0,0.0,57835.3703125,1.0
634.0,Germany,Female,29.0,8.0,14896.657958984375,2.0,0.0,1.0,69849.55,1.0
750.0,Germany,Female,26.0,1.0,151510.17,2.0,1.0,1.0,19921.72,0.0
530.0,Spain,Female,41.0,4.0,0.0,2.0,0.0,1.0,147606.71,0.0
589.0,France,Female,59.0,2.0,0.0,2.0,1.0,1.0,126160.24000000002,1.0
654.0,France,Male,37.0,6.0,83568.55,1.0,1.0,0.0,47046.72,0.0
648.0,France,Female,43.0,7.0,139972.18,1.0,1.0,0.0,108626.55625,0.0
835.0,France,Male,45.0,3.0,100212.13,1.0,1.0,0.0,152577.62,0.0
446.0,France,Female,39.0,1.0,90217.07,1.0,1.0,0.0,191350.48,0.0
514.0,Spain,Male,66.0,9.0,0.0,2.0,1.0,1.0,14234.310000000001,0.0
694.0,Germany,Male,33.0,-31.56319408416748,124067.32000000002,1.0,0.0,1.0,77906.87,0.0
554.0,Spain,Male,46.0,4.0,0.0,0.11897773742675781,0.0,1.0,57320.92,0.0
356.97853698730466,Germany,Male,57.0,1.0,162082.31,4.0,0.0,0.0,65321.11796875,1.0
641.0,Germany,Female,51.0,-60.892343521118164,117306.68999999999,4.0,0.0,0.0,96235.040625,1.0
813.0,France,Male,32.0,1.0,122889.88,1.0,1.0,1.0,26476.18,0.0
480.0,France,Male,40.0,6.0,148790.61,1.0,0.0,1.0,79329.7,0.0
811.0,France,Male,46.0,-2.467784285545349,180226.24,1.0,1.0,0.0,13464.64,0.0
715.0,Germany,Female,32.0,3.0,104857.19,2.0,1.0,0.0,114149.8,0.0
620.0,Spain,Male,31.0,2.0,166833.86,2.0,1.0,1.0,98954.1828125,0.0
721.0,France,Male,42.0,4.0,102936.72,1.0,0.0,0.0,1187.88,0.0
772.0,Germany,Female,1.6495105743408203,6.0,108736.51999999999,1.0,1.0,0.0,184564.67,1.0
680.0,Germany,Male,44.0,0.0,129974.79,11.130513644218444,1.0,1.0,33391.38,0.0
102.21126556396484,France,Male,38.0,8.0,85982.07,1.0,1.0,0.0,9238.35,0.0
655.0,France,Female,20.0,7.0,134397.61,1.0,0.0,0.0,28029.54,0.0
660.0,France,Male,63.0,-20.779561233520507,137841.53,1.0,1.0,1.0,42790.29,0.0
40.25408706665039,France,Male,16.34917621612549,2.441659116744995,368.8489593505859,3.0,1.0,1.0,989.8015686035156,0.0
431.6692291259766,Germany,Male,39.0,5.0,29276.068359375,2.0,0.0,1.0,146219.9,1.0
463.0,Germany,Female,41.0,8.0,123151.50999999998,2.0,1.0,0.0,70127.93,0.0
501.0,Germany,Male,27.0,-29.887374019622804,95331.83,-0.16242970824241637,1.0,0.0,132104.76,0.0
603.0,Spain,Female,42.0,6.0,0.0,1.0,1.0,1.0,90437.87,0.0
688.0,Germany,Male,37.0,7.0,138162.41,2.0,0.0,1.0,113926.31000000001,0.0
430.0,France,Male,38.0,9.0,0.0,0.9825278282165527,1.0,1.0,12050.77,0.0
632.0,Germany,Male,48.0,6.0,126066.25999999998,1.0,1.0,0.0,68301.35864257812,1.0
601.0,Spain,Female,42.0,4.0,41732.07109375,1.0,1.0,1.0,199242.65,1.0
769.0,France,Female,38.0,2.0,0.0,2.0,0.0,0.0,75578.67,0.0
551.0,France,Male,42.0,2.0,139561.46,12.948690581321717,1.0,0.0,43435.43,1.0
841.0,France,Female,52.0,5.0,0.0,1.0,1.0,0.0,183239.71,1.0
469.0,Spain,Female,31.0,6.0,0.0,1.0,1.0,0.0,146213.75,1.0
479.0,Spain,Male,27.0,2.0,12477.07822265625,1.0,1.0,1.0,40315.27,0.0
701.0,France,Male,37.0,8.0,107798.85,1.0,1.0,0.0,16966.73,0.0
593.0,France,Male,36.0,2.0,70181.48,2.0,1.0,0.0,80608.12,0.0
738.0,Spain,Male,38.0,5.0,177997.07,1.0,0.0,1.0,19233.41,0.0
635.0,Spain,Male,31.0,1.0,0.0,2.0,1.0,0.0,135382.23,0.0
658.0,France,Male,32.0,8.0,0.0,1.0,1.0,0.0,80410.68,1.0
687.0,Spain,Female,36.0,5.0,0.0,1.0,1.0,0.0,17696.22,0.0
650.0,France,Male,37.0,9.0,0.0,2.0,1.0,0.0,17974.08,0.0
720.0,Spain,Male,21.0,2.0,123200.78,1.0,1.0,1.0,180712.28,0.0
602.0,France,Female,63.0,7.0,0.0,2.0,1.0,1.0,56323.21,0.0
618.0,Spain,Male,33.0,4.0,0.0,2.0,1.0,1.0,77550.18,0.0
803.0,Germany,Male,41.0,-12.048768830299377,19463.051037597656,8.570145893096925,1.0,1.0,58498.89404296875,0.0
793.0,France,Female,63.0,9.0,47005.7046875,1.0,1.0,1.0,184243.25,0.0
539.2889892578125,Germany,Male,41.0,10.0,113220.2,2.0,1.0,1.0,114072.91,0.0
550.0,Spain,Male,51.0,5.0,0.0,2.0,1.0,0.0,153917.41,0.0
602.0,France,Female,56.0,3.0,115895.22,3.0,0.0,0.0,4176.17,1.0
452.0,France,Female,60.0,6.0,121730.49000000002,1.0,1.0,1.0,142963.29,0.0
655.0,Spain,Female,28.0,3.0,113811.85,2.0,0.0,1.0,76844.23,0.0
510.0,France,Female,26.0,6.0,136214.08,1.0,0.0,0.0,159742.33,0.0
626.3435241699219,France,Male,39.0,8.0,146200.01,1.0,1.0,0.0,177944.64,0.0
450.3055610656738,France,Male,37.0,10.0,24071.529150390626,1.0,1.0,0.0,166678.28,0.0
640.0,France,Female,29.0,4.0,0.0,2.0,1.0,0.0,44904.26,0.0
529.0,Spain,Male,31.0,6.0,0.0,1.0,1.0,0.0,10625.91,0.0
414.0635955810547,France,Male,18.606802940368652,-13.232220649719238,24043.45,1.0,0.0,1.0,169781.45,1.0
689.0,France,Female,58.0,5.0,0.0,2.0,0.0,1.0,49848.86,0.0
626.0,Germany,Male,-7.06527190208435,-32.676734924316406,132287.92,10.180752563476563,1.0,1.0,74452.05404052735,1.0
697.0,Spain,Male,30.0,1.0,0.0,2.0,1.0,0.0,735.79,0.0
823.0,France,Male,44.0,1.0,0.0,2.0,0.0,1.0,182495.7,0.0
565.0,Germany,Female,32.0,4.0,90322.99,2.0,0.0,1.0,118740.37,0.0
631.0,Spain,Male,23.0,3.0,0.0,2.0,1.0,0.0,13813.24,0.0
646.0,France,Female,34.0,3.0,131283.11,1.0,0.0,0.0,130500.65,0.0
296.3524993896484,Spain,Male,48.0,1.0,131659.59,2.0,0.0,1.0,14152.15,0.0
850.0,Spain,Female,54.0,4.0,120952.74000000002,1.0,1.0,0.0,87414.4234375,1.0
810.0,France,Female,38.0,9.0,18281.040454101563,1.0,1.0,0.0,93261.69,1.0
581.0,Spain,Male,30.0,0.0,53291.86,1.0,0.0,0.0,196582.28,0.0
718.0,France,Female,35.0,2.0,167924.95,1.0,1.0,0.0,43024.64,0.0
713.0,France,Male,43.0,5.0,29338.9890625,1.0,1.0,1.0,130001.13,0.0
672.0,France,Female,50.0,1.0,0.0,1.0,1.0,0.0,12106.82,1.0
781.0,France,Male,33.0,3.0,0.0,2.0,1.0,0.0,42556.33,0.0
656.0,Spain,Male,47.0,1.0,0.0,2.0,1.0,1.0,197961.93,0.0
583.0,France,Female,31.0,4.0,158978.79,1.0,1.0,0.0,12538.92,0.0
808.0,Spain,Female,37.0,-18.67886862754822,100431.84,1.0,1.0,0.0,35140.49,1.0
721.0,Spain,Male,33.0,5.0,0.0,2.0,0.0,1.0,117626.9,0.0
778.0,France,Female,29.0,6.0,18191.5736328125,1.0,1.0,0.0,62454.009999999995,1.0
850.0,France,Male,-20.72880611419678,-31.44690704345703,114347.85,2.0,0.0,1.0,109089.04,0.0
693.0,France,Female,39.0,4.0,0.0,2.0,0.0,1.0,142331.39,0.0
520.0,France,Male,34.0,4.0,134007.9,1.0,1.0,1.0,193209.11,0.0
759.0,Germany,Male,31.0,4.0,15248.65546875,1.0,1.0,0.0,47832.82,0.0
216.85932083129882,France,Male,19.071397590637208,3.0,0.0,2.0,1.0,1.0,70174.03,0.0
755.0,Germany,Male,-12.273747444152832,2.0,137430.82,2.0,0.0,0.0,176768.59,0.0
662.0,France,Male,47.0,6.0,0.0,2.0,1.0,1.0,129392.75,0.0
503.0,France,Female,37.0,8.0,0.0,2.0,1.0,1.0,97893.32,0.0
599.0,Germany,Male,29.182982778549196,2.0,39641.81015625,2.0,0.0,0.0,176142.09,0.0
583.0,Spain,Female,40.0,4.0,0.0,2.0,1.0,0.0,114093.73000000001,0.0
764.0,France,Female,48.0,1.0,75990.97,1.0,1.0,0.0,158323.81,1.0
513.0,France,Male,29.0,10.0,0.0,2.0,0.0,1.0,25514.77,0.0
325.9377502441406,Spain,Male,62.0,-40.463144195079806,112181.08,1.0,0.0,1.0,61513.87000000001,0.0
820.0,Spain,Male,34.0,10.0,97208.46,1.0,1.0,1.0,85274.00859375,0.0
597.0,Spain,Female,26.0,7.0,0.0,2.0,1.0,0.0,110253.2,0.0
637.0,France,Male,32.0,5.0,0.0,1.0,0.0,0.0,148769.08,0.0
696.0,France,Male,34.0,9.0,150856.79,1.0,0.0,1.0,8236.78,0.0
635.0,Germany,Female,-33.725792694091794,9.0,146748.07,1.0,0.0,1.0,11407.58,0.0
673.0,France,Female,57.0,4.0,0.0,2.4958975076675416,1.0,1.0,49684.09,0.0
662.0,Spain,Male,33.0,3.0,0.0,2.0,0.0,0.0,68064.83,0.0
534.0505920410156,Spain,Male,41.0,-28.08688290119171,34080.34580078125,1.0,1.0,1.0,163911.32,0.0
39.12858123779297,France,Male,15.262934112548828,6.0,493.8772216796875,0.6957617044448853,1.0,0.0,944.4100000000001,1.0
815.0,France,Male,28.0,6.0,0.0,2.0,0.0,1.0,185547.71,0.0
671.0,Spain,Male,6.536682510375977,-31.616432666778564,153360.02,-2.748827838897705,1.0,1.0,140509.86,0.0
601.0,France,Female,40.0,3.0,92055.36,1.0,0.0,1.0,164652.02,1.0
709.0,Germany,Female,39.0,9.0,124723.92,1.0,1.0,0.0,73641.86,0.0
702.0,Germany,Male,28.0,1.0,103033.83,26.14788775444031,1.0,1.0,40321.87,0.0
558.0,France,Male,40.0,6.0,0.0,2.0,1.0,0.0,173844.89,0.0
691.0,Spain,Male,40.0,1.0,0.0,10.616098070144654,1.0,0.0,77478.2716796875,0.0
700.0,France,Female,30.0,9.0,0.0,1.0,1.0,1.0,89385.64453125,0.0
667.0,France,Male,33.0,4.0,0.0,2.0,1.0,1.0,131834.75,0.0
624.0,France,Male,54.0,3.0,116726.22,1.0,1.0,0.0,110498.1,1.0
580.0,France,Female,23.0,5.0,113923.81000000001,2.0,0.0,0.0,196241.43,0.0
571.0,Spain,Female,31.0,3.0,35256.0625,2.0,1.0,1.0,194667.92,0.0
561.0,France,Male,37.0,5.0,0.0,2.0,1.0,0.0,83093.25,0.0
529.0,France,Male,28.0,9.0,0.0,2.0,1.0,1.0,52545.240000000005,0.0
670.0,France,Male,36.0,7.0,0.0,2.0,0.0,0.0,59571.5,0.0
666.0,Germany,Female,21.0,1.0,121827.42999999998,2.0,1.0,1.0,99818.31,0.0
628.0,Spain,Male,13.8790522813797,-20.574936294555663,0.0,2.0,0.0,1.0,172967.87,0.0
577.0,France,Male,60.0,-63.98598403930664,125389.7,2.0,1.0,1.0,178616.73,0.0
652.0,Spain,Female,38.0,1.0,103895.31,1.0,0.0,1.0,60575.1515625,0.0
678.0,France,Male,26.0,5.0,111128.04,1.0,1.0,0.0,60941.27,1.0
692.0,Spain,Female,31.870298194885255,-37.42558612823486,46537.294140625,2.0,1.0,0.0,178342.63,0.0
60.09756011962891,France,Male,32.0,10.0,0.0,1.9727577686309814,1.0,0.0,6753.174072265625,0.0
40.29487075805664,France,Male,15.830274772644042,2.3126869916915895,394.7010925292969,1.0,1.0,1.0,1131.623681640625,0.0
639.0,Germany,Female,37.0,5.0,151242.48,1.0,0.0,1.0,49637.65,0.0
618.0,France,Male,48.0,7.0,0.0,1.0,1.0,0.0,13921.820000000002,1.0
554.0,France,Male,39.0,2.0,129709.62,1.0,0.0,0.0,173197.12,0.0
533.0,France,Male,47.0,-17.408640098571777,83347.25,1.0,1.0,1.0,137696.25,0.0
540.0,Spain,Female,28.0,6.0,84121.04,1.0,0.0,1.0,80698.54,0.0
704.0,Spain,Male,33.0,3.0,0.0,2.0,0.0,0.0,73018.74,0.0
418.0307861328125,France,Male,43.0,5.0,102338.19,1.0,1.0,1.0,79649.62,0.0
712.0,France,Female,29.0,3.0,87375.78,2.0,0.0,0.0,166194.53,0.0
291.70424194335936,France,Male,44.0,2.0,0.0,3.0,1.0,0.0,102530.35,1.0
789.0,Germany,Male,51.0,3.0,104677.09,1.0,1.0,0.0,74265.38,0.0
775.0,Germany,Male,32.0,8.0,121669.23000000001,3.1572824478149415,1.0,1.0,125898.38999999998,0.0
564.0,Germany,Male,40.0,7.0,108407.34,1.0,1.0,1.0,83681.2,0.0
484.8378967285156,Germany,Female,33.0,7.0,154969.79,2.0,1.0,1.0,99505.75,0.0
850.0,Spain,Male,39.0,0.0,141829.67,1.0,1.0,1.0,103079.4140625,0.0
637.0,France,Female,63.0,5.0,0.0,1.0,1.0,0.0,28092.77,1.0
500.0,France,Male,45.0,2.0,109162.82000000002,1.0,1.0,1.0,126145.08,0.0
655.0,France,Male,44.0,8.0,87471.63,1.0,0.0,1.0,188593.98,0.0
666.0,France,Female,33.0,2.0,147229.65,1.0,1.0,1.0,56410.17,0.0
658.0,France,Female,24.0,2.0,18817.2205078125,2.0,1.0,1.0,84694.49,0.0
77.63178863525391,France,Male,66.0,6.0,3187.4187622070312,1.4924311995506288,1.0,0.0,9588.994165039063,0.0
654.0,France,Male,32.0,6.0,36484.571484375,2.0,1.0,1.0,137898.57,0.0
623.0,France,Female,39.0,1.0,160903.2,1.0,0.0,0.0,78774.36,0.0
421.19517974853517,France,Female,33.0,6.0,138053.79,2.0,1.0,0.0,148779.41,0.0
627.0,France,Male,44.0,6.0,30812.376953125,1.0,0.0,0.0,92292.1265625,1.0
512.0857574462891,Germany,Male,31.0,8.0,36066.894030761716,22.449547111988068,0.0,0.0,197077.36,0.0
695.0,Germany,Male,53.0,8.0,95231.91,1.0,0.0,0.0,70140.8,1.0
726.0,France,Male,49.966932678222655,3.0,0.0,2.0,1.0,0.0,196288.46,0.0
587.0,Spain,Male,41.0,8.0,85109.21,1.0,1.0,0.0,1557.82,0.0
605.0,Germany,Female,43.0,8.0,125338.8,2.0,1.0,0.0,23970.13,0.0
850.0,France,Male,36.377913856506346,5.0,0.0,2.0,1.0,0.0,180243.56,0.0
850.0,France,Female,38.0,0.0,106831.68999999999,1.0,0.0,1.0,89678.9265625,0.0
751.0,France,Male,29.0,3.0,159597.45,1.0,1.0,0.0,39934.41,0.0
627.0,Germany,Female,37.0,7.0,28156.305859375,1.0,1.0,1.0,133031.96,0.0
736.0,France,Male,43.0,4.0,176134.54,1.0,1.0,1.0,95719.062109375,0.0
652.0,France,Female,74.0,5.0,0.0,2.0,1.0,0.0,937.15,0.0
627.0,France,Female,35.0,7.0,0.0,2.0,0.0,1.0,193022.44,0.0
636.0,France,Male,34.0,1.0,84055.43,1.0,0.0,0.0,37490.84,0.0
103.15269317626954,France,Male,60.0,7.0,0.0,2.0,1.0,1.0,14961.5419921875,0.0
850.0,France,Female,27.0855281829834,-14.35197081565857,26060.280212402344,4.0,1.0,0.0,73194.72412109375,1.0
850.0,Spain,Male,34.0,8.0,199229.14,1.0,0.0,1.0,68106.29,0.0
516.0,France,Male,37.0,8.0,0.0,1.0,1.0,0.0,101834.58,0.0
513.0,Spain,Female,42.0,10.0,0.0,2.0,0.0,1.0,73151.25,0.0
673.0,Germany,Female,69.0,-18.87579917907715,78833.15,2.0,1.0,1.0,37196.15,0.0
564.0,France,Female,27.0,6.0,0.0,1.0,0.0,0.0,7819.76,0.0
636.0,France,Female,35.0,2.0,0.0,2.0,1.0,1.0,23129.46,0.0
661.023550415039,France,Male,29.0,3.0,102540.61,24.647352552413942,1.0,1.0,189680.79,0.0
568.0,France,Male,51.0,4.0,14063.92900390625,3.0,1.0,1.0,66586.56,0.0
741.0,Spain,Male,15.714653205871581,0.0,0.0,2.0,1.0,1.0,2920.63,1.0
754.0,France,Female,-2.383865547180176,8.0,129401.87,1.0,1.0,1.0,87684.93,0.0
709.0,France,Female,32.0,7.0,0.0,2.0,1.0,1.0,199418.02,0.0
510.0,France,Female,32.0,1.0,0.0,2.0,0.0,1.0,28515.169999999995,0.0
716.0,Spain,Male,33.0,2.0,0.0,2.0,1.0,1.0,40546.87579345703,0.0
607.0,Germany,Male,13.723365783691406,10.0,106702.93999999999,2.0,0.0,0.0,198313.69,0.0
656.0,Spain,Male,26.0,4.0,139584.57,1.0,1.0,0.0,36308.93,0.0
550.0,Germany,Male,52.0,5.0,121016.23000000001,1.0,1.0,1.0,89363.06953125,1.0
486.0,France,Male,26.0,2.0,0.0,2.0,1.0,1.0,31399.4,0.0
598.0,Germany,Male,59.0,8.0,118210.42,2.0,0.0,0.0,60192.14,1.0
675.0,Spain,Male,35.0,8.0,0.0,2.0,1.0,0.0,29062.25,0.0
755.0,France,Female,29.0,4.0,148654.84,2.0,1.0,1.0,28805.090000000004,0.0
656.0,Spain,Male,32.0,5.0,136963.12,1.0,1.0,0.0,133814.28,0.0
610.4830261230469,Germany,Male,41.129848098754884,9.0,37969.971875,-13.6919659614563,1.0,0.0,151902.78,0.0
598.0,France,Female,32.0,4.0,111156.51999999999,1.0,1.0,0.0,167376.26,0.0
236.69509887695312,Spain,Female,-15.103518295288087,3.0,121237.65,1.0,1.0,1.0,31022.560000000005,0.0
679.0,France,Male,36.0,1.0,97234.58,1.0,1.0,0.0,58310.386328125,0.0
632.0,France,Male,60.0,2.0,0.0,2.0,0.0,1.0,2085.32,0.0
550.0,Spain,Male,45.0,0.0,0.0,2.0,0.0,1.0,70399.71,0.0
572.0,Germany,Female,54.0,9.0,97382.53,1.0,1.0,1.0,67074.49921875,0.0
626.0,Germany,Male,47.0,2.0,103108.8,1.0,0.0,1.0,166475.44,1.0
625.0,France,Female,57.0,7.0,0.0,1.0,0.0,0.0,84106.17,1.0
515.0,France,Female,58.0,2.0,131852.81,1.0,1.0,0.0,81436.68,1.0
612.0,Spain,Male,35.0,1.0,22366.4572265625,1.0,1.0,1.0,83256.26,1.0
628.0,Spain,Female,39.0,8.0,24666.762622070313,1.0,1.0,0.0,117523.41,0.0
529.0,Spain,Female,43.0,5.0,0.0,2.0,0.0,0.0,79476.63,0.0
668.0,Germany,Male,-15.453057479858398,7.0,161806.09,25.32697730064392,1.0,1.0,96364.77934570312,0.0
526.0,France,Male,30.0,9.0,0.0,2.0,0.0,0.0,100995.68,0.0
791.0,France,Female,52.0,7.0,0.0,1.0,1.0,1.0,61217.7623046875,0.0
573.0,France,Male,27.0,2.0,128243.03,1.0,1.0,1.0,11631.34,0.0
565.0,France,Female,38.0,5.0,126645.13,1.0,1.0,1.0,168303.55,0.0
112.608642578125,France,Female,47.0,8.0,62094.71,3.0,0.0,0.0,9308.1,1.0
656.0,France,Male,37.0,7.0,112291.34,1.0,1.0,0.0,75951.14736328126,1.0
447.0,France,Female,44.0,5.0,89188.83,1.0,1.0,1.0,75408.24,0.0
682.0,France,Male,55.0,-13.718778848648071,26961.43684692383,1.0,1.0,0.0,77078.62045898437,1.0
437.0,Spain,Male,28.0,2.0,109161.25,1.0,1.0,0.0,152987.42,0.0
792.0,Spain,Male,47.0,0.0,0.0,1.0,1.0,1.0,5557.88,1.0
627.0,Spain,Female,25.0,4.0,0.0,1.0,1.0,1.0,194313.93,0.0
767.0,France,Female,34.0,8.0,0.0,2.0,1.0,0.0,94767.77,0.0
686.0,France,Male,26.0,7.0,0.0,2.0,1.0,0.0,1540.89,0.0
789.0,Germany,Female,53.0,1.0,158271.74,35.29280565977096,1.0,1.0,5036.39,1.0
794.0,France,Male,56.0,9.0,96951.21,1.0,1.0,1.0,71776.76,0.0
587.0,Germany,Female,35.0,5.0,121863.61000000002,43.086935472488406,1.0,1.0,23481.69,1.0
589.0,Germany,Female,19.0,9.0,83495.11,1.0,1.0,1.0,143022.31,1.0
543.0,Germany,Female,25.0,1.0,146566.01,1.0,0.0,1.0,161407.48,0.0
589.0,Spain,Female,45.0,1.0,0.0,1.0,0.0,0.0,125939.22,1.0
701.0,Germany,Male,23.0,5.0,186101.18,2.0,1.0,1.0,76611.33,0.0
572.46962890625,France,Male,40.0,6.0,0.0,1.0,1.0,0.0,136985.08,1.0
461.4658966064453,Germany,Female,51.0,8.0,107494.86000000002,16.42300075888634,1.0,0.0,140937.91,0.0
767.0,Spain,Male,47.0,2.0,22890.69541015625,1.0,1.0,0.0,61250.2908203125,1.0
648.0,France,Male,46.78544616699219,8.0,30721.692578125,2.0,1.0,1.0,130041.45,1.0
651.0,Spain,Female,36.0,8.0,0.0,2.0,1.0,0.0,91652.43,0.0
633.0,France,Female,36.0,6.0,125130.28,1.0,0.0,0.0,125961.48000000001,0.0
740.0,France,Female,37.0,9.0,0.0,2.0,1.0,1.0,73225.31,0.0
592.0,France,Female,34.0,9.0,0.0,2.0,1.0,1.0,20460.2,0.0
670.0,France,Male,41.0,10.0,0.0,3.0,1.0,0.0,81602.02,0.0
76.7502670288086,France,Male,36.0,3.0,0.0,2.0,1.0,1.0,8742.91,0.0
745.0,France,Male,47.0,5.0,0.0,2.0,0.0,0.0,145789.71,0.0
705.0,France,Male,17.18325023651123,3.0,0.0,2.0,0.0,0.0,129576.99000000002,0.0
559.0,France,Female,42.0,7.0,17671.40595703125,4.589089846611023,1.0,1.0,54600.6978515625,0.0
595.0,France,Male,29.0,6.0,150685.79,1.0,1.0,0.0,87771.06,0.0
492.0,France,Male,35.0,4.0,141359.37,2.0,1.0,0.0,39519.53,0.0
498.0,France,Female,29.0,9.0,0.0,1.0,1.0,0.0,190035.83,0.0
655.0,France,Female,39.0,6.0,94631.26,2.0,1.0,1.0,148948.52,0.0
636.0,France,Female,39.0,3.0,118336.13999999998,1.0,1.0,0.0,184691.77,0.0
634.0,France,Female,45.0,2.0,0.0,1.0,1.0,1.0,143458.31,0.0
793.0,Spain,Male,63.0,0.0,0.0,2.0,0.0,1.0,27166.75,0.0
526.0,Germany,Male,50.0,5.0,124233.24000000002,18.397468185424806,0.0,1.0,159456.87,1.0
768.0,France,Female,26.0,5.0,51116.26,1.0,1.0,1.0,70454.79,1.0
540.0,Germany,Male,64.0,1.0,91869.69,1.0,0.0,1.0,95421.0,0.0
732.0,France,Female,34.0,8.0,122338.42999999998,2.0,1.0,0.0,91229.2984375,0.0
617.0,France,Female,30.0,8.0,0.0,1.0,1.0,1.0,92621.9,0.0
637.0,Spain,Female,54.0,5.0,0.0,1.0,0.0,1.0,73654.9443359375,0.0
264.1054931640625,France,Male,26.0,8.0,86270.93,2.0,1.0,1.0,90177.3,0.0
531.0,France,Male,44.0,3.0,0.0,2.0,1.0,0.0,34416.79,0.0
489.0,France,Female,38.0,5.0,117289.92,1.0,0.0,0.0,85231.88,0.0
601.0,France,Male,35.0,2.0,0.0,2.0,1.0,1.0,118983.17999999998,0.0
452.0,Germany,Male,33.0,7.0,153663.27,1.0,1.0,0.0,111868.23000000001,0.0
728.0,Spain,Female,29.0,1.0,0.0,1.0,1.0,0.0,83056.22,0.0
590.0,Germany,Female,27.0,8.0,123599.49000000002,2.0,1.0,0.0,1676.92,0.0
490.0,France,Male,29.0,4.0,0.0,2.0,1.0,0.0,32089.57,0.0
191.50504455566406,France,Female,76.0,9.0,134208.25,1.0,1.0,1.0,13455.429999999998,0.0
635.0,France,Male,29.0,1.0,0.0,1.0,0.0,1.0,24865.54,0.0
782.0,Germany,Male,35.0,7.0,98556.89,2.0,1.0,0.0,117644.36000000002,0.0
790.0,Spain,Female,37.0,3.0,0.0,-5.297479915618896,0.0,0.0,98897.32,0.0
587.0,France,Male,40.0,-21.955009698867798,0.0,4.0,0.0,1.0,106174.7,1.0
794.0,Spain,Female,0.9175147294998169,8.0,134593.79,1.0,1.0,1.0,46386.37,0.0
515.0,France,Male,41.0,8.0,0.0,2.0,1.0,1.0,60969.33671875,0.0
746.0,Spain,Male,24.0,10.0,68781.82,1.0,0.0,1.0,47997.39,0.0
466.5405517578125,Germany,Female,-9.009032821655273,-48.06568450927735,137464.04,1.0,1.0,0.0,130846.79,0.0
709.0,France,Male,32.0,4.0,147307.91,1.0,0.0,1.0,40861.55,0.0
536.0,France,Female,35.0,8.0,0.0,4.712550604343415,1.0,0.0,171840.24,1.0
711.0,France,Female,41.0,3.0,145754.91,15.702548289299012,1.0,1.0,101455.07,0.0
753.0,France,Male,46.0,8.0,24573.3767578125,3.0,1.0,0.0,90747.94,1.0
748.0,France,Male,44.0,-18.867952740192415,112610.76999999999,1.0,0.0,1.0,2048.55,0.0
623.0,France,Female,57.0,7.0,17810.2583984375,2.0,1.0,1.0,84421.34,0.0
465.0,France,Male,33.0,5.0,12461.635998535156,2.0,0.0,1.0,35476.00517578125,0.0
479.0598205566406,Spain,Female,34.0,3.0,77826.8,1.0,1.0,1.0,168544.85,1.0
562.0,France,Male,15.840034484863281,5.0,10462.419604492188,1.0,1.0,1.0,39351.64,0.0
502.0,Germany,Female,42.0,0.0,132002.7,1.0,0.0,1.0,28204.98,1.0
536.0,France,Male,32.0,7.0,178011.5,2.0,1.0,0.0,22375.14,0.0
670.0,Germany,Female,32.0,4.0,102954.68,2.0,0.0,1.0,134942.45,0.0
775.0,Germany,Male,51.0,2.0,35176.352734375,1.0,1.0,1.0,134901.57,0.0
759.0,Germany,Male,30.0,4.0,101802.67,1.0,0.0,0.0,8693.8,0.0
604.0,France,Male,33.0,3.0,148659.48,1.0,0.0,0.0,42437.75,0.0
766.0,Germany,Male,62.0,7.0,12813.973022460938,1.0,0.0,0.0,36794.47075195312,1.0
554.0,Spain,Female,41.0,4.0,112152.88999999998,1.0,0.0,1.0,36242.19,0.0
487.0,France,Female,53.0,10.0,89550.85,1.0,0.0,1.0,90076.85,0.0
725.0,France,Male,35.0,7.0,34715.85390625,1.0,1.0,0.0,150507.43,0.0
732.0,Germany,Female,42.0,2.0,118889.66,2.0,0.0,0.0,87422.15,0.0
368.6478660583496,France,Male,40.0,5.0,118788.57000000002,1.0,1.0,0.0,192867.4,0.0
781.0,France,Female,26.334429812431335,3.0,156555.54,1.0,1.0,1.0,175674.01,0.0
318.62774047851565,France,Male,53.0,1.0,99141.86,1.0,1.0,1.0,72496.05,1.0
577.0,Germany,Female,31.0,4.0,61211.18000000001,1.0,1.0,1.0,145250.43,0.0
731.0,Spain,Female,37.0,1.0,33347.11015625,1.0,1.0,1.0,180712.52,0.0
650.0,Spain,Female,23.0,5.0,0.0,1.0,1.0,1.0,180622.43,0.0
779.0,France,Male,9.683752346038819,10.0,80728.15,26.112233924865723,0.0,0.0,86306.75,0.0
706.0,France,Female,46.0,2.0,127660.46,2.0,1.0,0.0,150156.82,1.0
733.0,Spain,Male,3.3520748019218445,-31.80661506652832,106070.88999999998,1.0,1.0,1.0,101617.43,0.0
579.0,Germany,Female,-15.0043794631958,3.0,137560.38,2.0,1.0,1.0,85424.34,0.0
476.0,Germany,Male,34.0,-59.277482223510745,111905.42999999998,1.0,0.0,1.0,197221.81,1.0
775.0,France,Male,40.0,9.0,126212.63999999998,1.0,1.0,0.0,70196.57,0.0
433.5866195678711,Spain,Male,34.31165657043457,9.0,24919.569268798827,5.334698581695557,1.0,0.0,110440.5,1.0
602.0,France,Male,38.0,7.0,33697.219140625,2.0,1.0,0.0,124389.61000000002,0.0
615.0,France,Male,30.0,8.0,0.0,2.0,0.0,0.0,3183.15,0.0
700.0,Germany,Female,28.0,3.0,24836.346240234376,2.0,0.0,0.0,146723.72,0.0
615.0,France,Male,32.0,1.0,0.0,2.0,0.0,0.0,33383.397265625,0.0
544.0,Germany,Male,44.0,2.0,108895.92999999998,1.0,0.0,0.0,69228.2,1.0
573.0,Spain,Male,56.0,3.0,154669.77,7.214714455604553,0.0,1.0,115462.26999999999,1.0
555.0,Spain,Male,-35.96968727111816,7.0,128061.0,2.0,0.0,0.0,62375.1,0.0
264.7243118286133,France,Female,31.0,2.0,0.0,2.0,1.0,0.0,91829.17,1.0
476.0,France,Female,40.0,4.0,0.0,2.0,0.0,0.0,182547.04,0.0
770.0,Spain,Male,21.571016311645508,9.0,10971.38291015625,1.5378252148628235,1.0,1.0,14725.36,0.0
641.0,France,Female,40.0,7.0,0.0,1.0,1.0,0.0,126996.67,0.0
705.0,France,Female,35.0,5.0,0.0,1.0,1.0,0.0,133991.11,1.0
659.9462829589844,France,Male,38.0,5.0,136712.91,1.0,0.0,1.0,169920.92,0.0
727.0,Spain,Female,52.0,1.0,154733.97,1.0,1.0,0.0,80259.67,1.0
567.3505065917968,France,Female,41.0,4.0,112609.91,1.0,0.0,0.0,191035.18,1.0
646.0,Spain,Male,-8.982235336303711,10.0,115462.43999999999,25.59095687866211,1.0,1.0,72752.57734375,0.0
638.0,France,Male,34.0,5.0,133501.36,1.0,0.0,1.0,155643.04,0.0
632.0,Germany,Male,30.0,1.0,58668.02,1.0,1.0,1.0,78670.52,0.0
60.97191123962402,Spain,Male,44.0,7.0,2429.3184814453125,2.82994002699852,1.0,0.0,6297.695007324219,1.0
492.0,France,Female,28.0,9.0,0.0,2.0,1.0,0.0,95957.09,0.0
673.0,Germany,Female,77.0,10.0,76510.52,2.0,0.0,1.0,59595.66000000001,0.0
609.0,Spain,Male,34.0,-47.845023727416994,140694.78,2.0,0.0,0.0,109082.609375,0.0
56.767730712890625,France,Male,36.0,7.0,2242.3162475585937,2.0,1.0,0.0,5967.208081054688,0.0
651.0,France,Male,34.0,4.0,91562.99,1.0,1.0,1.0,123954.15,0.0
508.0,France,Male,31.0,8.0,72541.48,1.0,1.0,0.0,129803.08,0.0
616.0,Spain,Female,43.0,3.0,120867.17999999998,1.0,1.0,0.0,48398.5306640625,1.0
489.0,France,Male,34.0,5.0,0.0,1.0,0.0,0.0,43540.59,0.0
567.0,Spain,Female,45.0,1.0,17138.927734375,1.0,1.0,0.0,62193.92,0.0
714.0,Spain,Male,27.0,0.027707338333129883,0.0,5.358998423814773,1.0,1.0,129130.09,0.0
678.0,Germany,Female,30.0,1.0,139676.95,2.0,0.0,1.0,16146.0,0.0
581.0,France,Female,55.0,6.0,0.0,1.0,1.0,1.0,22442.13,0.0
748.0,Spain,Male,60.0,-13.549664497375488,0.0,2.0,1.0,1.0,91107.255859375,0.0
781.0,France,Female,19.0,3.0,0.0,2.0,1.0,1.0,124297.32000000002,0.0
691.0,Spain,Male,21.0,3.0,103000.94,1.0,0.0,1.0,104648.58,0.0
507.0,Germany,Male,-8.895732355117797,2.0,134237.07,1.0,1.0,1.0,166423.66,1.0
724.0,Germany,Male,34.0,6.0,118235.7,2.0,0.0,0.0,157137.23,0.0
163.28139038085936,Spain,Female,57.0,3.0,7974.9556640625,3.8209743022918703,1.0,1.0,34134.14,0.0
708.0,Spain,Female,64.0,5.0,0.0,3.0,0.0,0.0,83521.8171875,1.0
391.25134201049804,France,Male,38.0,9.0,24200.13229980469,14.546311366558076,1.0,0.0,128481.5,1.0
850.0,France,Male,38.0,5.0,0.0,2.0,1.0,0.0,108347.0078125,0.0
714.0,Spain,Male,25.0,2.0,0.0,1.0,1.0,1.0,132979.43,0.0
559.0,France,Female,43.0,1.0,0.0,2.0,1.0,1.0,53500.7916015625,0.0
577.0,Spain,Female,44.0,8.0,115557.0,1.0,0.0,1.0,93155.2078125,0.0
647.0,Germany,Female,35.0,3.0,166518.63,2.0,1.0,0.0,147930.46,0.0
554.0,France,Male,-22.774383544921875,-27.726976490020753,135370.12,8.187227058410645,1.0,1.0,179689.05,1.0
264.26356811523436,Germany,Male,54.0,5.0,92877.33,1.0,0.0,0.0,47106.44453125,1.0
528.0,France,Female,26.0,10.0,102073.67,2.0,0.0,0.0,53583.768359375,0.0
348.9280380249023,Germany,Male,46.0,-19.525189065933226,20668.915869140626,1.0,1.0,1.0,133516.51,1.0
743.0,Spain,Male,41.0,-31.06050157546997,0.0,1.0,1.0,0.0,163736.09,1.0
615.0,Germany,Male,33.15384521484375,-30.407823610305787,31785.9484375,2.0,0.0,0.0,179488.41,1.0
635.0,Germany,Female,44.0,2.0,79064.85,2.0,0.0,1.0,113291.75,0.0
686.0,Spain,Male,-1.3973822593688965,3.0,74274.87,3.0,1.0,0.0,64907.48,1.0
840.0,Spain,Female,36.0,6.0,26513.43994140625,2.0,1.0,0.0,141364.27,0.0
695.0,France,Male,43.0,1.0,100421.1,1.0,1.0,1.0,101141.28,0.0
564.0,France,Male,26.0,7.0,84006.88,2.0,0.0,0.0,183490.99,0.0
805.0,France,Female,31.0,4.0,0.0,2.0,1.0,0.0,4798.12,0.0
558.0,Spain,Male,45.0,4.0,0.0,1.0,1.0,0.0,131807.14,0.0
657.0,France,Female,39.0,4.0,80293.81,1.0,1.0,0.0,97192.76,0.0
641.0,France,Female,42.0,7.0,125437.13999999998,2.0,0.0,0.0,164128.58,0.0
755.0,France,Male,60.7245677947998,-9.959127759933471,44836.36640625,2.0,1.0,0.0,176809.87,0.0
483.0,France,Male,48.0,1.0,0.0,2.0,1.0,0.0,38377.8904296875,0.0
545.0,Germany,Female,44.0,-31.282618713378906,127536.43999999999,1.0,1.0,0.0,108398.63,0.0
678.0,France,Male,66.0,8.0,17877.691796875,2.0,1.0,0.0,47117.03,1.0
218.0326904296875,Germany,Female,48.0,-15.290753412246705,82794.18,1.0,1.0,0.0,48784.98671875,1.0
571.0,Spain,Female,22.0,3.0,108117.1,1.0,0.0,1.0,53328.7,0.0
634.0,Spain,Female,35.0,10.0,0.0,1.0,1.0,0.0,82634.41,0.0
517.5975219726563,Germany,Male,27.0,8.0,61688.61,2.0,1.0,0.0,147059.16,0.0
501.0,France,Female,40.0,2.0,0.0,2.0,0.0,0.0,141946.92,0.0
320.69492416381837,France,Male,74.0,6.0,17548.92373046875,2.0,1.0,0.0,123583.85,0.0
573.0,Spain,Male,50.0,0.0,159304.07,1.0,0.0,0.0,155915.24,1.0
648.0,Germany,Male,33.0,5.0,138664.24,1.0,1.0,0.0,29076.27,0.0
662.0,France,Female,22.0,2.0,126362.57000000002,2.0,1.0,1.0,97382.8,0.0
725.0,France,Female,39.0,4.0,160652.45,2.0,1.0,0.0,57643.55,0.0
563.0,France,Female,35.0,2.0,183572.84,1.0,1.0,1.0,66006.75,1.0
628.0,France,Male,31.0,0.0,88421.81,1.0,0.0,0.0,72350.47,0.0
546.0,Spain,Female,45.0,2.0,0.0,1.0,0.0,0.0,197789.83,1.0
688.0,Germany,Male,13.597213888168335,2.0,112871.18999999999,6.3505298614501955,0.0,1.0,65520.740000000005,0.0
850.0,Germany,Male,41.0,8.0,60880.68000000001,1.0,1.0,0.0,31825.840000000004,0.0
614.0,France,Female,34.0,5.0,0.0,-2.6393006920814512,1.0,0.0,47657.07333984375,0.0
719.0,France,Female,37.0,9.0,101455.7,1.0,1.0,0.0,25803.59,1.0
757.0,France,Female,3.2736950874328614,0.0,88084.13,2.0,1.0,1.0,66940.96328125,0.0
669.0,France,Male,29.0,7.0,0.0,2.0,1.0,1.0,138145.62,0.0
438.0,Germany,Male,59.0,7.0,127197.13999999998,1.0,1.0,0.0,51565.98,1.0
492.0,France,Male,39.0,7.0,0.0,2.0,0.0,1.0,71323.23,0.0
622.0,France,Female,39.0,9.0,83456.79,2.0,0.0,1.0,38882.34,0.0
645.0,France,Male,42.0,4.0,98298.18,1.0,1.0,1.0,676.06,0.0
728.0,France,Male,37.0,0.0,0.0,2.0,1.0,1.0,72203.8,0.0
651.0,France,Male,35.0,2.0,86911.8,1.0,1.0,0.0,174094.24,1.0
783.0,Germany,Female,42.0,2.0,139707.28,1.0,1.0,0.0,2150.22,0.0
732.0,Spain,Female,67.0,1.0,0.0,2.0,1.0,1.0,177783.04,0.0
553.0,Spain,Female,39.0,1.0,142876.98,2.0,1.0,0.0,44363.42,0.0
660.0,France,Male,30.0,7.0,146301.31,1.0,0.0,1.0,96847.91,0.0
670.0,France,Male,40.0,3.0,47364.45,1.0,1.0,1.0,148579.43,1.0
718.0,France,Male,38.0,-7.855927288532257,0.0,2.0,1.0,0.0,38308.34,0.0
787.0,France,Male,51.0,0.0,58137.08,1.0,1.0,1.0,142538.31,0.0
775.0,Germany,Female,38.0,6.0,179886.41,2.0,0.0,0.0,153122.58,0.0
479.0,France,Male,24.0,6.0,107637.97,2.0,0.0,1.0,169505.83,0.0
660.0,France,Female,20.0,6.0,167685.56,1.0,1.0,0.0,57929.9,0.0
721.0,Germany,Male,68.0,4.0,136525.99,1.0,0.0,0.0,104003.8859375,0.0
358.8084686279297,Germany,Male,39.0,1.34844913482666,52106.33,22.081954860687254,1.0,1.0,107964.36000000002,0.0
743.0,France,Male,39.0,8.0,0.0,1.0,1.0,0.0,94263.44,0.0
670.0,France,Female,45.0,9.0,104930.38,11.787061023712159,1.0,0.0,155921.81,1.0
766.0,Germany,Female,34.0,6.0,106434.93999999999,1.0,0.0,1.0,137995.66,1.0
845.0,France,Female,38.0,2.0,112803.92,1.0,1.0,0.0,179631.85,0.0
774.3169677734375,Germany,Female,46.0,10.0,120530.34,1.0,1.0,0.0,166586.99,1.0
404.89976196289064,Germany,Male,43.0,2.0,113641.49000000002,23.762179255485535,1.0,0.0,115116.35,1.0
604.0,Spain,Male,43.0,2.0,145081.72,1.0,1.0,1.0,23881.62,1.0
290.23059844970703,Spain,Female,35.0,9.0,0.0,-2.126086822152138,1.0,1.0,105837.38,0.0
637.0,Germany,Female,27.0,7.0,135842.89,1.0,1.0,1.0,101418.05,0.0
527.0,France,Female,31.0,1.0,112203.25,1.0,1.0,0.0,182266.01,0.0
687.0,France,Male,34.0,7.0,129895.18999999999,1.0,0.0,1.0,28698.169999999995,0.0
756.0,Germany,Male,41.0,6.0,149049.92,1.0,0.0,1.0,50422.36,0.0
503.0,Germany,Female,42.0,9.0,153279.39,54.610403823852536,1.0,1.0,151336.96,0.0
657.0,Spain,Male,42.0,5.0,41473.33,1.0,1.0,0.0,112979.6,1.0
666.0,France,Female,40.0,2.0,0.0,2.0,0.0,0.0,36371.27,0.0
615.0,Germany,Male,39.0,-68.08666915893555,113193.50999999998,23.62052001953125,1.0,1.0,52166.25,0.0
712.0,Germany,Male,27.0,8.0,113174.21,2.0,1.0,0.0,147261.58,0.0
764.0,France,Female,24.0,0.0,0.0,2.0,1.0,0.0,88724.49,1.0
471.0,France,Male,42.0,3.0,164951.56,1.0,1.0,0.0,117974.384375,0.0
608.0,Spain,Male,27.0,-40.923701000213626,153325.1,21.734311389923096,1.0,1.0,102477.0203125,0.0
682.0,Spain,Female,47.0,10.0,35814.25830078125,1.0,1.0,0.0,144290.97,0.0
587.0,Germany,Female,32.0,3.0,125445.04,2.0,1.0,1.0,130514.78,0.0
714.0,Germany,Female,35.0,6.0,126077.42999999998,2.0,1.0,1.0,53954.240000000005,0.0
630.0,Spain,Female,31.0,-20.445731830596923,0.0,2.0,1.0,1.0,169802.73,0.0
648.0,Germany,Female,28.0,8.0,90371.09,1.0,0.0,1.0,146851.73,0.0
785.0,France,Female,40.0,3.0,0.0,2.0,1.0,1.0,96832.82,0.0
601.0,Germany,Female,47.0,1.0,142802.02,1.0,1.0,1.0,57553.02,0.0
717.0,France,Female,28.0,1.0,90537.16,1.0,0.0,1.0,74800.99,0.0
803.8934448242187,France,Male,44.0,6.0,0.0,2.0,1.0,1.0,192542.17,0.0
771.0,France,Female,23.0,7.0,20462.4009765625,1.0,1.0,0.0,72990.62,0.0
602.0,France,Female,35.0,5.0,0.0,2.0,1.0,0.0,31050.02,0.0
626.0,France,Male,38.0,7.0,141074.59,1.0,1.0,0.0,52795.56,1.0
135.2230987548828,Spain,Male,59.0,4.0,0.0,1.2226515650749206,1.0,1.0,27435.409999999996,0.0
616.0,Germany,Female,42.0,6.0,117899.95,2.0,0.0,0.0,150266.81,0.0
621.0,Spain,Male,33.0,4.0,29579.604296875,2.0,1.0,1.0,83876.215625,0.0
674.0,Spain,Male,26.0,6.0,166257.96,1.0,1.0,1.0,149369.41,0.0
633.0,Spain,Female,46.0,3.0,0.0,2.0,1.0,0.0,120250.58,0.0
698.0,Germany,Male,64.0,-52.767753982543944,169362.43,1.0,1.0,0.0,84760.32,1.0
508.0,France,Male,27.84156494140625,7.0,35232.976245117185,1.0,1.0,0.0,156424.4,0.0
736.0,France,Female,24.0,0.0,0.0,2.0,1.0,0.0,109355.73000000001,1.0
463.867170715332,Germany,Male,68.0,0.0,32675.855810546876,2.0,1.0,1.0,184936.77,0.0
613.0,France,Female,21.0,7.0,105627.95,1.0,1.0,1.0,36560.51,0.0
712.0,France,Male,32.0,9.0,100606.02,13.181095600128174,1.0,0.0,165693.06,0.0
624.0,France,Female,38.0,3.0,0.0,2.0,1.0,1.0,163666.85,0.0
676.0,France,Male,38.0,1.0,0.0,2.0,0.0,1.0,35644.79,0.0
833.2916137695313,France,Female,32.0,0.0,138171.1,2.0,1.0,1.0,188203.58,1.0
489.0,France,Female,31.0,7.0,139395.08,1.0,0.0,1.0,6120.84,0.0
739.0,France,Male,29.0,1.0,0.0,2.0,1.0,1.0,164484.78,0.0
701.0,France,Female,37.0,-32.670016860961915,0.0,1.8132181644439698,1.0,1.0,164268.28,0.0
666.0,Germany,Female,50.0,7.0,109062.28,5.932121658325196,0.0,1.0,94974.4328125,1.0
565.0,Germany,Female,40.0,1.0,89994.71,2.0,0.0,1.0,121084.26999999999,0.0
666.0,France,Male,36.0,3.0,0.0,2.0,1.0,0.0,35156.54,0.0
633.0,France,Male,-7.707839679718018,2.0,103996.74,1.0,1.0,1.0,90355.66640625,0.0
578.0,France,Male,1.5036386489868163,4.0,175111.11,1.0,1.0,1.0,56176.00717773438,0.0
392.2940612792969,Spain,Female,49.0,-27.134932899475096,66079.45,2.0,0.0,0.0,91556.57,0.0
536.1170524597168,Germany,Male,33.0,8.0,148055.74,1.0,0.0,1.0,199203.21,0.0
615.0,France,Male,36.0,6.0,9959.28251953125,1.0,1.0,1.0,27011.8,1.0
684.0,Spain,Female,31.0,8.0,0.0,12.716881215572357,1.0,0.0,188637.05,0.0
160.10401458740233,France,Male,40.0,8.0,0.0,2.0,1.0,0.0,61581.2,0.0
713.0,Germany,Male,47.0,1.0,95994.98,34.4881046295166,1.0,0.0,197529.23,0.0
515.1032295227051,France,Male,37.0,2.0,0.0,2.0,1.0,0.0,182258.17,0.0
672.0,Germany,Female,23.0,10.0,110741.56000000001,1.0,1.0,0.0,80778.5,0.0
661.0,France,Male,35.0,5.0,0.0,1.0,1.0,0.0,155394.52,0.0
749.0,Spain,Female,28.0,3.0,0.0,1.0,1.0,0.0,3408.7,0.0
635.0,Spain,Female,32.0,8.0,4945.22314453125,0.04312402606010437,1.0,1.0,19367.98,1.0
850.0,Germany,Female,70.0,1.0,96947.58,3.0,1.0,1.0,62282.990000000005,1.0
641.0,France,Male,41.0,6.0,0.0,2.0,1.0,0.0,65396.79,0.0
633.0,Germany,Male,-10.160193157196044,2.0,109786.82000000002,2.0,1.0,1.0,139712.81,0.0
413.0,Spain,Male,35.0,2.0,0.0,2.0,1.0,1.0,60972.83999999999,0.0
538.0,France,Male,31.0,1.0,0.0,2.0,1.0,0.0,1375.46,0.0
437.0,France,Female,39.0,0.0,102721.49,1.0,0.0,0.0,22191.82,0.0
612.0,Spain,Male,28.74157295227051,5.0,19414.160009765626,1.0,1.0,0.0,8973.67,1.0
516.0,Germany,Female,53.0,1.0,156674.2,1.0,1.0,0.0,118502.34,0.0
826.0,Spain,Male,23.766773891448974,8.0,32459.759375,1.9054450571537018,0.0,0.0,93385.2265625,1.0
660.0,Germany,Female,23.0,6.0,166070.48,2.0,0.0,0.0,90494.72,0.0
646.0,Germany,Female,29.0,4.0,105957.43999999999,1.0,1.0,0.0,15470.91,0.0
767.0,France,Male,36.0,3.0,0.0,1.0,0.0,0.0,65147.27,0.0
411.9899475097656,France,Male,40.0,8.0,20624.743115234374,1.0,1.0,0.0,157886.6,0.0
778.0,France,Male,33.0,1.0,0.0,7.882881388068199,1.0,0.0,85439.73,0.0
238.92845458984374,Germany,Male,52.0,9.0,135870.01,2.0,0.0,0.0,54038.62000000001,0.0
549.0,France,Male,31.0,4.0,0.0,2.0,0.0,1.0,25684.85,0.0
598.0,France,Male,47.0,2.0,0.0,2.0,1.0,1.0,186116.54,0.0
655.0,France,Female,45.0,0.0,0.0,2.0,1.0,0.0,166830.71,0.0
494.0,France,Male,30.0,3.0,85704.95,1.0,0.0,1.0,27886.060000000005,0.0
653.0,France,Female,42.0,1.0,0.0,2.0,1.0,1.0,5768.32,0.0
539.0,Germany,Female,38.0,8.0,105435.74000000002,1.0,0.0,0.0,80575.44,1.0
645.0,France,Female,37.0,1.0,0.0,2.0,1.0,1.0,68987.55,0.0
751.0,Germany,Male,21.40310392379761,9.0,108513.25,10.42738480567932,1.0,1.0,84903.99453125,0.0
528.0,France,Male,35.0,3.0,156687.1,1.0,1.0,0.0,199320.77,0.0
696.0,Germany,Male,31.0,3.0,150604.52,1.0,0.0,0.0,5566.6,0.0
716.0,France,Female,44.0,6.0,155114.9,1.0,0.0,0.0,133871.83,0.0
602.0,France,Female,35.0,8.0,0.0,2.0,1.0,1.0,152843.53,0.0
647.0,Spain,Female,64.0,1.0,91216.0,21.901184940338133,1.0,1.0,41800.18,0.0
850.0,France,Male,61.0,3.0,27853.646875,8.26537470817566,1.0,1.0,92053.75,0.0
590.0,France,Female,32.0,0.0,127763.24000000002,1.0,1.0,0.0,100717.54,0.0
825.0,Spain,Female,32.0,1.0,0.0,2.0,1.0,1.0,42935.15,0.0
850.0,Spain,Male,-24.17494257092476,-42.3324893951416,82613.56,35.390228271484375,1.0,0.0,87744.0890625,0.0
789.0,France,Female,32.0,7.0,69423.52,1.0,1.0,0.0,107499.38999999998,0.0
701.0,France,Male,42.0,6.0,86167.82,1.0,1.0,0.0,153342.38,0.0
713.0,Spain,Female,47.0,1.0,0.0,-0.7067312240600586,1.0,0.0,107825.08,1.0
570.0,France,Male,30.0,2.0,131406.56,1.0,1.0,1.0,47952.45,0.0
536.0,Germany,Female,44.0,4.0,121898.82000000002,1.0,0.0,0.0,131007.17999999998,0.0
185.19512176513672,Germany,Male,32.0,9.0,77487.2,1.0,0.0,0.0,33143.04,0.0
512.0,France,Female,75.0,2.0,0.0,1.0,1.0,0.0,123304.62,0.0
633.4122924804688,Spain,Male,45.0,5.0,164450.94,50.028406620025635,1.0,1.0,141970.02,1.0
656.0,France,Male,33.0,7.0,138705.02,2.0,1.0,0.0,37136.15,0.0
743.7928985595703,Spain,Female,37.0,7.0,132730.17,1.0,1.0,0.0,199293.01,0.0
709.0,France,Female,30.0,5.0,0.0,2.0,0.0,1.0,161388.22,0.0
597.0,Spain,Male,66.0,3.0,0.0,1.0,1.0,1.0,70532.53,0.0
592.0,France,Male,28.0,2.0,116498.22,1.0,1.0,0.0,144290.25,0.0
599.0,France,Female,41.0,1.0,0.0,12.27330436706543,1.0,0.0,96069.82,0.0
572.0,Germany,Female,35.0,1.0,139979.07,1.0,1.0,0.0,185662.84,0.0
611.0,Germany,Female,43.0,9.0,9731.6681640625,2.0,0.0,1.0,17913.25,0.0
634.0,France,Female,45.0,2.0,0.0,4.0,0.0,0.0,101039.53,1.0
666.0,France,Male,51.0,2.0,148222.65,1.0,0.0,0.0,156953.54,1.0
696.0,France,Female,41.0,8.0,0.0,2.0,0.0,0.0,28276.830000000005,0.0
669.0,France,Female,38.0,8.0,0.0,2.0,1.0,0.0,84049.16,0.0
656.9935241699219,Spain,Male,0.02006807327270508,8.0,134152.29,1.0,1.0,1.0,147822.44,0.0
497.0,Germany,Female,32.0,8.0,111537.23000000001,9.840019607543946,1.0,1.0,9497.99,1.0
750.0,Spain,Female,19.03108615875244,7.0,119565.92,1.0,1.0,0.0,87067.73,0.0
850.0,Spain,Female,29.0,7.0,0.0,2.0,1.0,0.0,23237.25,0.0
617.0,Spain,Male,38.0,7.0,0.0,1.0,1.0,1.0,27239.28,0.0
164.05546493530272,France,Male,19.457856750488283,-1.9385390758514405,6763.708752441406,3.0,1.0,0.0,151481.86,1.0
560.0,Spain,Female,10.8323899269104,7.0,124995.98000000001,1.0,1.0,1.0,114669.79,0.0
629.0,Spain,Male,39.0,5.0,0.0,2.0,0.0,0.0,116748.13999999998,0.0
660.0,Germany,Female,52.0,4.0,86891.84,1.0,1.0,0.0,90877.76,0.0
676.0,France,Male,38.0,8.0,0.0,2.0,1.0,1.0,133692.88,0.0
581.0,Spain,Male,1.4284918785095215,9.0,78022.61,1.0,0.0,1.0,30662.909999999996,0.0
798.0,France,Male,34.0,9.0,154495.79,1.0,1.0,0.0,118636.72109375,0.0
705.0,France,Male,38.0,1.0,189443.72,1.0,0.0,1.0,106648.58,0.0
714.0,Spain,Female,31.0,6.0,152926.6,1.0,1.0,1.0,50899.91,0.0
664.0,France,Female,44.0,8.0,142989.69,39.6621768951416,1.0,1.0,115452.50999999998,1.0
697.0,Germany,Male,43.0,7.0,115371.93999999999,2.0,1.0,0.0,64139.1,0.0
609.0,France,Male,37.0,6.0,0.0,2.0,0.0,1.0,22030.72,0.0
548.0,Spain,Male,38.0,-72.51850967407226,178056.54,2.0,1.0,0.0,38434.73,0.0
850.0,Germany,Male,-17.94098320007324,6.0,206014.94,43.64032735824585,0.0,1.0,107927.690234375,1.0
656.0,France,Male,41.0,2.0,0.0,2.0,1.0,0.0,158973.77,0.0
727.0,Germany,Male,37.0,9.0,101191.83,1.0,1.0,1.0,79808.309375,0.0
642.0,France,Female,55.0,7.0,0.0,-1.3690876007080077,1.0,1.0,101515.76,1.0
710.0,Spain,Male,31.0,5.0,0.0,2.0,1.0,0.0,9561.73,0.0
710.0,Spain,Male,33.0,1.0,0.0,2.0,1.0,0.0,168313.17,0.0
718.0,France,Female,37.0,7.0,0.0,2.0,1.0,1.0,55100.08999999999,0.0
586.0,Germany,Male,32.0,1.0,149814.54,1.0,1.0,0.0,31830.060000000005,0.0
617.0,Spain,Female,36.0,7.0,115617.24000000002,1.0,1.0,1.0,71519.4,0.0
630.0,France,Male,28.0,9.0,0.0,2.0,0.0,0.0,32599.35,0.0
64.95736846923828,Germany,Female,42.0,10.0,2795.807373046875,2.0,0.0,1.0,7455.237841796875,1.0
673.0,France,Female,-0.4156647205352783,8.0,138160.0,1.0,1.0,1.0,86383.70625,1.0
477.0,Germany,Female,36.0,3.0,117700.86000000002,1.0,0.0,0.0,74042.0,0.0
662.0,France,Female,37.0,5.0,0.0,2.0,1.0,0.0,151871.84,0.0
850.0,Germany,Male,37.0,-44.16015682220459,122506.38,7.380753064155579,0.0,1.0,199693.84,1.0
635.0,France,Female,58.0,1.0,0.0,1.0,1.0,1.0,62585.599853515625,0.0
537.0,France,Male,59.0,9.0,0.0,2.0,1.0,0.0,103799.77,1.0
579.0,France,Female,39.0,3.0,166501.17,2.0,1.0,0.0,93835.64,0.0
600.5254333496093,Spain,Female,46.0,4.0,89743.05,1.0,1.0,0.0,156425.57,0.0
610.0,France,Female,25.0,2.0,0.0,2.0,1.0,0.0,123723.83,0.0
581.0,France,Male,30.0,1.0,0.0,2.0,1.0,0.0,29352.572900390624,0.0
592.0,France,Male,39.0,-14.326885282993317,0.0,2.0,1.0,0.0,83084.33,0.0
688.0,Spain,Female,35.0,6.0,23456.68515625,1.0,1.0,0.0,63905.453125,1.0
681.0,France,Female,18.0,1.0,98894.39,1.0,1.0,1.0,9596.4,0.0
658.0,Germany,Male,37.0,3.0,168735.74,2.0,0.0,0.0,70370.24,0.0
792.0,France,Male,34.0,1.0,0.0,1.0,0.0,1.0,86330.32,0.0
528.0,Germany,Male,62.0,-47.03921051025391,133201.17,1.0,0.0,0.0,168507.68,1.0
624.0,Spain,Female,36.0,0.0,0.0,2.0,1.0,0.0,111605.9,0.0
562.0,Germany,Male,31.0,4.0,127237.25,2.0,0.0,1.0,143317.42,0.0
678.0,Germany,Male,36.0,1.0,117864.85,2.0,1.0,0.0,27619.060000000005,0.0
705.0,Germany,Male,64.0,3.0,153469.26,33.15606036186218,0.0,0.0,146573.66,1.0
650.0,Germany,Male,23.0,4.0,93911.3,2.0,1.0,0.0,69055.45,0.0
593.0,Spain,Female,46.0,2.0,76597.79,1.0,1.0,1.0,54453.719999999994,0.0
652.0,France,Female,40.0,4.0,79927.36,2.0,1.0,1.0,33524.6,0.0
554.0,Spain,Female,27.0,4.0,0.0,2.0,1.0,1.0,135083.73,0.0
584.0,Germany,Male,32.0,8.0,40172.91,1.0,1.0,1.0,137439.34,0.0
194.21884765625,France,Male,33.0,7.0,115195.58,1.0,1.0,1.0,11205.5,0.0
789.0,Germany,Female,43.0,9.0,116644.29,2.0,1.0,1.0,60176.1,0.0
598.0,Germany,Female,-80.74043045043945,8.0,180293.84,2.0,1.0,1.0,29552.7,0.0
669.0,Germany,Female,30.0,7.0,139872.81,1.0,1.0,0.0,188795.85,0.0
645.0,France,Female,24.0,3.0,34547.82,1.0,1.0,1.0,11638.17,0.0
659.0,France,Female,32.0,9.0,0.0,2.0,1.0,1.0,93155.75,0.0
833.0,Germany,Male,29.0,1.0,96462.25,2.0,0.0,1.0,48986.18,0.0
697.0,Spain,Male,40.0,-15.53623275756836,27057.5609375,2.641247797012329,0.0,1.0,116951.1,0.0
580.0,Germany,Male,39.0,3.0,26009.068359375,1.0,1.0,0.0,137041.26,0.0
691.0,France,Male,38.0,1.0,0.0,2.0,0.0,0.0,44653.5,0.0
534.0,France,Male,52.0,1.0,0.0,3.0,1.0,1.0,104035.41,1.0
478.0,France,Female,32.0,6.0,71187.24,1.0,1.0,1.0,110593.62,0.0
572.0,France,Female,47.0,2.0,0.0,2.0,1.0,0.0,36099.7,0.0
501.0,France,Male,37.0,4.0,0.0,2.0,0.0,0.0,12470.3,0.0
238.36003570556642,Spain,Female,38.0,8.0,0.0,2.0,1.0,0.0,95403.41,0.0
595.0,France,Female,39.0,9.0,136422.41,1.0,1.0,1.0,151757.81,0.0
603.0,France,Male,18.349187874794005,8.0,0.0,2.0,1.0,1.0,47536.46,0.0
602.0,France,Female,25.0,0.0,0.0,2.0,1.0,1.0,101274.17,0.0
455.478254699707,France,Female,34.0,6.0,0.0,1.0,1.0,1.0,140268.45,0.0
422.0,France,Male,41.0,6.0,153238.88,1.0,1.0,0.0,11663.09,0.0
615.0,France,Male,35.0,7.0,0.0,2.0,1.0,0.0,150784.29,0.0
635.0,France,Male,78.0,6.0,47536.4,1.0,1.0,1.0,58070.305859375,0.0
711.0,France,Female,32.0,1.0,0.0,2.0,1.0,0.0,126188.42,0.0
834.0,France,Male,36.0,8.0,142882.49,1.0,1.0,0.0,89983.02,1.0
633.0,France,Female,44.0,7.0,0.0,2.0,1.0,0.0,29761.29,0.0
650.0,France,Female,31.0,1.0,160566.11,2.0,0.0,0.0,27073.810000000005,0.0
448.7176818847656,France,Female,-21.144332122802734,2.0,131935.51,28.929001235961913,0.0,1.0,85335.8671875,0.0
567.0,France,Male,38.0,6.0,127678.8,2.0,0.0,0.0,45422.89,0.0
706.0,Germany,Female,46.0,-42.52552443742752,105214.58,1.0,1.0,0.0,108699.59,1.0
101.5188980102539,France,Male,46.0,9.0,5194.579443359375,1.0,1.0,0.0,38967.29,0.0
641.0,France,Female,38.0,3.0,0.0,2.0,1.0,0.0,116466.18999999999,0.0
574.0,France,Female,34.0,-33.810771751403806,112324.45,2.0,1.0,1.0,17993.43,0.0
642.0,Germany,Male,30.0,8.0,134497.27,1.0,0.0,0.0,43250.54,0.0
722.0,Spain,Female,35.0,1.0,120171.58,1.0,1.0,0.0,125240.8,0.0
623.0,France,Male,23.0,1.0,106012.2,2.0,0.0,1.0,191415.94,0.0
681.0,France,Male,25.0,5.0,0.0,1.0,0.0,1.0,90860.97,0.0
530.0,France,Female,34.0,8.0,0.0,2.0,1.0,1.0,141872.52,0.0
174.90393142700196,France,Male,20.598285675048828,10.0,0.0,0.5744789361953735,1.0,1.0,49418.87,0.0
653.0,France,Male,44.09889469146729,3.0,0.0,1.0,1.0,0.0,170426.65,1.0
850.0,Germany,Male,-3.6052942514419555,8.0,119839.68999999999,1.0,0.0,1.0,51016.02,1.0
581.0,Spain,Male,34.0,1.0,0.0,2.0,0.0,1.0,81175.25,0.0
589.0,Germany,Male,38.0,8.0,92219.21,1.0,1.0,0.0,99106.97,0.0
555.0,Germany,Male,48.0,3.0,142055.41,2.0,0.0,1.0,79134.78,0.0
748.0,France,Female,49.0,7.0,29602.080000000005,1.0,0.0,0.0,163550.58,1.0
745.0,France,Female,46.0,7.0,0.0,2.0,1.0,1.0,67769.94,0.0
730.0,France,Male,34.0,1.0,0.0,2.0,1.0,1.0,126592.00999999998,0.0
565.0,France,Female,44.0,1.0,0.0,2.0,0.0,0.0,89602.81,0.0
778.0,France,Male,37.0,3.0,141803.77,1.0,1.0,1.0,179421.84,0.0
812.0,France,Male,24.0,10.0,0.0,2.0,1.0,0.0,156906.15,0.0
526.0,France,Male,42.0,1.0,0.0,1.0,0.0,1.0,168486.02,0.0
708.0,France,Female,47.0,0.0,126589.12,2.0,0.0,1.0,132730.07,1.0
680.0,France,Male,33.0,2.0,108393.35,1.0,0.0,1.0,39057.67,0.0
567.0,Spain,Male,43.0,2.0,115643.58,2.0,0.0,0.0,174606.35,0.0
564.0,Spain,Male,48.0,5.0,132876.23,1.0,1.0,0.0,79259.77,0.0
709.0,France,Female,24.0,3.0,27932.025048828124,1.0,1.0,1.0,168515.61,0.0
629.0,France,Male,46.0,1.0,130666.2,4.720606708526612,1.0,1.0,161125.67,1.0
510.0,France,Female,45.0,10.0,103821.47,2.0,0.0,1.0,77878.62,0.0
506.0,France,Female,32.0,3.0,0.0,1.0,1.0,1.0,80823.02,0.0
605.0,France,Male,39.0,7.0,0.0,1.0,0.0,1.0,119348.28,0.0
650.0,Spain,Male,32.0,1.0,132187.73,2.0,0.0,0.0,178331.36,1.0
850.0,Germany,Male,49.0,-17.428007099032403,31391.189453125,12.776626777648925,1.0,0.0,119174.88,0.0
489.0,Germany,Male,38.0,2.0,126444.08,2.0,1.0,1.0,82662.73,0.0
659.0,Germany,Female,30.0,8.0,154159.51,1.0,1.0,0.0,40441.1,0.0
753.0,France,Female,43.0,5.0,0.0,2.0,1.0,0.0,109881.71,0.0
395.65828094482424,France,Male,48.0,8.0,129250.0,2.0,1.0,1.0,157937.35,0.0
610.0,Spain,Female,45.0,3.0,0.0,1.0,1.0,0.0,38276.84,1.0
619.0,France,Female,33.0,2.0,167733.51,2.0,1.0,1.0,65222.48,0.0
619.0,Germany,Female,31.0,2.0,56116.3,2.0,0.0,0.0,2181.94,0.0
758.0,France,Female,30.0,3.0,141581.08,1.0,1.0,0.0,156249.06,0.0
516.0,Germany,Male,-20.225251579284667,7.0,139675.07,2.0,1.0,0.0,45591.23,0.0
789.0,France,Female,27.0,8.0,66201.96,1.0,1.0,1.0,79458.12,0.0
687.0,France,Female,33.20333461761474,9.0,0.0,2.0,0.0,0.0,103042.2,1.0
485.0,Germany,Male,34.0,3.0,133658.24,1.0,1.0,0.0,70209.83,0.0
446.0,Germany,Male,25.0,3.0,136202.78,1.0,1.0,1.0,176743.51,0.0
597.0,Germany,Female,60.0,0.0,131778.08,1.0,0.0,0.0,10703.53,1.0
712.0,Spain,Male,74.0,5.0,0.0,2.0,0.0,0.0,151425.82,0.0
522.0,France,Female,34.0,3.0,0.0,2.0,1.0,1.0,3894.34,0.0
805.0,Germany,Female,26.0,8.0,42712.87,2.0,1.0,1.0,28861.689999999995,0.0
781.0,France,Female,28.0,4.0,0.0,2.0,1.0,0.0,177703.15,0.0
689.0,Spain,Female,24.194748306274413,-16.170744132995605,0.0,11.176746845245361,1.0,0.0,136649.8,1.0
670.0,Germany,Male,31.0,1.0,38544.065625,2.0,1.0,0.0,175894.24,1.0
670.0,France,Male,33.0,2.0,141204.65,2.0,1.0,0.0,76257.46,0.0
524.0,Germany,Female,25.0,7.0,131402.21,1.0,0.0,0.0,193668.49,0.0
734.0,France,Female,30.32356729507446,3.0,26115.3953125,2.0,1.0,1.0,125671.29,1.0
489.0,France,Female,51.0,3.0,0.0,2.0,0.0,1.0,174098.28,1.0
578.0,Germany,Male,31.0,5.0,102088.68,4.0,0.0,0.0,187866.21,1.0
622.0,Spain,Male,39.0,9.0,0.0,2.0,0.0,1.0,100862.36,0.0
843.0,France,Female,38.0,-20.514732360839844,134887.53,1.0,1.0,1.0,10804.04,0.0
687.0,France,Male,48.0,4.0,0.0,2.0,1.0,1.0,170893.85,0.0
700.0,Spain,Male,28.0,8.0,159900.38,1.0,0.0,0.0,22698.56,0.0
384.64613037109376,Germany,Female,50.0,2.0,102278.79,2.0,1.0,0.0,89822.48,0.0
537.0,France,Female,41.0,0.0,0.0,2.0,0.0,1.0,175262.49,0.0
780.0,France,Female,43.0,0.0,0.0,1.0,0.0,1.0,15705.27,0.0
377.21704177856446,Spain,Male,22.65569076538086,6.0,0.0,2.0,0.0,0.0,170025.43,0.0
620.0,Germany,Male,35.0,0.0,76989.97,1.0,1.0,1.0,17242.79,0.0
697.0,France,Female,23.0,10.0,0.0,2.0,1.0,1.0,79734.23,0.0
786.0,France,Male,22.59489235877991,3.0,0.0,2.0,1.0,0.0,86258.7765625,0.0
850.0,Germany,Female,39.0,5.0,114491.82000000002,1.0,1.0,0.0,99689.48,0.0
262.4339080810547,Germany,Male,54.0,-6.552197349071503,19103.036029052735,1.0,1.0,0.0,93336.3,1.0
445.0,France,Male,31.0,-40.08158073425293,145056.59,1.0,1.0,1.0,175893.53,0.0
443.0,Germany,Male,50.0,3.0,15999.4513671875,1.0,1.0,0.0,42840.18,1.0
637.0,Germany,Male,41.0,2.0,138014.4,2.0,1.0,0.0,140298.24,0.0
616.0,Germany,Female,45.0,6.0,128352.59,3.0,1.0,1.0,85072.9546875,1.0
756.0,France,Female,23.0,-33.02524697780609,112568.31000000001,1.0,1.0,1.0,81347.97255859376,0.0
644.0,France,Male,33.0,2.0,0.0,1.0,1.0,0.0,96420.58,0.0
850.0,Germany,Male,41.0,-72.23164291381836,176958.46,2.0,0.0,1.0,125806.3,0.0
703.0,Germany,Female,38.0,9.0,99167.54,1.0,1.0,0.0,65720.92,0.0
684.0,Spain,Male,42.0,3.0,103210.27,1.0,1.0,0.0,31002.03,0.0
706.0,France,Female,26.916319251060486,10.0,104478.12,3.0,1.0,1.0,158248.71,1.0
580.0,Spain,Male,61.0,8.0,125921.37,1.0,1.0,1.0,94677.83,0.0
96.00092010498047,Spain,Female,35.0,3.0,0.0,2.0,1.0,1.0,17257.72,1.0
676.0,Germany,Male,-9.480777138471604,3.0,80697.44,1.0,0.0,0.0,101397.86,0.0
708.0,France,Female,44.0,2.0,161887.81,2.0,1.0,0.0,84870.23,0.0
809.0,France,Male,24.0,7.0,109558.36000000002,1.0,1.0,0.0,183515.13,0.0
588.0,France,Male,38.0,1.0,124271.25999999998,1.0,1.0,0.0,75969.19,0.0
623.0,France,Male,43.0,1.0,0.0,2.0,1.0,1.0,146379.3,0.0
537.0,Spain,Male,42.0,1.0,190569.23,1.0,0.0,1.0,127154.8,0.0
536.0,Spain,Male,53.0,2.0,143923.96,1.0,1.0,0.0,2019.78,1.0
769.0,France,Male,35.73316116333008,-79.35931205749512,96542.16,2.0,0.0,0.0,197885.72,0.0
690.0,France,Male,33.0,5.0,0.0,2.0,1.0,0.0,138017.68,1.0
771.0,Spain,Male,45.0,-47.646932220458986,139825.56,1.0,0.0,0.0,170984.97,1.0
497.0,Germany,Male,24.0,6.0,111769.13999999998,2.0,1.0,0.0,55859.27,0.0
622.0,Spain,Male,37.0,4.0,0.0,2.0,1.0,0.0,4459.5,0.0
602.0,Spain,Male,30.0,9.0,113672.17999999998,2.0,0.0,0.0,102135.92,0.0
543.0,France,Female,32.0,7.0,24829.010546875,1.0,1.0,0.0,112771.95,0.0
520.0,Spain,Male,45.0,7.0,107023.03,1.0,1.0,0.0,32903.93,0.0
669.0,France,Male,37.0,1.0,125529.55,1.0,1.0,1.0,162260.93,0.0
631.0,France,Female,41.0,0.0,25288.448046875,1.0,0.0,0.0,87959.83,0.0
537.0,Germany,Male,48.0,-56.308140182495116,131834.8,1.0,1.0,0.0,166476.95,1.0
732.0,France,Male,62.0,2.0,7504.17890625,2.0,1.0,1.0,25438.87,0.0
844.0,Spain,Male,-33.70447840690613,5.0,99529.7,1.0,0.0,1.0,157230.06,1.0
674.9180419921875,Spain,Male,35.0,0.0,0.0,17.682837963104248,0.0,1.0,197305.91,1.0
652.0,France,Male,27.0,10.0,107303.72,2.0,0.0,0.0,44435.76,0.0
660.0,France,Male,33.0,0.0,72783.42,1.0,0.0,0.0,181051.99,0.0
692.0,Spain,Female,44.0,-28.820843315124513,44566.4671875,1.0,0.0,1.0,159069.37,0.0
588.0,France,Female,35.0,0.0,0.0,2.0,1.0,1.0,155485.24,0.0
533.0,Germany,Female,22.0,10.0,115743.6,1.0,0.0,0.0,43852.05,0.0
850.0,France,Male,43.0,4.0,22799.645849609376,1.0,1.0,1.0,66825.6240234375,0.0
511.0,France,Male,27.0,-1.68414363861084,0.0,2.0,1.0,1.0,49089.36,0.0
530.0,Spain,Male,44.0,6.0,0.0,2.0,0.0,0.0,55893.37000000001,0.0
637.4463180541992,France,Male,31.0,1.0,0.0,2.0,0.0,1.0,192660.55,0.0
585.0,Germany,Female,40.0,3.0,162261.01,2.0,1.0,0.0,137028.51,0.0
754.0,France,Male,39.0,3.0,74896.33,1.0,0.0,0.0,34430.16,0.0
474.0,France,Male,54.0,3.0,0.0,1.0,1.0,0.0,108409.17,1.0
837.0,Germany,Male,35.0,0.0,144037.6,1.0,0.0,0.0,145325.32,0.0
567.0,France,Female,23.0,9.0,93522.2,1.0,0.0,1.0,81425.61,0.0
800.0,Spain,Male,38.0,1.0,0.0,2.0,1.0,0.0,51553.43,0.0
646.0,France,Male,18.0,10.0,0.0,2.0,0.0,1.0,52795.15,0.0
473.650927734375,Germany,Male,38.0,8.0,106922.92,2.0,0.0,1.0,84270.09,0.0
453.37935638427734,France,Male,26.0,8.0,112972.57000000002,1.0,1.0,0.0,145011.62,0.0
566.0,Germany,Male,35.0,1.0,123042.0,1.0,0.0,0.0,66245.44,1.0
619.0,Germany,Female,33.0,3.0,100488.92,2.0,0.0,0.0,36446.74,0.0
648.7661499023437,France,Female,44.0,-46.48924779891968,123322.15,1.0,1.0,0.0,137136.29,0.0
648.0,France,Male,32.0,0.0,0.0,1.0,0.0,1.0,117323.31000000001,0.0
621.0,Spain,Male,42.0,8.0,68683.68,1.0,1.0,1.0,74157.71,0.0
543.0,Germany,Male,49.0,6.0,59532.18000000001,1.0,1.0,0.0,104253.56,0.0
658.0,France,Female,43.0,7.0,140260.36,2.0,1.0,0.0,2748.72,0.0
633.0,Germany,Male,50.0,7.0,24957.3478515625,1.0,1.0,1.0,75380.8302734375,1.0
648.0,France,Female,19.0,1.0,0.0,2.0,0.0,1.0,22101.86,0.0
501.0,Germany,Male,-10.384035301208495,5.0,114655.58,1.0,0.0,0.0,126535.92,0.0
683.0,France,Female,42.0,4.0,148283.94,1.0,1.0,1.0,44692.63,1.0
619.0,Spain,Female,38.0,1.0,0.0,4.244153785705566,1.0,0.0,112442.63,0.0
705.0,France,Female,35.0,3.0,0.0,2.0,0.0,1.0,66331.01,0.0
638.0,Germany,Female,53.0,1.0,123916.67,1.0,1.0,0.0,16657.68,1.0
710.0,France,Female,31.0,1.0,0.0,2.0,1.0,0.0,20081.3,0.0
590.0,France,Female,54.0,4.0,0.0,2.0,1.0,1.0,93820.49,1.0
725.0,France,Male,43.0,2.0,165896.0,2.0,1.0,0.0,130795.51999999999,0.0
638.0,France,Female,32.0,0.0,0.0,2.0,1.0,0.0,160129.99,0.0
791.0,France,Male,36.0,6.0,111168.97,1.0,1.0,1.0,189969.91,0.0
702.0,France,Female,40.0,1.0,103549.24,1.0,0.0,0.0,9712.52,1.0
607.0,France,Female,32.0,6.0,0.0,2.0,0.0,0.0,196062.01,0.0
535.0,France,Male,30.0,6.0,103804.97,1.0,1.0,1.0,125710.53,0.0
651.0,Spain,Male,45.0,2.0,165901.59,2.0,1.0,0.0,23054.51,1.0
506.0,Germany,Male,59.0,8.0,119152.1,2.0,1.0,1.0,59401.51328125,0.0
511.0,France,Female,57.0,-6.983803081512451,34609.6681640625,1.0,1.0,1.0,181258.76,0.0
757.0,France,Male,51.0,1.0,0.0,1.0,1.0,1.0,22835.13,1.0
768.0,Germany,Male,49.0,-32.9054874420166,133384.66,1.0,1.0,0.0,102397.22,1.0
757.0,France,Male,32.0,9.0,0.0,2.0,1.0,0.0,115950.96,0.0
663.0,France,Male,64.0,6.0,0.0,2.0,0.0,1.0,15876.52,0.0
537.0,Germany,Female,37.0,-16.985507988929747,27834.2484375,-1.5189934253692627,0.0,0.0,117690.58,1.0
570.0,France,Male,29.0,-58.44967823028564,122028.65,2.0,1.0,1.0,173792.77,0.0
850.0,France,Female,35.0,5.0,0.0,1.0,1.0,1.0,80992.8,0.0
40.358324432373045,France,Female,16.110967063903807,2.281616449356079,432.0462585449219,2.0,1.0,0.0,1157.4420288085937,1.0
659.0,France,Female,54.0,8.0,133436.52,1.0,1.0,0.0,56787.8,0.0
686.8723876953125,Spain,Male,40.0,2.0,123177.00999999998,1.0,1.0,0.0,148309.98,0.0
708.0,France,Female,59.0,2.0,0.0,1.0,1.0,0.0,179673.11,1.0
720.0,France,Female,37.0,2.0,120328.88,2.0,1.0,1.0,138470.21,0.0
785.0,France,Female,39.0,-40.7464879155159,31641.543017578126,1.0,0.0,0.0,163798.41,1.0
743.0,Spain,Female,36.0,8.0,92716.96,1.0,1.0,1.0,33693.78,0.0
493.0,Spain,Female,48.0,7.0,0.0,2.0,1.0,0.0,48545.1,0.0
557.0,Spain,Male,34.0,3.0,0.0,1.0,0.0,1.0,123427.98000000001,0.0
850.0,France,Male,40.0,1.0,76914.21,1.0,1.0,0.0,174183.44,0.0
799.0,France,Female,32.0,3.0,11469.953515625,2.0,1.0,1.0,17938.0,0.0
756.0,France,Male,34.0,1.0,103133.26,1.0,1.0,1.0,90059.04,0.0
752.0,France,Male,38.0,0.0,145974.79,2.0,0.0,1.0,137694.23,0.0
696.0,Spain,Female,36.0,3.0,0.0,3.0,1.0,0.0,65039.9,0.0
630.0,Spain,Female,49.0,1.0,0.0,2.0,0.0,1.0,162858.29,0.0
659.0,Spain,Female,38.0,9.0,0.0,2.0,1.0,1.0,64420.1013671875,0.0
93.15541305541993,Spain,Male,39.0,9.0,0.0,2.0,1.0,1.0,18826.06,0.0
599.0,Spain,Female,31.0,3.0,0.0,1.0,1.0,1.0,130086.47,1.0
559.0,Spain,Female,31.0,1.0,139183.06,1.0,0.0,1.0,143360.56,0.0
615.0,France,Male,29.54804401397705,5.0,0.0,2.0,1.0,0.0,159920.92,0.0
580.0,Germany,Female,36.0,3.0,74974.89,1.0,1.0,1.0,12099.67,0.0
487.0,Spain,Male,44.0,6.0,61691.45,1.0,1.0,1.0,53087.98,0.0
646.0,Germany,Female,35.0,1.0,121952.75,2.0,1.0,1.0,142839.82,0.0
811.0,France,Female,20.374604797363283,-5.1592200756072994,0.0,1.0,1.0,1.0,178.19,0.0
526.0,Spain,Male,35.0,5.0,0.0,2.0,1.0,1.0,105618.13999999998,0.0
767.0,Spain,Male,37.0,-6.002171850204467,7351.95361328125,1.1059073835611344,1.0,1.0,24734.25,0.0
548.0,France,Female,33.0,1.0,80107.83,2.0,0.0,1.0,82245.67,0.0
737.0,Spain,Female,45.0,2.0,0.0,2.0,0.0,1.0,177695.67,0.0
613.0,Germany,Male,40.0,-48.484793472290036,147856.82,3.0,0.0,0.0,107961.11000000002,0.0
711.0,Spain,Male,22.005489540100097,8.0,0.0,6.480366182327271,1.0,0.0,55207.41000000001,0.0
850.0,France,Female,53.0,-16.738687539100646,65407.16000000001,2.0,0.0,0.0,74283.9310546875,1.0
752.0,France,Female,53.0,-22.552361035346983,114233.17999999998,1.0,1.0,1.0,51587.04,0.0
710.0,France,Male,37.0,5.0,0.0,2.0,1.0,0.0,115403.31000000001,0.0
627.2271957397461,Spain,Female,53.0,7.0,37841.38974609375,1.0,1.0,0.0,186392.99,1.0
510.0,France,Female,22.0,3.0,156834.34,1.0,0.0,0.0,44374.44,0.0
308.21755599975586,France,Female,34.0,2.0,0.0,2.0,1.0,1.0,84033.35,0.0
529.0,France,Male,42.0,1.0,157498.9,1.0,1.0,1.0,82276.62,0.0
757.0,Spain,Female,44.0,-28.10540142059326,0.0,2.0,1.0,0.0,177528.92,0.0
691.0,France,Male,41.0,2.0,0.0,7.159907484054566,1.0,1.0,56850.92,0.0
621.0,Spain,Male,34.0,8.0,0.0,1.0,0.0,0.0,47972.65,0.0
709.0,Spain,Male,35.0,2.0,0.0,2.0,1.0,0.0,104982.38999999998,0.0
756.0,Spain,Male,19.0,4.0,130274.22,1.0,1.0,1.0,133535.29,0.0
119.66737670898438,France,Female,41.0,6.0,0.0,1.0,1.0,1.0,25571.37,0.0
705.0,France,Female,39.0,5.0,149379.66,2.0,1.0,0.0,96075.55,0.0
483.0,France,Male,29.0,9.0,0.0,1.0,1.0,1.0,81634.45,0.0
719.0,France,Male,35.0,1.0,100829.94,1.0,1.0,1.0,165008.97,0.0
793.0,Germany,Female,32.0,1.0,96408.98,1.0,1.0,1.0,138191.81,0.0
593.0,France,Male,41.0,6.0,28299.23203125,2.0,1.0,1.0,99136.49,0.0
551.0,France,Male,52.0,1.0,0.0,1.0,0.0,0.0,63584.55,1.0
690.0,France,Male,39.0,-20.94202365875244,0.0,2.0,1.0,0.0,160532.88,0.0
823.0,France,Male,71.0,5.0,149105.08,40.05374237298965,0.0,1.0,162683.06,0.0
512.0,Spain,Male,39.0,3.0,0.0,1.0,1.0,0.0,134878.19,0.0
802.0,Spain,Male,41.0,5.0,0.0,2.0,0.0,0.0,84377.3052734375,0.0
450.0,Spain,Female,34.0,2.0,0.0,2.0,1.0,0.0,175480.93,0.0
651.0,Germany,Male,41.0,1.0,90218.11,1.0,1.0,0.0,174337.68,0.0
697.0,France,Female,33.0,1.0,87347.7,1.0,1.0,0.0,172524.51,0.0
611.0,France,Male,28.0,2.0,0.0,2.0,0.0,0.0,25395.83,0.0
643.0,France,Female,33.0,0.0,137811.75,1.0,1.0,1.0,184856.89,0.0
822.0,France,Male,37.0,3.0,105563.0,1.0,1.0,0.0,182624.93,0.0
632.0,France,Male,38.0,4.0,0.0,2.0,0.0,0.0,192505.62,0.0
575.0,France,Female,26.0,7.0,0.0,2.0,1.0,0.0,112507.63,0.0
672.0,France,Male,31.0,6.0,91125.75,1.0,1.0,0.0,177295.92,0.0
517.0,Spain,Male,13.246947050094604,3.0,0.0,2.0,0.0,1.0,12465.51,0.0
621.0,Spain,Male,39.0,8.0,13330.36953125,2.0,1.0,0.0,36122.96,0.0
775.0,Germany,Female,-10.56855549812317,6.0,135120.56,1.0,1.0,0.0,37836.64,0.0
600.0,France,Male,29.0,8.0,0.0,2.0,0.0,1.0,34747.43,0.0
640.0,France,Male,28.0,7.0,27014.505859375,2.0,1.0,1.0,82077.53671875,0.0
752.0,France,Female,36.0,-23.457220840454102,86837.95,1.0,1.0,1.0,105280.55,0.0
613.0,Germany,Male,26.0,4.0,100446.57,1.0,0.0,1.0,149653.81,0.0
484.0,France,Female,32.0,3.0,0.0,2.0,1.0,1.0,139390.99,0.0
511.0,France,Female,33.0,3.0,0.0,2.0,1.0,0.0,132436.71,0.0
745.0,France,Female,32.0,2.0,0.0,4.0,0.0,1.0,179705.13,1.0
786.0,Spain,Female,32.0,6.0,114512.59,1.0,1.0,0.0,15796.66,0.0
727.0,France,Male,35.0,5.0,136364.46,1.0,0.0,0.0,142754.71,0.0
622.0,France,Male,31.0,5.0,106260.67,1.0,1.0,1.0,2578.43,0.0
794.0,France,Male,24.0,10.0,146126.75,1.0,1.0,1.0,88992.05,0.0
636.0,Spain,Male,52.0,4.0,111284.53,29.329106903076173,0.0,1.0,32936.44,0.0
741.0,France,Female,42.0,9.0,121056.63,20.80323338508606,1.0,0.0,39122.58,0.0
687.0,France,Male,34.0,5.0,47681.32421875,1.0,1.0,0.0,191092.62,0.0
660.0,Spain,Male,13.058343005180358,4.0,0.0,2.0,1.0,0.0,129149.06000000001,0.0
660.0,France,Male,35.0,7.0,0.0,2.0,1.0,0.0,13218.6,0.0
617.0,France,Female,21.940112113952637,7.0,0.0,1.0,1.0,1.0,160589.18,0.0
762.0,France,Female,32.0,10.0,191775.65,1.0,1.0,0.0,179657.83,0.0
752.0,Spain,Female,35.0,2.0,0.0,1.0,1.0,0.0,44335.54,1.0
561.0,Germany,Male,34.0,4.0,85141.79,2.0,1.0,1.0,29217.370000000003,1.0
609.0,France,Male,26.0,10.0,126392.17999999998,1.0,0.0,0.0,43651.49,0.0
803.0,France,Male,10.191278457641602,3.0,0.0,2.0,1.0,0.0,159654.0,0.0
556.0,France,Female,40.0,9.0,129860.37,1.0,1.0,0.0,17992.94,0.0
531.0,France,Female,53.0,5.0,127642.43999999999,1.0,1.0,0.0,141501.45,1.0
411.0,France,Female,35.0,2.0,0.0,2.0,1.0,1.0,93825.78,0.0
587.0,Germany,Male,44.0,5.0,125584.17,2.0,1.0,1.0,41852.24,1.0
360.4195266723633,Spain,Male,56.0,7.0,50911.21,3.0,0.0,0.0,97629.31,1.0
654.0,France,Male,29.0,2.0,91955.61,1.0,1.0,0.0,37065.66,0.0
670.0,Germany,Female,36.0,2.0,84266.44,2.0,0.0,0.0,38614.69,0.0
655.0,France,Female,36.0,2.0,147149.59,1.0,1.0,1.0,87816.86,0.0
752.0,France,Female,36.0,-32.32941370010376,0.0,2.0,1.0,0.0,184866.86,0.0
534.0,France,Female,23.0,5.0,104822.45,1.0,0.0,1.0,160176.47,0.0
635.0,Germany,Male,42.0,1.0,146766.72,2.0,0.0,1.0,164357.1,0.0
491.0,Germany,Male,70.0,6.0,22912.28916015625,2.0,0.0,1.0,61896.490234375,0.0
516.0,France,Male,27.0,9.0,0.0,1.0,1.0,0.0,142680.64,1.0
530.0,France,Female,48.0,0.0,0.0,1.0,1.0,0.0,85081.09,0.0
687.0,France,Male,35.0,3.0,0.0,19.778874778747557,1.0,1.0,176450.19,0.0
518.1807983398437,France,Female,41.0,6.0,135203.81,2.0,1.0,1.0,121967.88,0.0
706.0,Germany,Male,23.0,2.0,93301.97,2.0,0.0,1.0,127187.04,0.0
490.0,Germany,Female,33.0,5.0,96341.0,2.0,0.0,0.0,108313.34,0.0
431.9081665039063,France,Male,44.0,8.0,165326.2,1.0,1.0,1.0,57205.55,0.0
849.0,France,Male,27.0,0.0,40713.30859375,2.0,0.0,1.0,157891.86,0.0
779.0,France,Female,41.0,-19.739873504638673,99786.2,1.0,1.0,0.0,84039.51953125,0.0
794.0,Spain,Female,22.0,-38.17110922336578,114440.24000000002,33.240247344970705,1.0,1.0,107753.07000000002,0.0
748.0,Spain,Male,36.0,4.0,141573.55,1.0,1.0,0.0,82158.14,0.0
663.0,Spain,Female,22.0,9.0,0.0,1.0,1.0,0.0,29135.890000000003,1.0
645.0,Spain,Female,55.0,1.0,133676.65,1.0,0.0,1.0,17095.49,0.0
464.0,France,Female,33.0,10.0,147493.7,2.0,1.0,0.0,100447.53,0.0
737.0,France,Male,54.0,9.0,0.0,1.0,1.0,0.0,83470.4,1.0
590.0,France,Female,29.0,4.0,0.0,2.0,1.0,0.0,121846.81000000001,0.0
522.0,Germany,Female,37.0,3.0,95022.57,1.0,1.0,1.0,129107.59,0.0
648.0,France,Female,34.0,3.0,0.0,1.0,1.0,0.0,54726.43000000001,0.0
754.0,France,Male,27.70333786010742,6.0,0.0,1.0,1.0,1.0,116141.72,0.0
183.53445358276366,France,Male,18.051573944091796,-2.194532632827759,10956.501568603515,1.049675166606903,1.0,0.0,124872.42,1.0
648.0,Germany,Female,43.0,1.0,107963.38,1.0,0.0,0.0,186438.86,1.0
763.0,France,Male,40.0,3.0,36016.0078125,2.0,1.0,0.0,134281.11,0.0
790.0,Spain,Male,32.0,3.0,0.0,1.0,1.0,0.0,91044.47,0.0
581.0,France,Male,37.0,7.0,0.0,2.0,1.0,1.0,74320.75,0.0
703.0,France,Male,43.0,8.0,0.0,2.0,1.0,0.0,9704.66,1.0
571.0,France,Female,33.0,9.0,102017.25,2.0,0.0,0.0,128600.49000000002,0.0
657.0,Spain,Female,27.0,8.0,0.0,2.0,0.0,0.0,6468.24,0.0
737.0,France,Male,44.0,7.0,0.0,2.0,0.0,0.0,57898.58,0.0
793.0,Spain,Male,29.0,8.0,96674.55,2.0,0.0,0.0,82700.8015625,0.0
783.0,Spain,Female,45.261129188537595,3.0,39849.090625,1.0,1.0,0.0,164213.53,1.0
751.0,Spain,Male,33.0,4.0,79281.61,1.0,1.0,0.0,117547.75999999998,0.0
579.0,France,Male,31.0,6.0,0.0,-2.1735261201858522,1.0,0.0,26149.25,0.0
655.0,Germany,Female,36.0,10.0,122314.38999999998,1.0,1.0,0.0,9181.66,0.0
761.2681884765625,Germany,Male,43.0,-62.008154296875,140733.74,1.0,1.0,1.0,166588.76,1.0
678.0,Germany,Male,30.974755573272706,2.0,116933.11000000002,1.0,1.0,0.0,195053.58,1.0
562.0,Spain,Male,41.0,5.0,165445.04,2.0,1.0,0.0,85787.31,0.0
711.0,Spain,Female,53.0,5.0,123805.03,1.0,1.0,0.0,102428.51,0.0
620.0,France,Male,37.0,0.0,16284.9279296875,1.0,1.0,0.0,71175.94,0.0
437.0,France,Male,12.551151877641678,9.0,28168.204028320313,2.0,0.0,1.0,166440.32,0.0
75.81510772705079,France,Male,41.0,0.6946381717920304,2924.65615234375,1.5593569695949554,1.0,1.0,8470.1521484375,1.0
552.0,Spain,Female,34.0,4.0,0.0,2.0,1.0,0.0,140286.69,0.0
374.53572540283204,Germany,Male,34.0,5.0,86055.17,2.0,0.0,1.0,104220.5,0.0
707.0,Germany,Female,-26.155187797546386,10.0,98438.23,1.0,0.0,0.0,70778.63,1.0
764.0,Spain,Male,29.0,-5.591473805904388,0.0,2.0,1.0,0.0,65868.28,0.0
585.0,France,Female,32.0,8.0,144705.87,2.0,0.0,0.0,171482.56,0.0
784.0,France,Male,31.0,7.0,0.0,2.0,1.0,0.0,143204.41,0.0
135.02575759887696,France,Male,19.16389331817627,5.0,6599.888415527344,1.0,1.0,0.0,28427.840000000004,1.0
699.0,Spain,Male,40.0,2.0,0.0,1.0,1.0,0.0,78387.32,0.0
544.0,France,Female,40.0,7.0,0.0,1.0,0.0,1.0,161076.92,0.0
803.0,Spain,Female,14.492221450805664,9.0,192122.84,1.0,1.0,1.0,54277.45,1.0
735.0,France,Male,-25.24032597541809,7.0,179904.0,32.10994606018066,1.0,1.0,114267.36796875,0.0
673.0,France,Male,-10.406981277465821,0.0,178058.06,25.74883849620819,1.0,1.0,67924.35056152343,1.0
665.8029052734375,France,Male,-53.496076583862305,-66.13401947021484,176166.56,2.0,1.0,1.0,152210.81,0.0
694.0,France,Male,42.0,3.0,156864.2,2.0,0.0,0.0,88890.75,0.0
741.0,France,Female,44.0,-29.505618953704833,0.0,2.0,0.0,1.0,190534.76,0.0
590.0,Spain,Male,30.0,3.0,0.0,2.0,1.0,0.0,83090.35,0.0
809.0,Spain,Female,33.0,3.0,0.0,2.0,0.0,1.0,141426.78,0.0
523.0,France,Male,34.0,2.0,15905.3166015625,1.0,1.0,1.0,51358.66,0.0
540.0,France,Male,48.0,2.0,109349.29,1.0,1.0,0.0,88703.04,1.0
596.0,Spain,Female,29.0,6.0,0.0,2.0,1.0,0.0,67707.953125,0.0
597.0,France,Female,36.0,9.0,0.0,2.0,1.0,0.0,7156.089999999999,0.0
407.0,Spain,Male,37.0,1.0,0.0,1.0,1.0,1.0,49161.12,1.0
748.0,France,Male,60.0,0.0,152335.7,42.87504758834839,1.0,0.0,105491.9345703125,1.0
562.0,France,Female,51.0,1.0,124662.54,34.87634527683258,1.0,1.0,65390.46,0.0
734.0,France,Male,47.0,10.0,34940.951171875,2.0,1.0,1.0,138835.91,0.0
710.0,France,Male,45.0,1.0,0.0,2.0,1.0,1.0,36154.66,0.0
539.0,Spain,Female,39.0,6.0,62052.280000000006,1.0,0.0,0.0,59755.14,0.0
542.0,France,Male,32.0,7.0,107871.72,1.0,0.0,0.0,125302.63999999998,0.0
717.0,France,Male,36.0,2.0,99472.76,2.0,1.0,0.0,94274.72,1.0
436.268212890625,Spain,Female,50.0,10.0,128039.00999999998,1.0,1.0,1.0,102260.16,0.0
515.0,France,Male,33.0,2.0,0.0,2.0,1.0,1.0,136028.97,0.0
526.0,Spain,Female,33.0,8.0,114634.63,2.0,1.0,0.0,110114.38,1.0
702.0,France,Male,26.0,5.0,56738.469999999994,2.0,1.0,1.0,100442.22,1.0
651.0,Germany,Male,34.0,2.0,90355.12,7.772203350067139,0.0,0.0,193597.94,0.0
792.0,Germany,Male,36.0,5.0,115725.24000000002,2.0,0.0,0.0,1871.25,0.0
817.0,Germany,Male,58.0,3.0,114327.59,26.677678298950195,1.0,0.0,83328.23125,0.0
674.0,Germany,Female,36.0,6.0,100762.64,1.0,1.0,0.0,182156.86,0.0
641.0,France,Female,37.07360521554947,9.0,0.0,1.0,0.0,0.0,151648.66,1.0
513.0,Spain,Male,9.19374475479126,7.0,89039.9,22.51314549446106,0.0,1.0,146738.83,0.0
561.0,France,Male,34.0,1.0,78829.53,1.0,1.0,1.0,12148.2,0.0
627.0,Germany,Male,30.0,6.0,112372.96,1.0,1.0,1.0,118029.09,0.0
682.0,Germany,Male,-21.331403160095213,6.0,122029.15,1.0,1.0,1.0,50783.88,0.0
683.0,France,Female,29.0,0.0,157829.12,1.0,0.0,0.0,129891.66,0.0
420.0,Germany,Female,31.0,1.0,108377.75,2.0,1.0,1.0,9904.63,0.0
670.0,France,Female,-0.018367791175842287,2.0,95507.12,1.0,1.0,1.0,63213.31,0.0
505.0,Germany,Male,43.0,6.0,127146.67999999998,1.0,0.0,0.0,137565.87,0.0
580.0,Germany,Male,24.0,1.0,133811.78,1.0,1.0,0.0,17185.95,1.0
577.0,France,Male,36.0,3.0,121092.47,2.0,0.0,1.0,73896.886328125,0.0
773.0,Germany,Male,34.0,10.0,126979.75,1.0,0.0,0.0,36823.28,0.0
616.0,France,Male,37.0,5.0,144235.73,2.0,0.0,0.0,154957.66,1.0
763.0,France,Female,38.0,0.0,152582.2,45.36891407966614,0.0,0.0,31892.82,0.0
408.70559921264646,Spain,Male,21.89275207519531,-27.470137071609496,25372.526861572267,12.007360672950744,1.0,0.0,191084.4,1.0
592.0,France,Male,36.0,1.0,126477.42,1.0,0.0,0.0,179718.17,0.0
604.183447265625,Spain,Male,-0.014667320251464843,7.0,97473.87,10.703222036361694,1.0,1.0,159823.16,0.0
630.0,France,Male,-19.220080375671387,5.0,138053.67,1.0,0.0,1.0,114110.97,0.0
295.37231826782227,France,Female,31.0,2.0,164003.05,2.0,1.0,1.0,60993.23,0.0
546.0,France,Female,47.0,8.0,0.0,1.0,1.0,1.0,66408.01,1.0
753.0,France,Female,62.0,6.0,0.0,2.0,1.0,1.0,83513.159375,0.0
772.0,Spain,Female,39.0,4.0,122486.11000000002,2.0,1.0,1.0,81436.68125,0.0
567.0,France,Male,36.0,-3.426870036125183,0.0,2.0,0.0,0.0,8555.73,0.0
628.0,Germany,Female,45.0,6.0,53667.44,1.0,1.0,0.0,115022.93999999999,0.0
658.0,France,Male,20.0,7.0,0.0,2.0,0.0,0.0,187638.34,0.0
679.0,Spain,Male,58.0,9.0,109327.65,20.915522575378418,0.0,1.0,3829.13,0.0
629.0,Spain,Male,34.0,1.0,121151.05,1.0,0.0,0.0,119357.92999999998,0.0
731.0,Spain,Male,42.0,9.0,46905.14140625,11.335742521286011,1.0,1.0,192175.52,0.0
775.0,Germany,Male,33.0,3.0,83501.66,2.0,1.0,0.0,128841.31000000001,0.0
660.0,Spain,Male,33.0,2.0,80462.24,1.0,0.0,0.0,150422.35,0.0
752.0,France,Male,39.0,-21.022787857055665,0.0,1.0,1.0,0.0,188187.05,0.0
655.0,France,Male,37.0,6.0,109093.41,2.0,0.0,0.0,1775.52,0.0
543.0,Spain,Female,46.0,5.0,140355.6,21.87651119232178,1.0,1.0,85086.78,0.0
811.0,France,Male,42.0,10.0,0.0,2.0,1.0,1.0,60581.7689453125,0.0
689.0,Germany,Male,45.0,0.0,130170.82000000002,2.0,1.0,0.0,150856.38,0.0
531.0,France,Female,42.0,2.0,0.0,2.0,0.0,1.0,90537.47,0.0
515.0,France,Male,40.0,0.0,109542.29,20.677613544464112,1.0,1.0,166370.81,0.0
466.0,France,Female,41.0,3.0,33563.95,2.0,1.0,0.0,178994.13,1.0
782.0,France,Male,36.0,1.0,45944.315625,2.0,1.0,0.0,195681.43,0.0
611.0,France,Male,64.0,-9.48683441877365,0.0,2.0,1.0,1.0,53277.15,0.0
584.5516967773438,Germany,Male,40.0,-56.10959968566895,174126.75,3.0,1.0,0.0,172490.78,1.0
604.0,Spain,Male,41.0,3.0,0.0,1.0,0.0,0.0,11819.84,0.0
655.0,Spain,Male,35.0,1.0,106405.03,1.0,1.0,1.0,82900.25,1.0
190.35270080566406,France,Male,38.0,2.0,10634.38125,1.0,1.0,1.0,82709.8,0.0
681.0,Spain,Male,30.0,2.0,40706.685546875,1.0,1.0,1.0,180593.45,0.0
643.0,Germany,Male,41.0,2.0,127841.51999999999,23.36053352355957,1.0,0.0,93635.8109375,0.0
617.0,France,Female,24.0,4.0,137295.19,2.0,1.0,1.0,91195.12,0.0
638.0,Spain,Female,55.0,2.0,155828.22,1.0,0.0,1.0,108987.25,1.0
743.0,France,Male,39.0,6.0,0.0,2.0,1.0,0.0,44265.28,0.0
828.0,Germany,Female,25.0,7.0,144351.86,1.0,1.0,0.0,116613.25999999998,0.0
776.0,Spain,Female,35.0,8.0,106365.29,37.23617687225342,1.0,1.0,148527.56,1.0
540.0,Germany,Male,35.0,7.0,127801.88,1.0,0.0,1.0,84239.46,0.0
616.0,Germany,Female,45.0,4.0,122793.96,1.0,1.0,1.0,62002.04,0.0
628.0,Germany,Male,38.0,10.0,113525.84,1.0,1.0,0.0,46044.48,1.0
602.5147338867188,France,Female,23.0,6.0,136100.69,2.0,0.0,0.0,169669.33,1.0
615.0,France,Male,30.0,7.0,0.0,2.0,1.0,1.0,156346.84,0.0
543.0,France,Male,30.0,4.0,140916.81,1.0,1.0,0.0,157711.18,0.0
553.0,France,Female,31.0,4.0,0.0,2.0,1.0,1.0,89087.4,0.0
554.0,Germany,Male,26.0,4.0,121365.38999999998,1.0,1.0,1.0,8742.36,0.0
684.0,Spain,Female,36.0,4.0,0.0,1.0,1.0,0.0,117038.96,0.0
452.0,France,Female,35.0,7.0,0.0,2.0,1.0,0.0,164241.67,0.0
606.0,France,Male,0.12311768531799316,3.0,93578.68,2.0,0.0,1.0,137720.56,1.0
629.0,France,Male,40.0,9.0,0.0,1.0,1.0,0.0,106.67,0.0
659.0,Spain,Female,33.0,8.0,115409.6,25.07967903614044,0.0,1.0,1539.21,0.0
493.0,France,Female,33.0,8.0,90791.69,1.0,1.0,1.0,59659.530000000006,0.0
39.97193222045898,France,Female,15.76447353363037,2.3542720317840575,433.31476440429685,0.8852600574493408,1.0,0.0,1124.2986328125,1.0
554.0,France,Female,44.0,6.0,92436.86,1.0,1.0,0.0,126033.9,0.0
796.0,France,Female,52.0,9.0,38955.729296875,1.9103096723556519,1.0,1.0,116853.8,1.0
548.6187194824219,France,Female,36.0,4.0,0.0,2.0,0.0,1.0,147007.33,0.0
500.0,Germany,Male,44.0,9.0,160838.13,2.0,1.0,0.0,196261.64,0.0
722.0,Spain,Male,43.0,1.0,0.0,1.0,1.0,0.0,44560.17,1.0
559.0,Spain,Female,40.0,-21.2881272315979,144470.77,1.0,1.0,1.0,18917.95,0.0
584.0,Spain,Female,38.0,3.0,0.0,2.0,1.0,1.0,4525.4,0.0
834.0,Germany,Female,68.0,-55.041708850860594,130169.26999999999,2.0,0.0,1.0,93112.2,0.0
754.0,Spain,Male,35.0,0.39360460042953493,0.0,1.5324687778949737,1.0,1.0,9658.41,0.0
382.2488426208496,France,Male,43.0,7.0,25788.511840820312,10.312671780586243,1.0,1.0,182627.25,1.0
740.0,France,Male,36.0,7.0,0.0,1.0,1.0,0.0,13177.4,0.0
502.0,Germany,Female,57.0,3.0,101465.31,1.0,1.0,0.0,43568.31,1.0
733.0,France,Male,48.0,5.0,0.0,1.0,0.0,1.0,117830.57000000002,0.0
755.0,Germany,Female,37.0,0.0,113865.23000000001,2.0,1.0,1.0,81223.27578125,0.0
554.0,Spain,Male,26.836648559570314,7.0,17968.730249023436,3.0,0.0,1.0,48202.344946289064,1.0
534.0,France,Male,36.0,4.0,120037.96,1.0,1.0,0.0,36275.94,0.0
656.0,Spain,Male,33.0,4.0,0.0,2.0,1.0,0.0,116706.0,0.0
575.0,France,Male,16.550371837615966,7.0,16509.326318359374,4.0,1.0,1.0,46864.96889648437,1.0
480.0,Spain,Male,47.0,8.0,75408.33,3.565090370178223,1.0,0.0,25887.89,1.0
575.0,France,Male,15.979581022262574,5.0,0.0,2.0,1.0,1.0,122488.59,0.0
672.0,France,Female,40.0,3.0,0.0,1.0,1.0,0.0,113171.61000000002,1.0
758.0,Spain,Female,35.0,5.0,0.0,2.0,0.0,0.0,100365.51,0.0
682.0,France,Male,50.0,-29.14905571937561,121818.84,2.0,0.0,1.0,124151.37,0.0
501.0,France,Female,29.0,8.0,0.0,2.0,1.0,0.0,112664.24000000002,0.0
609.1467781066895,Germany,Male,34.0,-16.06963427066803,38531.06025390625,2.0,1.0,1.0,183494.87,0.0
556.0,France,Male,51.0,8.0,61354.14,1.0,1.0,0.0,198810.65,1.0
823.0,Germany,Female,53.0,4.0,124954.93999999999,1.0,0.0,1.0,131259.6,1.0
491.0,Germany,Female,68.0,1.0,95039.12,21.265364122390746,0.0,1.0,116471.13999999998,1.0
638.0,Spain,Female,29.0,9.0,103417.74,1.0,1.0,1.0,73514.03671875,0.0
734.0,France,Male,45.0,2.0,0.0,2.0,1.0,0.0,99593.28,0.0
555.0,France,Male,40.0,10.0,43028.77,1.0,1.0,0.0,170514.21,0.0
745.0,Germany,Female,44.0,0.0,119638.21,1.0,1.0,1.0,34265.08,0.0
728.0,France,Female,37.0,3.0,122689.50999999998,2.0,0.0,0.0,106977.53,1.0
626.0,France,Male,44.0,10.0,0.0,2.0,0.0,0.0,164287.86,0.0
681.0,Germany,Male,37.0,8.0,73179.34,2.0,1.0,1.0,25292.53,0.0
478.0,France,Female,38.0,4.0,171913.87,1.0,1.0,0.0,51820.87,1.0
709.0,France,Male,38.0,5.0,0.0,2.0,1.0,1.0,81452.29,0.0
562.0,Germany,Male,33.0,8.0,92659.2,2.0,1.0,0.0,1354.25,0.0
769.0,Germany,Female,34.0,7.0,137239.17,31.06230583190918,1.0,1.0,71379.92,1.0
684.0,Germany,Female,46.0,3.0,102955.14,2.0,1.0,0.0,154137.33,0.0
536.0,France,Female,61.0,8.0,65190.29,1.0,1.0,1.0,64308.490000000005,1.0
631.0,Germany,Female,29.0,2.0,96863.52,2.0,1.0,1.0,31613.35,0.0
657.0,Spain,Male,-29.997014617919923,5.0,154983.98,1.0,1.0,0.0,27738.01,0.0
699.0,Germany,Male,59.0,3.0,106819.65,1.0,0.0,1.0,163570.25,0.0
606.0,France,Male,38.0,7.0,57491.1859375,1.0,1.0,1.0,193878.51,0.0
612.0,France,Female,63.0,2.0,126473.33,1.0,0.0,1.0,147545.65,0.0
660.0,France,Female,38.0,-52.42966115474701,110570.78,2.0,1.0,0.0,195906.59,0.0
829.0,Spain,Male,50.0,-35.776594161987305,0.0,2.0,1.0,1.0,178458.86,0.0
567.0,Spain,Male,29.0,8.0,0.0,2.0,1.0,0.0,156125.72,0.0
850.0,France,Female,33.0,3.0,0.0,2.0,1.0,1.0,11159.19,0.0
712.0,Spain,Female,44.0,2.0,0.0,2.0,0.0,0.0,45738.94,0.0
562.0,France,Male,30.0,3.0,111099.79,2.0,0.0,0.0,140650.19,0.0
755.0,France,Female,29.0,3.0,0.0,3.0,1.0,0.0,4733.94,0.0
793.0,Spain,Male,25.0,3.0,100913.57,1.0,0.0,0.0,10579.72,0.0
471.0,Spain,Male,33.08266372680664,8.0,0.0,2.0,1.0,0.0,179655.87,0.0
257.20605316162107,France,Male,42.0,2.0,16893.59,1.0,1.0,1.0,77502.56,0.0
784.0,Spain,Male,38.0,10.0,26993.01875,3.0013845205307006,0.0,0.0,86416.130859375,0.0
703.0,France,Male,32.0,1.0,125685.79,1.0,1.0,1.0,90469.6671875,0.0
704.0,France,Male,36.0,8.0,127397.34,19.599767684936523,1.0,0.0,151335.24,0.0
662.0,France,Male,38.0,0.0,105271.56000000001,1.0,0.0,1.0,179833.45,0.0
636.0,Germany,Female,28.0,2.0,115265.13999999998,1.0,0.0,0.0,191627.85,0.0
640.0,Spain,Male,36.0,4.0,0.0,1.0,0.0,0.0,173016.46,0.0
739.0,Spain,Male,28.68227596282959,1.0,32115.0828125,-1.2349258422851563,1.0,1.0,93784.6453125,0.0
767.0,Germany,Male,23.0,2.0,139542.82,1.0,0.0,1.0,28038.28,0.0
753.0,Germany,Female,46.0,3.0,41588.66015625,3.0,1.0,0.0,159576.75,1.0
646.7913146972656,France,Male,37.0,9.0,148466.93,2.0,0.0,1.0,151280.96,0.0
707.0,France,Male,29.0,4.0,0.0,2.0,1.0,0.0,139953.94,0.0
577.0,France,Female,35.0,4.0,108155.49000000002,1.0,1.0,0.0,105407.79,0.0
633.0,France,Female,42.0,1.0,0.0,2.0,1.0,0.0,56865.62000000001,0.0
87.38682861328125,Germany,Male,41.0,10.0,3963.006640625,-0.014008814096450805,1.0,1.0,11454.9150390625,1.0
614.0,Spain,Female,41.0,-53.36484031677246,146997.64,2.0,0.0,0.0,137791.18,0.0
558.0,France,Female,47.0,9.0,0.0,2.0,1.0,0.0,103787.28,0.0
832.0,France,Female,27.0,10.0,98590.25,1.0,1.0,0.0,30912.890000000003,0.0
567.0,France,Female,26.0,2.0,0.0,2.0,1.0,1.0,78651.55,0.0
472.38446655273435,Germany,Female,8.206889200210572,8.0,134980.74,1.0,1.0,1.0,123309.57000000002,1.0
479.0732551574707,Spain,Female,79.0,5.0,32710.22725830078,-5.31119829416275,1.0,0.0,174118.93,0.0
655.0,Spain,Female,29.0,9.0,0.0,2.0,0.0,1.0,85736.26,0.0
641.0,France,Female,42.0,6.0,0.0,2.0,0.0,0.0,121138.76999999999,0.0
676.0,France,Male,35.0,5.0,106836.67,2.0,1.0,0.0,84199.78,0.0
472.0,France,Male,29.0,8.0,102490.27,1.0,0.0,1.0,181224.56,0.0
644.0,Germany,Male,34.0,9.0,112746.54,31.325165939331054,0.0,0.0,141230.07,0.0
598.0,France,Male,38.0,0.0,125487.88999999998,1.0,0.0,0.0,158111.71,0.0
488.8183227539063,Spain,Female,25.0,8.0,142862.21,1.0,0.0,1.0,130639.00999999998,0.0
99.85682601928711,France,Female,37.0,7.0,0.0,2.0,1.0,0.0,17040.82,0.0
616.0,France,Male,34.0,10.0,0.0,2.0,1.0,0.0,25662.27,0.0
743.0,Spain,Male,13.940191650390625,6.0,79388.33,1.0,1.0,1.0,64410.40078125,0.0
427.0,France,Male,23.641411781311035,5.0,0.0,2.0,1.0,1.0,121485.1,0.0
731.0,France,Male,29.0,10.0,0.0,2.0,1.0,1.0,162452.65,1.0
524.140828704834,France,Female,31.0,6.0,107784.65,1.0,1.0,1.0,141137.53,0.0
724.0,Spain,Male,29.708645629882813,4.0,37401.68828125,3.0,0.0,0.0,185541.2,1.0
653.0,Spain,Female,38.0,9.0,149571.94,1.0,1.0,0.0,118383.17999999998,0.0
774.0,France,Male,49.0,1.0,142767.39,1.0,0.0,1.0,8214.41,0.0
547.0,Germany,Male,49.0,8.0,121537.71,2.0,0.0,0.0,65422.678125,1.0
719.0,Spain,Male,50.0,2.0,0.0,2.0,0.0,0.0,10772.13,0.0
740.0,Spain,Male,27.841807460784914,-18.754146146774293,0.0,1.0,1.0,0.0,199290.68,1.0
543.0,France,Male,42.0,-39.079382514953615,89838.71,3.0,1.0,0.0,63692.92421875,1.0
456.6458770751953,Germany,Male,45.0,9.0,103399.87,1.0,0.0,0.0,129870.92999999998,0.0
474.0,France,Female,30.0,9.0,0.0,2.0,0.0,0.0,63158.219999999994,0.0
505.0,Germany,Male,43.0,5.0,136855.94,2.0,1.0,0.0,171070.52,0.0
688.0,France,Female,39.0,0.0,0.0,2.0,1.0,0.0,53222.15,1.0
650.0,France,Male,55.0,-29.032637977600096,42381.446875,3.0,1.0,0.0,179834.45,1.0
610.0,France,Male,37.0,0.0,0.0,1.0,1.0,0.0,114514.63999999998,0.0
705.0,Spain,Female,46.0,-36.19575958251953,89364.91,1.0,0.0,1.0,75925.28828125,0.0
669.0,France,Female,29.0,7.0,146011.4,1.0,0.0,0.0,50249.16,0.0
650.0,Spain,Male,13.419112491607667,8.0,26303.05078125,2.0,1.0,1.0,113469.65,0.0
550.0,Germany,Male,29.0,-45.90900764465332,145294.08,2.0,1.0,0.0,101064.7609375,0.0
595.0,Germany,Female,45.0,9.0,106000.12,1.0,0.0,0.0,191448.96,1.0
572.0,Spain,Female,26.0,5.0,0.0,2.0,1.0,0.0,119381.41,1.0
622.0,Spain,Female,58.0,2.0,13161.283203125,2.0,1.0,1.0,33277.31,0.0
662.0,Spain,Male,20.0,-25.191122245788574,104508.77,2.0,0.0,0.0,73107.53,0.0
783.0,Germany,Male,58.0,-61.33329849243164,127539.3,1.0,1.0,1.0,96590.39,1.0
714.0,Spain,Male,44.0,7.0,0.0,1.0,0.0,1.0,6923.109999999999,0.0
671.0,Germany,Male,51.0,3.0,96891.46,12.039126920700074,0.0,0.0,59897.926171875,1.0
600.0,France,Female,32.0,1.0,78535.25,1.0,1.0,0.0,64349.6,0.0
847.0,Spain,Female,37.0,9.0,112712.17,1.0,1.0,0.0,116097.25999999998,0.0
650.0,Spain,Male,13.017189216613769,9.0,14091.08662109375,1.0,1.0,1.0,29861.129999999997,0.0
710.0,Spain,Female,17.19144926071167,6.0,0.0,1.0,1.0,0.0,48426.98,0.0
682.0,France,Female,33.0,8.0,10599.4005859375,1.0,1.0,1.0,32770.56,0.0
642.0,France,Male,26.0,1.0,138023.79,2.0,0.0,1.0,117060.2,0.0
536.0,Spain,Female,28.0,4.0,0.0,1.0,1.0,1.0,136197.65,0.0
754.0,France,Female,47.0,1.0,27443.9384765625,1.0,1.0,0.0,76901.70275878906,0.0
678.0,France,Male,60.0,8.0,185648.56,1.0,0.0,0.0,192156.54,0.0
533.0,Germany,Female,49.0,1.0,102286.6,3.0,1.0,0.0,69409.37,1.0
741.0,Germany,Male,38.0,4.0,128015.83,1.0,1.0,0.0,58440.43000000001,0.0
757.0,France,Male,31.0,10.0,39539.39,2.0,0.0,0.0,192519.39,1.0
721.0,France,Male,40.0,3.0,0.0,1.0,1.0,1.0,144874.67,0.0
700.0,France,Male,37.0,3.0,77608.46,23.12871856689453,1.0,1.0,175373.46,0.0
663.0,France,Male,26.0,5.0,141462.13,1.0,1.0,0.0,440.2,0.0
677.0,Spain,Female,35.0,0.0,0.0,2.0,0.0,0.0,76637.38,0.0
655.0,France,Male,27.0,2.0,131691.33,1.0,1.0,0.0,49480.66,0.0
832.0,Spain,Male,29.0,8.0,93833.86,20.239338684082032,0.0,1.0,84889.21953125,0.0
721.0,Spain,Male,46.0,7.0,19735.623046875,1.0,0.0,1.0,67976.57,0.0
542.0,Spain,Male,54.0,-21.387196636199953,31367.16796875,1.0,1.0,0.0,140929.98,1.0
654.0,Spain,Female,54.0,5.0,0.0,2.0,0.0,1.0,47139.06,0.0
585.5675659179688,France,Female,20.515052223205565,-11.580262470245362,34763.9953125,2.0,0.0,1.0,126241.4,1.0
508.0,France,Female,38.0,3.0,166328.65,2.0,0.0,1.0,22614.19,0.0
588.0,Germany,Female,42.0,2.0,164307.77,1.0,0.0,0.0,48498.19,0.0
394.46593017578124,Germany,Male,38.0,9.0,163965.69,2.0,0.0,1.0,103511.26,0.0
664.0,France,Male,40.0,7.0,125608.72,1.0,1.0,0.0,122073.48000000001,0.0
439.0,France,Female,66.0,9.0,0.0,1.0,1.0,0.0,65535.56,0.0
479.0,Spain,Male,37.0,6.0,118433.93999999999,1.0,0.0,0.0,160060.9,0.0
850.0,France,Female,55.0,-41.78210444450379,98488.08,1.0,0.0,0.0,155879.57,1.0
518.0,France,Male,7.126985645294189,4.0,0.0,2.0,0.0,1.0,194416.58,0.0
717.0,France,Female,64.0,10.0,13205.37470703125,2.0,1.0,0.0,21630.21,0.0
433.9203842163086,France,Female,51.0,-53.18082585334778,144237.91,-1.500608789920807,0.0,0.0,157143.61,1.0
850.0,France,Male,34.0,6.0,0.0,1.0,0.0,1.0,52796.31,1.0
700.0,Spain,Male,47.0,4.0,0.0,1.0,1.0,0.0,121798.51999999999,1.0
626.0,France,Female,29.0,4.0,105767.28,2.0,0.0,0.0,41104.82,0.0
774.0,Spain,Male,32.0,9.0,4233.734326171875,2.0,1.0,0.0,10604.48,0.0
719.0,Spain,Female,48.0,5.0,0.0,2.0,0.0,0.0,78563.66,1.0
646.0,Spain,Male,31.0,-12.135060846805573,0.0,1.0,1.0,1.0,49622.64541015625,1.0
485.0,France,Female,25.0,3.0,134467.26,1.0,1.0,1.0,113266.09,0.0
784.0,Germany,Male,38.0,1.0,138515.02,1.0,1.0,0.0,171768.76,0.0
850.0,Germany,Male,32.0,2.0,128647.98000000001,2.0,0.0,0.0,54416.18000000001,0.0
669.0,France,Male,38.0,9.0,121858.98000000001,1.0,1.0,0.0,130755.34,0.0
731.0,France,Male,70.0,3.0,0.0,5.8463586330413815,1.0,0.0,35125.2494140625,0.0
721.0,France,Male,49.0,1.0,120108.56000000001,1.0,1.0,1.0,183421.76,0.0
515.0,France,Female,37.0,0.0,196853.62,1.0,1.0,1.0,132770.11,0.0
774.0,France,Female,35.0,3.0,121418.62,1.0,1.0,1.0,24400.37,0.0
585.0,Spain,Male,-2.0386886596679688,10.0,0.0,2.0,1.0,0.0,180318.6,0.0
695.0,France,Female,29.0,9.0,0.0,2.0,1.0,0.0,111565.45,0.0
729.0,Germany,Female,42.0,4.0,97495.8,2.0,0.0,0.0,2002.5,0.0
713.0,France,Female,42.0,3.0,0.0,2.0,0.0,0.0,82565.01,0.0
555.0,France,Male,33.0,5.0,127343.4,1.0,0.0,1.0,121789.3,0.0
699.0,France,Female,50.0,0.0,158633.61,47.48342361450195,1.0,0.0,193785.87,0.0
587.0,France,Male,55.0,9.0,0.0,1.0,1.0,0.0,64593.06999999999,0.0
629.9831161499023,Spain,Male,69.0,-83.64206451177597,183744.98,18.148516917228697,0.0,1.0,196993.69,0.0
510.0,France,Male,44.0,6.0,0.0,2.0,0.0,1.0,175518.31,0.0
842.0,Spain,Male,46.0,9.0,0.0,1.0,0.0,0.0,17268.02,0.0
608.0,France,Male,31.0,7.0,79962.92,2.0,1.0,0.0,60901.719999999994,0.0
850.0,France,Female,36.0,10.0,0.0,2.0,1.0,1.0,100750.03,0.0
642.0,France,Male,36.0,4.0,0.0,2.0,1.0,1.0,195224.91,0.0
850.0,France,Female,9.71490936279297,7.0,140956.99,1.0,0.0,0.0,3510.1799999999994,0.0
455.0,Spain,Male,43.0,6.0,0.0,1.0,1.0,1.0,81250.79,0.0
726.0,France,Male,29.0,7.0,0.0,2.0,1.0,1.0,91844.14,1.0
544.0,Spain,Female,30.0,8.0,145241.63,1.0,1.0,1.0,80676.83,1.0
651.0,Germany,Male,31.0,-22.282703018188478,30490.400390625,2.0,1.0,0.0,129912.74000000002,0.0
814.0,France,Female,31.0,4.0,0.0,2.0,1.0,1.0,142029.17,0.0
537.0,France,Male,39.0,2.0,0.0,2.0,1.0,1.0,137651.6,0.0
553.0,France,Male,37.0,2.0,0.0,2.0,1.0,0.0,33877.29,0.0
281.5694404602051,Spain,Male,38.0,9.0,0.0,1.0,1.0,0.0,78744.39,0.0
791.0,France,Male,27.287632751464844,7.0,0.0,2.0,1.0,0.0,96734.46,0.0
699.0,Spain,Male,29.0,-37.63282403945923,127570.92999999998,47.64707508087158,1.0,0.0,164756.81,0.0
756.0,France,Female,28.0,6.0,0.0,1.0,1.0,1.0,164394.65,0.0
591.0,France,Female,27.0,5.0,107812.67,1.0,0.0,1.0,162501.83,1.0
850.0,Germany,Male,22.0,7.0,91560.58,2.0,0.0,0.0,10541.38,0.0
270.49383544921875,Germany,Male,34.0,6.0,121303.76999999999,2.0,1.0,1.0,59325.21,0.0
783.2028442382813,Spain,Male,-8.639250946044921,-64.27396304607392,161546.68,2.0,0.0,0.0,178187.28,0.0
661.0,Spain,Female,35.0,5.0,128415.45,1.0,1.0,0.0,142626.49,0.0
670.0895378112793,France,Female,31.0,-17.858753037452697,38149.20759277344,1.0,1.0,1.0,181893.31,1.0
694.0,France,Male,38.0,1.0,0.0,2.0,0.0,1.0,156858.2,0.0
728.0,France,Female,28.0,4.0,142243.54,2.0,1.0,0.0,33074.51,0.0
764.0,Germany,Female,39.0,9.0,138341.51,1.0,1.0,0.0,50072.94,0.0
639.0,France,Male,32.0,9.0,0.0,2.0,1.0,0.0,111340.36000000002,0.0
293.0901412963867,France,Female,21.010335159301757,2.0,0.0,2.0,0.0,1.0,100496.84,1.0
663.0,Spain,Male,29.561419582366945,4.0,0.0,3.0,1.0,0.0,69684.20078125,0.0
826.0,Spain,Male,41.0,-50.9567756652832,146466.46,2.0,0.0,0.0,180934.67,0.0
365.98036499023436,Spain,Male,36.0,-0.3693671941757202,0.0,2.0,1.0,0.0,105152.17,0.0
682.0,France,Female,58.0,1.0,0.0,1.0,1.0,1.0,706.5,0.0
663.0,France,Female,39.0,8.0,0.0,2.0,1.0,1.0,59184.2853515625,1.0
562.0,Spain,Female,29.0,9.0,120307.58,1.0,1.0,1.0,6795.609999999999,0.0
696.0,France,Male,27.0,4.0,87637.26,2.0,0.0,0.0,196111.35,0.0
850.0,Spain,Male,38.0,2.0,94652.04,1.0,1.0,1.0,86049.34375,1.0
719.0,France,Female,22.0,7.0,114415.84,1.0,1.0,1.0,177497.4,0.0
804.0,France,Female,71.0,8.0,37157.336328125,3.261314868927002,0.0,1.0,147995.96,0.0
604.0,France,Male,40.0,1.0,84315.02,1.0,0.0,0.0,36209.1,0.0
782.0,Spain,Female,27.0,3.0,0.0,2.0,1.0,0.0,143614.01,0.0
512.0,Germany,Male,42.0,9.0,4231.65947265625,2.0,1.0,0.0,14828.540000000003,1.0
569.0,France,Male,36.0,1.0,67087.69,1.0,1.0,0.0,154775.7,0.0
597.0,Germany,Female,22.0,6.0,101528.61,1.0,1.0,0.0,70529.0,1.0
361.5964782714844,Germany,Male,30.0,1.0,110824.51999999999,1.0,1.0,1.0,57896.27,0.0
430.0,France,Female,33.0,8.0,0.0,1.0,1.0,1.0,69759.91,0.0
756.0,France,Male,28.0,8.0,179960.2,1.0,1.0,0.0,89938.08,0.0
493.0,France,Male,38.0,3.0,134006.77,1.0,1.0,0.0,89578.32,0.0
777.0,Germany,Female,37.0,10.0,121532.17,2.0,1.0,0.0,73464.88,0.0
779.0,Spain,Female,38.0,7.0,17837.626342773438,2.0,1.0,0.0,51578.968505859375,0.0
407.1074737548828,Spain,Female,38.0,2.0,0.0,1.0,1.0,1.0,161888.63,0.0
551.0,France,Male,35.0,7.0,129717.3,2.0,0.0,0.0,86937.2,0.0
749.0,Germany,Male,22.0,4.0,94762.16,2.0,1.0,1.0,42241.54,0.0
513.5712280273438,Germany,Male,55.0,5.0,34004.09375,1.0,0.0,1.0,121207.66,1.0
752.0,Germany,Male,29.0,-51.23174068927765,129514.99000000002,1.0,1.0,1.0,102930.46,0.0
324.7941375732422,Spain,Female,57.0,-13.07216191291809,113386.36000000002,2.0,1.0,1.0,63729.16640625,1.0
576.0,France,Male,24.0,3.0,0.0,1.0,0.0,0.0,78498.04,1.0
637.0,Spain,Male,43.0,-58.725616455078125,172196.23,1.0,1.0,1.0,104769.96,0.0
724.0,France,Male,28.0,5.0,97612.12,1.0,1.0,1.0,96498.14,0.0
685.0,France,Male,20.0,4.0,104719.94,2.0,1.0,0.0,38691.34,0.0
625.0,France,Female,38.0,7.0,0.0,1.0,1.0,0.0,164804.02,0.0
74.94699249267578,France,Male,37.0,9.0,3175.385693359375,2.2692419193685054,1.0,0.0,9093.792944335937,1.0
584.0,Spain,Female,29.0,4.0,0.0,2.0,1.0,0.0,88866.92,0.0
550.0,France,Female,22.0,7.0,139096.85,1.0,1.0,0.0,129890.93999999999,0.0
518.3410659790039,France,Female,72.0,7.0,31171.51123046875,1.0,1.0,1.0,179258.67,0.0
803.0,Spain,Male,43.0,3.0,14956.81153564453,1.0,1.0,0.0,72051.44,0.0
615.0,France,Male,66.0,7.0,0.0,2.0,1.0,1.0,74580.8,0.0
481.0,Spain,Male,39.0,1.0,111233.09,-1.5045012712478638,1.0,1.0,123995.15,0.0
701.0,France,Male,23.0,3.0,0.0,2.0,1.0,0.0,38960.59,0.0
751.0,France,Male,29.0,10.0,147737.63,1.0,0.0,0.0,94951.27,0.0
675.0,France,Male,35.0,8.0,0.0,4.830991911888122,1.0,1.0,56642.969999999994,0.0
733.0,Germany,Male,40.0,5.0,125725.01999999999,2.0,1.0,1.0,50783.1,0.0
822.0,France,Male,38.0,6.0,8060.69892578125,3.0,1.0,0.0,9149.96,1.0
559.0,France,Female,46.0,5.0,0.0,1.0,1.0,0.0,21006.1,1.0
731.0,Germany,Female,49.0,-6.006363821029663,13491.4033203125,1.0,1.0,1.0,33759.41,1.0
678.0,France,Female,41.0,1.0,143443.61,1.0,1.0,0.0,196622.28,1.0
39.53901062011719,France,Male,16.563230895996092,2.407927131652832,347.2371887207031,0.8371131658554077,1.0,1.0,921.3939086914063,0.0
701.0,France,Male,29.0,-49.54800224304199,0.0,2.0,1.0,0.0,176943.59,0.0
554.0,France,Male,0.3292820453643799,8.0,149134.46,1.0,1.0,1.0,177966.24,0.0
723.0,France,Male,30.0,-53.14405784606934,124119.54,1.0,1.0,0.0,162198.32,0.0
766.0,Germany,Male,44.0,3.0,116822.7,1.0,0.0,0.0,197643.24,0.0
597.0,France,Female,24.0,1.0,103219.47,1.0,1.0,0.0,60420.06999999999,0.0
574.0,France,Male,41.0,1.0,0.0,2.0,0.0,0.0,70550.0,0.0
655.0,Germany,Female,40.0,0.0,35495.2890625,1.0,1.0,1.0,198798.44,1.0
780.0,France,Female,37.0,10.0,95196.26,1.0,1.0,0.0,126310.38999999998,1.0
672.0,France,Male,43.0,5.0,0.0,2.0,1.0,1.0,64515.5,1.0
717.0,France,Male,15.730685424804687,-43.709618759155276,0.0,2.6538761973381044,1.0,1.0,158580.05,0.0
521.0,France,Female,32.0,2.0,136555.01,2.0,1.0,1.0,129353.21,0.0
633.0,France,Male,59.0,5.0,34634.262890625,1.0,1.0,1.0,137273.97,0.0
669.0,France,Male,39.0,3.0,119452.03,1.0,1.0,1.0,171575.54,0.0
740.0,France,Male,44.0,9.0,0.0,1.0,0.0,1.0,96528.0,0.0
462.0,Germany,Female,24.0,9.0,69881.09,2.0,0.0,1.0,64421.02,0.0
619.0,France,Male,39.0,5.0,0.0,2.0,1.0,1.0,158444.61,0.0
665.0,France,Female,44.0,-10.01804165840149,15148.76328125,2.0,1.0,1.0,66548.58,0.0
655.0,Spain,Female,27.0,9.0,0.0,2.0,0.0,0.0,108008.05,0.0
463.0,Spain,Male,20.0,8.0,204223.03,1.0,1.0,0.0,128268.38999999998,0.0
799.0,France,Female,63.0,-44.7573657989502,110314.21,2.0,1.0,0.0,37464.0,1.0
657.6194458007812,Spain,Male,-16.644611740112303,1.0,163760.82,1.0,1.0,0.0,157381.14,1.0
807.0,Germany,Female,31.0,1.0,34080.12954101562,3.0,1.0,1.0,194257.11,1.0
728.0,Germany,Male,38.0,-42.03446550369263,115934.74000000002,1.0,1.0,1.0,139059.05,0.0
582.0,France,Male,52.0,2.0,11980.8771484375,1.0,0.0,1.0,40893.61,0.0
704.0,Germany,Female,35.0,3.0,154206.07,2.0,1.0,1.0,40261.49,0.0
714.0,France,Female,26.0,9.0,89928.99,1.0,1.0,0.0,46203.31,0.0
628.0,France,Male,30.0,8.0,89182.09,1.0,1.0,1.0,13126.9,0.0
809.0,Germany,Male,10.73404893875122,1.0,24889.44659423828,2.0,1.0,0.0,71530.58364257813,0.0
547.0,Spain,Female,44.0,5.0,0.0,3.0,0.0,0.0,5459.07,1.0
560.0,France,Female,27.0,5.0,0.0,2.0,1.0,0.0,131919.48,0.0
645.6471862792969,France,Male,12.927849340438843,-50.98286743164063,117799.28,1.0,1.0,1.0,182372.35,0.0
584.0,France,Male,26.0,4.0,0.0,2.0,1.0,0.0,147600.54,0.0
691.0,France,Male,28.0,1.0,0.0,2.0,0.0,0.0,92865.41,0.0
680.0,Germany,Female,34.0,6.0,146422.22,1.0,1.0,0.0,67142.97,1.0
588.0,Germany,Male,33.0,-47.689846229553225,150186.22,2.0,1.0,1.0,104424.9484375,0.0
721.0,Germany,Male,40.0,6.0,100275.88,1.0,1.0,0.0,138564.48,0.0
850.0,France,Male,47.0,-37.89651398658752,0.0,1.0,1.0,0.0,187391.02,1.0
529.0,France,Male,32.0,9.0,147493.89,1.0,1.0,0.0,33656.35,0.0
622.0,France,Male,43.0,8.0,0.0,2.0,1.0,0.0,100618.17,0.0
683.0,France,Female,42.0,8.0,0.0,2.0,0.0,1.0,198134.9,0.0
575.0,France,Male,29.0,4.0,121823.4,2.0,1.0,1.0,50368.87,0.0
438.8371353149414,Spain,Female,40.0,1.0,0.0,2.0,1.0,1.0,108787.0,0.0
510.0,Germany,Male,31.0,0.0,113688.63,1.0,1.0,0.0,33099.41,1.0
546.8473022460937,Spain,Female,40.0,7.0,100471.34,1.0,1.0,1.0,124550.88,0.0
569.0,Germany,Female,28.0,3.0,100032.52,1.0,1.0,0.0,5159.21,1.0
687.0,Spain,Male,31.0,3.0,0.0,2.0,0.0,0.0,48272.72602539063,0.0
822.0,France,Male,32.0,8.0,116358.0,1.0,1.0,0.0,108798.36000000002,0.0
656.0,Germany,Female,23.0,4.0,163549.63,29.369794416427613,0.0,1.0,21085.12,0.0
745.0,Germany,Male,51.0,3.0,8575.875622558593,1.0,0.0,1.0,28922.25,1.0
386.0,Spain,Female,53.0,1.0,131955.07,1.0,1.0,1.0,62514.65,1.0
684.0,Spain,Female,41.0,1.0,134177.06,1.0,0.0,0.0,177506.66,0.0
635.0,Spain,Female,38.0,1.0,0.0,2.0,1.0,0.0,90605.05,0.0
582.0,France,Male,30.0,2.0,0.0,2.0,1.0,1.0,19986.544384765624,0.0
613.0,Spain,Male,19.0,5.0,0.0,1.0,0.0,1.0,176903.35,0.0
215.71715393066407,Germany,Male,56.0,9.0,94348.94,1.0,1.0,0.0,29239.29,0.0
659.0,France,Female,32.0,2.0,155584.21,1.0,0.0,1.0,69010.037109375,0.0
745.0,France,Female,28.0,6.0,0.0,2.0,1.0,0.0,154389.18,0.0
604.0,Spain,Female,41.0,10.0,0.0,2.0,1.0,1.0,166224.39,0.0
509.0,Germany,Male,32.0,9.0,170661.47,1.0,1.0,1.0,21646.2,0.0
706.0,Germany,Female,29.0,6.0,185544.36,1.0,0.0,0.0,171037.63,0.0
619.0,Spain,Female,44.0,6.0,52831.12999999999,1.0,1.0,1.0,112649.22,1.0
572.0,France,Male,51.0,8.0,10211.619143676759,5.522944521903992,1.0,0.0,31607.96928100586,1.0
695.0,France,Male,36.0,6.0,114007.5,2.0,1.0,0.0,118120.88,0.0
543.0,France,Female,71.0,1.0,104308.77,1.0,1.0,1.0,25650.04,0.0
640.0,France,Female,22.546700763702393,6.0,29419.010546875,2.0,1.0,1.0,113048.79,0.0
672.0,France,Male,39.0,2.0,0.0,2.0,1.0,0.0,87372.49,0.0
701.0,Germany,Male,39.0,-52.81778964996338,140236.98,1.0,0.0,1.0,146651.99,0.0
634.0,Spain,Male,22.23573417663574,9.0,0.0,2.0,1.0,1.0,8227.91,0.0
531.0,Spain,Female,42.0,6.0,75302.85,2.0,0.0,0.0,57034.35,0.0
699.0,France,Male,27.0,-17.700086212158205,0.0,2.0,1.0,0.0,93003.21,0.0
605.0,France,Female,51.0,9.0,104760.82,1.0,1.0,1.0,50406.063671875,1.0
534.0,France,Female,49.0,7.0,0.0,1.0,1.0,0.0,13566.48,1.0
449.0,Spain,Female,31.0,1.0,113693.0,1.0,0.0,0.0,82796.29,0.0
684.0,Spain,Female,36.0,5.0,174180.39,1.0,1.0,0.0,119830.08,1.0
622.0,Germany,Male,2.452818012237549,9.0,115766.25999999998,13.91034095287323,0.0,0.0,71780.1685546875,1.0
714.0,France,Female,40.0,0.0,0.0,2.0,1.0,0.0,62762.12000000001,0.0
712.0,Spain,Female,48.0,8.0,0.0,2.0,1.0,0.0,183235.33,0.0
783.0,Spain,Female,72.0,5.0,121215.9,17.051882934570312,0.0,0.0,105206.48000000001,1.0
85.5642074584961,France,Male,45.0,10.0,4355.93095703125,3.0,1.0,0.0,11433.3419921875,0.0
683.0,France,Male,36.0,5.0,115350.63,1.0,1.0,0.0,122305.91,0.0
815.5318969726562,France,Male,40.0,-51.45461745858192,105683.63,1.0,1.0,0.0,173617.09,0.0
700.0,France,Male,37.0,1.0,41027.694921875,1.0,1.0,0.0,160670.37,0.0
744.0,Spain,Male,31.0,0.0,117551.23000000001,1.0,1.0,0.0,158958.9,1.0
645.0,Germany,Male,25.0,1.0,157404.02,2.0,1.0,0.0,93073.04,0.0
525.0,Spain,Male,36.0,-32.175256681442264,77910.23,1.0,1.0,0.0,67238.01,0.0
732.0,France,Male,25.0,0.0,41890.32734375,1.0,1.0,0.0,172576.56,0.0
721.0,France,Female,40.0,7.0,0.0,2.0,1.0,1.0,122580.48000000001,0.0
622.0,France,Male,32.0,5.0,179305.09,1.0,1.0,1.0,149043.78,0.0
654.0,France,Male,31.0,5.0,150593.59,2.0,1.0,1.0,105218.45,0.0
529.0,France,Female,43.0,0.0,123815.86000000002,1.0,0.0,1.0,78463.99,1.0
77.76630935668945,Spain,Female,59.0,6.0,0.0,0.17165035009384155,1.0,0.0,9689.896728515625,1.0
850.0,Germany,Female,10.390067195892334,8.0,69385.17,2.0,1.0,0.0,87834.24,0.0
667.0,Germany,Female,27.0,2.0,138032.15,1.0,1.0,0.0,166317.71,0.0
535.6909301757812,France,Male,41.0,3.0,0.0,3.06292610168457,1.0,1.0,137309.06,0.0
597.1197525024414,France,Male,29.0,9.0,0.0,1.0,1.0,1.0,166984.44,0.0
637.0,Germany,Male,46.0,2.0,143500.82,1.0,1.0,0.0,166996.46,1.0
710.0,Spain,Female,-15.843646049499512,3.0,119670.17999999998,1.0,1.0,0.0,188022.44,0.0
717.0,Spain,Male,33.0,1.0,99106.73,1.0,0.0,0.0,194467.23,0.0
786.0,Germany,Male,24.0,2.0,120135.55,18.67172622680664,1.0,1.0,91592.99140625,0.0
651.0,France,Female,39.0,8.0,0.0,1.0,1.0,0.0,137452.57,0.0
530.0,France,Female,55.0,4.0,120905.03,1.0,0.0,1.0,123475.88,1.0
815.0,Spain,Female,57.0,5.0,0.0,4.502125668525696,1.0,0.0,38941.44,1.0
715.0,Germany,Female,34.0,9.0,102277.52,1.0,0.0,0.0,177852.57,1.0
496.0,Germany,Female,55.0,4.0,125292.53,1.0,1.0,0.0,31532.96,1.0
680.0,Spain,Male,42.0,0.0,0.0,1.0,1.0,0.0,136377.21,0.0
646.0,France,Female,51.0,4.0,101629.3,1.0,0.0,0.0,130541.1,0.0
807.0,France,Male,47.0,1.0,171937.27,1.0,1.0,1.0,65636.92,0.0
727.0,France,Male,47.0,7.0,0.0,2.0,1.0,0.0,193305.35,0.0
787.0,France,Male,25.0,5.0,0.0,2.0,1.0,0.0,47307.9,0.0
806.0,France,Male,34.0,6.0,0.0,2.0,0.0,0.0,100809.99,0.0
603.0,France,Male,31.0,1.0,129743.75,1.0,1.0,0.0,109145.2,0.0
649.0,Spain,Male,32.0,1.0,0.0,1.0,0.0,1.0,74615.353125,1.0
547.0,Germany,Male,41.0,-53.295039367675784,151191.31,1.0,1.0,0.0,175295.89,1.0
684.0,Germany,Male,16.033722472190856,3.0,102630.13,2.0,1.0,1.0,78302.534375,0.0
477.0,France,Female,57.0,9.0,114023.63999999998,2.0,1.0,1.0,71167.17,1.0
558.0,Germany,Male,41.0,2.0,26810.119921875,1.0,1.0,1.0,111184.67,0.0
695.0,France,Female,-6.246620416641235,1.0,0.0,2.0,1.0,1.0,141756.32,0.0
592.0,Spain,Male,35.0,6.0,17705.1875,1.0,1.0,0.0,72678.75,0.0
789.0,France,Male,31.0,4.0,175477.15,1.0,1.0,1.0,172832.9,0.0
597.0,France,Female,29.0,1.0,132144.35,1.0,1.0,0.0,158086.33,0.0
688.9899536132813,Germany,Female,-5.8764801025390625,2.0,136911.07,5.750290107727051,1.0,0.0,168184.62,0.0
405.0,Germany,Male,31.0,5.0,133299.67,25.440347957611085,1.0,1.0,72950.14,0.0
658.0,France,Male,39.0,7.0,0.0,2.0,1.0,0.0,48378.4,0.0
684.0,Germany,Male,42.0,1.0,117691.0,1.0,1.0,1.0,23135.65,1.0
149.0094772338867,France,Male,35.0,10.0,0.0,2.0,1.0,0.0,65675.47,0.0
589.0,France,Male,51.918504333496095,-46.542985475063325,0.0,2.0,1.0,0.0,170676.67,0.0
750.0,Germany,Female,37.0,1.0,133199.71,2.0,1.0,1.0,27366.77,0.0
381.1314125061035,Germany,Male,-5.614214706420898,-44.3773832321167,135506.58,3.0,0.0,0.0,152479.64,0.0
812.0,Germany,Male,33.0,2.0,127154.13999999998,15.652328872680664,0.0,1.0,105383.49000000002,0.0
539.0,Spain,Male,23.111138439178468,2.0,0.0,2.0,1.0,1.0,48189.94,0.0
670.0,Germany,Female,42.0,-11.717504405975342,49508.79,3.258243364840746,1.0,0.0,100324.01,0.0
673.0,France,Male,41.0,5.0,0.0,1.0,1.0,1.0,65657.29,0.0
538.0,France,Female,62.0,3.0,75051.49,1.0,0.0,0.0,17682.02,1.0
302.8952919006348,Spain,Male,52.0,8.0,19625.46494140625,1.0,1.0,0.0,111342.66,1.0
682.0,France,Male,41.0,6.0,0.0,2.0,0.0,0.0,134158.09,1.0
712.0,France,Male,33.0,3.0,20217.607067871093,1.0,1.0,0.0,54159.37924804688,1.0
598.0,Spain,Female,39.0,5.0,0.0,2.0,1.0,1.0,83103.46,0.0
283.69861755371096,Spain,Male,30.0,6.0,0.0,2.0,1.0,1.0,63908.86,0.0
606.0,Germany,Female,23.0,10.0,70417.79,1.0,0.0,1.0,90896.04,0.0
686.0,Spain,Male,38.0,-42.72640247344971,111484.88,1.0,1.0,1.0,76076.2,0.0
850.0,Spain,Male,-9.706796836853027,-49.346459770202635,146343.98,1.0,0.0,1.0,103902.11,0.0
642.0,France,Male,72.0,1.0,160541.0,40.42437877655029,1.0,1.0,142223.94,0.0
606.0,Germany,Male,27.0,2.0,130274.25999999998,56.95424118041992,1.0,0.0,147533.09,0.0
627.0,France,Female,8.320790004730224,7.0,98993.02,1.0,1.0,1.0,169156.64,0.0
850.0,Spain,Male,36.0,0.0,0.0,2.0,1.0,0.0,141242.57,0.0
307.60423889160154,Germany,Male,32.0,-26.04307563304901,141827.33,19.311484491825105,1.0,1.0,52763.99150390625,0.0
724.0,France,Female,40.0,6.0,110054.45,1.0,1.0,1.0,86950.72,0.0
579.0,France,Male,28.0,4.0,0.0,2.0,1.0,1.0,176925.69,0.0
727.0,Spain,Male,28.0,1.0,0.0,-2.5341444969177247,1.0,0.0,40357.39,0.0
813.0,Germany,Female,36.0,6.0,98088.09,1.0,0.0,1.0,26687.22,1.0
642.0,France,Female,48.0,9.0,118317.26999999999,32.051890754699706,0.0,0.0,78702.98,1.0
669.0,Spain,Male,40.010498046875,10.0,0.0,11.049970072507858,1.0,0.0,176163.74,0.0
574.0,Germany,Male,54.0,1.0,99774.5,1.0,0.0,0.0,4896.11,0.0
774.0,France,Female,32.0,4.0,0.0,2.0,0.0,0.0,114899.13,0.0
735.0,France,Female,38.0,1.0,0.0,3.0,0.0,0.0,92220.12,1.0
639.0,Spain,Female,27.0,8.0,133806.54,2.0,1.0,0.0,6251.3,0.0
738.0,Spain,Male,44.0,2.0,0.0,2.0,1.0,0.0,43018.82,1.0
835.0,France,Female,32.0,8.0,124993.29,2.0,1.0,1.0,27548.060000000005,0.0
637.0,Spain,Female,44.0,0.0,27687.1359375,1.0,1.0,1.0,120454.2,1.0
514.3690734863281,Germany,Male,48.0,5.0,126111.61000000002,1.0,0.0,1.0,133961.19,0.0
591.0,France,Male,42.0,9.0,161651.37,2.0,1.0,0.0,131753.97,0.0
723.0,France,Female,40.0,7.0,142856.95,2.0,0.0,0.0,38019.74,0.0
831.0,Germany,Male,44.0,-30.960437086969613,111100.98000000001,10.505679392814637,1.0,1.0,28144.07,1.0
198.7525718688965,Spain,Male,-0.6982484817504883,8.0,102918.38,7.050426125526428,1.0,1.0,45959.86,0.0
731.0,France,Female,30.0,5.0,0.0,2.0,1.0,0.0,189528.72,0.0
654.0,France,Male,47.0,10.0,0.0,2.0,1.0,0.0,170481.98,0.0
357.72301788330077,France,Male,37.0,4.0,0.0,2.0,1.0,0.0,94845.45,0.0
590.0,Germany,Male,22.0,-20.133102035522462,125265.61000000002,1.0,1.0,1.0,161253.08,0.0
657.0,France,Male,37.0,4.0,82500.28,1.0,1.0,1.0,115260.72,0.0
531.0,Germany,Female,64.0,2.0,175754.87,2.0,1.0,1.0,60721.4,0.0
516.0,France,Female,47.0,6.0,109387.33,1.0,0.0,0.0,121365.45,0.0
561.0,France,Male,37.0,1.0,100443.36,2.0,0.0,1.0,101693.73,0.0
310.2935287475586,Spain,Female,54.0,0.0,83102.72,2.0,1.0,1.0,54132.93000000001,0.0
575.0,France,Male,28.0,7.0,0.0,1.0,1.0,1.0,10666.05,0.0
623.0,France,Female,28.0,4.0,0.0,2.0,1.0,0.0,41227.67,0.0
642.0,France,Female,40.0,7.0,0.0,2.0,1.0,0.0,10712.82,0.0
779.0,France,Female,48.0,2.0,115290.26999999999,1.0,0.0,0.0,98912.69,1.0
671.0,France,Female,42.0,6.0,0.0,2.0,1.0,0.0,197202.48,0.0
591.0190856933593,France,Female,40.0,1.0,140197.71,2.0,1.0,0.0,150720.39,0.0
850.0,France,Female,28.0,1.0,105245.34,1.0,0.0,1.0,74780.13,0.0
630.0,France,Male,50.0,8.0,0.0,2.0,0.0,1.0,79377.45,0.0
588.0,France,Male,32.0,1.0,0.0,2.0,1.0,1.0,8763.87,0.0
562.0,Germany,Male,35.0,3.0,142296.13,1.0,0.0,1.0,177112.7,0.0
740.0,Spain,Female,56.0,4.0,99097.33,1.0,0.0,0.0,85016.64,0.0
695.0,France,Male,28.0,5.0,171069.39,2.0,1.0,1.0,88689.4,0.0
589.0,France,Female,39.0,7.0,0.0,2.0,0.0,0.0,95985.64,0.0
607.0,France,Female,31.0,1.0,102523.88,1.0,1.0,1.0,166792.71,0.0
794.0,France,Male,35.0,6.0,0.0,2.0,1.0,1.0,68730.91,0.0
580.0,France,Male,44.0,9.0,143391.07,38.28501586914062,0.0,0.0,146891.07,1.0
644.0,Germany,Female,44.0,-42.25866470336914,106022.73000000001,2.0,0.0,0.0,148727.42,0.0
636.0,Spain,Female,36.0,1.0,0.0,1.0,1.0,0.0,43134.58,0.0
599.0,Germany,Male,36.0,3.0,128960.21,2.0,1.0,1.0,40318.33,0.0
507.0,France,Female,35.0,2.0,0.0,2.0,1.0,0.0,61481.8359375,0.0
682.0,France,Female,48.0,7.0,0.0,9.989529705047607,1.0,0.0,65069.030000000006,0.0
714.0,France,Female,24.0,7.0,0.0,2.0,1.0,0.0,71856.46875,0.0
696.0,France,Male,25.0,8.0,126442.59,1.0,1.0,0.0,121904.43999999999,0.0
599.0,Spain,Male,34.97789306640625,0.0,0.0,1.0,1.0,1.0,175235.99,1.0
577.0,France,Male,37.0,2.0,127261.35,1.0,1.0,0.0,56185.05,0.0
733.0,France,Female,27.443256378173828,5.0,34911.61875,2.0,1.0,0.0,131625.14,0.0
647.0,France,Female,33.0,-23.730644035339356,0.0,1.0,1.0,0.0,152323.04,0.0
831.0,France,Female,34.0,2.0,0.0,2.0,0.0,0.0,165840.94,0.0
543.0,Germany,Male,30.0,6.0,29975.130078125,1.0,1.0,0.0,176692.65,0.0
679.0,France,Male,-16.734215927124023,7.0,160515.37,1.0,1.0,0.0,81193.60290527344,0.0
713.0,Germany,Female,15.40419273376465,4.0,149525.34,2.0,1.0,0.0,123663.63,0.0
690.0,Germany,Male,43.0,2.0,166522.78,1.0,0.0,0.0,119644.59,1.0
751.0,France,Male,29.0,1.0,135536.5,1.0,1.0,0.0,66825.33,0.0
613.0,Germany,Female,43.0,10.0,120481.68999999999,1.0,0.0,0.0,94875.03,1.0
701.0,Spain,Male,28.0,1.0,103421.32,1.0,0.0,1.0,76304.73,0.0
698.0,France,Male,33.0,5.0,135658.73,2.0,0.0,1.0,39755.0,0.0
529.5801277160645,France,Male,36.0,2.0,0.0,2.0,1.0,1.0,180142.42,0.0
665.0,France,Male,28.0,8.0,191402.82,2.0,1.0,0.0,83238.4,0.0
726.0,Germany,Male,50.0,9.0,94504.35,1.0,0.0,1.0,5078.9,0.0
608.0,Germany,Female,44.0,5.0,126147.84,1.0,0.0,1.0,132424.69,1.0
549.0,France,Female,46.0,7.0,0.0,1.0,1.0,1.0,109057.56000000001,0.0
803.0,France,Male,33.0,6.0,0.0,2.0,1.0,0.0,115676.61000000002,0.0
663.0,France,Male,43.0,4.0,87624.03,2.0,1.0,0.0,149401.33,0.0
558.0,France,Female,45.0,1.0,153697.53,2.0,0.0,0.0,89891.4,1.0
714.0,France,Female,25.0,4.0,0.0,2.0,0.0,0.0,82500.84,0.0
704.0,France,Male,39.0,5.0,0.0,1.0,1.0,0.0,6416.92,0.0
612.3625259399414,Germany,Female,45.0,-32.92734209299088,116585.97,1.0,1.0,0.0,189428.75,0.0
667.13525390625,Germany,Male,34.0,-38.745582580566406,134464.58,39.07824363708496,1.0,0.0,178833.34,0.0
738.0,Germany,Male,62.0,10.0,83008.31,1.0,1.0,1.0,70838.459375,0.0
635.0,Spain,Male,35.0,2.0,113635.16,1.0,1.0,0.0,90883.12,0.0
530.0,Spain,Female,36.0,7.0,0.0,2.0,1.0,0.0,80619.09,0.0
340.32061767578125,France,Male,41.0,5.0,19418.460791015626,2.0,0.0,1.0,120646.4,0.0
531.0,Spain,Male,31.0,2.0,118899.45,2.0,0.0,0.0,92367.65625,0.0
694.0,France,Female,29.0,5.0,99713.87,1.0,0.0,0.0,112317.88999999998,0.0
731.0,France,Female,36.0,6.0,0.0,1.0,0.0,0.0,70562.58564453125,0.0
556.0,France,Female,36.0,2.0,134208.22,1.0,0.0,1.0,177670.57,0.0
647.0,Germany,Female,41.0,1.0,85906.65,3.0,1.0,0.0,189159.97,0.0
537.9666870117187,Germany,Male,32.0,-22.912935256958008,137714.25,1.0,0.0,1.0,159403.68,0.0
573.0,Spain,Male,33.0,1.0,160777.9,1.0,1.0,1.0,149536.15,0.0
591.0,France,Male,45.0,5.0,0.0,2.0,1.0,0.0,155492.87,0.0
723.0,France,Male,21.0,4.0,0.0,2.0,0.0,0.0,24847.02,0.0
617.0,France,Male,25.0,1.0,102585.88,2.0,1.0,1.0,115387.4,0.0
704.0,Germany,Female,39.0,-33.46024341583252,42160.406640625,2.0,1.0,0.0,171971.25,1.0
457.0,Germany,Male,42.0,4.0,126772.57000000002,1.0,0.0,1.0,126106.4,0.0
787.0,Germany,Male,38.0,3.0,158373.23,1.0,1.0,1.0,28228.35,0.0
651.0,France,Female,34.0,9.0,0.0,2.0,1.0,0.0,138113.71,0.0
612.0,Germany,Male,42.0,-44.63482189178467,141927.1,1.0,1.0,1.0,43018.98,0.0
828.0,France,Male,47.0,1.0,24163.24765625,15.076956200599671,1.0,0.0,83611.45,0.0
724.0,France,Female,34.0,2.0,0.0,6.734289073944092,1.0,1.0,118863.38,0.0
648.0,France,Male,44.0,9.0,111369.79,2.0,1.0,1.0,91947.74,0.0
569.0,Spain,Male,35.0,3.0,116969.35,1.0,0.0,0.0,94488.82,0.0
765.0,Germany,Female,34.0,8.0,136729.51,2.0,0.0,0.0,47058.21,0.0
577.0,Germany,Female,44.0,1.0,152086.15,1.0,0.0,1.0,44719.5,1.0
603.0,Spain,Male,46.0,2.0,0.0,2.0,1.0,0.0,174478.54,0.0
568.0,Spain,Male,28.0,1.0,127289.28,1.0,0.0,0.0,45611.51,0.0
748.0,Germany,Male,45.0,2.0,119852.00999999998,1.0,0.0,0.0,73853.94,1.0
624.3381271362305,France,Male,38.0,4.0,0.0,2.0,1.0,0.0,196517.43,0.0
771.0,Spain,Female,41.0,-11.738617610931396,0.0,2.0,0.0,1.0,92914.67,0.0
763.0,France,Male,17.190933609008788,9.0,0.0,1.0,1.0,1.0,31372.909999999996,0.0
410.0,France,Female,35.0,7.0,117183.74000000002,1.0,1.0,1.0,109733.73000000001,0.0
728.0,Germany,Male,33.0,8.0,129907.63,1.0,0.0,1.0,36083.96,0.0
655.0,France,Female,78.0,2.0,46108.076171875,5.997228193283081,0.0,1.0,188435.38,0.0
580.0,Germany,Female,36.0,6.0,20065.662939453126,2.0,1.0,0.0,60160.5767578125,1.0
712.0,France,Male,35.0,7.0,124616.23000000001,1.0,1.0,1.0,69320.97,0.0
680.0,France,Male,31.0,9.0,0.0,2.0,1.0,0.0,81562.740625,0.0
383.0,Spain,Female,48.0,8.0,95808.19,1.0,0.0,0.0,137702.01,1.0
721.0,France,Male,35.0,10.0,0.0,2.0,1.0,0.0,71594.26,1.0
620.0,France,Female,42.0,1.0,0.0,2.0,0.0,1.0,60265.5103515625,0.0
774.0,Spain,Female,36.0,8.0,117152.3,1.0,0.0,0.0,101828.39,0.0
563.0,France,Male,35.0,3.0,106250.72,1.0,0.0,0.0,39546.32,0.0
850.0,Germany,Female,27.0,8.0,111837.78,2.0,0.0,1.0,110805.79,0.0
681.0,France,Male,47.0,9.0,97023.21,1.0,1.0,1.0,2168.13,0.0
631.0,France,Female,31.0,8.0,137687.72,1.0,1.0,0.0,190067.12,0.0
614.0,Spain,Female,40.0,3.0,113348.5,1.0,1.0,1.0,77789.01,0.0
704.0,Spain,Male,24.0,10.0,122109.78,1.0,1.0,0.0,51484.92133789063,0.0
786.0,France,Male,32.0,2.0,120452.4,2.0,0.0,0.0,79602.86,0.0
534.0,France,Female,53.0,7.0,24986.625390625,2.0,1.0,1.0,71337.45078125,0.0
590.0,Spain,Male,34.0,0.0,65812.35,2.0,0.0,1.0,160346.3,0.0
583.0,Spain,Female,40.0,3.0,54428.37000000001,7.075390088558197,1.0,0.0,109638.78,1.0
656.0,France,Female,75.0,3.0,0.0,2.0,1.0,1.0,1276.87,0.0
597.0,France,Male,33.0,9.0,0.0,2.0,1.0,0.0,49374.82,0.0
588.0,Germany,Male,48.0,1.0,143279.58,37.490401649475096,1.0,0.0,31580.8,1.0
667.0,Germany,Male,32.0,0.0,103846.65,1.0,1.0,0.0,20560.69,0.0
627.0,France,Male,37.0,-19.354727470874785,125190.86000000002,1.0,0.0,1.0,84584.69,0.0
708.0,France,Female,33.0,8.0,0.0,2.0,0.0,1.0,15246.829999999998,0.0
641.0,France,Male,65.0,-13.096118199825288,38340.02,1.0,1.0,0.0,32607.77,1.0
527.0,Germany,Female,28.0,2.0,41150.46953125,2.0,1.0,1.0,155846.69,0.0
592.0,France,Male,37.0,3.0,96651.03,1.0,1.0,1.0,3232.82,0.0
465.0,France,Male,33.0,8.0,0.0,2.0,1.0,0.0,177668.55,0.0
628.0,France,Male,39.0,6.0,0.0,2.0,0.0,0.0,134441.6,0.0
678.0,France,Male,43.0,1.0,133237.21,1.0,1.0,0.0,111032.79,1.0
570.0,France,Female,61.0,6.0,142105.35,1.0,1.0,1.0,45214.04,0.0
815.0,France,Male,37.0,1.0,166115.42,1.0,1.0,0.0,67208.3,0.0
287.71868591308595,France,Female,37.0,6.0,81070.34,2.0,1.0,0.0,80985.88,0.0
717.0,France,Male,35.0,4.0,0.0,16.45132179260254,1.0,1.0,167573.06,0.0
641.0,France,Male,53.0,0.0,123835.51999999999,2.0,0.0,1.0,160110.65,0.0
624.0,France,Male,17.699794483184814,10.0,12686.797509765625,6.2404987692832945,1.0,1.0,37462.60849609375,0.0
579.0,Germany,Male,49.0,4.0,169377.31,1.0,1.0,1.0,121526.9140625,0.0
698.0,France,Male,38.0,2.0,130015.24000000002,20.65606470108032,1.0,1.0,41595.3,0.0
645.0,France,Male,32.0,4.0,0.0,2.0,0.0,1.0,97628.08,0.0
691.0,France,Male,34.0,8.0,133936.04,2.0,1.0,0.0,91359.79,0.0
638.0,France,Male,-10.511994123458862,6.0,114543.26999999999,33.11067509651184,1.0,1.0,97755.29,0.0
346.9443641662598,France,Female,31.0,3.0,20275.15166015625,1.0,0.0,0.0,182528.44,0.0
720.0,France,Male,12.65214490890503,-14.150079441070556,0.0,2.0,1.0,1.0,142956.48,0.0
553.0,Spain,Male,44.0,4.0,0.0,1.0,1.0,0.0,10789.3,0.0
658.0,France,Female,29.0,8.0,0.0,2.0,0.0,1.0,130461.09,0.0
648.0,Germany,Male,32.0,8.0,157138.99,3.0,1.0,0.0,190994.48,1.0
636.0,Spain,Male,45.0,3.0,43430.54453125,2.0,1.0,1.0,159463.8,0.0
527.0,Germany,Female,-30.311888122558592,-35.28745441436767,136733.24,1.0,1.0,1.0,57589.29,0.0
717.0,Spain,Female,28.0,9.0,82498.14,2.0,0.0,1.0,40437.67,0.0
614.0,Spain,Male,39.0,3.0,151914.93,1.0,0.0,0.0,56459.45,0.0
737.0,France,Male,-26.031273460388185,0.0,80090.93,1.0,1.0,0.0,39920.0,1.0
587.0,Spain,Male,51.0,3.0,83739.32,1.0,0.0,0.0,148798.45,0.0
682.0,Germany,Female,35.0,2.0,181166.44,1.0,1.0,1.0,63737.19,1.0
710.0,France,Male,38.0,3.0,130588.82000000002,1.0,1.0,1.0,154997.64,0.0
507.0,France,Male,42.0,6.0,0.0,2.0,1.0,0.0,34777.23,0.0
609.0,Germany,Male,33.0,6.0,94126.67,1.0,0.0,0.0,93718.16,0.0
786.0,France,Male,32.0,9.0,24907.899615478516,2.0,1.0,0.0,133112.41,0.0
688.0,France,Male,-35.35657209157944,7.0,148045.68,1.0,1.0,0.0,175479.92,0.0
710.0,France,Male,38.0,2.0,0.0,2.0,1.0,0.0,96.27,0.0
779.0,Spain,Female,33.0,-6.981682968139649,0.0,2.0,1.0,0.0,30804.68,0.0
733.0,France,Female,44.0,-80.65332641601563,168165.84,1.0,0.0,1.0,197193.49,0.0
317.18617553710936,Germany,Female,26.0,10.0,72835.56,2.0,1.0,0.0,96792.15,0.0
627.0,France,Male,41.0,3.0,0.0,2.0,1.0,0.0,132719.8,0.0
666.0,Germany,Male,31.0,3.0,123212.08,2.0,1.0,0.0,112157.31000000001,0.0
620.0,Spain,Male,38.0,0.0,0.0,2.0,1.0,1.0,38015.34,1.0
389.4068801879883,Spain,Female,39.0,6.0,24965.651171875,2.0,1.0,0.0,164018.98,0.0
606.0,France,Male,40.0,6.0,119501.88,2.0,1.0,0.0,46774.94,0.0
700.0,Germany,Female,9.396442413330078,5.0,144550.83,2.0,1.0,1.0,189664.43,0.0
677.0,Germany,Male,34.0,3.0,126729.41,1.0,1.0,0.0,26106.39,1.0
850.0,Germany,Female,-19.724841690063478,5.0,119984.07000000002,1.0,1.0,0.0,90410.9953125,0.0
564.0,France,Male,35.0,4.0,0.0,1.0,1.0,0.0,158937.55,0.0
771.0,Spain,Female,56.0,-19.287786594033243,0.0,1.0,1.0,1.0,25222.6,1.0
620.0,Germany,Male,42.0,9.0,121490.05,1.0,1.0,1.0,29296.74,0.0
610.0,Spain,Male,46.0,5.0,91897.8,1.0,1.0,0.0,54394.280000000006,0.0
609.0,Spain,Male,39.0,2.0,139443.75,2.0,1.0,0.0,9234.06,0.0
683.0,Germany,Male,-35.32483539581299,5.0,144961.97,1.0,0.0,1.0,26796.73,0.0
633.0,Germany,Male,42.0,3.0,126041.01999999999,1.0,0.0,1.0,11796.89,0.0
676.0,Germany,Male,19.956662273406984,1.0,69459.05,2.0,1.0,1.0,128461.29,1.0
304.1521255493164,France,Male,38.0,7.0,198338.77,2.0,1.0,1.0,14278.179999999998,0.0
709.0,France,Male,36.0,0.0,0.0,2.0,1.0,0.0,46811.77,0.0
569.0,Germany,Male,35.0,-6.170363664627075,109196.66,20.537459564208984,1.0,0.0,109393.18999999999,1.0
684.0,Spain,Female,38.0,3.0,134168.5,3.0,1.0,0.0,3966.5,1.0
565.0,France,Male,34.0,6.0,0.0,1.0,1.0,1.0,63173.64,0.0
681.0,France,Male,29.0,8.0,0.0,1.0,1.0,0.0,66367.33,0.0
503.0,Spain,Female,36.0,9.0,0.0,2.0,1.0,1.0,16274.670000000002,0.0
656.0,France,Male,40.70625686645508,2.0,39327.277734375,2.0,1.0,1.0,180553.48,0.0
354.5185119628906,Germany,Male,-33.11522674560547,4.0,120100.41,1.0,1.0,0.0,107563.16,1.0
592.0,France,Female,62.0,5.0,0.0,1.0,1.0,1.0,100941.57,0.0
687.0,France,Female,22.215570735931397,-32.40775032043457,0.0,2.0,1.0,0.0,110230.4,0.0
686.0,Spain,Male,22.0,8.0,0.0,2.0,0.0,0.0,142331.85,0.0
690.8497192382813,Spain,Male,30.0,2.0,0.0,2.0,1.0,0.0,199099.51,0.0
494.0,Spain,Male,67.0,5.0,0.0,2.0,1.0,1.0,85890.16,0.0
534.0,France,Male,38.0,3.0,0.0,1.0,0.0,0.0,143938.27,0.0
695.0,Spain,Female,31.0,8.0,0.0,2.0,0.0,1.0,131644.41,0.0
579.0,France,Female,31.0,9.0,0.0,2.0,1.0,0.0,112395.98000000001,0.0
432.0,Germany,Female,38.0,2.0,135559.8,2.0,1.0,1.0,71856.3,0.0
816.0,Germany,Female,25.0,2.0,150355.35,2.0,1.0,1.0,35770.84,0.0
730.0,France,Male,37.0,1.0,0.0,2.0,1.0,1.0,124364.63,0.0
593.0,France,Female,35.0,6.0,133489.12,2.0,1.0,1.0,71347.8625,0.0
715.0,Germany,Female,5.356220006942749,9.0,105489.31000000001,1.0,1.0,0.0,143096.49,1.0
775.0,Germany,Male,25.0,10.0,60205.2,2.0,0.0,0.0,14073.11,0.0
539.0,France,Male,38.0,5.0,0.0,2.0,1.0,0.0,47388.41,0.0
576.0,Spain,Male,19.0,6.0,0.0,2.0,0.0,0.0,72306.07,0.0
617.0,Spain,Male,50.0,7.0,0.0,0.687121057510376,0.0,0.0,184839.7,1.0
688.0,France,Male,40.0,6.0,0.0,1.0,1.0,1.0,47886.44,0.0
608.0,France,Male,33.0,4.0,0.0,1.0,0.0,1.0,130474.03,0.0
252.5063446044922,France,Male,35.0,9.0,12863.39404296875,3.0,1.0,1.0,73181.39,1.0
670.0,France,Female,42.0,6.0,112333.63,1.0,1.0,1.0,65706.86,0.0
616.0,Germany,Female,57.0,7.0,116936.81000000001,1.0,1.0,1.0,104379.36,0.0
400.49037475585936,Germany,Female,50.0,5.0,117721.01999999999,1.0,0.0,1.0,62140.2390625,1.0
363.97034759521483,France,Male,37.0,7.0,165896.22,2.0,1.0,1.0,66977.68,0.0
629.823486328125,Spain,Female,44.0,9.0,153656.85,1.0,1.0,0.0,158742.81,0.0
796.0,France,Female,50.0,1.0,94164.0,1.0,1.0,1.0,189414.74,0.0
598.0,Spain,Male,39.0,1.0,0.0,2.0,1.0,0.0,159130.32,0.0
504.4261299133301,France,Male,49.0,0.0,191808.73,1.0,0.0,0.0,97640.2,0.0
619.0,Spain,Male,58.0,5.0,152199.33,1.0,1.0,1.0,86022.09,0.0
492.0,France,Female,52.0,8.0,125396.24000000002,1.0,1.0,0.0,10014.72,1.0
641.0,Germany,Male,41.0,7.0,104405.54,3.0,1.0,1.0,17384.21,0.0
518.0,France,Female,27.0,1.0,133801.49,1.0,1.0,1.0,143315.57,0.0
623.0,Spain,Female,40.0,4.0,0.0,3.0,1.0,0.0,31669.18,0.0
733.0,France,Female,28.0,5.0,0.0,2.0,0.0,0.0,12761.16,0.0
625.0,Germany,Male,42.0,6.0,100047.33,1.0,1.0,0.0,93429.95,0.0
759.0,France,Female,31.0,1.0,109848.6,1.0,1.0,1.0,42012.55,0.0
604.0,France,Female,32.0,7.0,127849.38,1.0,1.0,0.0,15798.7,0.0
512.0,Spain,Female,46.0,3.0,0.0,2.0,1.0,1.0,56408.14,0.0
520.0,France,Female,29.0,8.0,95947.76,1.0,1.0,0.0,4696.44,0.0
805.0,Spain,Male,26.0,2.0,14155.76845703125,4.900263002514839,1.0,1.0,25042.1,0.0
626.0,France,Male,43.0,4.0,137638.69,1.0,1.0,0.0,130442.08,1.0
656.0,France,Male,38.0,10.0,0.0,1.0,1.0,1.0,136521.82,0.0
754.3545227050781,France,Male,41.0,7.0,0.0,2.0,1.0,0.0,199108.88,0.0
553.0,France,Male,31.0,6.0,0.0,2.0,0.0,0.0,124596.63,0.0
569.0,France,Female,44.0,4.0,0.0,2.0,0.0,0.0,134394.78,0.0
670.0,France,Male,38.0,10.0,89416.99,18.43379764556885,0.0,0.0,144275.39,0.0
586.0,Spain,Male,16.50349826812744,-38.716966819763186,0.0,2.0,1.0,1.0,123410.23000000001,0.0
617.0,Spain,Female,45.0,1.0,0.0,1.0,1.0,0.0,143298.06,0.0
508.0,France,Female,-6.0502594947814945,7.0,143262.04,1.0,1.0,1.0,129562.74000000002,0.0
624.0,Spain,Female,-1.4981420516967774,7.0,119656.45,2.0,1.0,1.0,4595.05,0.0
654.0,France,Male,44.85646018981934,4.0,132954.64,1.0,1.0,1.0,146715.07,0.0
681.0,Germany,Female,44.0,3.0,105206.7,2.0,1.0,1.0,163558.36,1.0
578.0,Spain,Male,28.0,4.0,0.0,2.0,0.0,0.0,6947.089999999999,0.0
621.0,Spain,Female,37.0,9.0,83061.26,2.0,0.0,0.0,70593.84189453124,0.0
632.0,France,Male,40.0,5.0,147650.68,1.0,1.0,1.0,199674.83,0.0
644.0,France,Male,44.0,5.0,73348.56,1.0,1.0,0.0,157166.79,1.0
157.73076477050782,France,Male,28.0,2.0,0.0,2.0,1.0,0.0,46072.52,0.0
754.0,France,Female,38.0,2.0,0.0,2.0,0.0,0.0,3524.69,0.0
568.0,Spain,Female,27.0,1.0,116320.67999999998,1.0,0.0,1.0,45563.94,0.0
584.0,France,Male,33.0,3.0,0.0,2.0,0.0,1.0,59103.12999999999,0.0
549.0,France,Female,29.0,8.0,0.0,2.0,1.0,1.0,189558.44,0.0
729.0,France,Female,38.0,7.0,0.0,2.0,0.0,0.0,74695.01789550782,0.0
523.0,France,Male,61.0,-16.194001078605652,66250.71,1.0,1.0,1.0,21859.06,0.0
477.0,Germany,Female,24.0,2.0,95675.62,2.0,0.0,0.0,162699.7,1.0
675.0,Germany,Male,42.0,2.0,92616.64,2.0,1.0,0.0,8567.18,0.0
782.0,France,Female,4.383694219589233,4.0,0.0,1.0,1.0,0.0,132943.88,0.0
616.0,Spain,Female,36.0,6.0,0.0,1.0,1.0,1.0,12916.32,1.0
738.0,France,Male,37.0,8.0,25979.002447509767,1.0,1.0,1.0,128799.86000000002,0.0
717.0,France,Female,42.0,-3.581795182824135,10646.814599609375,1.0,1.0,0.0,33928.303515625,1.0
526.0,Germany,Female,0.8692848205566406,9.0,118536.4,1.0,1.0,0.0,40980.87,1.0
660.0,France,Male,19.0,-37.186296463012695,127649.63999999998,1.0,1.0,1.0,40368.65,0.0
525.0,France,Male,35.0,7.0,165358.77,1.0,0.0,1.0,94738.54,0.0
629.0,Spain,Male,29.0,6.0,19007.376208496094,2.0,1.0,1.0,88842.8,0.0
616.0,Germany,Female,36.0,10.0,78249.53,1.0,1.0,0.0,136934.91,0.0
521.0,Germany,Female,61.0,0.0,125193.96,1.0,1.0,1.0,109356.53,0.0
691.0,France,Female,29.0,9.0,0.0,2.0,0.0,0.0,199635.93,0.0
687.0,Germany,Female,41.0,2.0,154007.21,1.0,1.0,0.0,158408.23,0.0
677.0,Spain,Female,43.0,3.0,133214.88,2.0,1.0,1.0,95936.84,0.0
695.0,Spain,Male,63.0,1.0,146202.93,1.0,0.0,1.0,126688.83,1.0
663.0,France,Female,27.0,9.0,0.0,2.0,1.0,0.0,150850.29,0.0
496.0,France,Male,30.0,0.0,90963.49,1.0,0.0,1.0,27802.0,0.0
149.5518310546875,France,Male,41.0,9.0,0.0,1.0,1.0,0.0,32430.939999999995,1.0
546.0,France,Female,52.0,2.0,0.0,1.0,1.0,0.0,137332.37,1.0
706.0,Spain,Male,12.816888427734375,4.0,114386.85,14.305675983428955,1.0,1.0,28601.68,0.0
472.0,France,Female,26.0,5.0,27772.301953125,2.0,1.0,0.0,108411.66,0.0
703.0,France,Female,40.0,7.0,27316.202270507812,2.0,0.0,1.0,122518.5,0.0
850.0,France,Female,38.0,2.0,0.0,2.0,1.0,0.0,9015.07,0.0
667.0,Spain,Female,-11.262824630737304,4.0,137260.78,33.1943076133728,0.0,1.0,94433.08,1.0
559.0,France,Male,33.0,9.0,24052.237109375,2.0,1.0,0.0,110371.84,0.0
633.2810485839843,Spain,Male,-4.8091880798339846,-52.01721267700195,124447.73000000001,1.0,0.0,1.0,141364.62,1.0
672.0,France,Female,34.0,8.0,0.0,2.0,1.0,1.0,16245.25,0.0
667.0,France,Male,42.0,7.0,0.0,1.0,0.0,1.0,108348.93999999999,1.0
648.0,Germany,Male,33.0,7.0,135310.41,2.0,0.0,1.0,171668.2,0.0
497.0,France,Male,32.0,8.0,0.0,2.0,1.0,0.0,67364.42,0.0
743.0,France,Female,22.077491188049315,6.0,0.0,2.0,0.0,1.0,51776.505078125,0.0
619.0,France,Male,29.0,5.0,0.0,2.0,1.0,0.0,194310.1,0.0
288.0665008544922,Spain,Male,34.0,5.0,139393.19,2.0,0.0,0.0,33950.08,0.0
540.0,Spain,Male,28.0,8.0,0.0,2.0,0.0,0.0,197588.32,0.0
766.0,France,Female,26.0,3.0,104258.8,1.0,1.0,1.0,428.23,0.0
749.0,France,Female,26.0,6.0,0.0,2.0,0.0,1.0,34948.77,0.0
655.0,Germany,Male,32.0,9.0,113447.00999999998,1.0,1.0,0.0,82084.3,0.0
630.0,France,Male,32.9381308555603,9.0,0.0,2.0,1.0,0.0,64804.58999999999,0.0
778.0,Germany,Female,33.0,4.0,111063.73000000001,2.0,1.0,0.0,83556.65,0.0
757.0,Germany,Female,30.0,6.0,161378.02,1.0,0.0,0.0,71926.28,1.0
529.0,Spain,Female,39.0,2.0,82766.43,1.0,1.0,1.0,122925.43999999999,0.0
620.0,Spain,Male,20.16950206756592,9.0,0.0,-1.4293792605400086,1.0,0.0,13133.88,0.0
615.0,France,Female,61.0,1.0,104267.7,1.0,1.0,0.0,62845.64,1.0
735.0,France,Female,25.0,3.0,91718.8,1.0,0.0,0.0,28411.23,0.0
705.0,Spain,Female,47.0,3.0,63488.7,1.0,0.0,1.0,28640.919999999995,1.0
644.0,Spain,Female,46.0,6.0,12459.19,1.0,0.0,0.0,156787.34,1.0
505.0,Germany,Female,14.987286472320557,6.0,159863.9,2.0,0.0,1.0,125307.87,0.0
471.0,Germany,Male,23.0,6.0,104592.55,2.0,1.0,0.0,51002.1841796875,0.0
340.27005767822266,Spain,Female,50.0,4.0,132088.59,33.190430426597594,0.0,1.0,72558.971875,0.0
577.0,Spain,Female,39.0,-15.640379810333252,0.0,2.0,1.0,0.0,91366.42,0.0
744.0,Spain,Male,44.0,-35.43569850921631,120654.67999999998,1.0,1.0,0.0,82290.81,0.0
573.0,France,Female,30.0,6.0,0.0,2.0,1.0,0.0,66190.21,0.0
653.0,France,Female,32.0,4.0,83772.95,1.0,0.0,1.0,23920.65,0.0
660.0,France,Female,31.0,6.0,172325.67,1.0,0.0,1.0,45438.38,0.0
787.0,France,Male,46.0,-12.775208961963653,20842.44765625,8.822825121879578,1.0,1.0,93360.35,1.0
617.0,France,Male,41.0,7.0,0.0,2.0,0.0,1.0,14496.670000000002,0.0
567.0,France,Male,39.0,5.0,0.0,2.0,0.0,0.0,168521.72,0.0
682.0,Spain,Female,64.0,9.0,0.0,-1.7233111381530761,1.0,1.0,55804.66030273437,0.0
684.0,France,Male,35.0,6.0,26943.91015625,1.0,1.0,1.0,87219.41,0.0
447.0,France,Male,41.0,3.0,0.0,4.0,1.0,1.0,61059.31953125,0.0
625.0,Germany,Female,-3.9667482376098633,4.0,128504.75999999998,40.328814315795896,0.0,0.0,126812.63,1.0
307.8663703918457,France,Male,36.0,7.0,0.0,2.0,1.0,0.0,94283.09,0.0
516.0,France,Female,42.0,8.0,56228.25,1.0,1.0,0.0,46857.52,0.0
732.0,Germany,Female,18.69590092897415,-15.671118068695069,20339.73046875,1.0,1.0,0.0,81491.7,1.0
628.0,Germany,Male,19.20704917907715,5.0,181768.32,42.79505701065064,1.0,1.0,129107.97,0.0
252.92601623535157,Spain,Female,48.0,9.0,101198.01,1.0,1.0,1.0,49732.9,0.0
746.0,France,Male,25.0,9.0,0.0,1.3399738311767577,0.0,1.0,88728.47,0.0
655.0,France,Female,60.0,3.0,0.0,2.0,1.0,0.0,86981.45,0.0
644.0,France,Female,39.0,9.0,0.0,1.0,1.0,0.0,3740.9299999999994,0.0
778.0,France,Male,34.0,5.0,139064.06,2.0,0.0,0.0,67949.32,0.0
441.6804656982422,France,Female,35.0,2.0,104508.1,1.0,1.0,1.0,147636.46,0.0
660.0,Germany,Male,35.0,-32.87006778717041,113948.58,1.0,1.0,0.0,188891.96,1.0
121.45219268798829,France,Male,47.0,10.0,0.0,2.0,0.0,1.0,25482.62,0.0
554.0,France,Male,39.0,10.0,0.0,2.0,1.0,1.0,18391.93,1.0
806.0,France,Male,31.0,-11.95574573278427,0.0,2.0,1.0,1.0,55848.4744140625,0.0
611.0,Germany,Male,37.0,1.0,117524.72,2.0,0.0,1.0,60339.45302734375,0.0
665.0,France,Female,37.0,5.0,160389.82,1.0,0.0,1.0,183542.08,0.0
648.0,France,Female,37.0,7.0,0.0,2.0,1.0,0.0,42930.946533203125,0.0
692.0,France,Male,27.0,1.0,125547.53,1.0,0.0,0.0,7900.460000000001,0.0
205.04176330566406,France,Male,46.0,6.0,92783.68,1.0,1.0,1.0,51424.29,0.0
266.6100601196289,France,Male,49.0,-29.132436895370482,97036.22,2.0,1.0,0.0,53541.2830078125,0.0
681.0,France,Male,34.0,3.0,0.0,2.0,0.0,0.0,55816.2,0.0
687.0,France,Female,26.0,6.0,0.0,2.0,1.0,1.0,32909.13,0.0
438.110107421875,Spain,Male,40.0,5.0,102145.13,1.0,1.0,0.0,100637.07,0.0
507.0,France,Female,33.0,1.0,113452.66,1.0,0.0,0.0,142911.99,0.0
688.0,Spain,Female,46.0,8.0,155681.72,1.0,1.0,0.0,26287.21,0.0
535.0,Germany,Male,38.0,8.0,127475.24000000002,1.0,0.0,0.0,60775.759999999995,1.0
385.6184326171875,France,Male,41.0,10.0,0.0,2.0,1.0,1.0,146257.77,0.0
488.0,France,Male,43.0,10.0,112751.13,1.0,1.0,1.0,28332.0,0.0
539.0,France,Female,29.0,4.0,0.0,2.0,1.0,1.0,100919.19,0.0
321.13537750244143,France,Male,45.0,7.0,144889.18,19.71713423728943,1.0,1.0,56273.186328125,1.0
538.0,Spain,Male,40.0,8.0,0.0,2.0,1.0,1.0,25554.4,0.0
829.0,France,Female,22.0,7.0,150126.44,1.0,1.0,0.0,152107.93,1.0
288.74123229980466,France,Male,54.0,8.0,69712.74,1.0,1.0,1.0,69381.05,0.0
585.0,Spain,Female,44.0,4.0,0.0,2.0,0.0,1.0,101728.46,0.0
581.0,France,Male,31.0,3.0,0.0,2.0,0.0,0.0,89040.61,0.0
682.0,Germany,Female,35.0,2.0,117438.92,2.0,1.0,1.0,16910.98,0.0
653.0,France,Male,38.0,8.0,119315.75,1.0,1.0,0.0,150468.35,0.0
712.0,France,Female,30.0,1.0,89571.59,1.0,1.0,1.0,177613.19,0.0
620.0,Germany,Female,34.0,8.0,102251.57,1.0,1.0,1.0,120672.09,0.0
709.0,France,Male,42.0,9.0,118546.71,1.0,1.0,1.0,77142.85,0.0
832.0,France,Male,61.0,-16.671893215179445,0.0,1.0,0.0,1.0,127804.66,1.0
635.0,Spain,Male,38.0,0.0,103257.14,1.0,0.0,0.0,158344.63,0.0
749.0,Spain,Female,43.0,-44.9661060333252,124209.01999999999,1.0,1.0,1.0,167179.48,0.0
629.0,Spain,Male,32.0,3.0,0.0,2.0,1.0,1.0,15404.64,0.0
580.6303466796875,Spain,Male,41.0,7.0,150302.84,1.0,1.0,1.0,156036.19,0.0
542.0,Spain,Male,34.0,8.0,108653.92999999998,1.0,0.0,1.0,144725.14,0.0
645.0,France,Female,45.0,8.0,85325.93,1.0,0.0,0.0,22558.74,0.0
844.0,France,Female,29.0,8.0,0.0,2.0,0.0,0.0,147342.03,0.0
747.0,Germany,Female,37.0,9.0,135776.36,12.542149233818055,0.0,0.0,85470.45,1.0
645.0,France,Male,40.0,6.0,131411.24,1.0,1.0,1.0,194656.11,0.0
752.0,Spain,Female,36.0,3.0,0.0,2.0,1.0,1.0,48505.1,0.0
760.0,Spain,Female,41.0,6.0,0.0,2.0,0.0,0.0,101491.23,1.0
350.66455078125,Spain,Female,-29.777712631225587,-31.417479228973388,106431.97,24.729855871200563,1.0,1.0,70472.2140625,0.0
717.0,France,Male,50.0,9.0,26186.59853515625,1.0,1.0,1.0,124626.57000000002,0.0
148.78765029907225,Germany,Male,17.113206100463866,7.0,7665.933569335937,2.0,1.0,1.0,34490.06,0.0
681.0,France,Male,-8.92299919128418,3.0,148884.47,2.0,1.0,1.0,90967.37,0.0
681.0,Germany,Female,44.0,4.0,91115.76,27.819759130477905,0.0,0.0,24208.84,1.0
679.0,Germany,Female,37.0,8.0,77373.87,8.32682695388794,0.0,1.0,174873.09,0.0
528.0,Spain,Male,23.0,7.0,104744.89,1.0,1.0,0.0,170262.97,0.0
710.0,France,Female,31.0,3.0,0.0,2.0,1.0,1.0,112289.06000000001,0.0
733.0,Germany,Male,27.104462283849717,5.0,26855.180078125,1.0,1.0,1.0,93783.0,0.0
724.0,France,Male,17.16712656021118,6.0,29743.800732421874,2.0,1.0,1.0,150026.79,0.0
726.0,France,Female,34.0,0.0,185734.75,1.0,1.0,1.0,102036.82,0.0
520.0,France,Male,30.0,3.0,143396.54,2.0,1.0,1.0,898.51,0.0
556.0,France,Male,40.0,5.0,125909.85,1.0,1.0,1.0,95124.4,0.0
579.0,France,Female,45.0,2.0,0.0,2.0,0.0,0.0,11514.39,0.0
674.0,France,Male,36.0,2.0,154525.7,1.0,0.0,1.0,27468.72,0.0
570.0,France,Female,29.0,0.0,0.0,1.0,1.0,0.0,37092.43,0.0
631.0,France,Male,51.0,-39.94973640441894,100654.8,1.0,1.0,0.0,171587.9,0.0
623.0,Spain,Male,44.0,1.0,83325.77,1.0,0.0,1.0,80828.78,0.0
665.0,France,Male,35.0,8.0,32780.7849609375,1.0,1.0,0.0,169287.99,0.0
523.0,Spain,Female,36.0,8.0,113680.54,1.0,0.0,0.0,13197.439999999999,0.0
706.0,Germany,Male,31.0,1.0,11786.798583984375,2.0,1.0,0.0,54439.530000000006,0.0
619.0,France,Female,49.0,9.0,145359.99,1.0,1.0,0.0,38186.85,0.0
593.0,Germany,Female,39.0,8.0,151391.68,1.0,1.0,0.0,27274.6,0.0
608.0,Spain,Male,66.0,8.0,17999.53671875,1.0,1.0,1.0,52222.9634765625,0.0
526.0,France,Female,36.0,0.0,0.0,2.0,1.0,0.0,97767.63,0.0
301.4735107421875,Spain,Male,40.0,-14.872705125808716,22454.249169921874,8.989637851715088,1.0,1.0,115468.84,1.0
604.0,Germany,Female,42.0,10.0,166031.45,1.0,1.0,0.0,98293.14,0.0
636.0,Germany,Male,36.0,6.0,96643.32,1.0,0.0,0.0,182059.28,0.0
669.0,Spain,Female,33.0,8.0,0.0,2.0,0.0,1.0,128538.05,0.0
95.56669006347656,France,Male,71.0,7.0,4821.97958984375,0.14410803020000457,0.0,1.0,14348.054248046876,0.0
631.0,France,Male,29.0,2.0,0.0,2.0,1.0,1.0,18581.84,0.0
753.0,France,Male,26.848254585266112,4.0,0.0,2.0,1.0,1.0,146821.42,0.0
588.0,France,Male,40.0,5.0,0.0,2.0,0.0,0.0,100727.68,0.0
729.0,Germany,Male,26.0,4.0,97268.1,2.0,1.0,0.0,39356.38,0.0
602.0,France,Female,42.0,10.0,0.0,2.0,0.0,0.0,169921.11,1.0
689.0,Germany,Female,55.0,1.0,76296.81,1.0,1.0,1.0,42364.75,1.0
486.0,Spain,Male,27.0,7.0,0.0,2.0,1.0,0.0,28823.04,0.0
809.0,Germany,Female,42.0,6.0,64497.94,3.0,0.0,1.0,182436.81,1.0
562.0,France,Male,38.0,5.0,0.0,1.0,1.0,0.0,115700.2,0.0
763.0,Spain,Female,32.0,8.0,0.0,2.0,1.0,0.0,16725.53,0.0
669.0,France,Male,57.0,1.9180669069290162,20385.725915527342,2.0,1.0,1.0,56875.759999999995,0.0
709.0,France,Male,39.0,8.0,0.0,2.0,1.0,0.0,56214.08999999999,0.0
554.0,Spain,Female,45.0,4.0,0.0,2.0,1.0,1.0,193412.05,0.0
699.0,France,Male,37.0,10.0,0.0,2.0,0.0,0.0,83263.04,0.0
732.0,Spain,Male,54.0,0.0,134249.7,1.0,0.0,1.0,13404.4,0.0
625.0,France,Female,45.0,3.0,0.0,1.0,1.0,1.0,184474.15,1.0
599.0,France,Male,30.0,9.0,105443.67999999998,1.0,1.0,1.0,121124.53,0.0
470.17638092041017,Spain,Female,50.0,1.0,0.0,1.0,1.0,1.0,152567.75,1.0
499.0,France,Male,35.0,0.4836150765419006,0.0,2.0,1.0,0.0,10722.54,0.0
526.0,Spain,Male,38.0,2.0,0.0,2.0,0.0,0.0,58010.98,0.0
625.0,Germany,Female,35.0,5.0,86147.46,2.0,0.0,0.0,163440.8,1.0
537.0,Spain,Female,38.0,-13.806462383270263,24561.71875,1.0,1.0,1.0,102606.92,0.0
696.0,Spain,Male,47.0,1.0,106758.6,1.0,1.0,1.0,80591.18,0.0
679.0,France,Female,33.0,9.0,112528.65,2.0,1.0,0.0,177362.45,0.0
684.0,France,Male,60.0,-26.037236356735228,116563.58,1.0,1.0,1.0,83137.8125,1.0
850.0,France,Male,32.0,4.0,0.0,1.0,1.0,1.0,53943.20756835937,0.0
495.0,Spain,Female,42.0,7.0,0.0,2.0,0.0,0.0,130404.53,0.0
537.0,Spain,Female,38.0,-37.24086799621582,141786.78,1.0,0.0,1.0,147797.54,0.0
850.0,France,Male,16.877611541748045,-6.038895606994629,15326.439453125,1.0,0.0,1.0,57844.259999999995,0.0
513.0,France,Male,30.0,5.0,0.0,2.0,1.0,0.0,162523.66,0.0
618.0,Germany,Female,40.0,-36.86526641845703,133245.52,2.0,1.0,1.0,54495.81999999999,0.0
802.0,Germany,Female,41.0,4.0,90757.64,2.0,0.0,1.0,64879.68525390625,0.0
547.0,France,Male,43.0,1.0,92350.36,1.0,0.0,1.0,80262.91,0.0
613.0,Germany,Male,69.0,9.0,10021.02421875,1.0,0.0,0.0,8751.59,0.0
592.0,Germany,Female,34.0,6.0,102143.93,2.0,1.0,1.0,102628.98,0.0
546.0,France,Male,29.0,5.0,0.0,1.0,1.0,1.0,94823.95,0.0
721.0,Germany,Male,37.0,4.0,98459.6,1.0,0.0,0.0,90821.66,0.0
671.0,Germany,Female,47.0,7.0,114603.75999999998,34.36526255607605,1.0,0.0,153194.32,1.0
624.0,Spain,Male,35.0,2.0,0.0,2.0,1.0,0.0,87310.59,0.0
751.0,France,Male,51.0,7.0,29864.1171875,1.0,1.0,0.0,90924.3125,0.0
171.86639785766602,France,Male,36.0,1.0,0.0,3.0,1.0,1.0,74048.1,1.0
177.29407653808593,Spain,Female,62.0,8.0,108004.63999999998,1.0,0.0,1.0,23386.77,1.0
509.0,Germany,Female,-0.6386799812316895,0.0,107712.57000000002,2.0,1.0,1.0,92898.17,0.0
653.0,Spain,Male,35.0,-8.680007004737854,13208.6916015625,-4.321212100982666,1.0,1.0,45956.05,0.0
709.0,Spain,Female,37.0,8.0,0.0,3.0,1.0,0.0,71738.56,0.0
559.0,France,Male,32.0,9.0,145303.52,1.0,0.0,0.0,103560.98,0.0
684.0,Germany,Male,37.0,4.0,138476.41,2.0,1.0,1.0,52367.29,0.0
635.0,France,Female,17.936431980133058,8.0,34407.85434570313,1.0,1.0,1.0,152916.05,1.0
709.0,France,Male,26.0,6.0,156551.63,1.0,0.0,1.0,4410.77,0.0
656.0,Germany,Female,49.0,-40.02647438049316,97092.87,1.0,1.0,0.0,74771.22,1.0
793.0,France,Male,32.0,2.0,0.0,2.0,1.0,0.0,193817.63,1.0
609.0,Germany,Female,37.0,5.0,129312.79,48.02387518882752,1.0,1.0,26793.82,0.0
618.0,Germany,Female,29.0,-25.571755409240723,100315.1,2.0,1.0,1.0,32526.640000000003,0.0
850.0,France,Female,35.0,6.0,81684.97,1.0,1.0,0.0,824.0,0.0
669.0,Spain,Male,51.0,3.0,88827.53,1.0,0.0,0.0,85250.77,0.0
594.0,Germany,Male,40.0,0.0,152092.44,2.0,0.0,1.0,83508.93,0.0
491.55620803833006,Spain,Male,18.157393646240234,4.0,0.0,14.64717948436737,1.0,1.0,173599.38,0.0
676.0,France,Female,49.0,1.0,0.0,1.0,1.0,0.0,79342.31,1.0
608.0,Spain,Female,38.0,9.0,102406.76,1.0,0.0,1.0,57600.66000000001,0.0
710.0,France,Male,21.0,4.0,109130.96,2.0,1.0,1.0,56191.990000000005,0.0
695.0,France,Male,29.0,5.0,0.0,2.0,1.0,1.0,6770.44,0.0
530.0,Germany,Male,33.0,9.0,75242.28,1.0,0.0,1.0,101694.67,0.0
509.0,Spain,Male,29.0,1.0,0.0,2.0,1.0,0.0,69113.14,0.0
517.0,France,Female,45.0,4.0,0.0,1.0,0.0,0.0,172674.36,1.0
758.0,Germany,Male,33.0,0.0,129142.54,2.0,1.0,1.0,26606.28,0.0
665.0,France,Male,51.0,2.0,0.0,1.0,0.0,0.0,53353.36,0.0
631.0,Germany,Female,22.0,6.0,139129.92,1.0,1.0,1.0,63747.509999999995,0.0
576.0,Spain,Male,33.0,3.0,0.0,2.0,0.0,1.0,190112.05,1.0
544.0,France,Male,22.0,3.0,66483.32,1.0,0.0,1.0,110317.38999999998,0.0
596.0,France,Male,40.0,-37.12539279460907,62389.030000000006,3.0,1.0,0.0,148623.43,0.0
481.0,France,Female,34.0,5.0,0.0,2.0,1.0,1.0,125253.46,0.0
498.0,France,Male,46.0,1.0,26947.926171875,1.0,1.0,0.0,101954.78,1.0
512.0,Spain,Male,31.0,6.0,35552.6578125,2.0,1.0,0.0,168462.26,0.0
594.0,France,Female,56.0,7.0,0.0,1.0,1.0,0.0,26215.85,1.0
570.0,France,Female,30.0,10.0,176173.52,1.0,1.0,0.0,97045.32,1.0
721.0,Spain,Male,38.0,7.0,0.0,1.0,0.0,1.0,53534.8,0.0
453.0,France,Female,37.0,4.0,131834.76,2.0,1.0,0.0,8949.2,0.0
562.0,France,Male,48.0,3.0,92347.96,1.0,1.0,1.0,163116.75,0.0
682.0,France,Male,40.0,4.0,29323.840625,2.0,1.0,0.0,140745.91,0.0
748.0,France,Male,40.0,3.0,95297.11,1.0,0.0,0.0,171515.84,0.0
729.0,France,Female,32.0,9.0,0.0,2.0,0.0,0.0,150803.44,0.0
663.0,France,Male,39.0,4.0,0.0,1.0,1.0,0.0,76884.05,0.0
299.38794860839846,France,Male,53.0,8.0,123845.36000000002,2.0,0.0,1.0,51829.6525390625,0.0
439.91791305541994,Germany,Male,62.0,3.0,143426.34,43.85103847980499,1.0,1.0,143104.3,0.0
713.0,France,Male,46.0,5.0,0.0,1.0,1.0,1.0,55701.62000000001,0.0
562.0,Germany,Male,31.0,2.0,112708.2,1.0,0.0,1.0,186370.3,0.0
632.0,France,Male,43.0,2.0,100013.51,1.0,1.0,0.0,24275.32,0.0
479.0,France,Female,33.0,2.0,208165.53,1.0,0.0,0.0,50774.81,1.0
658.0,Spain,Male,21.0,7.0,33463.753515625,2.0,0.0,1.0,154279.87,1.0
598.0,France,Female,40.0,9.0,0.0,1.0,1.0,0.0,68462.59,1.0
597.0,France,Male,19.0,2.0,0.0,2.0,1.0,1.0,91036.74,0.0
512.0,France,Female,33.0,6.0,121685.31000000001,2.0,1.0,1.0,83681.97,0.0
704.0,France,Male,39.0,-15.732601404190063,111525.01999999999,1.0,1.0,0.0,199484.96,0.0
474.0,France,Male,26.0,6.0,0.0,2.0,0.0,0.0,152491.22,0.0
604.0,Germany,Male,36.0,10.0,113546.3,1.0,1.0,1.0,134875.37,0.0
683.0,France,Male,37.32231121063232,-41.423977279663085,95696.52,2.0,0.0,1.0,184366.14,0.0
771.975244140625,France,Male,28.0,0.0,88963.31,14.046717834472656,1.0,1.0,189839.93,0.0
485.6610580444336,France,Male,31.0,0.0,31352.41484375,2.0,0.0,1.0,175643.44,1.0
732.0,France,Male,55.0,9.0,136576.02,1.0,0.0,1.0,3268.17,1.0
495.0,France,Female,38.0,2.0,63093.009999999995,1.0,1.0,1.0,47089.72,0.0
284.0718292236328,Germany,Male,38.0,10.0,132271.12,2.0,1.0,1.0,46562.02,0.0
602.0,France,Female,29.0,3.0,88814.4,2.0,1.0,1.0,62487.969999999994,0.0
607.0,Germany,Male,40.0,5.0,90594.55,1.0,0.0,1.0,181598.25,0.0
675.0,Germany,Female,33.0,0.0,141816.25,1.0,1.0,0.0,64815.05,1.0
443.0,France,Female,54.0,3.0,138547.97,1.0,1.0,1.0,70196.23,1.0
727.0,France,Female,31.0,2.0,52192.08,2.0,0.0,1.0,160383.47,0.0
482.0,France,Male,38.0,4.0,14710.32314453125,1.0,1.0,0.0,35848.12,0.0
686.0,France,Female,34.0,1.0,0.0,2.0,1.0,0.0,87278.48,0.0
588.0,Germany,Male,35.0,3.0,104356.38,1.0,1.0,0.0,94498.82,0.0
605.0,Spain,Female,48.0,-72.19612560272216,150315.92,1.0,0.0,1.0,133486.36,0.0
583.0,France,Male,39.0,1.0,129299.28,2.0,1.0,0.0,73107.6,0.0
738.0,Germany,Male,37.0,7.0,52548.4875,2.0,0.0,0.0,195333.98,1.0
744.0,Spain,Male,30.0,1.0,128065.12,1.0,1.0,0.0,121525.48000000001,0.0
781.0,France,Male,23.0,2.0,107433.48000000001,1.0,1.0,0.0,75870.92890625,0.0
699.0,France,Male,34.0,2.0,117468.67,1.0,1.0,0.0,185227.42,0.0
639.0,France,Female,27.0,2.0,0.0,2.0,0.0,0.0,125244.17999999998,0.0
583.0,France,Female,27.0,4.0,0.0,3.0,1.0,0.0,163113.41,0.0
587.0,France,Male,42.0,1.0,0.0,1.0,0.0,0.0,123006.91,0.0
694.0,France,Male,40.0,9.0,0.0,2.0,1.0,0.0,40463.03,0.0
570.0,France,Female,29.0,4.0,153040.03,1.0,1.0,1.0,131363.57,1.0
391.6823028564453,France,Female,45.0,-22.283183538913725,142084.04,27.470873761177064,1.0,0.0,67625.724609375,1.0
511.0,France,Female,30.0,5.0,0.0,2.0,1.0,0.0,143994.86,0.0
788.0,France,Male,32.0,4.0,112079.58,1.0,0.0,0.0,89368.59,0.0
526.0,France,Female,66.0,-21.117975330352785,29168.221484375,2.0,0.0,1.0,158365.89,0.0
159.14332122802733,Spain,Female,46.0,-2.141447830200195,66582.81,1.0,1.0,1.0,23766.83046875,1.0
691.0,France,Female,33.0,6.0,0.0,2.0,1.0,1.0,100408.31,0.0
481.0,France,Female,17.550150871276855,6.0,0.0,1.0,1.0,1.0,24677.54,0.0
752.0,France,Male,33.0,4.0,0.0,2.0,1.0,1.0,39570.78,0.0
658.0,France,Female,-5.171074295043946,6.0,102895.1,1.0,0.0,0.0,155665.76,0.0
679.0,France,Male,42.0,2.0,0.0,1.0,1.0,1.0,168294.27,0.0
754.0,Germany,Male,27.0,7.0,117578.35,40.97910747528076,0.0,1.0,87908.01,0.0
50.99941558837891,France,Male,47.0,1.0869293093681336,2078.0623931884766,1.1783178746700287,1.0,0.0,6112.927514648438,0.0
633.0,Spain,Female,39.0,-47.06229190826416,0.0,2.0,0.0,0.0,191207.03,0.0
674.0,France,Female,31.0,1.0,0.0,1.0,1.0,0.0,128954.05,0.0
600.0,Germany,Male,28.0,2.0,116623.31000000001,1.0,0.0,1.0,59905.29,0.0
645.0,Spain,Male,49.0,8.0,34683.86171875,2.0,1.0,0.0,162012.6,0.0
698.0,France,Male,36.0,6.0,0.0,2.0,0.0,1.0,19231.98,0.0
508.0,Spain,Male,54.0,10.0,46316.63046875,-1.3413383483886718,1.0,0.0,175749.36,0.0
555.0,France,Female,44.0,3.0,105770.7,3.0,1.0,0.0,60533.96,1.0
77.30620040893555,France,Female,48.0,9.0,0.0,1.0,1.0,0.0,10587.258239746094,1.0
738.0,France,Female,39.0,1.0,12412.0294921875,2.0,0.0,1.0,28397.56330566406,0.0
706.0,Germany,Female,39.0,-33.779279351234436,112889.91,19.21369035243988,0.0,1.0,6723.660000000001,0.0
595.0,France,Female,53.0,7.0,0.0,2.0,1.0,0.0,41371.68,1.0
577.0,France,Male,43.0,3.0,127940.47,1.0,0.0,0.0,125140.72,1.0
578.0,Germany,Female,36.0,8.0,129745.1,1.0,1.0,1.0,143683.75,0.0
699.0,France,Male,32.0,3.0,0.0,2.0,1.0,1.0,170770.44,0.0
318.83531494140624,France,Female,30.0,5.0,0.0,2.0,0.0,1.0,157397.57,0.0
656.0,Germany,Female,46.0,-32.21096051037311,141535.52,1.0,1.0,1.0,50595.15,1.0
556.0,France,Female,47.0,2.0,139914.27,1.0,1.0,1.0,50390.98,0.0
569.0,France,Female,41.0,4.0,120243.49000000002,1.0,1.0,0.0,163150.03,1.0
765.0,France,Male,34.0,9.0,33338.702734375,1.0,0.0,0.0,138280.17,0.0
544.0,Spain,Male,37.0,2.0,0.0,2.0,0.0,0.0,135067.02,0.0
588.0,Spain,Female,22.0,9.0,67178.19,1.0,1.0,1.0,163534.75,1.0
740.0,Spain,Female,31.0,8.0,0.0,2.0,0.0,0.0,86657.48,0.0
850.0,Spain,Male,38.0,-29.00002452135086,115378.93999999999,1.0,0.0,1.0,78592.194921875,0.0
766.0,Germany,Male,30.0,4.0,127786.28,19.929105842113493,1.0,1.0,28879.3,0.0
849.0,France,Female,41.0,6.0,25287.93701171875,2.0,1.0,1.0,169203.51,1.0
612.0,France,Female,33.0,0.0,64900.31999999999,2.0,1.0,0.0,102426.12,0.0
517.0,France,Male,53.0,-29.244470024108885,109172.88,1.0,1.0,0.0,54676.1,1.0
645.0,France,Female,55.0,7.0,0.0,2.0,1.0,1.0,18369.33,0.0
696.0,France,Male,3.1309431076049803,4.0,114091.38,1.0,0.0,1.0,159888.1,0.0
716.0,France,Female,40.0,3.0,0.0,2.0,0.0,1.0,167636.15,0.0
590.0,France,Male,32.0,9.0,0.0,2.0,1.0,0.0,138889.15,0.0
541.7122192382812,France,Female,45.0,7.0,145933.27,20.33915071487427,1.0,1.0,199392.14,0.0
473.0,Germany,Female,35.0,7.0,131504.73,1.0,1.0,0.0,189560.43,0.0
742.0,Germany,Female,44.0,8.0,107926.01999999999,1.0,0.0,1.0,17375.27,1.0
834.0,Germany,Male,0.15012712478637696,8.0,112281.6,3.0,0.0,0.0,140225.14,1.0
721.0,France,Male,41.0,7.0,0.0,3.208540153503418,0.0,1.0,61018.85,0.0
590.0,France,Male,29.0,10.0,15201.530859375,-1.4332303524017334,1.0,1.0,51907.72,0.0
516.0,Spain,Female,31.0,7.0,0.0,1.0,1.0,0.0,47018.75,0.0
850.0,France,Male,33.0,0.0,124781.67,1.0,0.0,1.0,92733.2953125,0.0
748.0,France,Male,-9.960810160636902,9.0,132865.56,1.0,1.0,1.0,59636.43000000001,1.0
798.0,Germany,Female,38.0,4.0,129055.13,1.0,1.0,0.0,157147.59,0.0
612.0,Germany,Male,76.0,6.0,96166.88,1.0,0.0,0.0,191393.26,0.0
540.0,France,Female,40.0,3.0,165298.12,1.0,0.0,1.0,199862.75,0.0
719.0,Spain,Female,33.0,7.0,0.0,2.0,1.0,0.0,20016.59,0.0
598.0,France,Male,48.0,6.0,120682.53,1.0,1.0,0.0,30635.52,0.0
796.0,Spain,Male,32.0,5.0,102773.15,2.0,0.0,0.0,117832.88,0.0
579.0,Germany,Male,42.0,0.0,144386.32,1.0,1.0,1.0,88987.0984375,1.0
850.0,Germany,Female,40.0,7.0,104449.8,1.0,1.0,1.0,747.88,0.0
599.0,Spain,Male,35.0,6.0,137102.65,1.0,0.0,0.0,58844.9869140625,0.0
724.0,France,Female,30.0,-51.93250579833985,142475.87,1.0,0.0,1.0,95726.6015625,0.0
508.0,France,Female,43.0,9.0,0.0,1.0,1.0,0.0,103726.71,0.0
773.0,Spain,Male,37.0,2.0,103195.2,31.125293445587157,1.0,0.0,178268.36,0.0
526.0,France,Male,28.0,1.0,112070.43999999999,1.0,0.0,1.0,126281.83,0.0
542.0,France,Female,29.0,7.0,0.0,2.0,0.0,1.0,196651.72,0.0
470.0,France,Male,35.0,1.0,96473.59,1.0,0.0,0.0,5962.3,0.0
805.0,Spain,Male,37.0,-5.354221141338348,0.0,2.0,1.0,0.0,21928.81,0.0
548.0,Germany,Male,34.04697742462158,9.0,28993.10061035156,-21.355684792995454,0.0,0.0,127022.87,1.0
672.0,France,Male,37.0,5.0,153195.59,26.472082540392876,1.0,0.0,162763.01,0.0
338.141845703125,France,Male,45.0,-28.398407173156738,96877.21,1.0,1.0,0.0,113950.50999999998,1.0
614.0,France,Male,44.0,6.0,0.0,2.0,1.0,1.0,54447.90546875,0.0
537.0,France,Female,38.0,10.0,0.0,1.0,0.0,0.0,52337.97,1.0
704.0,France,Female,40.0,6.0,95452.89,1.0,0.0,1.0,179964.55,0.0
586.0,Spain,Male,41.0,3.0,63873.56,1.0,1.0,0.0,83753.64,0.0
677.0,France,Female,24.0,0.0,148298.59,2.0,0.0,0.0,182913.95,0.0
558.0,Spain,Female,31.0,7.0,0.0,2.0,1.0,0.0,166720.28,0.0
634.0,Germany,Female,37.0,7.0,143258.85,2.0,1.0,0.0,104424.6515625,1.0
531.8106132507324,Germany,Male,37.0,9.0,37145.67272338867,1.0,1.0,1.0,180241.44,0.0
619.0,Germany,Female,28.0,6.0,99152.73,2.0,1.0,0.0,48475.12,0.0
662.0,France,Female,41.0,4.0,0.0,2.0,1.0,0.0,126551.48000000001,0.0
194.5106399536133,Spain,Male,33.0,7.0,10168.248657226562,1.0,1.0,1.0,64872.55,0.0
527.0,Spain,Female,35.0,-10.83474975824356,0.0,1.0,1.0,0.0,32561.4154296875,1.0
630.0,Germany,Female,25.0,7.0,24981.0625,1.0,1.0,0.0,93524.22,0.0
850.0,France,Male,35.0,2.0,0.0,2.0,1.0,1.0,56991.66000000001,0.0
668.0,France,Female,-0.20647907257080078,10.0,110240.04,1.0,0.0,0.0,183980.56,1.0
573.0,France,Female,32.0,9.0,125321.84,2.0,1.0,1.0,130234.63,1.0
680.0,France,Male,27.0,3.0,0.0,1.0,1.0,0.0,32454.26,0.0
758.0,France,Female,32.0,2.0,84378.9,1.0,1.0,1.0,75396.43,0.0
597.0,France,Male,45.0,7.0,0.0,2.0,0.0,0.0,167756.45,0.0
580.0,Germany,Male,6.476514053344727,10.0,136281.41,2.0,1.0,1.0,24799.47,0.0
622.0,France,Female,59.0,5.0,17880.8126953125,1.0,1.0,1.0,60429.43000000001,0.0
638.0,Germany,Male,62.0,4.0,19126.346801757812,2.4876788854599,1.0,1.0,74241.09,0.0
640.0,France,Female,20.0,4.0,0.0,2.0,0.0,1.0,78310.82,0.0
644.0,Spain,Male,28.0,0.0,0.0,2.0,1.0,0.0,119419.37,0.0
753.0,France,Female,31.0,6.0,106596.29,1.0,0.0,0.0,91305.77,0.0
629.0,France,Male,-5.377730011940002,10.0,99546.25,3.0,0.0,1.0,68844.22661132812,1.0
775.0,France,Female,34.23187627792358,5.0,0.0,1.0,0.0,0.0,193880.6,1.0
701.0,France,Female,41.0,2.0,0.0,1.0,1.0,0.0,47856.78,0.0
708.0,Spain,Male,19.0,7.0,112615.86000000002,1.0,1.0,1.0,4491.77,0.0
521.0,France,Female,22.0,10.0,0.0,1.0,1.0,1.0,101311.95,0.0
636.0,France,Female,24.0,9.0,0.0,2.0,1.0,1.0,38830.72,0.0
529.0,France,Female,31.0,5.0,0.0,2.0,1.0,0.0,26817.23,0.0
757.0,France,Male,28.0,3.0,75381.15,1.0,1.0,1.0,199727.72,0.0
767.0,Spain,Female,24.0,5.0,0.0,2.0,1.0,0.0,67445.85,0.0
525.0,Spain,Male,27.514682674407958,5.0,0.0,2.0,1.0,0.0,161002.29,0.0
759.0,Spain,Male,38.0,1.0,0.0,2.0,1.0,0.0,20778.39,0.0
520.0,Germany,Female,45.0,-31.49092411994934,123086.38999999998,1.0,1.0,1.0,41042.4,1.0
738.0,France,Female,26.0,3.0,0.0,2.0,1.0,0.0,67484.16,0.0
548.0,Spain,Male,37.0,4.0,0.0,1.0,1.0,0.0,121763.67999999998,0.0
535.0,Spain,Male,48.0,-43.95766911506653,109472.47,1.0,1.0,0.0,157358.43,1.0
529.0837799072266,Germany,Male,-0.14705944061279297,-55.07576141357422,155766.05,1.0,1.0,1.0,110275.17,1.0
850.0,Germany,Male,38.0,7.0,101985.81,2.0,0.0,0.0,43801.27,0.0
487.0,France,Female,34.0,2.0,96019.5,1.0,0.0,0.0,9085.0,0.0
731.0,France,Male,30.0,7.0,0.0,2.0,0.0,1.0,143086.09,0.0
726.0,Spain,Female,35.0,9.0,0.0,2.0,1.0,1.0,100556.98,0.0
609.0,France,Female,35.0,2.0,147900.43,1.0,1.0,0.0,140000.29,0.0
714.0,France,Male,52.0,-44.60310754776001,100755.66,8.026993298530579,1.0,1.0,186775.25,0.0
694.0,Spain,Female,35.0,7.0,0.0,1.0,1.0,0.0,133570.43,1.0
786.0,France,Female,33.0,0.0,83036.05,1.0,0.0,1.0,154990.58,1.0
698.0,Spain,Male,27.0,6.0,125427.37,2.0,0.0,0.0,27654.439999999995,0.0
601.0,France,Female,46.0,3.0,98202.76,1.0,0.0,0.0,137763.93,0.0
200.08578796386718,Spain,Male,41.0,1.0,72509.91,1.0,1.0,0.0,25723.73,0.0
850.0,Germany,Male,12.844770765304565,3.0,49869.73203125,2.0,1.0,1.0,186285.52,0.0
326.991284942627,France,Female,-5.410043478012085,-44.4412380695343,142644.64,28.178262305259704,1.0,1.0,49292.04288330078,1.0
659.0,France,Female,44.0,9.0,23503.31,1.0,0.0,1.0,169862.01,1.0
487.0,Germany,Male,33.0,8.0,145729.71,34.7264986038208,1.0,0.0,41365.85,0.0
740.0,Germany,Female,40.0,2.0,122295.17,2.0,1.0,0.0,30812.840000000004,0.0
686.0,France,Male,39.0,4.0,0.0,2.0,1.0,0.0,155023.93,0.0
612.0,Spain,Female,36.0,5.0,119799.26999999999,28.080010771751404,1.0,0.0,159416.58,0.0
655.0,Spain,Male,37.0,8.0,163708.58,9.925520503520966,0.0,0.0,76259.23,0.0
617.0,France,Male,34.0,1.0,61687.33,2.0,1.0,0.0,105965.25,0.0
674.0,France,Female,27.0,4.0,79144.34,1.0,0.0,1.0,50743.83,0.0
711.0,France,Male,32.0,5.0,33947.4953125,2.0,1.0,1.0,147720.27,0.0
624.0,Germany,Female,27.0,-18.717446041107177,104848.68,1.0,1.0,1.0,167387.36,0.0
597.0,Spain,Male,26.0,5.0,0.0,2.0,0.0,1.0,95159.13,0.0
59.577518463134766,Spain,Male,46.0,4.0,0.0,1.0,1.0,1.0,4654.28,0.0
775.0,France,Male,45.0,8.0,0.0,11.190054130554199,1.0,0.0,130376.67999999998,0.0
727.0,France,Female,29.0,1.0,146652.01,1.0,1.0,1.0,173486.39,0.0
629.0,France,Male,31.0,6.0,0.0,2.0,1.0,0.0,93881.75,0.0
684.0,France,Female,46.0,0.0,0.0,2.0,1.0,0.0,36376.97,0.0
549.0,Germany,Female,37.0,1.0,130622.34,2.0,0.0,1.0,128499.93999999999,0.0
593.0,France,Male,69.0,2.0,187013.13,2.0,0.0,1.0,105898.68999999999,0.0
536.0,Spain,Male,40.0,9.0,0.0,2.0,1.0,0.0,11959.03,0.0
707.0,France,Female,36.0,6.0,0.0,1.0,0.0,0.0,98810.78,0.0
592.0,Spain,Male,41.0,0.0,0.0,2.0,1.0,0.0,65906.07,0.0
703.0,France,Male,44.0,6.0,98862.54,13.937787510827183,1.0,0.0,151516.7,0.0
723.0,Spain,Female,45.0,4.0,0.0,2.0,1.0,0.0,37214.39,1.0
452.0,Germany,Male,52.0,1.0,98443.14,2.0,0.0,0.0,92033.98,0.0
552.0,Spain,Male,42.0,4.0,0.0,2.0,0.0,0.0,195692.3,0.0
633.0,France,Female,47.0,0.0,0.0,1.0,1.0,1.0,6342.84,1.0
479.0,Germany,Female,23.0,9.0,123575.50999999998,1.0,0.0,1.0,95148.28,0.0
768.0,France,Male,25.0,6.0,0.0,2.0,1.0,1.0,21215.67,0.0
742.0,France,Male,31.0,4.0,105239.1,1.0,1.0,1.0,19700.24,0.0
70.86019439697266,Germany,Male,56.0,9.0,3841.8701293945314,1.7797669291496276,1.0,0.0,10068.378857421874,1.0
506.49347229003905,Spain,Male,44.0,-14.611077570915223,0.0,2.0,1.0,0.0,135077.01,0.0
331.315966796875,France,Male,39.0,-6.383948743343353,16958.696380615234,4.5672113537788395,1.0,0.0,133600.89,1.0
544.0,Germany,Male,-2.8264808654785156,5.0,105245.21,1.0,0.0,0.0,99922.08,1.0
718.0,Spain,Male,32.0,8.0,0.0,1.3597896099090576,1.0,1.0,41399.33,0.0
762.0,France,Male,31.0,7.0,117687.35,27.06373085975647,1.0,1.0,82953.18671875,0.0
772.0,France,Male,23.0,2.0,0.0,2.0,1.0,0.0,18364.19,0.0
691.0,Germany,Female,13.893035757541657,7.0,123067.63,1.0,1.0,1.0,98162.44,1.0
502.0,France,Male,45.0,0.0,0.0,1.0,0.0,0.0,84663.21,0.0
563.0,France,Female,34.0,6.0,0.0,2.0,0.0,0.0,36536.93,0.0
676.0,France,Female,41.0,4.0,101457.14,1.0,1.0,1.0,79101.67,0.0
576.0,Spain,Male,4.564233207702637,2.0,100549.43,2.0,1.0,1.0,16644.16,0.0
629.0,Spain,Male,27.86410140991211,4.0,41176.47578125,2.0,0.0,1.0,158420.14,1.0
625.0,Spain,Male,52.0,8.0,121161.57000000002,1.0,1.0,0.0,48988.28,0.0
268.674787902832,France,Male,45.0,9.0,0.0,2.0,1.0,0.0,96862.56,0.0
471.0,Germany,Female,36.0,5.0,90063.74,2.0,1.0,1.0,96366.7,0.0
811.0,France,Female,15.94321060180664,5.0,0.0,2.0,1.0,1.0,146123.19,0.0
504.0,France,Male,42.0,3.0,134936.97,2.0,0.0,0.0,135178.91,0.0
687.0,France,Female,24.0,3.0,110495.26999999999,1.0,1.0,0.0,158615.41,0.0
660.0,Germany,Female,37.0,2.0,133200.09,1.0,0.0,0.0,71433.88,0.0
548.0,France,Female,41.0,4.0,82596.8,1.0,0.0,1.0,55672.08999999999,0.0
609.0,Germany,Male,31.0,9.0,103837.75,1.0,1.0,1.0,61189.009375,0.0
659.0,Spain,Female,42.0,2.0,0.0,1.0,0.0,0.0,51519.1140625,0.0
235.37539978027343,France,Male,52.0,8.0,93590.47,1.0,0.0,1.0,21228.71,0.0
725.0,Germany,Male,40.0,8.0,104149.66,1.0,1.0,0.0,62027.9,0.0
519.0,Spain,Female,-11.396695470809936,1.0,114141.63999999998,27.905881118774413,1.0,1.0,60988.21,1.0
562.0,Germany,Female,31.0,9.0,117153.0,1.0,1.0,1.0,108675.00999999998,0.0
482.0,Germany,Male,15.342708492279053,7.0,17958.3203125,1.0,1.0,0.0,72643.95,1.0
65.30530700683593,Spain,Male,37.0,3.0,3097.01669921875,2.0,1.0,1.0,9241.52,0.0
561.0,France,Female,27.0,9.0,135637.0,1.0,1.0,0.0,153080.4,1.0
661.0,France,Female,30.0,7.0,0.0,2.0,1.0,0.0,72196.57,0.0
771.0,France,Male,27.0,-10.403323411941528,0.0,2.0,1.0,1.0,66061.9046875,0.0
545.0,France,Male,26.0,7.0,0.0,2.0,0.0,1.0,156598.23,0.0
850.0,Germany,Female,33.0,2.0,17525.210546875,1.0,0.0,0.0,74917.64,0.0
601.0,France,Female,1.0904869556427002,-46.569034576416016,141859.12,30.113572311401366,1.0,1.0,111249.62,0.0
375.5409729003906,Germany,Female,38.0,7.0,132767.66,42.20856547355652,1.0,0.0,59115.77,0.0
589.0,France,Female,31.0,10.0,110635.32000000002,1.0,1.0,0.0,148218.86,0.0
600.0,Spain,Male,37.0,8.0,177657.35,1.0,1.0,1.0,77142.32,0.0
642.0,Germany,Male,41.0,-51.54784359931946,157777.58,1.0,1.0,0.0,67484.6,0.0
292.07376861572266,France,Male,-0.12361631393432618,9.0,107915.93999999999,2.0,0.0,1.0,57344.44873046875,0.0
570.0,France,Male,57.0,5.0,86568.75,1.0,0.0,1.0,103660.31,0.0
766.2731201171875,Germany,Male,52.0,9.0,46063.188671875,1.0,1.0,0.0,163191.99,1.0
796.0,France,Male,-2.864195680618286,2.0,137262.71,2.0,1.0,0.0,62905.29,0.0
833.0,Spain,Male,32.0,6.0,0.0,1.0,1.0,1.0,90696.8900390625,1.0
642.0,France,Female,36.0,-25.338713550567626,0.0,2.0,1.0,0.0,97938.59,0.0
655.0,France,Male,28.0,10.0,0.0,2.0,0.0,1.0,126565.21,0.0
68.9551773071289,France,Male,50.0,9.0,2744.1639770507813,1.0,1.0,0.0,8675.830615234376,1.0
617.0,France,Female,34.0,-45.35304126739502,131244.65,2.0,1.0,0.0,183229.02,0.0
762.0,Germany,Male,28.0,3.0,22380.01533203125,2.0,1.0,1.0,106024.01999999999,0.0
703.0,Spain,Male,35.0,-71.22162475585938,140691.08,42.67519111633301,1.0,0.0,167810.26,0.0
561.3470031738282,France,Male,29.06689033508301,3.0,58820.31999999999,2.0,1.0,1.0,138536.09,0.0
593.1505859375,Germany,Female,26.0,3.0,105099.45,1.0,1.0,0.0,184520.0,1.0
593.0,France,Male,31.0,9.0,0.0,2.0,0.0,1.0,20492.16,0.0
648.0,Germany,Male,23.0,9.0,168372.52,1.0,1.0,0.0,134676.72,0.0
462.0,France,Male,34.0,1.0,94682.56,2.0,1.0,0.0,138478.2,0.0
596.0,Spain,Male,36.0,2.0,0.0,2.0,0.0,1.0,125557.95,1.0
627.0,France,Female,44.0,-10.788440251350403,0.0,2.0,1.0,0.0,82969.61,1.0
494.0,France,Male,40.0,7.0,0.0,2.0,0.0,1.0,158071.69,0.0
627.0,France,Male,73.0,0.0,146329.73,1.0,0.0,1.0,102826.3171875,0.0
850.0,Spain,Male,21.53631420135498,2.0,0.0,2.0,1.0,0.0,119969.99000000002,0.0
632.0,France,Female,49.0,5.0,167962.7,1.0,0.0,0.0,140201.21,0.0
323.986083984375,France,Male,33.0,1.0,0.0,2.0,1.0,1.0,80792.83,0.0
715.0,France,Male,16.32005548477173,-19.500753021240236,0.0,1.0,1.0,1.0,141359.11,0.0
679.0,France,Male,48.0,8.0,0.0,2.0,1.0,0.0,23344.94,0.0
116.16051177978515,France,Male,44.0,3.0,116967.67999999998,1.0,1.0,0.0,5075.17,1.0
465.0,Spain,Female,33.0,6.0,0.0,7.6200350522994995,1.0,1.0,95500.98,0.0
736.0,Spain,Male,32.0,7.0,0.0,1.0,0.0,1.0,79082.62,0.0
501.0,Germany,Female,34.0,7.0,93244.42,1.0,0.0,1.0,199805.63,0.0
535.0,France,Female,29.0,5.0,0.0,2.0,0.0,1.0,52709.55,0.0
256.6127227783203,France,Female,33.0,2.0,0.0,2.377679060399532,1.0,0.0,56583.87999999999,0.0
819.0,France,Male,35.0,1.0,0.0,2.0,0.0,1.0,3385.04,0.0
533.0,Germany,Male,43.0,4.0,80442.06,2.0,1.0,1.0,12537.42,0.0
632.0,Germany,Female,35.0,2.0,150561.03,2.0,0.0,0.0,64722.61,0.0
686.0,France,Male,60.0,9.0,27384.8984375,5.313629579544068,1.0,0.0,79885.4125,0.0
687.0,France,Female,34.0,9.0,125474.43999999999,1.0,1.0,0.0,198929.84,0.0
667.0,Germany,Female,33.0,4.0,127076.67999999998,2.0,1.0,0.0,69011.66,0.0
699.0,Spain,Female,25.0,8.0,0.0,2.0,1.0,1.0,51456.02421875,0.0
497.0,Spain,Male,37.0,8.0,128650.11000000002,2.0,0.0,1.0,163641.53,0.0
780.0,Spain,Female,33.0,6.0,145580.61,1.0,1.0,0.0,154598.56,0.0
652.0,France,Female,51.0,-13.504349875450135,0.0,1.0,1.0,0.0,173989.47,1.0
477.0,France,Male,47.0,9.0,144900.58,1.0,1.0,0.0,61315.37000000001,1.0
652.0,France,Female,37.0,4.0,0.0,2.0,1.0,0.0,143393.24,0.0
488.0,France,Female,31.0,8.0,97588.6,1.0,0.0,0.0,124210.53,0.0
572.0,France,Male,24.0,1.0,0.0,2.0,1.0,0.0,151460.84,0.0
755.0,France,Female,38.0,1.0,0.0,2.0,1.0,0.0,20734.81,0.0
62.69722900390625,France,Female,24.0,10.0,1923.3556884765626,0.8453544467687607,1.0,0.0,5800.443505859375,0.0
693.0,Spain,Female,46.0,3.0,151709.33,1.0,1.0,0.0,180736.24,0.0
530.0,Spain,Female,22.0,7.0,0.0,2.0,1.0,0.0,104170.48,0.0
738.0,Spain,Female,33.0,3.0,122134.4,2.0,0.0,1.0,27867.590000000004,0.0
690.0,Germany,Male,31.0,-55.7278938293457,137260.45,2.0,1.0,0.0,55387.280000000006,0.0
611.0,France,Female,30.0,9.0,88594.14,1.0,1.0,0.0,196332.45,0.0
643.0,Spain,Male,34.0,6.0,0.0,2.0,1.0,1.0,116046.22,0.0
415.5068603515625,Germany,Female,-20.26624174118042,-33.37822265625,127205.32000000002,4.0,1.0,0.0,93874.87,1.0
727.0,Spain,Female,31.0,-31.232607698440553,96997.09,2.0,0.0,0.0,76614.04,0.0
508.0,France,Female,64.0,2.0,0.0,1.0,1.0,1.0,6076.62,0.0
550.0,France,Male,31.0,5.0,142200.19,2.0,1.0,1.0,122221.71,0.0
754.0,Germany,Female,39.0,3.0,160761.41,1.0,1.0,1.0,24156.03,0.0
759.0,France,Male,26.0,4.0,0.0,2.0,1.0,0.0,135394.62,0.0
794.0,Spain,Male,33.0,8.0,0.0,2.0,0.0,0.0,41979.0353515625,0.0
549.0,France,Male,29.0,3.0,0.0,2.0,1.0,0.0,146090.38,0.0
671.0,France,Male,31.0,0.0,116234.61000000002,1.0,1.0,0.0,172096.08,0.0
756.0,France,Female,-13.98555006980896,5.0,155143.52,1.0,0.0,0.0,135034.57,1.0
632.0,France,Female,21.0,1.0,0.0,2.0,1.0,0.0,84008.66,0.0
579.0,France,Male,38.0,8.0,0.0,2.0,0.0,0.0,91763.67,0.0
428.5019927978516,France,Male,34.0,5.0,84009.47,1.0,1.0,0.0,137001.1,0.0
488.0,Germany,Female,28.0,7.0,139246.22,2.0,1.0,0.0,106799.49000000002,0.0
710.0,Germany,Male,-49.87903327941895,7.0,170113.0,2.0,0.0,1.0,10494.64,0.0
619.0,France,Female,21.841032600402833,-8.316216158866883,18572.732055664062,4.339151525497437,1.0,1.0,55871.35600585937,1.0
329.2163227081299,France,Male,64.0,-44.10841052532196,145578.28,1.0,0.0,1.0,57337.34777832031,0.0
657.0,Spain,Male,75.0,-18.43875608444214,126273.95,21.98830289840698,0.0,1.0,91673.6,0.0
579.0,France,Female,26.0,10.0,162482.76,1.0,1.0,1.0,18458.2,0.0
542.0,France,Male,29.0,9.0,0.0,1.0,1.0,0.0,8342.35,0.0
709.0,France,Female,32.0,2.0,87814.89,1.0,1.0,0.0,138578.37,0.0
617.0,Spain,Male,4.796557083725929,3.0,113858.95,1.0,1.0,1.0,38129.22,0.0
364.4474411010742,France,Male,43.0,-16.01057426929474,19519.405859375,4.0,1.0,1.0,107155.4,1.0
769.0,France,Female,73.0,1.0,0.0,1.0,1.0,1.0,29792.109999999997,0.0
608.0,Germany,Male,26.0,1.0,106648.98000000001,1.0,0.0,1.0,7063.6,0.0
503.0,Spain,Male,31.0,4.0,0.0,2.0,1.0,1.0,36814.6873046875,0.0
608.0,Germany,Female,38.0,8.0,103653.51,2.0,1.0,1.0,137079.86,1.0
731.0,Germany,Female,37.0,3.0,116880.53,21.80515060424805,0.0,0.0,172718.35,1.0
850.0,Germany,Female,40.0,4.0,97990.49,2.0,0.0,0.0,106691.01999999999,0.0
591.0,Germany,Female,34.0,4.0,150635.3,1.0,1.0,1.0,72274.84,0.0
579.0,Spain,Male,37.0,4.0,0.0,2.0,1.0,1.0,32246.629999999997,0.0
385.40642700195315,France,Male,39.0,10.0,129674.88999999998,2.0,1.0,0.0,80552.36,0.0
709.0,France,Female,37.0,9.0,0.0,2.0,1.0,0.0,16733.59,0.0
611.0,France,Male,53.0,3.0,83568.26,1.0,0.0,0.0,1235.49,0.0
252.01727294921875,Spain,Male,48.0,4.0,178144.91,2.0,0.0,0.0,50168.41,1.0
363.4587127685547,Germany,Male,36.0,6.0,147137.74,1.0,1.0,1.0,33687.9,0.0
618.0,France,Male,37.0,5.0,0.0,1.0,0.0,1.0,178705.45,1.0
704.0,France,Male,36.0,3.0,114370.41,1.0,0.0,1.0,66810.48,0.0
835.0,Spain,Female,-13.454504823684692,5.0,108289.28,2.0,0.0,1.0,45859.55,1.0
714.0,Germany,Male,39.0,3.0,149887.49,2.0,1.0,0.0,98851.6875,0.0
581.0,Spain,Female,43.0,4.0,170172.9,1.0,0.0,1.0,100236.02,0.0
592.0,France,Male,27.0,3.0,0.0,2.0,1.0,1.0,19645.65,0.0
551.0,France,Male,43.0,7.0,0.0,2.0,1.0,0.0,50279.46484375,0.0
689.0,Germany,Female,28.0,2.0,64808.31999999999,2.0,0.0,0.0,78591.15,0.0
604.0,France,Female,56.0,0.0,62732.65,1.0,0.0,1.0,124954.56000000001,0.0
514.0,France,Female,41.0,7.0,0.0,2.0,1.0,1.0,3756.65,0.0
698.0,France,Male,29.0,5.0,95167.55,1.0,1.0,1.0,152723.23,0.0
581.0,Germany,Female,54.0,-33.87175273895264,152508.99,1.0,1.0,0.0,187597.98,1.0
573.0,Germany,Male,31.0,-29.221358680725096,134644.19,1.0,1.0,1.0,70381.49,0.0
449.0,Spain,Female,33.0,8.0,0.0,2.0,0.0,0.0,156792.89,0.0
850.0,Germany,Female,31.0,3.0,51293.47,1.0,0.0,0.0,35534.68,0.0
612.0,France,Male,41.0,5.0,0.0,3.0,0.0,0.0,151256.22,0.0
690.0,Spain,Male,49.0,8.0,116622.73000000001,26.641653633117677,0.0,0.0,93103.6546875,0.0
599.0,Spain,Female,49.0,2.0,0.0,2.0,1.0,0.0,111190.53,0.0
498.0,France,Male,33.0,1.0,198113.86,1.0,1.0,0.0,69664.35,0.0
497.0,France,Female,29.0,4.0,85646.81,1.0,0.0,0.0,63233.02,1.0
165.2903030395508,Spain,Male,51.0,7.0,0.0,1.0,0.0,1.0,40855.79,0.0
644.0,France,Male,33.0,9.0,141234.98,1.0,1.0,0.0,95673.05,0.0
271.79213562011716,France,Male,34.0,10.0,14518.081787109375,2.0,0.0,1.0,80234.14,0.0
690.0,France,Female,40.0,9.0,77641.99,1.0,0.0,0.0,189051.59,1.0
522.0,Spain,Female,30.0,-2.232096314430237,0.0,2.0,1.0,0.0,34032.65590820312,0.0
502.0,Germany,Female,40.0,7.0,117304.29,1.0,0.0,0.0,196278.32,0.0
730.0,France,Female,62.0,2.0,0.0,2.0,1.0,0.0,79501.3734375,0.0
590.0,Germany,Male,36.0,6.0,92340.69,2.0,1.0,1.0,174667.58,0.0
458.0,Germany,Male,35.0,9.0,146780.52,2.0,1.0,1.0,3476.38,0.0
553.0,Spain,Male,41.0,6.0,144974.55,1.0,1.0,1.0,19344.92,0.0
479.0,France,Male,47.0,1.0,0.0,1.0,1.0,0.0,95270.83,0.0
399.7016067504883,France,Male,31.0,2.0,0.0,2.0,1.0,1.0,107759.31000000001,0.0
707.0,Spain,Male,43.0,10.0,0.0,2.0,1.0,0.0,118368.2,0.0
636.0,Spain,Male,37.0,1.0,115137.25999999998,1.0,1.0,0.0,52484.009999999995,0.0
807.0,France,Male,-19.688066840171814,10.0,101952.97,2.0,1.0,0.0,178153.65,0.0
513.0,France,Female,45.0,0.0,164649.52,3.0,1.0,0.0,49915.52,1.0
582.0,France,Male,31.0,2.0,0.0,2.0,1.0,1.0,33747.03,0.0
694.0,France,Male,32.0,0.0,91956.49,1.0,1.0,1.0,61850.16875,0.0
95.60616912841797,France,Male,39.0,8.0,0.0,2.0,1.0,1.0,18613.52,0.0
582.6147644042969,Germany,Male,32.0,9.0,123938.6,2.0,0.0,0.0,198894.42,1.0
762.0,France,Male,13.778524696826935,-17.427202272415162,22587.38363647461,7.820542728900909,1.0,0.0,67865.3609741211,1.0
588.0,France,Female,34.0,-68.6506269454956,120777.88,1.0,1.0,1.0,131729.52,0.0
663.0,Germany,Male,42.0,5.0,90248.79,1.0,1.0,1.0,79169.73,0.0
777.0,France,Male,36.0,7.0,0.0,1.0,1.0,0.0,106472.34,0.0
592.0,France,Male,18.94540901184082,4.0,0.0,2.0,0.0,1.0,17013.54,0.0
631.0,Germany,Male,48.0,1.0,106396.48000000001,20.72634358406067,1.0,1.0,150661.42,1.0
725.0,Germany,Female,47.0,1.0,104887.42999999998,1.0,0.0,0.0,86622.56,1.0
489.4510131835938,France,Male,34.0,2.0,26853.748828125,1.0,1.0,1.0,115767.92999999998,0.0
540.0,France,Male,37.0,6.0,31559.579296875,2.0,1.0,0.0,141998.89,0.0
674.0,France,Male,36.0,2.0,0.0,2.0,1.0,1.0,182787.17,0.0
553.0,France,Male,38.0,3.0,99844.68,1.0,0.0,0.0,187915.7,0.0
630.0,France,Female,28.0,1.0,0.0,2.0,1.0,1.0,133267.78,0.0
616.4228271484375,France,Male,26.0,3.0,156815.71,1.0,1.0,1.0,137476.09,0.0
613.0,France,Male,47.0,6.0,146034.74,1.0,1.0,1.0,77146.14,0.0
558.0,France,Male,13.51271448135376,1.0,152283.39,1.0,1.0,0.0,88365.25859375,0.0
775.0,Germany,Female,33.0,1.0,118897.1,2.0,1.0,1.0,26362.4,0.0
698.0,Germany,Male,52.0,8.0,35436.240625,1.0,1.0,1.0,153373.71,0.0
608.0,Germany,Male,33.0,1.0,102772.67,2.0,1.0,0.0,70705.58,0.0
670.0,Spain,Female,20.0,4.0,30309.56640625,2.0,1.0,0.0,119759.24000000002,0.0
591.0,Spain,Male,39.0,8.0,0.0,2.0,0.0,0.0,42392.24,0.0
633.0,France,Male,40.0,4.0,150578.0,1.0,0.0,1.0,34670.62,1.0
678.0,France,Female,46.0,1.0,0.0,2.0,0.0,0.0,82106.19,0.0
590.0,France,Male,47.0,3.0,0.0,2.0,1.0,0.0,171774.5,0.0
705.0,France,Female,48.0,0.0,0.0,2.0,0.0,0.0,149772.61,0.0
608.0,France,Male,42.0,10.0,163548.07,1.0,1.0,0.0,98433.00390625,0.0
682.0,France,Female,37.0,8.0,148580.12,1.0,1.0,0.0,35179.18,0.0
596.0,Germany,Male,32.0,3.0,96709.07,2.0,0.0,0.0,41788.37,0.0
395.0,Germany,Male,34.0,5.0,106011.59,1.0,1.0,1.0,17376.57,1.0
502.58428344726565,France,Male,37.0,-33.44752502441406,135650.88,1.0,1.0,0.0,199428.19,0.0
547.0,Germany,Male,-15.657533836364745,4.0,111362.75999999998,3.0,1.0,0.0,16922.28,1.0
549.8558380126954,France,Male,49.35288047790527,1.0,39344.83,1.0,1.0,1.0,178291.89,1.0
774.0,Germany,Female,36.0,9.0,130809.76999999999,1.0,1.0,0.0,152290.28,0.0
712.0,France,Female,27.0,2.0,133009.51,1.0,1.0,0.0,126809.15,0.0
261.2393051147461,Germany,Female,28.0,9.0,135337.49,2.0,1.0,1.0,40385.61,0.0
666.0,France,Female,32.0,10.0,17162.866796875,2.0,1.0,1.0,34350.54,0.0
708.0,Spain,Female,35.0,8.0,122570.68999999999,1.0,0.0,0.0,199005.88,0.0
513.0,France,Male,44.0,-6.732234287261963,63562.02,2.0,0.0,1.0,52629.73,1.0
445.0,France,Male,37.0,3.0,0.0,5.722408890724182,1.0,1.0,180012.39,0.0
690.0,Germany,Male,44.0,-22.017930817604064,100368.63,2.0,0.0,0.0,35342.33,0.0
850.0,France,Male,37.0,-27.58717198371887,0.0,2.0,1.0,0.0,109291.22,0.0
537.0,Spain,Female,33.0,7.0,136082.0,1.0,1.0,0.0,62746.54,0.0
705.0,Germany,Male,27.24708490371704,9.0,16708.107916259767,1.0,0.0,0.0,52531.99052734375,0.0
670.0,France,Female,45.0,5.0,47884.92,1.0,1.0,1.0,54340.240000000005,0.0
652.0,Spain,Female,36.0,1.0,0.0,2.0,1.0,1.0,19302.78,0.0
696.0,Spain,Male,24.0,9.0,0.0,1.0,0.0,0.0,10883.52,0.0
88.16752471923829,France,Male,49.0,6.0,4575.182958984375,1.0,1.0,0.0,13070.7435546875,0.0
511.0,France,Female,46.0,1.0,0.0,1.0,1.0,1.0,115779.48000000001,1.0
555.914599609375,Spain,Male,43.0,2.0,161807.18,78.51014595031738,0.0,1.0,93130.90078125,1.0
629.4962951660157,Germany,Male,52.0,3.0,110791.97,1.0,1.0,0.0,148704.77,1.0
642.0,Spain,Female,33.0,9.0,0.0,2.0,1.0,1.0,150475.14,0.0
262.30308227539064,Spain,Female,54.0,6.0,108755.0,1.0,1.0,0.0,40914.32,1.0
604.0,Spain,Female,34.0,3.0,0.0,2.0,1.0,0.0,38587.7,0.0
602.0,France,Female,26.670610237121583,3.0,0.0,2.0,1.0,1.0,171260.66,0.0
38.568721008300784,France,Male,16.142355155944824,2.3837997913360596,252.52471923828125,0.9953508615493775,1.0,0.0,661.028466796875,0.0
491.0,France,Male,26.0,-28.125069046020506,102251.14,1.0,1.0,1.0,145900.89,0.0
850.0,France,Male,31.0,4.0,0.0,2.0,0.0,0.0,152298.28,0.0
521.0,France,Male,22.0,5.0,0.0,2.0,1.0,1.0,99828.45,0.0
726.0,France,Male,37.0,2.0,132057.92,9.624679279327392,1.0,0.0,34743.98,0.0
596.0,France,Male,33.0,8.0,0.0,1.0,1.0,0.0,121189.3,1.0
850.0,Germany,Female,35.0,7.0,114285.2,1.0,0.0,1.0,129660.59,0.0
637.0,France,Female,41.0,9.0,0.0,2.0,1.0,0.0,145477.36,0.0
690.0,Spain,Male,8.998915100097657,2.0,76087.98,1.0,0.0,1.0,151822.66,0.0
689.0,France,Male,40.0,8.0,160272.27,1.0,1.0,0.0,49656.24,0.0
633.0,Spain,Male,6.460941791534424,-29.574830770492554,114552.6,1.0,1.0,1.0,73856.28,1.0
555.0,France,Female,27.0,8.0,21385.541162109374,1.0,1.0,1.0,116757.0,0.0
563.0,Spain,Male,24.0,7.0,0.0,2.0,0.0,0.0,16319.560000000001,0.0
494.0,France,Female,33.0,1.0,137853.0,1.0,0.0,1.0,90273.85,0.0
534.0,France,Male,27.0,9.0,0.0,2.0,1.0,0.0,161344.13,0.0
696.0,Germany,Male,42.0,7.0,162318.61,1.0,1.0,0.0,121061.88999999998,0.0
535.0,Spain,Female,50.0,1.0,140292.58,3.0,0.0,0.0,69531.22,1.0
600.0,France,Male,34.0,0.0,0.0,2.0,0.0,1.0,3756.2300000000005,0.0
807.0,France,Female,34.0,1.0,0.0,1.0,0.0,0.0,114448.13,0.0
714.0,France,Male,52.0,2.0,0.0,1.0,0.0,1.0,144045.08,1.0
590.0,France,Male,24.0,7.0,126431.54,1.0,1.0,0.0,58781.11,0.0
614.0,France,Female,41.0,3.0,34391.50234375,1.0,1.0,1.0,179227.52,0.0
766.0,Germany,Female,45.0,6.0,97652.96,29.525012016296387,1.0,0.0,127332.33,0.0
557.0,Spain,Male,42.0,4.0,18203.898510742187,2.0,0.0,1.0,86642.38,0.0
788.0,Germany,Female,49.0,4.0,36008.20546875,1.0,1.0,0.0,184178.29,1.0
648.0,France,Female,38.0,2.0,0.0,2.0,0.0,1.0,9551.49,0.0
726.0,France,Female,33.0,7.0,99046.31,29.16570625305176,1.0,1.0,74681.20625,0.0
773.0,France,Male,33.0,9.0,0.0,2.0,1.0,1.0,1118.31,0.0
583.0,Germany,Male,27.0,4.0,105907.42,2.0,1.0,1.0,76340.46337890625,0.0
565.0,Germany,Male,52.0,5.0,37145.74140625,2.0,1.0,0.0,175070.94,1.0
705.0,France,Male,15.065022468566895,9.0,0.0,7.62431492805481,0.0,1.0,112331.18999999999,0.0
685.0,Germany,Male,43.0,4.0,97392.18,2.0,1.0,0.0,43956.83,0.0
741.0,France,Male,29.0,8.0,0.0,2.0,1.0,1.0,115994.51999999999,0.0
658.0,Germany,Female,28.0,9.0,152812.58,1.0,1.0,0.0,79872.1951171875,0.0
575.0,France,Male,27.0,3.0,25013.98046875,1.0,1.0,0.0,99843.98,0.0
844.0,France,Male,21.183007264137267,10.0,34299.653125,1.0,1.0,1.0,141175.18,1.0
559.0,Spain,Male,67.0,-13.368508660793305,22398.038623046876,2.2709380745887757,0.0,0.0,60962.8921875,1.0
725.0,France,Male,37.0,6.0,124348.38,2.0,0.0,1.0,94612.78125,0.0
450.0,France,Male,29.0,7.0,13788.0021484375,1.0,1.0,1.0,43480.63,0.0
636.9498291015625,Germany,Female,50.887576484680174,9.0,148384.64,1.0,0.0,0.0,155047.11,1.0
642.0,Germany,Female,19.0,3.0,113905.48000000001,1.0,1.0,1.0,176137.2,0.0
618.0,France,Male,32.0,5.0,40889.25546875,13.274361038208008,0.0,1.0,154843.4,1.0
590.0,France,Male,47.0,0.0,117879.32000000002,1.0,1.0,1.0,8214.46,0.0
735.0,France,Male,50.0,2.0,0.0,2.0,0.0,1.0,147075.69,0.0
550.0,France,Male,34.0,8.0,122359.5,1.0,0.0,0.0,116495.55,0.0
729.0,Spain,Female,18.2172700881958,0.0,0.0,2.0,1.0,1.0,31165.060000000005,1.0
492.2407592773437,Germany,Male,59.0,5.0,108585.35,1.0,1.0,1.0,192127.22,1.0
555.0,France,Male,-32.141962671279906,8.0,145875.74,1.0,1.0,0.0,137491.23,0.0
667.0,Spain,Female,36.0,3.0,121542.57000000002,2.0,1.0,1.0,186841.71,1.0
790.0,Germany,Female,41.0,7.0,109508.67999999998,1.0,0.0,0.0,86776.38,0.0
727.0,Germany,Male,34.0,-31.27108497619629,146407.11,1.0,1.0,1.0,72073.72,0.0
744.0,France,Female,39.0,6.0,0.0,1.0,0.0,0.0,10662.58,0.0
373.0145782470703,Germany,Male,35.0,-48.845188522338866,112330.83,1.0,1.0,1.0,91001.02,0.0
619.0,France,Female,35.0,4.0,90413.12,1.0,1.0,1.0,20555.21,0.0
634.0,France,Male,34.0,-38.02466659545898,105302.66,1.0,1.0,1.0,123164.97,0.0
608.0,Spain,Female,13.306096601486207,6.0,0.0,2.0,1.0,1.0,143463.28,0.0
507.0,France,Female,35.0,1.0,0.0,2.0,0.0,0.0,92131.54,0.0
536.0,Germany,Female,35.0,4.0,121520.36000000002,1.0,0.0,0.0,77178.42,0.0
730.0,Spain,Female,43.0,1.0,103960.38,1.0,1.0,1.0,90960.5703125,0.0
583.0,Germany,Male,39.0,8.0,102945.01,15.567227554321288,0.0,0.0,52861.89,0.0
644.0,France,Female,24.0,8.0,92760.55,1.0,1.0,0.0,35896.75,0.0
790.0,Spain,Male,37.0,-27.282210445404054,0.0,2.0,1.0,1.0,149418.41,0.0
807.0,Germany,Male,40.0,1.0,134590.21,1.0,1.0,1.0,46253.65,0.0
581.0,France,Female,37.0,10.0,104255.03,1.0,1.0,0.0,84505.54375,0.0
627.0,Spain,Female,55.0,6.0,0.0,1.0,0.0,0.0,91943.94,1.0
850.0,France,Male,41.0,3.0,0.0,7.869823670387268,1.0,0.0,128892.36000000002,0.0
754.0,France,Female,35.0,4.0,0.0,2.0,1.0,0.0,44830.71,0.0
551.0,Germany,Male,50.0,-38.03275156021118,121399.98000000001,1.0,0.0,1.0,84508.44,1.0
637.0,France,Male,8.051737213134766,-29.138018798828124,147127.81,-4.9216883182525635,1.0,0.0,84760.7,0.0
443.50331802368163,France,Male,31.0,8.0,125927.50999999998,20.28125343322754,1.0,0.0,147661.47,0.0
542.0,France,Female,25.0,7.0,0.0,2.0,0.0,1.0,82393.08,0.0
640.0,Germany,Female,48.0,1.0,111599.32000000002,1.0,0.0,1.0,135995.58,0.0
553.0,France,Female,27.0,3.0,0.0,2.0,0.0,0.0,159800.16,0.0
741.0,France,Male,38.0,9.0,0.0,2.7719840466976167,1.0,0.0,14379.01,0.0
598.0,France,Male,35.0,8.0,114212.6,1.0,1.0,1.0,74322.85,0.0
537.5535064697266,France,Male,42.0,5.0,0.0,3.0,0.0,1.0,189016.24,1.0
618.0,Spain,Male,41.0,4.0,20363.895556640626,1.0,0.0,0.0,62423.88017578125,0.0
647.0,France,Male,43.0,-11.71205632686615,0.0,2.0,1.0,1.0,61056.01083984375,0.0
491.0,France,Female,68.0,3.0,107571.61000000002,1.0,0.0,1.0,113695.99000000002,0.0
652.0,France,Female,32.0,2.0,0.0,2.0,1.0,0.0,54628.11,0.0
650.0,Germany,Female,-22.79330167770386,9.0,152367.21,3.0,1.0,0.0,150835.21,1.0
413.0,Germany,Male,39.0,1.0,130969.76999999999,2.0,1.0,1.0,158891.79,0.0
416.0,Germany,Female,25.0,0.0,97738.97,2.0,1.0,1.0,160523.33,0.0
629.0,Spain,Male,34.0,-4.502282112836838,17260.47896118164,2.0,1.0,1.0,49417.80059814453,1.0
678.0,Spain,Female,40.0,4.0,113794.22,1.0,1.0,0.0,16618.76,0.0
338.31731872558595,Spain,Male,28.0,6.0,128396.33,2.0,1.0,1.0,79919.97,0.0
743.0,Spain,Female,-19.347737884521486,5.0,118207.68999999999,24.621650636196136,0.0,0.0,186489.14,1.0
181.46697921752929,Germany,Male,73.0,-8.075200974941254,124730.25999999998,1.0,1.0,1.0,35524.1474609375,0.0
536.0,France,Female,41.0,9.0,0.0,1.0,1.0,0.0,121299.13999999998,0.0
663.0,Spain,Male,52.0,0.0,136298.65,1.0,1.0,0.0,144593.3,1.0
646.0,France,Female,38.0,2.0,0.0,2.0,0.0,0.0,178752.73,0.0
307.9128356933594,France,Male,35.0,2.0,0.0,3.0,1.0,1.0,94148.3,0.0
321.69638977050784,France,Male,34.0,5.0,0.0,2.0,1.0,1.0,77414.45,0.0
635.0,France,Female,47.0,2.0,125724.95,2.0,1.0,0.0,63236.969999999994,0.0
298.77338256835935,France,Female,67.0,2.0,0.0,2.0,0.0,1.0,108645.85,0.0
503.0,France,Male,38.0,1.0,0.0,2.0,1.0,1.0,95153.24,0.0
524.0,Spain,Female,64.0,5.0,0.0,1.0,1.0,0.0,136079.64,1.0
700.0,France,Male,46.0,5.0,26779.246875,1.0,1.0,0.0,98273.01,1.0
692.0,France,Male,33.0,9.0,0.0,1.0,1.0,0.0,113505.92999999998,1.0
562.0,France,Male,37.0,2.0,0.0,1.0,0.0,1.0,52525.15,1.0
679.0,France,Male,37.0,7.0,74260.03,1.0,1.0,0.0,194617.98,0.0
603.0,Germany,Male,35.0,1.0,123407.68999999999,49.38279495239258,1.0,0.0,76513.0671875,1.0
720.0,Spain,Male,33.0,3.0,123783.91,35.940648555755615,1.0,0.0,142903.44,1.0
726.97216796875,France,Male,24.0,5.0,48324.5921875,2.0,1.0,0.0,182257.61,0.0
594.0,France,Male,36.0,6.0,153880.15,1.0,0.0,0.0,135431.72,0.0
529.0,France,Female,31.0,7.0,0.0,2.0,1.0,1.0,175697.87,0.0
606.0,Germany,Female,32.0,1.0,106301.85,2.0,0.0,1.0,59061.25,0.0
621.0,Spain,Female,40.0,7.0,0.0,2.0,0.0,1.0,131283.6,1.0
513.0,France,Female,43.0,9.0,0.0,2.0,1.0,0.0,152499.8,0.0
753.0,Germany,Male,44.0,3.0,138076.47,1.0,1.0,0.0,15523.09,1.0
605.0,France,Female,30.0,9.0,135422.31,1.0,0.0,1.0,186418.85,0.0
574.0,Spain,Female,37.0,7.0,0.0,2.0,1.0,0.0,32262.28,0.0
726.0,France,Female,38.0,5.0,126875.62,1.0,1.0,0.0,128052.29,0.0
611.0,Spain,Female,28.0,3.0,96381.68,2.0,0.0,0.0,181419.29,0.0
593.0,Germany,Female,-18.369103622436523,4.0,119703.1,2.0,0.0,0.0,109783.29,0.0
466.0,Germany,Male,41.0,2.0,152102.18,2.0,1.0,0.0,181879.56,0.0
741.0,Germany,Female,13.240398335456849,0.0,127675.38999999998,2.0,1.0,0.0,74260.16,0.0
684.0,Germany,Female,44.0,2.0,133776.86,2.0,0.0,1.0,49865.04,0.0
550.0,Spain,Female,33.0,9.0,72788.03,1.0,1.0,1.0,103608.06,0.0
593.0,France,Male,26.0,9.0,76226.9,1.0,1.0,0.0,167564.82,0.0
601.0,Germany,Male,48.0,9.0,163630.76,1.0,0.0,0.0,41816.49,1.0
676.0,Spain,Female,30.0,5.0,0.0,2.0,0.0,0.0,179066.58,0.0
556.0,France,Female,46.0,10.0,0.0,2.0,0.0,0.0,109184.24000000002,0.0
750.5002563476562,France,Male,36.0,3.0,155423.17,1.0,1.0,1.0,199841.32,0.0
850.0,Germany,Male,55.0,0.0,98710.89,27.95793538093567,1.0,0.0,83617.17,1.0
649.0,Spain,Female,49.0,2.0,0.0,1.0,1.0,0.0,84863.85,1.0
509.0,Spain,Male,41.0,7.0,126683.8,1.0,0.0,1.0,114775.53,0.0
684.0,France,Male,33.0,4.0,140700.61,1.0,1.0,0.0,103557.93,0.0
806.0,Germany,Female,30.0,-78.25254592895507,168078.83,1.0,0.0,1.0,85028.36,1.0
729.0,Spain,Male,16.604679679870607,-4.996951675415039,15635.801226806641,2.042532432079315,1.0,0.0,43653.74704589844,0.0
683.0,France,Female,33.0,9.0,0.0,2.0,1.0,1.0,38784.42,0.0
689.0,Spain,Female,63.0,1.0,0.0,2.0,1.0,1.0,186526.12,0.0
672.0,Germany,Female,21.0,1.0,35741.69,1.0,1.0,0.0,28789.939999999995,0.0
602.0,Germany,Female,53.0,5.0,98268.84,1.0,0.0,1.0,45038.29,1.0
739.0,France,Female,20.0,4.0,133800.98,1.0,0.0,1.0,150245.81,0.0
618.0,France,Female,21.0,2.0,125682.79,1.0,0.0,0.0,97356.353125,0.0
674.0,France,Female,42.0,9.0,0.0,2.0,1.0,0.0,4292.72,0.0
762.0,France,Male,26.0,6.0,130428.78,1.0,1.0,0.0,173365.89,0.0
414.815673828125,France,Male,21.227955055236816,6.0,0.0,0.34130206108093264,1.0,1.0,119484.00999999998,0.0
754.0,Spain,Female,27.0,8.0,0.0,2.0,0.0,0.0,121821.16,0.0
729.0,France,Male,44.0,6.0,0.0,2.0,1.0,0.0,151733.43,0.0
606.0,Germany,Female,47.0,0.0,137138.2,2.0,0.0,1.0,53784.219999999994,0.0
616.0,France,Male,23.0,-24.984035992622374,73112.95,1.0,1.0,1.0,62733.05,0.0
772.0,France,Male,47.0,9.0,152347.01,1.0,0.0,0.0,17671.78,0.0
652.0,Spain,Female,43.380241584777835,8.0,115144.67999999998,1.0,1.0,0.0,188905.43,0.0
267.54438705444335,France,Male,24.662681007385252,5.0,12664.256091308594,2.0,0.0,0.0,113079.18999999999,1.0
793.0,France,Male,39.0,3.0,26944.223828125,1.0,0.0,0.0,83997.79,0.0
743.0,Spain,Male,45.0,-17.519599199295044,35073.813671875,6.8667144775390625,1.0,0.0,125424.42,0.0
746.0,France,Male,37.0,2.0,0.0,2.0,1.0,0.0,143194.05,0.0
627.0,Germany,Female,39.0,5.0,124586.92999999998,1.0,1.0,0.0,93132.61,1.0
713.0,Spain,Male,38.0,6.0,116980.78,2.0,0.0,1.0,76038.38,0.0
678.0,Spain,Female,40.0,3.0,128398.38,1.0,1.0,0.0,168658.3,0.0
540.0,Spain,Male,39.0,1.0,0.0,1.0,0.0,1.0,108419.41,0.0
615.0,Germany,Female,33.0,3.0,47895.33046875,2.0,1.0,1.0,171657.57,0.0
415.0,Spain,Male,-25.476584053039552,5.0,167259.44,1.0,1.0,1.0,22357.25,0.0
628.0,France,Female,45.0,8.0,0.0,2.0,1.0,0.0,193903.06,0.0
700.0,France,Male,26.0,4.0,119009.57000000002,1.0,1.0,0.0,141926.43,0.0
623.0,Germany,Male,4.945493221282959,2.0,80002.33,1.0,1.0,1.0,104079.62,0.0
623.0,France,Female,37.0,4.0,140211.88,1.0,1.0,0.0,93832.33,0.0
679.0,France,Female,44.0,3.0,118742.74000000002,2.0,1.0,0.0,1568.91,0.0
632.0,Spain,Male,37.0,1.0,138207.08,1.0,1.0,0.0,101454.3953125,1.0
790.0,France,Male,47.0,10.0,148636.21,1.0,0.0,0.0,102448.8197265625,0.0
514.0,France,Male,45.0,1.0,178827.79,1.0,1.0,0.0,60375.18000000001,0.0
722.045166015625,France,Male,33.0,5.0,83134.3,1.0,1.0,0.0,187946.55,0.0
79.99144592285157,France,Male,92.0,3.0,4055.189453125,2.179024708271027,1.0,1.0,12278.060815429688,0.0
693.0,Germany,Female,37.0,6.0,95900.04,1.0,1.0,1.0,38196.24,1.0
679.0,France,Female,30.0,1.0,112543.42,1.0,1.0,1.0,179435.21,0.0
529.0,Spain,Male,34.0,9.0,0.0,1.0,1.0,1.0,62222.10703125,0.0
619.0,Spain,Male,31.0,3.0,141751.82,1.0,0.0,1.0,61531.86,0.0
680.0,Spain,Female,37.0,6.0,124140.57000000002,2.0,1.0,0.0,92826.35,0.0
693.0,Germany,Male,45.0,2.0,116546.59,2.0,0.0,0.0,23140.28,1.0
834.0,France,Female,28.0,6.0,0.0,1.0,1.0,0.0,74287.53,0.0
636.0,Spain,Female,29.0,6.0,157576.47,2.0,1.0,1.0,101102.39,0.0
538.0,Spain,Male,43.0,5.0,0.0,2.0,1.0,0.0,126933.73000000001,0.0
566.0,Germany,Female,44.0,5.0,141428.99,2.0,0.0,0.0,68408.74,0.0
597.0,France,Male,35.0,0.0,127510.99000000002,1.0,1.0,1.0,155356.34,0.0
711.0,France,Female,29.0,9.0,0.0,2.0,0.0,1.0,3234.8,0.0
606.0,France,Male,31.0,10.0,0.0,2.0,1.0,0.0,195209.4,0.0
262.19615478515624,Spain,Male,51.0,6.0,81818.49,1.0,1.0,1.0,48448.6326171875,0.0
589.0,France,Male,36.0,1.0,100895.54,1.0,1.0,1.0,68075.14,0.0
606.0,Germany,Male,45.0,5.0,63832.43000000001,1.0,1.0,1.0,93707.8,0.0
582.0,France,Male,29.0,4.0,0.0,2.0,0.0,0.0,156153.27,0.0
710.0,France,Female,36.0,4.0,116085.06000000001,1.0,1.0,0.0,58601.61,0.0
467.0,France,Male,57.0,1.0,22515.375622558593,2.0,1.0,1.0,114448.76999999999,0.0
749.0,France,Male,30.0,1.0,0.0,2.0,0.0,1.0,126551.65,0.0
564.0,Germany,Female,33.0,-37.34934768676758,115761.50999999998,1.0,0.0,1.0,112350.21,1.0
730.0,Spain,Male,26.0,6.0,0.0,2.0,1.0,1.0,87890.7578125,0.0
678.0,Germany,Male,9.491306519508361,4.0,25233.294921875,1.0,1.0,1.0,118235.51999999999,1.0
540.0,France,Female,31.0,7.0,0.0,1.0,0.0,1.0,183051.6,1.0
767.0,France,Female,35.0,6.0,115576.43999999999,1.0,0.0,1.0,27922.45,0.0
615.0,France,Female,23.0,4.0,0.0,2.0,1.0,0.0,196476.19,0.0
583.0,Germany,Female,41.0,5.0,77647.6,1.0,1.0,0.0,190429.52,0.0
850.0,France,Female,40.0,5.0,0.0,2.0,1.0,0.0,35034.15,0.0
651.0,Germany,Female,34.0,10.0,148962.46,1.0,1.0,0.0,66389.43,1.0
798.0,France,Male,22.0,8.0,0.0,2.0,1.0,0.0,107615.42999999998,0.0
695.0,France,Male,37.0,2.0,0.0,2.0,1.0,1.0,99692.65,0.0
497.0,Germany,Male,41.0,-43.40306510925293,80542.81,1.0,0.0,0.0,88729.22,1.0
739.0,France,Male,40.0,4.0,0.0,2.0,0.0,0.0,173321.65,0.0
549.0,France,Male,34.0,4.0,0.0,2.0,0.0,0.0,139463.57,0.0
850.0,France,Male,-28.792476081848143,9.0,102050.47,1.0,1.0,1.0,3769.71,0.0
648.0,Spain,Male,49.0,5.0,0.0,11.048266315460205,1.0,0.0,149946.43,1.0
679.0,France,Female,4.855766296386719,6.0,114948.75999999998,2.0,0.0,0.0,135768.25,0.0
606.0,Germany,Male,-23.485494899749757,8.0,136000.45,2.0,1.0,0.0,31708.53,0.0
850.0,France,Male,0.1153447151184082,4.0,156001.68,2.0,0.0,0.0,151677.31,0.0
619.0,Germany,Male,41.0,3.0,147974.16,2.0,1.0,0.0,170518.83,0.0
719.0,France,Male,44.0,2.0,0.0,2.0,1.0,0.0,196582.19,0.0
640.0,Germany,Male,26.0,5.0,90402.77,1.0,1.0,1.0,3298.65,0.0
710.0,France,Male,40.0,5.0,0.0,2.0,0.0,0.0,162878.96,0.0
580.0,France,Male,31.0,2.0,0.0,2.0,0.0,1.0,64014.240000000005,0.0
550.0,France,Male,44.0,9.0,0.0,1.4218406081199646,1.0,0.0,26257.01,0.0
841.0,France,Female,31.0,3.0,162701.65,2.0,0.0,1.0,126794.56000000001,0.0
760.0,France,Male,34.0,2.0,0.0,2.0,1.0,0.0,164162.44,0.0
687.0,France,Female,30.0,-34.151982116699216,0.0,2.0,0.0,0.0,179206.92,0.0
753.0,Germany,Female,35.0,5.0,82453.96,2.0,0.0,0.0,18254.75,0.0
661.0,France,Male,35.0,9.0,100107.99,1.0,1.0,0.0,83949.68,0.0
699.0,France,Male,28.0,7.0,8235.47470703125,2.0,1.0,1.0,22684.78,0.0
617.0,Germany,Female,39.0,5.0,83348.89,3.0,1.0,0.0,7953.62,1.0
595.0,Germany,Female,27.562020301818848,4.0,96553.52,2.0,1.0,0.0,143952.24,1.0
669.0,France,Male,50.0,9.0,31753.8953125,1.0,1.0,0.0,158032.5,1.0
613.0,France,Female,27.0,5.0,125167.74000000002,1.0,1.0,0.0,91792.9140625,0.0
782.0,France,Male,32.0,9.0,0.0,1.0,1.0,1.0,86058.8640625,0.0
582.0,France,Female,43.0,5.0,153313.67,1.0,0.0,0.0,170563.73,0.0
679.0,France,Male,30.0,9.0,0.0,2.0,1.0,0.0,157871.55,0.0
611.0,France,Female,40.0,2.0,125879.29,1.0,1.0,0.0,93203.43,0.0
455.0,Germany,Female,37.0,6.0,170057.62,1.0,0.0,1.0,54398.56,0.0
621.0,France,Male,32.0,1.0,0.0,2.0,1.0,1.0,168779.47,0.0
596.0,Germany,Male,48.0,2.0,131326.47,1.0,0.0,0.0,1140.02,1.0
585.0,Spain,Female,56.0,1.0,128472.8,1.0,1.0,0.0,186476.91,1.0
742.0,Germany,Male,32.0,6.0,160485.16,1.0,1.0,0.0,29023.03,0.0
850.0,France,Male,42.0,6.0,23449.428125,9.010926437377929,1.0,0.0,60021.33999999999,1.0
685.3940673828125,Germany,Female,40.0,1.0,115409.17999999998,2.0,0.0,0.0,180456.8,0.0
619.0,France,Male,21.750963973999024,-10.707111501693726,17782.708209228516,1.0,1.0,1.0,47855.752709960936,0.0
628.0,France,Female,50.0,4.0,143054.56,1.0,0.0,1.0,90253.5078125,1.0
487.0,France,Male,24.0,7.0,24643.562109375,2.0,1.0,1.0,98570.01,0.0
513.0,Spain,Female,41.0,9.0,107135.04,2.0,1.0,1.0,160546.58,0.0
563.0,Spain,Male,26.0,7.0,0.0,2.0,0.0,0.0,6139.74,0.0
803.0,France,Female,65.0,2.0,151659.52,2.0,0.0,1.0,6930.17,0.0
607.0,Spain,Female,32.0,7.0,0.0,3.0,0.0,1.0,10674.62,0.0
414.576416015625,Germany,Male,51.0,9.0,155903.82,2.0,0.0,1.0,81146.5390625,0.0
521.0,Spain,Female,49.0,4.0,82940.25,2.0,0.0,0.0,62413.009999999995,1.0
669.0,Germany,Female,50.0,4.0,112650.88999999998,1.0,0.0,0.0,166386.22,1.0
686.0,France,Female,41.0,-25.992523670196533,0.0,1.0,1.0,0.0,133086.45,0.0
700.0,Germany,Male,35.0,4.0,95853.39,2.0,1.0,0.0,192933.37,0.0
663.0,France,Female,42.0,1.0,82228.67,2.0,1.0,0.0,71359.78,0.0
671.0,Spain,Female,31.0,4.0,0.0,2.0,0.0,1.0,79270.02,0.0
651.0,Germany,Female,35.0,1.0,24339.660546875,3.0,1.0,1.0,70431.4671875,1.0
728.0,France,Male,34.0,4.0,23988.46171875,1.0,1.0,0.0,88680.65,0.0
574.0,France,Female,34.0,7.0,152992.91,1.0,1.0,1.0,134691.2,1.0
464.0,France,Male,38.0,3.0,116439.65,1.0,1.0,0.0,75574.48,0.0
604.0,Spain,Male,27.0,9.0,101352.78,1.0,0.0,0.0,30252.3,0.0
836.0,Spain,Male,37.0,10.0,0.0,2.0,1.0,0.0,81868.0814453125,0.0
511.0,France,Female,75.0,9.0,105609.17,1.0,0.0,0.0,105425.17999999998,0.0
518.0,France,Female,45.0,8.0,0.0,2.0,1.0,1.0,36193.07,0.0
208.70598907470702,France,Male,67.0,4.0,0.0,-2.3301090836524962,1.0,1.0,93081.87,0.0
489.0,France,Female,47.0,8.0,103894.38,2.0,1.0,1.0,107625.46,0.0
622.0,Spain,Male,27.0,9.0,139834.93,1.0,1.0,1.0,152733.89,0.0
652.0,France,Female,36.0,6.0,112518.71,2.0,0.0,1.0,110421.31000000001,0.0
625.0,France,Female,37.0,7.0,115895.42,1.0,1.0,0.0,48486.25,0.0
521.0,Spain,Female,39.0,3.0,146408.68,1.0,0.0,0.0,72993.67,0.0
546.0,France,Male,34.0,4.0,9455.714892578126,1.5760608196258545,1.0,1.0,25744.13,1.0
697.0,France,Female,45.0,1.0,0.0,2.0,1.0,0.0,46807.62,1.0
571.0,Germany,Male,33.0,3.0,71843.15,1.0,1.0,0.0,26772.04,0.0
406.02158813476564,Spain,Male,35.0,5.0,105492.53,1.0,1.0,1.0,150057.2,0.0
591.0,France,Male,35.0,7.0,183027.25,1.0,1.0,1.0,56028.79,0.0
814.0,Germany,Male,15.539915847778321,1.0,131968.57,2.0,1.0,1.0,147693.92,0.0
709.0,France,Female,45.0,3.0,104118.5,1.0,0.0,1.0,174032.0,0.0
433.0,Spain,Male,27.0,2.0,0.0,2.0,1.0,1.0,153698.65,0.0
781.0,France,Male,20.0,0.0,125023.1,2.0,1.0,1.0,108301.45,0.0
656.0,France,Female,30.0,4.0,74323.2,1.0,1.0,1.0,22929.08,0.0
683.0,France,Male,38.0,7.0,109346.13,10.921718788146972,1.0,0.0,102665.92,0.0
620.0,France,Male,32.0,6.0,0.0,2.0,1.0,0.0,56139.08999999999,0.0
637.0,Germany,Female,39.0,3.0,109698.41,1.0,1.0,1.0,88391.29,1.0
525.0,Spain,Female,30.0,5.0,0.0,2.0,0.0,1.0,149195.44,0.0
793.0,Germany,Female,34.0,-13.249794363975525,38096.4515625,1.0,1.0,0.0,143357.03,0.0
638.0,Germany,Male,-16.942295455932616,1.0,102645.48,1.0,1.0,0.0,168359.98,1.0
520.0,France,Male,31.0,4.0,93249.4,1.0,1.0,0.0,77335.75,0.0
641.0,France,Male,35.0,5.0,0.0,2.0,1.0,0.0,93148.93,0.0
840.0,Germany,Female,51.0,1.0,87779.83,1.0,0.0,1.0,36687.11,1.0
504.0,Spain,Male,27.326945114135743,5.0,0.0,2.0,0.0,0.0,146703.36,0.0
686.0,France,Male,38.0,0.0,138131.34,15.848133677244187,0.0,1.0,115927.85,0.0
533.0,Germany,Male,38.0,4.0,70362.52,2.0,1.0,1.0,104189.46,0.0
577.0,France,Female,32.0,1.0,0.0,2.0,1.0,0.0,9902.39,0.0
445.0,Germany,Female,48.0,7.0,168286.58,1.0,1.0,0.0,16645.77,1.0
720.0,France,Male,10.335347747802734,3.0,86102.27,1.0,1.0,0.0,180134.88,1.0
643.0,Germany,Male,25.0,4.0,115142.9,1.0,1.0,1.0,148098.95,0.0
652.0,Germany,Female,47.0,-37.865887355804446,126597.88999999998,2.0,1.0,1.0,38798.79,1.0
663.0,France,Female,33.0,2.0,0.0,2.0,1.0,0.0,153295.0,0.0
525.0,Germany,Female,30.0,0.0,157989.21,2.0,1.0,1.0,100687.67,0.0
662.0,Spain,Female,54.0,1.0,187997.15,1.0,0.0,0.0,111442.71,1.0
724.0,Germany,Male,19.129894065856934,-19.540113925933838,23284.865869140624,1.0,1.0,1.0,136902.01,0.0
581.0,Germany,Male,38.0,1.0,133105.47,7.013052892684937,1.0,0.0,105732.9,1.0
685.0,Spain,Male,38.0,-7.158957263827324,0.0,2.0,1.0,1.0,35884.91,0.0
595.0,France,Male,24.609673500061035,10.0,0.0,1.0,1.0,0.0,73489.15,1.0
588.0,France,Female,21.0,8.0,0.0,2.0,1.0,1.0,110114.18999999999,0.0
647.0,Germany,Female,35.0,3.0,192407.97,1.0,1.0,1.0,40145.28,0.0
785.0,Germany,Female,38.0,9.0,107199.75,1.0,0.0,0.0,146398.51,0.0
794.0,Germany,Male,31.512490463256835,-37.98825950622559,49763.509375,8.869294834136962,1.0,0.0,160526.36,1.0
823.0,France,Male,37.0,5.0,164858.18,1.0,1.0,1.0,64674.94350585937,0.0
687.0,Germany,Male,38.0,4.0,117633.28,1.0,0.0,1.0,88396.6,0.0
850.0,France,Female,28.0,9.0,0.0,2.0,1.0,0.0,185821.41,0.0
496.0,France,Female,36.0,7.0,0.0,2.0,0.0,0.0,108098.28,0.0
527.0,Germany,Female,30.0,6.0,126663.50999999998,1.0,1.0,1.0,162267.91,0.0
775.134912109375,Germany,Male,71.0,-48.36281394958496,140273.47,1.0,0.0,1.0,193135.25,1.0
525.0,Spain,Female,7.27484781742096,7.0,0.0,2.0,0.0,1.0,168034.9,0.0
682.33115234375,Germany,Male,21.0,8.0,153344.72,1.0,1.0,1.0,163295.87,0.0
671.0,Germany,Female,23.0,9.0,123943.17999999998,1.0,1.0,1.0,159553.27,0.0
625.0,France,Male,39.0,5.0,0.0,1.0,1.0,0.0,99800.87,0.0
643.0,Germany,Male,33.0,7.0,98630.31,2.0,1.0,1.0,80996.08984375,0.0
707.0,France,Female,33.0,2.0,58036.33,1.0,1.0,1.0,83335.78,0.0
539.0,Spain,Male,28.0,5.0,0.0,2.2022550106048584,1.0,0.0,48382.4,0.0
498.0,Germany,Male,45.0,7.0,36611.467578125,2.0,0.0,1.0,165990.44,0.0
61.761297607421874,Spain,Female,30.0,0.0,0.0,2.8677277326583863,1.0,1.0,9002.8,0.0
758.0,France,Female,33.0,7.0,0.0,1.0,1.0,0.0,188156.34,0.0
685.0,France,Female,33.0,6.0,0.0,2.0,0.0,1.0,186785.01,0.0
655.0,Germany,Female,30.0,1.0,83173.98,2.0,1.0,1.0,184259.6,0.0
747.0,France,Female,40.0,3.0,0.0,1.0,0.0,0.0,57817.83999999999,1.0
601.0,Spain,Male,24.0,7.0,0.0,2.0,0.0,0.0,144660.42,0.0
477.0,France,Male,22.0,5.0,82559.42,2.0,0.0,0.0,163112.9,1.0
558.0,France,Male,32.0,5.0,73494.21,1.0,0.0,0.0,136301.1,0.0
586.0,Spain,Male,29.0,-20.947083282470704,132450.24,1.0,1.0,1.0,36176.63,0.0
850.0,France,Male,49.0,6.0,128663.9,1.0,1.0,0.0,65769.3,1.0
505.0,France,Female,36.0,2.0,79951.9,1.0,0.0,1.0,174123.16,1.0
591.0,France,Female,-26.78871622085571,-42.895431065559386,132508.3,1.0,0.0,1.0,161304.68,1.0
399.184984588623,Germany,Female,-9.301395320892334,1.0,120530.13,2.0,1.0,0.0,109394.62,0.0
554.0,Germany,Female,35.0,-43.73586883544922,74988.59,2.0,0.0,1.0,190155.13,0.0
774.0,France,Female,47.0,6.0,94722.88,1.0,0.0,1.0,61450.96,0.0
771.0,Spain,Male,33.0,5.0,0.0,2.0,1.0,0.0,8673.43,0.0
792.0,France,Male,31.0,6.0,71269.89,2.0,0.0,0.0,125912.76999999999,0.0
673.0,Germany,Female,30.037218427658082,9.0,98612.1,1.0,1.0,0.0,151349.35,0.0
765.0,Spain,Male,40.0,6.0,138033.55,1.0,1.0,1.0,67972.45,0.0
748.0,France,Female,41.0,2.0,91621.69,1.0,1.0,1.0,71139.31,0.0
422.0,France,Male,54.0,3.0,140014.42,1.0,0.0,1.0,86350.97,0.0
568.0,Spain,Male,27.0,-47.21281366348266,126815.97,2.0,0.0,1.0,118648.12,0.0
502.0,France,Female,64.0,3.0,139663.37,1.0,0.0,1.0,100995.11,0.0
524.0,France,Female,28.0,7.0,0.0,2.0,0.0,1.0,147100.72,0.0
689.0,France,Male,34.0,1.0,165312.27,1.0,1.0,0.0,155495.63,0.0
661.0,France,Male,26.0,8.0,0.0,2.0,0.0,0.0,196875.87,0.0
606.0,Spain,Male,33.0,8.0,0.0,2.0,1.0,1.0,63176.77,0.0
678.0,France,Female,54.0,1.0,123699.28,2.0,0.0,0.0,105221.75999999998,0.0
636.0,Germany,Female,29.0,3.0,97325.15,1.0,0.0,1.0,131924.38,0.0
647.0,France,Male,32.0,5.0,97041.16,1.0,1.0,1.0,23132.73,0.0
732.0,France,Male,36.0,5.0,0.0,2.0,1.0,0.0,161428.25,0.0
646.0,France,Male,50.0,0.0,104129.24,2.0,1.0,0.0,181794.86,1.0
559.0,France,Female,43.0,1.0,0.0,1.0,0.0,1.0,86634.3,0.0
581.0,France,Male,28.0,-25.52416113615036,104367.5,1.0,1.0,1.0,29937.75,1.0
565.0,France,Male,46.0,7.0,25642.745666503906,1.0,1.0,1.0,140130.22,0.0
657.0,Spain,Female,41.0,6.0,112119.48000000001,1.0,1.0,0.0,17536.82,0.0
847.0,France,Male,66.0,7.0,18361.451953125,1.0,1.0,1.0,53157.16000000001,0.0
558.0,France,Female,41.0,6.0,0.0,1.0,1.0,1.0,143585.29,1.0
596.0,Spain,Male,57.0,-13.399643325805664,0.0,2.0,1.0,1.0,84238.17109375,0.0
579.0,France,Male,39.0,5.0,0.0,2.0,0.0,1.0,39891.84,0.0
741.0,France,Female,36.0,3.0,0.0,2.0,1.0,1.0,89804.83,0.0
613.0,France,Male,44.0,3.0,0.0,2.0,0.0,1.0,136491.72,0.0
694.0,Spain,Male,31.0,5.0,0.0,1.0,1.0,0.0,35593.18,0.0
729.0,France,Female,11.627416706085205,7.0,0.0,2.0,1.0,0.0,57375.98100585937,0.0
480.0,France,Female,42.0,1.0,152160.21,2.0,1.0,0.0,101778.9,0.0
666.0,France,Male,59.0,5.0,0.0,2.0,1.0,1.0,83772.0453125,0.0
575.0,France,Male,24.0,-17.118798828125,0.0,2.0,1.0,1.0,119927.81000000001,0.0
850.0,France,Male,36.0,3.0,0.0,2.0,1.0,0.0,195033.07,0.0
740.0,Germany,Male,36.0,4.0,172381.8,1.0,1.0,1.0,86480.29,0.0
588.0,Germany,Male,41.0,6.0,44180.211328125,2.0,1.0,0.0,198766.61,0.0
681.0,France,Male,36.0,-24.575025856494904,46188.06328125,1.0,1.0,1.0,185144.08,0.0
611.0,Spain,Female,33.0,7.0,0.0,2.0,1.0,1.0,3729.8900000000003,0.0
589.0,France,Female,37.0,6.0,138497.84,1.0,0.0,1.0,18988.58,0.0
717.0,Spain,Female,34.0,1.0,0.0,2.0,1.0,0.0,119313.74000000002,0.0
556.0,Germany,Male,33.0,3.0,124213.36000000002,2.0,1.0,0.0,62627.55,0.0
850.0,France,Male,-10.43541498184204,4.0,126872.6,1.0,1.0,0.0,197266.58,0.0
685.0,Spain,Female,42.0,2.0,0.0,2.0,0.0,0.0,199992.48,1.0
713.0,France,Female,37.0,8.0,0.0,1.0,1.0,1.0,16403.41,0.0
437.0,France,Female,26.0,1.0,120923.51999999999,1.0,0.0,1.0,78854.57,0.0
605.0,Spain,Male,47.0,7.0,142643.54,1.0,1.0,0.0,189310.27,0.0
758.0,Germany,Male,41.0,-26.28188238143921,79857.64,1.0,1.0,1.0,82201.703125,0.0
600.0,France,Male,46.0,10.0,95502.21,1.0,0.0,0.0,19842.18,0.0
827.0,France,Male,38.0,5.0,0.0,2.0,0.0,0.0,103305.01,0.0
450.87293395996096,France,Male,23.0,8.0,197715.93,45.55944836139679,1.0,1.0,116124.28,0.0
608.0,France,Female,30.0,8.0,85859.76,1.0,0.0,0.0,142730.27,0.0
554.0,France,Male,44.0,7.0,85304.27,1.0,1.0,1.0,58076.52,0.0
683.0,Germany,Female,35.0,1.0,132371.3,2.0,0.0,0.0,186123.57,0.0
88.59670333862304,Spain,Male,33.0,4.0,0.0,1.0,1.0,0.0,29664.45,0.0
628.0,France,Female,31.0,5.0,0.0,1.0,0.0,0.0,147963.07,1.0
668.0,Germany,Male,39.0,4.0,79896.0,1.0,1.0,0.0,38466.39,0.0
776.0,France,Female,29.0,5.0,0.0,2.0,1.0,1.0,143301.49,0.0
820.0,France,Male,36.0,4.0,0.0,2.0,1.0,0.0,31422.689999999995,0.0
665.0,France,Male,35.74231452941895,1.0,0.0,2.0,0.0,1.0,121505.61000000002,0.0
850.0,Germany,Male,31.0,4.0,146587.3,1.0,1.0,1.0,89874.82,0.0
703.0,France,Female,42.0,7.0,0.0,4.944819164276123,0.0,0.0,72500.68,0.0
506.0,Spain,Male,32.0,8.0,0.0,2.0,1.0,1.0,182692.8,0.0
588.0,Spain,Male,32.0,3.0,109109.33,1.0,0.0,1.0,4993.94,0.0
622.0,Spain,Female,8.065948295593262,-24.20401656627655,0.0,7.744268798828125,1.0,1.0,124964.82000000002,0.0
606.0,France,Male,34.0,5.0,0.0,1.0,1.0,0.0,161971.42,0.0
517.0,France,Male,56.0,9.0,142147.32,1.0,0.0,0.0,39488.04,1.0
758.0,Spain,Female,19.091403770446778,10.0,0.0,2.0,1.0,1.0,55313.44,1.0
677.0,France,Female,49.0,3.0,0.0,2.0,1.0,0.0,187811.71,0.0
827.0,Spain,Female,35.0,0.0,0.0,2.0,0.0,1.0,184514.01,0.0
729.0,France,Female,20.374973487854003,8.0,109106.8,1.0,0.0,0.0,121311.12,0.0
654.0,France,Male,36.0,2.0,112262.84,1.0,1.0,0.0,12873.39,0.0
654.0,Spain,Female,36.0,-12.227766466140746,0.0,2.0,0.0,0.0,60642.829296875,0.0
619.0,Spain,Male,52.0,8.0,35978.593359375,2.0,1.0,1.0,123242.11000000002,0.0
642.0,Spain,Male,-29.483013343811034,-39.29436941146851,144238.7,1.0,1.0,1.0,89130.075,0.0
472.0,Spain,Female,32.0,1.0,159397.75,1.0,0.0,1.0,57323.18000000001,0.0
470.0,Spain,Female,30.0,4.0,125385.00999999998,1.0,1.0,0.0,68293.93,0.0
633.0,France,Female,60.0,8.0,69365.25,1.0,1.0,0.0,10288.24,0.0
602.0,France,Male,31.0,7.0,155271.83,1.0,1.0,1.0,179446.31,0.0
368.8702262878418,Spain,Male,29.0,5.0,20636.62001953125,2.0,1.0,0.0,141453.62,0.0
454.0,Spain,Female,48.0,5.0,144837.79,1.0,1.0,1.0,93151.77,0.0
562.0,France,Female,57.0,3.0,0.0,3.0,1.0,0.0,6554.969999999999,1.0
636.0,France,Male,34.0,8.0,0.0,2.0,1.0,0.0,38570.13,0.0
621.0,Spain,Male,50.0,3.0,163085.79,21.877144527435302,0.0,1.0,131048.36000000002,0.0
795.0,France,Male,38.0,-47.18798408508301,125903.22,2.0,1.0,1.0,127068.92,0.0
550.0,France,Male,22.0,6.0,154377.3,1.0,1.0,1.0,51721.52,0.0
281.98109130859376,France,Male,41.0,7.0,107511.51999999999,1.0,0.0,1.0,46156.87,0.0
573.0,Germany,Male,30.0,8.0,127406.5,1.0,1.0,0.0,192950.6,0.0
561.0,Spain,Male,24.0,8.0,143656.55,1.0,0.0,0.0,180932.46,0.0
662.0,France,Female,39.0,5.0,138106.75,1.0,0.0,0.0,19596.73,0.0
637.0,France,Male,27.0,9.0,128940.24000000002,1.0,1.0,0.0,46786.92,0.0
651.0,Germany,Male,37.0,9.0,36193.2140625,1.0,0.0,1.0,175820.91,0.0
646.0,France,Female,33.0,2.0,0.0,2.0,0.0,0.0,198208.0,0.0
567.0,France,Female,48.0,3.0,15264.5595703125,1.0,1.0,0.0,55362.45,0.0
638.0,France,Male,41.0,1.0,131762.94,1.0,1.0,1.0,47675.29,0.0
725.0,France,Female,31.0,6.0,0.0,1.0,0.0,0.0,61326.43000000001,0.0
709.0,France,Female,41.0,3.0,150300.65,2.0,1.0,0.0,71672.86,0.0
787.0,France,Male,39.0,10.0,108935.38999999998,1.0,1.0,1.0,101168.3,0.0
653.0,France,Male,13.184163188934326,7.0,135847.47,1.0,1.0,0.0,144880.81,0.0
400.9607696533203,France,Male,37.0,7.0,109908.06000000001,19.622566723823546,0.0,0.0,115037.67,1.0
681.0,Germany,Male,49.0,8.0,142946.18,39.55071964263916,0.0,0.0,187280.51,1.0
436.0,Germany,Male,-26.479434776306153,-29.30754165649414,104339.11,42.722773742675784,0.0,1.0,73386.6828125,1.0
663.0,France,Male,33.0,5.0,6749.03642578125,2.0,1.0,1.0,28531.810000000005,0.0
662.0,France,Male,64.0,0.0,98848.19,1.0,0.0,1.0,42730.12,0.0
607.0,Germany,Female,39.0,8.0,105103.33,1.0,1.0,0.0,104721.5,1.0
754.0,France,Male,34.0,-0.5705852508544922,16522.9876953125,2.0,1.0,1.0,65219.85,0.0
850.0,Germany,Female,66.0,0.0,127120.62,1.0,0.0,1.0,118929.63999999998,1.0
578.0,France,Male,39.0,2.0,0.0,2.0,1.0,0.0,70563.9,0.0
666.0,Germany,Female,36.0,3.0,129118.5,2.0,0.0,0.0,139435.12,0.0
599.0,France,Female,43.0,4.0,0.0,1.0,1.0,0.0,170347.1,0.0
586.0,France,Female,46.0,0.0,0.0,3.0,0.0,1.0,131553.82,1.0
530.1411071777344,France,Female,36.0,-53.4163932800293,146053.66,1.0,1.0,1.0,138344.7,0.0
808.0,France,Male,67.0,10.0,31594.4349609375,9.372403216361999,0.0,0.0,90791.92265625,0.0
515.0,France,Male,29.0,4.0,8677.793017578126,2.0,1.0,0.0,9770.97,0.0
663.0,Spain,Male,58.0,5.0,216109.87999999998,1.0,0.0,1.0,74176.71,1.0
444.0,France,Male,34.0,2.0,144318.97,1.0,1.0,0.0,112668.06000000001,0.0
650.0,France,Female,39.0,4.0,0.0,2.0,0.0,0.0,186275.7,0.0
609.0,France,Male,26.0,7.0,0.0,2.0,1.0,0.0,53944.14599609375,0.0
824.0,Germany,Male,9.932281637191773,3.0,27517.15,2.0,0.0,1.0,2746.41,0.0
662.0,France,Male,29.0,5.0,147092.65,1.0,1.0,0.0,10928.3,0.0
699.0,Germany,Female,51.0,2.0,92246.14,2.0,0.0,1.0,84635.9921875,0.0
752.0,France,Female,41.0,8.0,0.0,2.0,1.0,0.0,139844.04,1.0
603.0,Germany,Female,40.0,8.0,148897.02,1.0,0.0,0.0,105052.9,0.0
628.0,Spain,Male,3.0188438415527346,8.0,0.0,1.0,0.0,0.0,144366.83,1.0
745.0,France,Female,36.0,9.0,10874.48642578125,1.0,1.0,0.0,19605.18,1.0
804.0,Germany,Female,33.0,10.0,138335.96,25.464869499206543,1.0,1.0,100229.271875,0.0
454.0,France,Female,50.0,10.0,92895.56,1.0,1.0,0.0,154344.0,1.0
631.0,Spain,Male,46.0,9.0,160736.63,1.0,0.0,1.0,93503.02,0.0
503.0,France,Male,32.0,4.0,0.0,2.0,1.0,1.0,153036.97,0.0
548.0,France,Female,37.0,9.0,0.0,2.0,0.0,0.0,98029.58,0.0
668.0,France,Male,28.0,4.0,107141.26999999999,1.0,1.0,0.0,193018.71,0.0
619.0,France,Female,55.0,0.0,0.0,3.0,0.0,0.0,60810.64,1.0
842.0,France,Female,37.0,-42.84455833435059,132446.08,2.0,1.0,0.0,87071.18,1.0
707.0,Spain,Female,57.0,-30.24635829925537,92053.0,1.0,1.0,1.0,164064.44,1.0
132.8044334411621,Spain,Male,38.0,2.0,96798.79,2.0,1.0,1.0,4554.67,0.0
573.0,France,Male,35.0,9.0,134498.54,34.632901191711426,1.0,1.0,119924.8,0.0
621.1918579101563,France,Male,23.762805557250978,8.0,44603.455859375,2.0,1.0,1.0,170360.11,0.0
670.0,Germany,Female,40.0,2.0,147171.2,1.0,0.0,1.0,69850.04,0.0
613.0,Spain,Male,44.0,9.0,100524.69,1.0,1.0,1.0,47298.95,0.0
678.0,France,Female,26.0,1.0,0.0,2.0,1.0,0.0,45443.68,0.0
555.0,France,Female,51.0,9.0,138214.5,1.0,1.0,0.0,198715.27,1.0
777.0,France,Female,30.0,4.0,0.0,2.0,0.0,1.0,115611.97,0.0
552.0,Spain,Male,55.0,3.0,0.0,1.0,1.0,1.0,40333.94,0.0
640.0,Spain,Male,39.0,3.0,0.0,1.0,0.0,1.0,105997.25,0.0
541.0,France,Male,34.0,3.0,128743.55,1.0,1.0,0.0,134851.12,0.0
327.56164703369143,France,Male,31.0,10.0,122647.32000000002,1.0,0.0,0.0,61666.87000000001,0.0
498.0841491699219,Spain,Female,24.0,9.0,79263.9,1.0,0.0,1.0,196574.48,0.0
618.0,France,Female,42.0,2.0,0.0,4.0,0.0,0.0,111097.38999999998,1.0
604.0,France,Female,53.0,2.0,121389.78,1.0,1.0,1.0,48201.64,1.0
540.8517028808594,Spain,Male,37.794146394729616,-32.43464527130127,32056.83828125,1.0,1.0,0.0,135096.78,0.0
661.0,Spain,Male,38.0,7.0,7489.28896484375,1.0,1.0,1.0,15650.89,0.0
627.0,Spain,Female,28.0,3.0,157597.61,1.0,0.0,1.0,34097.22,0.0
482.4638198852539,Spain,Male,38.0,-21.625800132751465,37595.89072265625,2.0,1.0,1.0,174822.74,0.0
473.0,France,Female,39.0,9.0,117103.25999999998,2.0,1.0,0.0,85937.52,1.0
717.0,Spain,Female,36.0,2.0,102989.83,2.0,0.0,1.0,49185.57,0.0
693.0,Spain,Male,-76.40307159423828,1.0,145118.83,1.0,1.0,1.0,77742.38,0.0
705.0,France,Female,92.0,1.0,126076.24000000002,2.0,1.0,0.0,34436.83,0.0
661.0,France,Male,41.0,5.0,0.0,1.0,0.0,1.0,88279.6,0.0
573.0,France,Female,27.0,4.0,0.0,2.0,1.0,1.0,157549.6,0.0
639.0,France,Male,37.0,5.0,98186.7,17.025398993492125,0.0,1.0,173386.95,0.0
718.0,France,Female,67.0,7.0,0.0,6.041842007637024,1.0,1.0,82782.08,0.0
570.0,France,Male,37.0,6.0,0.0,-13.490834933519363,1.0,1.0,187758.5,0.0
461.0,France,Female,40.0,7.0,0.0,2.0,1.0,0.0,176547.8,0.0
638.0,Germany,Female,33.0,5.0,129335.65,1.0,1.0,1.0,56585.2,1.0
524.7712219238281,Spain,Male,48.0,7.0,75801.74,1.0,1.0,0.0,125762.95,0.0
599.0,France,Male,42.0,6.0,0.0,2.0,1.0,0.0,113868.4,0.0
762.0,France,Female,44.0,7.0,159316.64,1.0,0.0,0.0,24780.13,0.0
662.0,France,Female,38.0,2.0,96479.81,1.0,1.0,0.0,120259.41,0.0
747.0,Germany,Male,29.0,7.0,117726.33,1.0,1.0,0.0,175398.34,0.0
194.66092529296876,France,Male,39.0,6.0,0.0,2.0,1.0,1.0,86767.48,1.0
625.0,France,Male,43.0,4.0,122351.29,1.0,1.0,0.0,71216.6,0.0
656.0,France,Male,48.0,-12.675675630569458,19385.849768066408,2.0,1.0,0.0,85240.61,1.0
259.33682403564455,France,Female,48.0,5.0,0.0,1.0,1.0,0.0,160529.71,1.0
621.0,Spain,Female,43.0,8.0,0.0,1.0,0.0,0.0,102806.6,0.0
754.0,France,Female,27.0,-19.195964431762697,0.0,2.0,1.0,0.0,78861.22458496093,0.0
679.0,France,Female,-39.209513092041014,6.0,132598.38,2.0,0.0,1.0,184017.98,0.0
535.0,France,Male,38.0,2.0,119272.29,1.0,0.0,0.0,195896.59,1.0
487.0,France,Male,37.0,2.0,0.0,2.0,1.0,1.0,126722.57000000002,0.0
850.0,France,Male,42.0,3.0,0.0,2.0,1.0,1.0,176883.42,0.0
585.0,France,Male,20.77352104187012,-7.65937306880951,24639.275390625,3.0,0.0,1.0,69193.89921875,1.0
603.0,France,Male,31.0,4.0,0.0,2.0,0.0,1.0,9607.1,0.0
728.0,Germany,Female,32.0,-61.370276641845706,127772.1,2.0,0.0,0.0,86734.09140625,0.0
621.0,Spain,Female,41.0,-35.560576629638675,104631.67,1.0,1.0,1.0,95551.22,0.0
833.0,France,Male,30.0,1.0,0.0,2.0,1.0,0.0,86280.52919921876,0.0
502.0,France,Male,29.310977363586424,10.0,0.0,1.0,1.0,1.0,76642.68,0.0
825.0,Germany,Male,10.153764724731445,6.0,118050.79,1.0,0.0,1.0,52301.15,0.0
668.0,France,Male,46.0,0.0,0.0,2.0,0.0,0.0,29388.02,0.0
487.0,Spain,Female,40.0,6.0,136093.74,1.0,0.0,1.0,193408.43,0.0
600.0,Germany,Female,39.0,-33.05656189918518,88477.36,2.0,1.0,0.0,58632.37000000001,0.0
606.0,Spain,Male,34.0,-61.96623229980469,161572.24,-0.23671336174011232,0.0,1.0,191076.22,0.0
623.0,Germany,Male,50.0,7.0,126608.37,1.0,0.0,1.0,645.61,1.0
575.0,France,Female,19.990019512176513,9.0,68332.96,7.367179870605469,1.0,1.0,144390.75,0.0
577.0,France,Male,-8.630804443359375,6.0,179852.26,1.0,1.0,0.0,193580.32,0.0
651.0,France,Female,25.0,8.0,0.0,2.0,1.0,1.0,126761.2,0.0
693.0,Germany,Male,46.0,2.0,104763.41,1.0,1.0,1.0,75707.3921875,0.0
800.0,France,Male,17.13959083557129,-49.168515014648435,88541.57,2.0,1.0,1.0,131718.12,0.0
760.0,France,Male,38.0,6.0,162888.73,1.0,1.0,0.0,100203.884375,1.0
711.0,France,Female,15.627785968780518,8.0,0.0,1.0,1.0,1.0,67508.01,0.0
637.0,France,Male,43.0,8.0,0.0,1.0,1.0,0.0,56278.8068359375,1.0
662.0,France,Male,32.0,9.0,0.0,2.0,0.0,0.0,65089.37999999999,0.0
568.0,France,Female,44.0,7.0,0.0,2.0,0.0,0.0,62370.67,1.0
692.0,France,Female,30.0,7.0,0.0,2.0,1.0,1.0,18826.34,0.0
614.0,France,Female,35.0,1.0,0.0,2.0,1.0,1.0,3342.62,0.0
478.0,France,Male,35.0,1.0,92474.05,1.0,1.0,0.0,178626.07,0.0
562.0,France,Male,36.0,6.0,0.0,2.0,1.0,0.0,32845.32,0.0
709.0,Germany,Male,-14.926076531410217,9.0,115479.48000000001,2.0,1.0,1.0,134732.99,0.0
684.0,France,Female,26.0,5.0,87098.91,1.0,0.0,0.0,106095.82000000002,0.0
546.0,Germany,Female,42.0,9.0,86351.85,2.0,1.0,0.0,57380.12999999999,0.0
779.0,France,Female,42.0,5.0,0.0,2.0,0.0,0.0,25951.91,0.0
576.0,Germany,Male,63.0,3.0,148843.56,1.0,1.0,0.0,69414.13,1.0
481.0,Germany,Male,44.0,3.0,163714.52,1.0,1.0,0.0,96123.72,0.0
445.0,France,Male,25.0,6.0,0.0,2.0,1.0,0.0,119425.93999999999,0.0
606.0,Spain,Male,36.0,0.0,94153.56,1.0,0.0,1.0,120138.26999999999,0.0
559.0,France,Male,50.0,5.0,162702.35,1.0,0.0,0.0,150548.5,1.0
471.5957092285156,France,Female,56.0,10.0,129255.2,2.0,1.0,0.0,81657.49296875,0.0
698.0,France,Male,41.0,3.0,90605.29,1.0,1.0,1.0,14357.0,1.0
568.0,Spain,Male,39.0,5.0,28714.130078125,2.0,1.0,1.0,129569.92,0.0
528.0,France,Male,29.0,3.0,102787.42,1.0,1.0,0.0,55972.56,0.0
802.0,France,Female,39.0,7.0,20527.0138671875,2.0,0.0,1.0,59497.009999999995,1.0
669.0,Germany,Male,47.0,0.0,29830.65048828125,2.0,1.0,1.0,181928.25,0.0
581.0,Spain,Female,20.61421880722046,10.0,159203.71,1.0,1.0,0.0,102517.83,1.0
640.0,France,Male,38.0,9.0,0.0,2.0,1.0,0.0,88827.67,0.0
529.0,Spain,Female,44.0,1.0,0.0,2.0,0.0,0.0,14161.3,0.0
547.0,France,Female,51.0,1.0,0.0,2.0,1.0,1.0,56908.41000000001,0.0
718.0,France,Female,49.0,10.0,0.0,1.0,1.0,0.0,184474.72,1.0
707.0,Germany,Male,34.0,9.0,162691.16,2.0,0.0,0.0,113101.5578125,0.0
735.0,France,Male,43.0,-27.09139404296875,127806.91,1.0,1.0,1.0,91414.2734375,0.0
765.0,France,Male,43.0,9.0,40157.56015625,2.0,1.0,0.0,136602.8,0.0
469.0,Germany,Female,52.0,-45.2997269153595,139493.25,27.159986829757692,0.0,0.0,150093.32,1.0
594.0,Germany,Female,21.0,2.0,87096.82,2.0,1.0,0.0,168186.11,0.0
675.0,France,Female,34.0,10.0,84944.58,1.0,0.0,0.0,146230.63,0.0
423.8130737304688,France,Male,50.0,8.0,20281.429296875,2.0,1.0,1.0,79314.1,0.0
810.0,France,Male,29.03463668823242,6.0,0.0,2.0,1.0,1.0,77965.67,0.0
715.0,Spain,Male,42.0,6.0,0.0,2.0,1.0,1.0,128745.68999999999,0.0
664.0,France,Male,40.0,9.0,0.0,2.0,1.0,0.0,194767.3,0.0
850.0,France,Male,29.0,0.5812614679336547,0.0,2.0,1.0,1.0,10672.54,0.0
220.50865478515624,Germany,Male,36.0,-21.33122730255127,94615.11,2.0,0.0,1.0,10627.21,0.0
563.0,France,Male,30.0,7.0,90727.79,1.0,1.0,0.0,122268.75,0.0
714.0,Germany,Male,26.0,3.0,119545.48000000001,2.0,1.0,0.0,65482.94,0.0
614.0,France,Male,36.0,1.0,118311.75999999998,1.0,1.0,0.0,146134.68,0.0
740.0,France,Male,33.0,1.0,129574.98000000001,1.0,1.0,1.0,123300.38,0.0
587.0,France,Male,33.0,8.0,148163.57,1.0,0.0,0.0,122925.4,0.0
465.0,Germany,Male,24.0,5.0,117154.9,1.0,1.0,1.0,127744.01999999999,0.0
689.0,Spain,Female,40.0,5.0,154251.67,1.0,0.0,1.0,118319.5,0.0
656.0,France,Male,30.0,3.0,0.0,9.788606309890747,0.0,1.0,76749.24140625,0.0
579.0,France,Female,33.0,1.0,65667.79,2.0,0.0,0.0,164608.98,0.0
716.0,France,Female,44.0,1.0,0.0,1.0,1.0,1.0,152108.47,0.0
551.0,France,Male,42.0,1.0,50194.59,1.0,1.0,1.0,23399.58,0.0
527.0,Germany,Female,39.0,9.0,96748.89,2.0,1.0,0.0,94711.43,0.0
600.0,France,Female,37.0,4.0,0.0,-0.09957150816917419,1.0,0.0,7312.25,1.0
685.0,France,Female,43.0,1.0,132667.17,1.0,1.0,1.0,41876.98,0.0
738.0,Spain,Male,36.0,5.0,0.0,2.0,1.0,1.0,96881.32,0.0
622.0,France,Male,41.0,2.0,127087.06000000001,1.0,1.0,0.0,102402.91,0.0
528.0,France,Male,34.0,1.0,125566.9,1.0,1.0,0.0,176763.27,0.0
546.0,Germany,Female,52.0,1.0,106074.88999999998,1.0,1.0,1.0,23548.45,1.0
576.0,Germany,Male,46.0,4.0,137367.94,1.0,1.0,1.0,33450.11,0.0
733.0,France,Female,38.0,3.0,157658.36,1.0,0.0,0.0,19658.43,0.0
433.781494140625,France,Male,22.493297123908995,-15.061186504364013,25924.539453125,2.0,0.0,0.0,104678.78,0.0
614.8775756835937,Spain,Male,41.0,5.0,103154.66,1.0,0.0,0.0,143203.78,0.0
586.0,France,Male,33.0,9.0,3562.316162109375,1.0,1.0,0.0,6975.020000000001,0.0
564.0,Spain,Female,24.0,6.0,149592.14,1.0,1.0,1.0,153771.8,0.0
408.2168884277344,Germany,Female,48.0,3.0,22480.79375,2.0,1.0,1.0,85902.39,1.0
736.0,Germany,Female,26.0,0.0,84587.9,1.0,0.0,1.0,188037.76,0.0
675.0,Spain,Male,32.0,8.0,197436.82,1.0,1.0,1.0,52710.7,0.0
656.0,Spain,Male,19.559319686889648,1.0,5862.0126953125,1.0,1.0,1.0,17034.37,0.0
462.0,France,Male,39.0,4.0,140133.08,2.0,0.0,0.0,131304.45,0.0
685.0,Spain,Male,30.0,-35.32827491760254,0.0,3.0,0.0,1.0,172576.43,1.0
850.0,Germany,Female,36.0,0.0,136980.23,2.0,1.0,1.0,99019.65,0.0
636.0,Germany,Male,48.0,3.0,39841.787890625,1.0,1.0,0.0,190160.04,1.0
850.0,France,Female,-11.321773529052734,7.0,43658.33,2.0,1.0,1.0,59200.723046875,0.0
628.0,France,Female,37.0,9.0,0.0,2.0,1.0,1.0,34689.77,0.0
798.0,France,Male,28.0,3.0,0.0,2.0,1.0,0.0,2305.27,0.0
610.0,France,Female,57.0,7.0,72092.95,4.0,1.0,1.0,113228.82000000002,1.0
591.0,France,Female,42.0,10.0,0.0,2.0,0.0,0.0,171099.22,0.0
614.0,Spain,Female,37.0,9.0,0.0,5.245705842971802,1.0,1.0,62023.1,0.0
651.0,France,Male,35.0,0.0,181821.96,2.0,0.0,1.0,36923.67,0.0
665.0,France,Male,25.0,7.0,90920.75,1.0,0.0,1.0,112256.57000000002,0.0
570.0,France,Male,23.0,2.0,0.0,1.0,0.0,0.0,198830.98,0.0
631.0,Spain,Male,29.0,3.0,0.0,2.0,1.0,1.0,197963.46,1.0
586.0,France,Male,32.0,1.0,0.0,2.0,0.0,0.0,31635.99,0.0
691.0,France,Male,30.0,9.0,0.0,1.0,1.0,0.0,49594.02,0.0
639.0,France,Male,25.88162717819214,8.0,0.0,2.0,1.0,0.0,170483.9,0.0
698.0,France,Female,27.0,1.0,94920.71,1.0,1.0,1.0,40339.9,0.0
733.0,Germany,Male,45.0,2.0,113939.36000000002,2.0,1.0,0.0,3218.71,0.0
850.0,France,Male,19.0,8.0,0.0,1.0,1.0,1.0,78515.14443359376,0.0
618.0,France,Female,31.0,4.0,0.0,2.0,1.0,0.0,29176.04,0.0
473.0,France,Female,25.0,6.0,110666.42,2.0,0.0,0.0,46758.42,0.0
490.0,France,Male,39.0,1.0,0.0,3.0,1.0,0.0,171060.01,1.0
392.96430053710935,Germany,Female,48.0,-31.261388301849365,141819.02,1.0,1.0,0.0,93550.53,1.0
649.0,France,Female,56.0,8.0,156974.26,1.0,1.0,0.0,89405.26,1.0
700.661279296875,France,Female,50.0,-43.62714061737061,151215.34,2.0,1.0,0.0,169804.4,0.0
690.0,Spain,Male,26.0,8.0,116318.23000000001,1.0,1.0,1.0,83253.05,0.0
610.0,Germany,Female,-35.10335426330566,6.0,113882.33,1.0,1.0,0.0,94346.24453125,0.0
596.0,France,Male,42.0,7.0,0.0,2.0,1.0,1.0,121568.37,0.0
492.0,France,Female,48.0,-20.275323629379272,127253.98000000001,1.0,1.0,0.0,92144.09,1.0
575.0,Spain,Male,41.0,2.0,100062.39,1.0,0.0,0.0,126307.25,0.0
569.0,France,Male,66.0,2.0,0.0,1.0,1.0,0.0,130784.2,1.0
674.0,Spain,Female,41.0,4.0,126605.13999999998,1.0,1.0,1.0,166694.93,0.0
507.0,France,Female,31.0,0.0,106942.08,1.0,0.0,1.0,44001.11,0.0
457.0,Spain,Male,44.0,7.0,0.0,2.0,0.0,0.0,185992.36,0.0
584.0,Germany,Female,41.0,3.0,88594.93,1.0,1.0,0.0,178997.89,0.0
744.0,Germany,Male,-10.428514289855958,6.0,123737.04,2.0,1.0,0.0,141558.04,0.0
687.0,France,Female,35.0,1.0,110752.15,2.0,1.0,1.0,47921.22,0.0
688.0,Spain,Male,46.0,3.0,0.0,2.0,0.0,1.0,104902.67999999998,0.0
519.0,France,Male,34.0,5.0,0.0,1.0,1.0,0.0,68479.6,0.0
733.0,France,Female,38.0,5.0,0.0,2.0,1.0,1.0,1271.51,0.0
666.0,Spain,Male,43.0,5.0,0.0,2.0,1.0,0.0,29346.1,0.0
511.0,Spain,Female,40.0,1.0,0.0,1.0,1.0,1.0,184118.73,0.0
705.0,France,Female,13.369760513305664,3.0,21533.58397216797,3.0,1.0,0.0,57099.04555664062,1.0
544.0,France,Male,-3.1406029224395753,10.0,78314.63,3.0,0.0,0.0,65181.8703125,0.0
564.0,France,Female,36.0,7.0,206329.65,1.0,1.0,1.0,46632.87,1.0
702.0,France,Male,40.0,7.0,31661.31640625,1.0,0.0,1.0,135334.24,0.0
658.0,Germany,Male,31.0,2.0,77082.65,2.0,0.0,0.0,13482.280000000002,0.0
654.0,France,Female,-20.230524444580077,8.0,145081.73,1.0,1.0,1.0,130075.07000000002,1.0
649.0,Germany,Female,41.0,4.0,115897.73000000001,19.839505767822267,1.0,0.0,143544.48,0.0
597.0,Spain,Male,24.0,0.0,108058.07000000002,2.0,1.0,1.0,187826.11,0.0
613.0206115722656,Germany,Male,-26.641165924072265,7.0,191523.09,1.0,1.0,1.0,167058.75,0.0
644.0,France,Male,38.0,3.0,0.0,2.0,1.0,1.0,79928.41,0.0
679.0,Spain,Female,39.0,7.0,91187.9,1.0,0.0,1.0,6075.36,0.0
678.0,France,Female,60.0,2.0,0.0,2.0,1.0,1.0,43821.56,0.0
806.0,France,Male,34.0,5.0,113958.55,1.0,0.0,1.0,32125.98,0.0
668.0,Spain,Male,43.0,1.0,147167.25,1.0,0.0,0.0,141679.73,0.0
659.0,Germany,Male,29.0,9.0,82916.48,1.0,1.0,1.0,84133.48,0.0
660.0,France,Male,34.0,1.0,0.0,2.0,1.0,0.0,9692.58,0.0
601.0,France,Female,37.0,5.0,0.0,1.0,0.0,0.0,20708.6,0.0
781.0,France,Female,48.0,0.0,57098.96,1.0,1.0,0.0,85644.06,1.0
628.0,Germany,Male,39.0,1.0,115341.18999999999,22.321129989624023,1.0,1.0,107674.3,1.0
751.0,France,Male,30.0,3.0,165257.2,1.0,0.0,0.0,134822.05,1.0
531.0,France,Female,37.0,1.0,0.0,1.0,1.0,0.0,4606.97,0.0
647.0,France,Female,42.0,9.0,0.0,2.0,1.0,1.0,51362.82,0.0
708.0,Spain,Male,46.0,7.0,68799.72,1.0,1.0,1.0,59186.671484375,0.0
550.0,Spain,Male,39.0,2.0,116120.18999999999,2.0,1.0,1.0,195638.13,0.0
670.0,France,Male,33.0,-7.317989230155945,0.0,2.0,1.0,1.0,86413.11,0.0
592.0,France,Female,31.0,2.0,84102.11,2.0,0.0,1.0,116385.24000000002,1.0
589.0,France,Female,50.0,4.0,0.0,2.0,0.0,0.0,182076.97,0.0
725.0,France,Female,33.0,4.0,0.0,1.0,1.0,1.0,67879.8,0.0
570.0,France,Female,43.0,9.0,0.0,2.0,0.0,1.0,11417.26,0.0
575.0,France,Male,46.0,-11.778273010253907,0.0,2.0,1.0,1.0,65998.26,0.0
501.0,Germany,Male,25.0,6.0,104013.79,1.0,1.0,0.0,114774.35,0.0
431.0,Germany,Male,7.490273332595825,8.0,120822.86000000002,32.65680341720581,1.0,0.0,126153.24000000002,0.0
719.0,Spain,Male,10.904502868652344,4.0,128389.12,36.14687647819519,0.0,1.0,176091.31,0.0
850.0,Germany,Male,36.0,-24.378503799438477,102800.72,1.0,1.0,1.0,87352.43,0.0
554.0,Germany,Female,31.0,6.0,135470.9,1.0,1.0,0.0,107074.81000000001,0.0
418.0,France,Male,36.0,7.0,90145.04,1.0,1.0,1.0,69157.93,0.0
715.0,France,Male,31.0,7.0,0.0,1.0,1.0,0.0,68019.4078125,1.0
750.0,Spain,Female,33.0,3.0,161801.47,46.900961303710936,0.0,1.0,153288.97,1.0
446.4588676452637,France,Male,37.0,2.0,99660.13,2.0,0.0,0.0,147700.78,0.0
652.0,France,Female,-2.674930381774902,6.0,123081.84,2.0,1.0,1.0,90139.78359375,0.0
658.0,France,Male,42.0,8.0,102870.93,33.609931874275205,0.0,1.0,82517.98203125,1.0
659.0,France,Female,37.0,1.0,151105.68,1.0,1.0,1.0,140934.57,0.0
574.0,Germany,Male,35.0,5.0,163856.76,1.0,1.0,1.0,15118.2,0.0
611.0,France,Male,38.0,7.0,0.0,1.0,1.0,1.0,63202.0,0.0
738.0,Spain,Male,35.0,8.0,26859.33203125,1.0,1.0,0.0,76182.38046875,0.0
571.0,France,Male,49.0,4.0,180614.04,1.0,0.0,0.0,523.0,0.0
686.0,France,Female,44.0,7.0,55053.62000000001,1.0,1.0,0.0,181757.19,0.0
679.0,Spain,Male,33.0,4.0,96110.22,1.0,1.0,0.0,1173.23,0.0
617.0,Spain,Female,46.0,3.0,106521.49000000002,1.0,0.0,1.0,86587.37,0.0
673.0,France,Male,39.0,7.0,82255.51,2.0,1.0,0.0,109545.56000000001,1.0
745.0,France,Female,33.0,1.0,0.0,2.0,1.0,1.0,28400.563110351562,0.0
677.0,Germany,Female,26.0,3.0,102395.79,1.0,1.0,0.0,119368.99000000002,0.0
613.0,Spain,Male,39.0,8.0,118201.41,1.0,1.0,0.0,23315.59,0.0
576.0,France,Female,55.0,6.0,44582.07,3.0,0.0,1.0,67539.85,1.0
584.0,Spain,Female,30.0,5.0,0.0,2.0,1.0,1.0,185201.58,0.0
663.0,France,Male,22.0,6.0,0.0,2.0,0.0,1.0,131827.15,0.0
466.0,France,Male,26.0,9.0,105522.06000000001,1.0,1.0,0.0,10842.46,0.0
510.0,Germany,Female,50.0,7.0,123936.54,1.0,1.0,1.0,23768.01,0.0
619.0,Spain,Male,38.0,-33.3990758895874,0.0,-13.742377471923827,1.0,1.0,117616.29,0.0
696.0,Germany,Female,43.65830841064453,7.0,32807.885546875,7.833549189567566,1.0,1.0,174027.3,0.0
554.0,France,Female,44.0,9.0,135814.7,2.0,0.0,0.0,115091.38,0.0
595.0,France,Male,52.0,9.0,0.0,1.0,1.0,1.0,106340.66,1.0
659.0,Germany,Male,39.0,8.0,47094.94296875,17.297296810150147,1.0,0.0,198103.32,0.0
404.9076377868652,France,Male,44.0,8.0,0.0,2.0,0.0,1.0,175314.87,0.0
556.0,Spain,Male,38.0,2.0,115463.16,1.0,1.0,0.0,150679.65,0.0
701.0,Spain,Female,39.0,9.0,0.0,2.0,1.0,0.0,110043.88,0.0
587.0,Spain,Male,42.0,5.0,120233.83,1.0,1.0,0.0,194890.33,0.0
571.0,France,Female,47.0,7.0,0.0,2.0,0.0,0.0,112366.98000000001,0.0
610.85625,France,Female,40.0,7.0,81132.21,1.0,1.0,0.0,167289.82,0.0
644.0,Germany,Female,34.0,10.0,122196.99000000002,2.0,0.0,1.0,182099.71,0.0
572.0,Spain,Male,39.0,4.0,112290.22,1.0,1.0,0.0,49373.97,1.0
753.0,France,Female,50.0,4.0,20137.14755859375,8.641738533973694,1.0,1.0,861.4,0.0
706.0,France,Male,35.0,5.0,0.0,2.0,1.0,1.0,81718.37,0.0
588.0,France,Male,44.0,8.0,154409.74,1.0,1.0,0.0,49324.03,1.0
825.0,France,Male,32.0,9.0,0.0,2.0,0.0,0.0,76891.12265625,0.0
627.0,Spain,Male,48.0,1.0,132759.8,1.0,1.0,0.0,78899.22,0.0
532.0,France,Female,60.0,5.0,76705.87,2.0,0.0,1.0,13889.73,0.0
764.0,France,Female,44.0,1.0,0.0,2.0,1.0,1.0,56493.05278320312,0.0
700.0,France,Female,36.0,4.0,0.0,2.0,1.0,0.0,130789.15,0.0
660.0,France,Male,41.0,3.0,0.0,2.0,1.0,1.0,108665.88999999998,0.0
692.5989990234375,Germany,Male,-6.131257820129394,9.0,125961.74000000002,2.0,1.0,0.0,160303.08,1.0
557.0,France,Male,39.0,7.0,49572.73,1.0,1.0,0.0,115287.99000000002,1.0
639.0,France,Female,35.0,1.0,103015.12,2.0,1.0,1.0,139094.12,0.0
557.0,France,Female,24.0,4.0,0.0,1.0,0.0,0.0,20515.72,0.0
633.0,France,Female,32.0,1.0,104001.38,1.0,0.0,1.0,36642.65,0.0
623.0,Spain,Female,50.0,2.0,87116.71,1.0,1.0,1.0,67750.42922363282,0.0
100.2803970336914,France,Male,68.0,5.0,5479.872705078125,2.2545846819877626,1.0,1.0,15501.6748046875,0.0
666.0,Spain,Male,47.0,5.0,0.0,1.0,0.0,0.0,166650.9,1.0
555.9989074707031,France,Male,27.0,4.0,121325.84,1.0,1.0,1.0,164223.7,1.0
775.0,France,Male,28.0,9.0,111167.7,1.0,1.0,0.0,149331.01,1.0
681.0,Germany,Male,48.0,5.0,139714.4,2.0,0.0,0.0,73066.72,0.0
207.00585327148437,Germany,Female,32.0,10.0,139875.2,2.0,1.0,0.0,15378.23,0.0
646.0,Germany,Female,44.0,2.0,113063.83,8.20438598394394,0.0,0.0,53072.490000000005,1.0
670.0,France,Female,50.0,8.0,138340.06,1.0,0.0,1.0,3159.15,0.0
751.0,France,Male,-1.978805923461914,1.0,114974.24000000002,1.0,1.0,0.0,125920.54,0.0
544.0,France,Female,33.0,6.0,0.0,2.0,1.0,1.0,124113.04,0.0
639.0,France,Female,38.0,5.0,0.0,2.0,0.0,0.0,93716.38,0.0
635.0,Germany,Male,65.0,5.0,35287.8390625,14.90573763847351,1.0,0.0,155799.86,1.0
672.0,France,Female,28.0,6.0,0.0,1.0,0.0,1.0,8814.69,0.0
639.0,France,Female,35.0,8.0,0.0,1.0,0.0,0.0,164453.98,0.0
697.0,France,Female,25.0,1.0,0.0,2.0,0.0,0.0,87803.32,0.0
850.0,Spain,Male,50.137681007385254,-42.28400363922119,0.0,2.0,1.0,1.0,183617.32,0.0
748.0,France,Female,14.440456008911132,8.0,0.0,2.0,1.0,0.0,53584.030000000006,0.0
463.0,Spain,Female,35.0,2.0,0.0,2.0,1.0,1.0,1950.9299999999998,0.0
572.0,France,Female,30.0,6.0,0.0,1.0,0.0,1.0,175025.27,0.0
741.0,Spain,Male,-2.2526666641235353,1.0,78737.61,1.0,1.0,1.0,13018.96,0.0
646.0,France,Male,25.0,5.0,18094.268450927735,2.0,1.0,1.0,51121.50673828125,0.0
805.0,Germany,Female,50.0,9.0,130023.38,1.0,1.0,0.0,62989.81999999999,0.0
637.0,France,Male,36.0,2.0,152606.82,1.0,0.0,1.0,71692.8,0.0
651.0,France,Male,28.0,7.0,0.0,2.0,1.0,0.0,823.96,0.0
672.0,France,Male,16.239472770690917,4.0,167268.98,1.0,1.0,1.0,169469.3,0.0
493.0,France,Male,54.0,3.0,32836.775,2.0,1.0,0.0,150159.95,1.0
524.0,Germany,Male,29.0,-28.49742817878723,144287.6,2.0,1.0,0.0,32063.3,0.0
624.0,Germany,Female,45.0,5.0,151855.33,1.0,1.0,0.0,68794.15,0.0
569.0,Spain,Female,22.952188777923585,3.0,10172.5291015625,0.02172427177429199,1.0,0.0,26941.579541015624,1.0
677.0,France,Female,27.0,2.0,0.0,2.0,0.0,1.0,114685.92,0.0
464.0,Germany,Male,37.0,4.0,155994.15,1.0,0.0,0.0,143665.44,0.0
718.0,Germany,Male,26.0,7.0,147527.03,4.568422544002533,0.0,0.0,51099.56,0.0
594.0,France,Female,53.0,4.0,0.0,-0.43897595405578616,1.0,0.0,5408.74,1.0
574.0,France,Male,33.0,8.0,100267.03,1.0,1.0,0.0,103006.27,0.0
478.0,Spain,Male,48.0,0.0,83287.05,2.0,0.0,1.0,44147.95,1.0
615.0,Spain,Male,41.0,4.0,0.0,1.0,0.0,1.0,149278.96,0.0
651.0,Spain,Male,45.0,4.0,0.0,-9.750180101394653,0.0,0.0,193009.21,0.0
465.0,Germany,Male,53.0,1.0,117438.17,1.0,0.0,0.0,74898.8,1.0
558.0,France,Female,56.0,7.0,121235.05,2.0,1.0,1.0,116253.1,0.0
540.0,Germany,Male,37.0,3.0,129965.17999999998,1.0,0.0,0.0,19374.08,0.0
568.0,Germany,Male,46.0,8.0,18548.41328125,1.0,0.0,0.0,64516.8,1.0
630.0,France,Male,31.0,0.0,0.0,2.0,1.0,1.0,34475.14,0.0
523.0,Germany,Male,60.0,-31.49821529388428,163894.35,1.0,0.0,1.0,57061.71,0.0
678.0,France,Female,48.0,2.0,0.0,2.0,1.0,1.0,32301.879999999997,0.0
438.0,France,Male,38.0,2.0,0.0,2.0,1.0,0.0,136859.55,0.0
544.0,France,Male,44.0,1.0,0.0,2.0,0.0,0.0,69244.24,0.0
595.0,Germany,Male,34.0,2.0,30141.145947265624,2.0,0.0,1.0,156309.52,0.0
678.0,France,Male,26.0,3.0,0.0,2.0,1.0,0.0,4989.33,0.0
850.0,France,Male,36.0,6.0,47540.277734375,2.0,1.0,1.0,190194.95,0.0
589.0,Germany,Female,20.0,2.0,121093.29,2.0,1.0,0.0,3529.72,0.0
785.0,Spain,Female,31.0,2.0,121691.54,2.0,0.0,0.0,81778.72,0.0
563.0,Spain,Male,57.0,6.0,0.0,-0.3001273155212402,1.0,1.0,39297.48,0.0
602.0,France,Female,39.0,6.0,154121.32,2.0,1.0,0.0,176614.86,1.0
591.0,France,Male,29.0,6.0,0.0,2.0,1.0,1.0,108684.65,1.0
643.0,Spain,Male,43.0,1.0,0.0,2.0,1.0,1.0,145764.4,0.0
605.0,France,Female,32.0,5.0,0.0,2.0,1.0,1.0,42135.28,0.0
478.86436767578124,Germany,Female,-52.789962959289554,-26.100751876831055,165048.5,3.0,0.0,0.0,104466.7578125,0.0
769.0,Spain,Male,38.0,6.0,22570.963012695312,2.0,0.0,0.0,104393.78,0.0
620.0,France,Female,33.0,9.0,127638.35,1.0,0.0,0.0,192717.57,0.0
725.0,France,Male,18.307886600494385,8.0,0.0,2.0,1.0,1.0,59650.42,0.0
323.68089904785154,Germany,Male,72.0,-24.128183555603027,135290.42,2.0,0.0,1.0,63729.719999999994,0.0
624.0,France,Male,71.0,4.0,19494.9720703125,3.0,1.0,0.0,73679.59,0.0
669.0,Germany,Female,35.0,4.0,108269.2,2.0,1.0,0.0,174969.92,0.0
712.0,France,Female,32.0,1.0,0.0,2.0,1.0,0.0,1703.58,0.0
603.0,Germany,Female,35.0,9.0,145623.36,1.0,1.0,0.0,163181.62,0.0
597.0,Spain,Female,41.0,4.0,145809.53,2.0,0.0,1.0,52319.26,0.0
580.0,Germany,Male,3.2650430679321287,-20.76460506916046,130334.84,2.0,1.0,1.0,51672.08,1.0
718.0,France,Female,39.0,-11.965875625610352,0.0,2.0,1.0,1.0,145355.11,0.0
527.0,Spain,Male,53.0,8.0,0.0,1.0,1.0,1.0,51711.57,0.0
729.0,Spain,Female,42.0,1.0,34598.041015625,2.0,1.0,1.0,149535.97,1.0
746.0,France,Female,24.0,4.0,0.0,1.0,0.0,1.0,72313.3142578125,0.0
699.0,Germany,Female,54.0,-54.02109088897705,111009.32000000002,1.0,1.0,0.0,155905.79,1.0
759.0,France,Female,46.0,2.0,0.0,-0.36104836463928225,1.0,1.0,138380.11,0.0
748.0,France,Female,21.542203521728517,3.0,157371.54,1.0,0.0,1.0,97734.3,0.0
698.0,Spain,Female,63.0,5.0,0.0,-12.26815586090088,1.0,1.0,173576.71,0.0
686.0,France,Male,37.0,9.0,134560.62,1.0,1.0,0.0,27596.390000000003,0.0
679.0,France,Male,40.0,1.0,0.0,1.0,1.0,1.0,16897.19,0.0
682.0,Germany,Male,-11.80085301399231,5.0,72373.62,2.0,1.0,0.0,36895.99,0.0
778.0,Germany,Female,34.0,7.0,109564.1,1.0,0.0,1.0,88330.16328125,0.0
742.0,France,Female,25.0,4.0,132116.13,2.0,1.0,0.0,129933.5,0.0
649.0,Germany,Male,24.0,7.0,101195.23,1.0,0.0,0.0,133091.32,0.0
763.0,France,Male,67.0,-22.431786727905273,34480.001171875,2.0,0.0,1.0,104008.55625,0.0
595.0,France,Male,30.0,9.0,12428.87236328125,2.0,1.0,0.0,57862.87999999999,1.0
628.0,Germany,Female,51.0,10.0,115280.49000000002,33.16091742515564,0.0,0.0,12628.61,1.0
625.0,France,Female,36.0,8.0,129944.38999999998,2.0,0.0,0.0,198914.8,0.0
733.0,France,Male,36.0,5.0,0.0,2.0,1.0,1.0,109127.54,0.0
665.0,Spain,Female,32.0,10.0,0.0,1.0,1.0,1.0,22487.45,0.0
219.08219146728516,France,Male,56.0,6.0,12610.2287109375,-1.1850970268249512,1.0,0.0,46791.09,1.0
366.28699493408203,France,Male,38.0,6.0,0.0,2.0,1.0,1.0,158697.28,0.0
554.0,France,Female,38.0,3.0,138731.95,1.0,1.0,1.0,194138.36,0.0
675.0,Spain,Female,35.0,8.0,155621.08,1.0,0.0,1.0,35177.31,0.0
556.0,France,Female,54.0,4.0,150005.38,1.0,1.0,0.0,157015.5,1.0
635.0,Spain,Female,48.0,2.0,0.0,9.912899589538574,1.0,1.0,136551.25,0.0
601.0,France,Male,47.0,1.0,64430.06,2.0,0.0,1.0,96517.97,0.0
600.0,Germany,Male,3.3296072006225588,-31.852108860015868,106261.63,1.0,1.0,0.0,93629.66,1.0
758.0,Spain,Male,40.0,3.0,0.0,2.0,0.0,0.0,96097.65,0.0
606.0,Germany,Female,41.0,4.0,132670.53,1.0,1.0,0.0,156476.36,1.0
640.0,France,Female,67.0,3.0,0.0,1.0,0.0,1.0,42964.63,0.0
753.0,Germany,Female,38.0,1.0,117314.92,1.0,1.0,0.0,122021.33,1.0
559.0,Spain,Male,-3.4795236349105836,3.0,145874.35,1.0,1.0,0.0,56311.39,1.0
754.0,Spain,Male,50.0,7.0,146777.44,2.0,0.0,1.0,150685.52,1.0
621.0,Germany,Male,51.0,4.0,42886.18515625,1.0,0.0,0.0,177740.58,1.0
654.0,France,Female,37.0,5.0,0.0,1.0,0.0,1.0,71492.28,0.0
650.0,France,Male,24.0,8.0,108881.73000000001,1.0,1.0,0.0,92910.3390625,0.0
199.07362060546876,Spain,Male,44.0,10.0,0.0,1.0,0.0,1.0,47729.33,0.0
519.0,France,Male,39.0,2.0,112957.25999999998,2.0,1.0,0.0,97593.16,0.0
552.0,Germany,Male,9.088605809211732,8.0,103362.14,1.0,0.0,1.0,186869.58,1.0
459.1043212890625,Spain,Male,41.0,4.0,89015.61,1.0,0.0,1.0,135227.23,0.0
576.0,Spain,Male,45.0,5.0,133618.01,1.0,0.0,0.0,135244.87,0.0
646.0,France,Male,40.0,5.0,23956.753515625,2.0,1.0,1.0,71285.4818359375,1.0
711.0,Germany,Female,45.0,1.0,97486.15,2.0,1.0,0.0,50610.62,0.0
806.0,Spain,Female,37.0,2.0,137794.18,2.0,0.0,1.0,75232.02,0.0
670.0,France,Female,39.0,8.0,101928.51,1.0,0.0,0.0,89205.54,0.0
679.0,Spain,Female,28.0,9.0,0.0,2.0,0.0,1.0,61761.77,0.0
850.0,Spain,Male,39.0,6.0,0.0,2.0,1.0,0.0,103921.43,0.0
670.0,Germany,Female,35.0,2.0,79585.96,1.0,0.0,1.0,198802.9,0.0
733.0,France,Female,24.0,3.0,161884.99,1.0,1.0,1.0,9617.24,0.0
764.0,France,Female,39.0,1.0,129068.54,2.0,0.0,1.0,187905.12,1.0
673.0,France,Male,42.0,4.0,0.0,2.0,1.0,0.0,121440.8,0.0
588.0,Germany,Male,49.0,-8.927630615234374,19000.973791503908,3.0,1.0,0.0,56604.91516113281,1.0
564.0,Spain,Male,31.0,5.0,121461.87,1.0,0.0,1.0,20432.09,1.0
715.0,France,Male,32.0,8.0,175307.32,1.0,1.0,0.0,187051.23,0.0
621.0,France,Male,31.0,7.0,136658.61,1.0,1.0,1.0,148689.13,0.0
796.0,Germany,Female,23.0,3.0,146584.19,2.0,0.0,0.0,104103.1328125,0.0
672.0,France,Male,34.0,6.0,0.0,1.0,0.0,0.0,22736.06,0.0
527.0,Spain,Female,46.0,10.0,131414.76,1.0,1.0,0.0,54947.509999999995,0.0
722.0,France,Female,38.0,3.0,0.0,2.0,0.0,1.0,167984.72,0.0
596.0,Germany,Male,34.0,4.0,99441.21,2.0,0.0,1.0,4802.27,0.0
746.0,France,Female,32.0,4.0,0.0,2.0,1.0,1.0,72909.75,0.0
523.0,France,Female,26.0,4.0,0.0,2.0,1.0,0.0,185488.81,0.0
624.0,France,Male,44.0,3.0,0.0,2.0,1.0,0.0,64734.6369140625,0.0
369.4268524169922,Spain,Male,38.0,1.0,181110.13,2.0,1.0,0.0,65778.30738525391,0.0
850.0,Germany,Male,33.0,-39.168003940582274,100476.46,2.0,1.0,1.0,57817.7859375,0.0
599.0,Germany,Male,-7.858439683914185,2.0,51949.95,2.0,1.0,0.0,85045.92,0.0
492.0,France,Male,35.0,8.0,121063.49000000002,1.0,0.0,0.0,85421.48,0.0
445.5042724609375,France,Male,48.0,8.0,88441.64,11.00151309967041,0.0,1.0,119903.2,1.0
743.0,France,Female,30.0,1.0,127023.38999999998,1.0,1.0,1.0,138780.89,0.0
522.0,France,Male,41.0,5.0,144147.68,1.0,1.0,1.0,14789.9,0.0
495.04286499023436,Spain,Female,57.0,2.0,173306.13,1.0,0.0,1.0,131964.66,0.0
826.0,France,Female,49.0,0.0,0.0,1.0,0.0,0.0,178709.98,1.0
630.0,Germany,Female,-4.481933879852295,8.0,106425.75,1.0,1.0,1.0,20344.84,0.0
430.0,France,Female,66.0,6.0,135392.31,2.6940345764160156,1.0,1.0,78838.30546875,1.0
806.0,France,Female,67.0,1.0,0.0,2.0,0.0,1.0,103945.58,0.0
703.0,France,Male,39.0,-51.110413551330566,152685.4,1.0,0.0,0.0,183656.12,1.0
755.0,Germany,Female,38.0,1.0,82083.52,1.0,0.0,1.0,10333.78,0.0
612.0,Spain,Female,33.70261154174805,2.0,26658.292718505858,2.0,1.0,0.0,122109.58,1.0
719.0,France,Male,13.137011528015137,7.0,0.0,2.0,1.0,1.0,125041.51999999999,0.0
554.0,Germany,Female,55.0,-47.87661552429199,108477.26999999999,1.0,0.0,1.0,140003.0,1.0
683.0,France,Male,30.0,4.0,114779.35,1.0,0.0,0.0,183171.47,0.0
231.76911468505858,France,Male,41.0,5.0,57568.94,1.0,1.0,1.0,61128.29,0.0
724.0,Spain,Male,36.0,1.0,0.0,2.0,1.0,0.0,52462.25,0.0
770.0,Spain,Male,30.0,8.0,24594.600244140624,2.0,0.0,1.0,71401.13623046875,0.0
238.68873443603516,France,Male,37.0,4.0,12247.441845703124,2.0,1.0,0.0,61240.87000000001,0.0
699.0,France,Female,32.0,4.0,110559.46,1.0,1.0,1.0,127429.56000000001,0.0
442.0,France,Male,34.0,4.0,0.0,2.0,1.0,0.0,68343.08,0.0
529.0,France,Male,46.0,8.0,0.0,1.0,0.0,0.0,57110.508203125,1.0
574.0,Spain,Male,36.0,3.0,0.0,2.0,1.0,1.0,8559.66,0.0
605.0,France,Male,33.0,9.0,128152.82000000002,1.0,0.0,0.0,147822.81,0.0
364.6849731445312,Spain,Male,-11.055758476257324,-44.355736923217776,120961.5,3.0,1.0,1.0,79179.97265625,1.0
632.0,Germany,Male,65.0,6.0,31014.660546875,7.808728265762329,1.0,1.0,86905.528125,0.0
558.0,France,Male,32.0,10.0,105000.23000000001,1.0,1.0,0.0,190019.61,0.0
434.0,Germany,Male,55.0,8.0,109339.17,2.0,0.0,1.0,96405.88,1.0
525.0,France,Female,59.0,6.0,55328.4,1.0,1.0,0.0,83342.73,1.0
640.0,Germany,Male,23.0,3.0,72012.76,1.0,1.0,0.0,161333.13,0.0
690.0,France,Female,36.0,6.0,110480.48000000001,1.0,0.0,0.0,81292.33,0.0
607.0,Spain,Female,34.0,9.0,132439.99,1.0,1.0,0.0,177747.72,0.0
850.0,France,Male,46.0,3.0,0.0,2.0,1.0,1.0,94306.5041015625,0.0
780.0,Germany,Male,34.0,-28.489198735356332,94108.54,2.0,1.0,0.0,177235.21,0.0
261.6972686767578,Germany,Female,-16.346051335334778,10.0,105173.99000000002,1.0,0.0,1.0,29835.370000000003,1.0
618.0,Spain,Female,40.0,8.0,0.0,2.0,1.0,0.0,80204.38,0.0
676.0,France,Male,29.0,7.0,131959.86,1.0,1.0,0.0,117400.5828125,0.0
381.9940948486328,France,Male,33.0,7.0,0.0,2.0,1.0,1.0,85411.01,0.0
490.0,France,Male,34.0,5.0,122952.9,2.0,0.0,0.0,154360.97,0.0
678.0,France,Male,36.0,0.0,107379.67999999998,1.0,0.0,1.0,84460.18,0.0
637.0,Germany,Male,30.0,6.0,122641.56000000001,2.0,1.0,0.0,95401.24375,0.0
602.0,France,Female,33.0,8.0,0.0,2.0,1.0,1.0,112928.74000000002,0.0
744.0,Spain,Female,30.0,1.0,124037.28,1.0,1.0,1.0,142210.94,0.0
640.0,France,Female,50.0,9.0,18143.84228515625,2.0,0.0,0.0,82559.77,1.0
684.0,France,Female,38.0,5.0,133189.4,1.0,0.0,0.0,127388.06000000001,0.0
495.0,Germany,Male,39.0,8.0,120252.01999999999,2.0,1.0,1.0,10160.23,0.0
341.6071243286133,Germany,Female,28.0,3.0,152264.81,1.0,0.0,0.0,64242.31,0.0
695.6150390625,France,Male,38.0,5.0,46880.3890625,2.0,1.0,1.0,198355.28,0.0
613.0,France,Male,42.0,7.0,115076.06000000001,1.0,1.0,1.0,79323.61,0.0
794.0,France,Male,30.0,8.0,0.0,2.0,1.0,0.0,24113.91,0.0
736.0,France,Female,42.0,7.0,117280.23000000001,3.0,0.0,0.0,41921.06,1.0
692.0,Germany,Male,49.0,6.0,110540.42999999998,2.0,0.0,1.0,107472.99000000002,0.0
703.0,Spain,Male,36.0,7.0,135095.47,1.0,1.0,0.0,143859.66,0.0
720.0,Germany,Male,30.42844154834747,0.0,25388.270703125,2.0,1.0,1.0,104120.17,0.0
777.0,Germany,Male,44.0,3.0,124655.59,28.262562656402586,0.0,1.0,79792.3,0.0
653.0,France,Male,21.8382926940918,8.0,0.0,2.0,1.0,1.0,154639.72,0.0
552.0,France,Female,38.0,9.0,134105.01,1.0,0.0,0.0,57850.1,0.0
708.0,France,Female,34.0,4.0,0.0,1.0,1.0,1.0,62868.33,0.0
647.0,France,Female,40.0,9.0,0.0,2.0,0.0,1.0,92357.21,0.0
597.0,Germany,Male,-2.890901565551758,8.0,83693.34,2.0,1.0,0.0,161083.53,0.0
501.0,France,Male,42.0,9.0,114631.23000000001,1.0,0.0,1.0,91429.74,0.0
709.0,France,Male,44.0,9.0,128601.98000000001,1.0,1.0,0.0,117031.2,0.0
621.0,Germany,Female,34.0,2.0,91258.52,2.0,1.0,0.0,44857.4,0.0
228.427783203125,France,Male,70.0,8.0,70416.75,1.0,1.0,1.0,36483.52,0.0
675.0,France,Female,33.0,6.0,0.0,2.0,1.0,0.0,53999.44716796875,0.0
561.0,France,Female,35.0,5.0,0.0,2.0,1.0,0.0,59981.62000000001,0.0
707.0,France,Male,42.0,10.0,0.0,2.0,1.0,1.0,152944.39,0.0
670.0,France,Male,33.0,6.0,88294.6,1.0,1.0,0.0,66979.06,0.0
649.0,Spain,Female,32.0,7.0,0.0,1.0,1.0,0.0,28797.32,0.0
524.0,France,Male,28.0,1.0,93577.3,1.0,1.0,1.0,51670.82,0.0
689.0,Germany,Female,30.0,5.0,136650.89,1.0,1.0,1.0,89398.6484375,1.0
573.0,France,Female,29.079465103149413,8.0,23476.47578125,1.0,1.0,1.0,96015.53,0.0
657.0,France,Male,33.0,1.0,84309.57,2.0,0.0,0.0,103914.4,0.0
686.0,Spain,Male,39.0,10.0,136258.06,1.0,0.0,0.0,89199.51,0.0
683.0,France,Female,29.0,9.0,0.0,2.0,1.0,1.0,48849.89,0.0
753.0,Germany,Female,47.0,1.0,131160.85,1.0,1.0,0.0,197444.69,0.0
520.0,Spain,Female,30.0,4.0,145222.99,2.0,0.0,0.0,145160.96,0.0
547.0,Germany,Male,25.0,4.0,22633.110546875,2.0,1.0,1.0,65272.4609375,0.0
154.8803924560547,France,Male,47.0,6.0,8973.51806640625,1.0,1.0,0.0,50695.93,0.0
648.0,Spain,Female,28.0,9.0,102282.61,1.0,1.0,1.0,157891.11,0.0
639.0,France,Female,37.0,4.0,116121.84,2.0,0.0,1.0,181850.74,0.0
711.0,France,Female,-39.704243183135986,5.0,190066.54,1.0,0.0,0.0,51345.39,1.0
484.0,Germany,Female,55.0,8.0,149349.58,3.0,0.0,0.0,137519.92,1.0
721.0,Germany,Female,-16.943253016471864,1.0,155176.83,2.0,1.0,1.0,49653.37,0.0
548.0,Germany,Male,32.0,2.0,98986.28,1.0,1.0,1.0,55867.37999999999,0.0
260.1551574707031,France,Male,41.0,-32.84290127754211,147726.98,33.45541478395462,0.0,1.0,54289.93095703125,1.0
553.0,France,Male,41.0,1.0,0.0,2.0,1.0,0.0,90607.31,0.0
757.0,France,Male,36.0,7.0,144852.06,1.0,0.0,0.0,130861.95,0.0
581.0,France,Male,54.0,-37.991893362998965,89299.81,1.0,0.0,0.0,5558.47,1.0
718.0,Spain,Male,57.398569107055664,9.0,0.0,2.0,0.0,0.0,121537.91,0.0
625.0,France,Male,41.0,6.0,97663.16,2.0,1.0,0.0,57128.780000000006,0.0
744.0,Spain,Male,39.0,4.0,95161.75,1.0,1.0,0.0,19409.77,0.0
799.0,France,Male,31.0,9.0,154586.92,1.0,0.0,0.0,88604.89,1.0
751.0,Spain,Female,34.0,8.0,127095.13999999998,2.0,0.0,0.0,479.5400000000001,0.0
781.0,Germany,Male,35.0,7.0,92526.15,16.30928122997284,0.0,0.0,67374.6517578125,0.0
294.14519653320315,Germany,Female,46.0,0.0,107362.8,1.0,1.0,0.0,487.3,0.0
704.0,Spain,Female,24.0,2.0,0.0,1.0,1.0,0.0,35600.25,1.0
539.0,France,Female,47.0,-53.428662109375,127286.04,2.0,1.0,1.0,166929.43,1.0
716.0,France,Female,29.0,6.0,0.0,2.0,1.0,1.0,70532.61484375,0.0
670.0,France,Male,37.0,2.0,0.0,2.0,1.0,1.0,54229.740000000005,0.0
555.0,France,Male,40.0,10.0,139930.18,1.0,1.0,1.0,105720.09,0.0
679.0,Germany,Female,30.0,4.0,77949.69,1.0,1.0,1.0,121151.46,0.0
571.0,France,Male,38.0,-56.178157806396484,121405.04,1.0,1.0,1.0,154844.22,0.0
512.0,Spain,Female,35.0,5.0,124580.68999999999,1.0,1.0,1.0,18785.48,0.0
697.0,France,Male,35.0,5.0,18874.9013671875,1.0,1.0,0.0,64771.61,0.0
424.0,Spain,Male,34.0,7.0,0.0,1.0,1.0,1.0,16250.61,0.0
684.0,France,Female,43.0,7.0,27962.950341796874,2.0,1.0,0.0,131093.99,0.0
697.0,Spain,Male,62.0,7.0,0.0,1.0,1.0,0.0,129188.17999999998,1.0
293.876708984375,Germany,Male,45.0,8.0,103741.14,1.0,1.0,0.0,47428.73,1.0
600.0,France,Female,32.0,7.0,98877.95,1.0,1.0,0.0,132973.21,0.0
521.0,France,Male,37.0,-30.952665328979492,105843.25999999998,2.0,1.0,1.0,84908.2,0.0
664.0,Spain,Male,44.0,7.0,77526.66,3.0,0.0,0.0,57338.56,1.0
634.0,France,Male,6.271877479553223,-26.055405712127687,0.0,2.0,1.0,1.0,161579.85,0.0
445.0,France,Female,33.0,7.0,0.0,2.0,1.0,0.0,122625.67999999998,0.0
702.0,Germany,Female,36.0,2.0,105264.88,2.0,1.0,1.0,52909.87000000001,0.0
485.0,France,Male,37.0,-30.157117462158205,0.0,2.0,0.0,1.0,170226.47,0.0
680.3065437316894,Germany,Female,40.0,-30.200713396072388,110150.42999999998,1.0,1.0,0.0,191757.65,0.0
251.6438018798828,Spain,Female,57.0,2.0,0.0,3.0,1.0,0.0,66652.75,1.0
628.0,France,Male,25.0,7.0,0.0,2.0,1.0,1.0,195977.75,0.0
604.0,Spain,Female,28.0,6.0,0.0,2.0,1.0,0.0,69056.26,0.0
724.0,Germany,Male,31.0,-1.4072299599647522,5932.155029296875,1.0,1.0,0.0,12920.43,0.0
567.0,Germany,Male,40.0,7.0,122265.24000000002,1.0,1.0,0.0,138552.74,0.0
779.0,Spain,Female,55.0,-43.05714015960693,133295.98,1.0,1.0,0.0,22832.71,1.0
785.0,France,Male,36.0,2.0,0.0,1.0,0.0,1.0,61811.1,0.0
563.0,France,Female,32.0,0.0,148326.09,1.0,1.0,0.0,191604.27,1.0
821.0,Germany,Female,31.0,2.0,68927.57,1.0,1.0,1.0,25445.0,0.0
496.2800979614258,France,Male,47.0,5.0,139914.6,4.0,0.0,0.0,129964.56000000001,1.0
600.0,Germany,Female,58.0,8.0,118723.11000000002,1.0,0.0,0.0,6209.51,1.0
625.0,France,Male,32.0,7.0,106957.28,23.843532752990722,1.0,1.0,134794.02,0.0
773.0,France,Female,41.0,7.0,190238.93,1.0,0.0,1.0,57549.65,0.0
726.0,France,Female,53.0,1.0,113537.73000000001,1.0,0.0,1.0,28367.21,0.0
641.0,Spain,Female,40.0,4.0,101090.27,1.0,1.0,1.0,66346.2453125,0.0
649.0,France,Female,46.0,2.0,0.0,2.0,1.0,1.0,66602.7,0.0
434.0,Spain,Male,33.0,3.0,0.0,1.0,1.0,1.0,2739.71,0.0
738.0,France,Female,38.0,7.0,0.0,2.0,0.0,0.0,69227.42,0.0
762.0,Spain,Male,60.0,10.0,168920.75,1.0,0.0,0.0,87323.7126953125,1.0
507.0,Germany,Male,31.0,9.0,111589.67,1.0,1.0,0.0,150037.19,0.0
606.0,Germany,Female,27.0,6.0,172310.33,1.0,0.0,1.0,111448.92,0.0
268.66297607421876,Germany,Male,34.0,7.0,118028.35,1.0,1.0,0.0,51226.32,1.0
697.0,Germany,Male,51.0,1.0,147910.3,1.0,1.0,1.0,53581.14,0.0
504.0,Germany,Male,42.0,7.0,131287.36,2.0,1.0,1.0,73838.57319335938,0.0
653.0,France,Female,74.0,0.0,37403.8140625,-6.049224328994751,1.0,1.0,160348.31,0.0
660.0,Spain,Male,38.0,6.0,109869.32000000002,1.0,1.0,1.0,154641.91,0.0
652.0,France,Female,34.0,6.0,97435.85,2.0,1.0,1.0,104331.76,0.0
669.0,France,Female,42.0,9.0,0.0,2.0,0.0,0.0,135630.32,0.0
594.0,France,Male,35.0,2.0,133853.27,1.0,1.0,1.0,65361.66000000001,0.0
756.0,Germany,Male,32.0,0.0,17012.383203125,2.0,1.0,0.0,56176.31,0.0
642.0,France,Female,33.0,4.0,84607.34,2.0,0.0,1.0,60059.469999999994,0.0
329.20360107421874,Germany,Male,37.0,1.0,101438.0,1.0,0.0,0.0,51364.56,0.0
804.0,France,Male,55.0,7.0,32248.935546875,2.0,1.0,1.0,118752.6,0.0
629.0,France,Male,1.656118679046631,-15.985620641708374,113657.83,1.0,1.0,1.0,116848.79,1.0
211.42177505493163,Spain,Female,44.0,7.0,9911.381396484376,1.66575368642807,1.0,0.0,45026.23,1.0
667.0,France,Male,31.0,3.0,48008.46875,1.0,1.0,1.0,189657.26,0.0
667.0,Spain,Male,35.0,4.0,97585.32,2.0,0.0,0.0,57213.46,0.0
679.0,France,Male,29.0,3.0,0.0,2.0,1.0,1.0,63687.06,0.0
680.0,France,Female,22.161514282226562,4.0,0.0,2.0,1.0,1.0,58761.33,0.0
644.0,Spain,Male,32.0,3.0,136659.74,1.0,1.0,0.0,14187.780000000002,0.0
571.0,France,Female,30.0,4.0,85755.86,1.0,1.0,0.0,145115.95,0.0
627.0,Spain,Female,35.0,7.0,0.0,1.0,1.0,0.0,187718.26,0.0
536.0,France,Male,39.0,4.0,0.0,2.0,1.0,0.0,27150.35,0.0
599.0,Spain,Male,33.0,4.0,51690.89,1.0,1.0,0.0,111622.75999999998,1.0
744.0,France,Male,34.0,-6.33429479598999,0.0,2.0,1.0,0.0,27244.35,1.0
709.0,France,Female,34.0,2.0,111669.67999999998,1.0,1.0,0.0,57029.66000000001,0.0
653.0,Germany,Male,31.0,2.0,154741.45,2.0,0.0,0.0,25183.01,0.0
536.5934448242188,Germany,Male,-14.754767990112304,7.0,125681.50999999998,1.0,0.0,1.0,129980.92999999998,0.0
663.0,Germany,Female,37.0,8.0,155303.71,1.0,1.0,0.0,118716.63,0.0
83.45754699707031,Germany,Female,43.0,4.0,3943.081982421875,1.0,0.0,1.0,20134.07,0.0
620.0,France,Male,28.0,9.0,71902.52,35.95593070983887,0.0,1.0,190208.23,0.0
661.0,France,Male,51.0,6.0,146606.6,33.83069734573364,1.0,1.0,68021.9,0.0
669.0,Germany,Male,45.0,1.0,123949.75,1.0,0.0,0.0,110881.56000000001,0.0
767.0,Germany,Female,33.0,-59.09094047546387,144753.21,1.0,1.0,1.0,132480.75,0.0
491.0,France,Female,72.0,6.0,91285.22,1.0,1.0,1.0,7032.95,0.0
653.0,France,Male,16.616211915016173,0.0,0.0,2.0,1.0,0.0,27862.580000000005,0.0
679.0,France,Male,58.0,8.0,18692.65849609375,2.0761991500854493,1.0,1.0,57704.64375,0.0
687.0,France,Male,28.0,7.0,108116.66,1.0,1.0,1.0,27411.189999999995,0.0
837.0,France,Female,38.0,2.0,0.0,2.0,1.0,1.0,46395.21,0.0
850.0,France,Male,28.0,8.0,67639.56,16.851547026634215,0.0,0.0,43491.66025390625,0.0
663.0,Spain,Female,-3.059497427940369,6.0,150200.23,17.49350986480713,0.0,0.0,151317.27,1.0
547.0,Spain,Female,22.0,7.0,141287.15,1.0,1.0,0.0,118142.79,0.0
627.0,France,Female,41.0,6.0,0.0,3.0,1.0,1.0,77227.334375,1.0
707.0,France,Male,15.124496269226075,1.0,0.0,2.0,0.0,1.0,6035.51,0.0
629.0,France,Female,43.0,0.0,0.0,2.0,1.0,1.0,41263.69,0.0
687.0,France,Female,36.0,4.0,97157.96,1.0,0.0,1.0,63185.05,0.0
588.0,France,Female,36.0,2.0,0.0,2.0,1.0,0.0,92536.0,0.0
502.0,Germany,Female,33.0,6.0,27192.48603515625,2.0,1.0,1.0,158736.07,0.0
793.0,Germany,Male,54.0,2.0,128966.13,1.0,0.0,0.0,18633.4,1.0
414.46506271362307,France,Male,-15.02530369758606,5.0,152581.06,1.0,1.0,0.0,60484.706225585935,1.0
632.0,Spain,Female,32.0,1.0,0.0,2.0,1.0,0.0,19525.65,0.0
474.0,Germany,Female,37.0,5.0,142688.57,2.0,1.0,1.0,110953.33,0.0
850.0,Germany,Female,31.0,1.0,130089.56000000001,2.0,1.0,1.0,4466.21,0.0
584.0,France,Male,36.0,9.0,0.0,1.0,1.0,1.0,105818.50999999998,0.0
713.0,France,Female,32.0,1.0,117094.01999999999,1.0,0.0,0.0,149558.83,1.0
742.0,Spain,Male,24.0,8.0,0.0,2.0,1.0,0.0,4070.28,0.0
607.0,France,Female,39.0,10.0,0.0,3.0,1.0,0.0,132741.13,1.0
761.0,Spain,Female,34.0,2.0,0.0,2.0,1.0,0.0,61251.25,0.0
600.0,France,Male,49.0,7.0,90218.9,1.0,1.0,0.0,91347.76,0.0
70.36218948364258,Spain,Male,42.0,4.0,3645.200341796875,1.0,0.0,0.0,10731.1630859375,1.0
850.0,France,Male,56.0,-53.71333799362183,169743.83,1.0,0.0,0.0,155850.4,0.0
501.0,France,Female,34.0,-5.989315009117126,0.0,1.0,1.0,0.0,27380.99,0.0
418.0,France,Male,34.0,8.0,155973.88,1.0,1.0,0.0,154208.96,0.0
322.8689910888672,Spain,Male,59.0,-46.367331743240356,129321.43999999999,1.0,1.0,1.0,72132.009375,0.0
788.0,Germany,Female,42.0,6.0,138650.49,2.0,1.0,0.0,64746.06999999999,0.0
699.0,Germany,Male,43.0,2.0,136487.86,34.09836711883545,1.0,1.0,82815.93,0.0
616.0,France,Male,18.0,6.0,0.0,2.0,1.0,1.0,27308.580000000005,0.0
651.0,France,Female,41.0,4.0,38617.2,1.0,1.0,1.0,104876.8,0.0
654.0,France,Female,28.0,7.0,0.0,2.0,1.0,0.0,151316.37,0.0
676.0,France,Female,34.0,8.0,82909.14,1.0,1.0,0.0,91817.38,1.0
708.0,Germany,Female,54.0,8.0,145151.4,47.37359809875488,0.0,1.0,114978.76875,1.0
499.0,France,Female,42.0,0.0,147187.84,1.0,1.0,1.0,14868.939999999999,1.0
689.0,France,Male,39.0,-24.987600636482238,0.0,8.603511905670166,1.0,0.0,196112.45,0.0
179.36725616455078,France,Male,54.0,7.0,108185.81000000001,2.0,1.0,0.0,24093.4,1.0
502.0,France,Male,30.0,4.0,0.0,2.0,1.0,1.0,66263.87,0.0
643.0,France,Male,34.0,7.0,0.0,2.0,0.0,1.0,56348.15380859375,0.0
762.0,France,Male,28.0,2.0,0.0,2.0,0.0,0.0,167909.52,0.0
719.0,France,Male,49.0,5.0,105918.1,1.0,1.0,1.0,104057.5640625,0.0
789.0,France,Male,27.0,6.0,0.0,2.0,1.0,0.0,103603.65,0.0
553.0,Spain,Male,42.0,7.0,0.0,2.0,1.0,0.0,7680.229999999999,0.0
448.0,Spain,Male,25.0,2.0,0.0,2.0,0.0,0.0,95215.73,0.0
632.0,Germany,Male,42.0,6.0,59972.259999999995,2.0,0.0,1.0,148172.94,0.0
669.0,Spain,Male,25.0,7.0,28715.94033203125,2.0,1.0,0.0,124382.9,0.0
654.0,Spain,Male,34.0,5.0,0.0,2.0,1.0,0.0,159311.46,0.0
726.0,France,Female,38.0,4.0,0.0,2.0,0.0,0.0,6787.479999999999,0.0
596.0,France,Male,45.84396190643311,4.0,42414.52313232422,2.0,0.0,1.0,197297.77,1.0
733.0,Germany,Female,30.0,1.0,102452.71,1.0,1.0,0.0,21556.95,0.0
529.0,Spain,Female,35.0,5.0,0.0,2.0,1.0,0.0,56518.0,0.0
493.0,France,Female,37.0,8.0,142987.46,2.0,1.0,0.0,158840.99,1.0
615.0,Spain,Male,4.461776447296143,7.0,143330.56,2.0,1.0,0.0,102598.33984375,0.0
600.0,France,Female,49.0,6.0,0.0,1.0,0.0,1.0,148087.88,1.0
666.0,France,Male,36.0,4.0,120165.4,2.0,1.0,0.0,33701.5,0.0
644.0,Spain,Male,54.0,6.0,0.0,3.030226731300354,0.0,1.0,84622.37,1.0
692.0,France,Female,36.0,4.0,0.0,1.0,1.0,0.0,185580.89,1.0
707.0,France,Male,73.0,6.0,66573.17,1.0,1.0,1.0,62768.8,0.0
603.0,France,Male,40.0,4.0,102833.46,2.0,1.0,1.0,38829.11,0.0
466.26348266601565,France,Female,34.0,-41.2568883895874,164757.56,1.0,1.0,0.0,110748.88,0.0
568.0,France,Male,36.0,10.0,23393.362109375,4.166783937811852,1.0,1.0,66299.04453125,1.0
598.0,Spain,Female,35.0,8.0,0.0,3.0,0.0,1.0,88658.73,0.0
606.0,Spain,Male,42.0,-53.767377853393555,0.0,2.0,1.0,0.0,177938.52,0.0
850.0,Germany,Female,36.0,3.0,169025.83,1.0,1.0,0.0,174235.06,0.0
644.0,Spain,Female,26.0,4.0,153455.72,19.749711632728577,1.0,1.0,82696.84,0.0
655.0,France,Male,37.0,4.0,0.0,2.0,1.0,1.0,142415.97,0.0
850.0,France,Male,30.0,-15.323757123947143,35037.487548828125,-2.5865644454956054,1.0,0.0,96360.527734375,0.0
683.0,Spain,Male,34.0,9.0,17491.97724609375,2.0,0.0,1.0,25339.29,0.0
663.0,Germany,Male,37.0,7.0,143625.83,2.0,1.0,1.0,82453.83203125,0.0
682.0,Germany,Male,-11.277381682395935,1.0,116520.28,1.0,1.0,1.0,49833.5,1.0
639.0,France,Male,77.0,-8.645017957687378,20064.2599609375,-1.2516433715820312,1.0,1.0,55829.25,1.0
353.2536880493164,France,Male,23.0,6.0,166594.78,1.0,1.0,1.0,155823.2,0.0
691.0,France,Female,40.0,0.0,115465.98000000001,1.0,1.0,1.0,60622.61,0.0
599.0,France,Male,34.0,-22.113351476192474,44168.50859375,16.957348346710205,1.0,0.0,174196.68,0.0
573.0,France,Female,36.0,1.0,15728.704296875,1.0,1.0,1.0,56905.37999999999,0.0
589.0,France,Male,11.68440113067627,7.0,92618.62,1.0,1.0,1.0,101178.85,0.0
620.0,Germany,Female,25.0,8.0,141825.88,1.0,1.0,1.0,73857.94,1.0
647.0,Spain,Male,-6.528241157531738,6.0,149594.02,2.0,1.0,0.0,102325.19,0.0
737.0,Spain,Female,39.0,7.0,130051.66,2.0,0.0,1.0,55356.39,1.0
634.0,France,Female,41.0,7.0,0.0,2.0,1.0,1.0,131284.93,0.0
660.0,France,Male,38.0,4.0,0.0,2.0,0.0,0.0,88080.43,0.0
666.0,Germany,Female,37.0,2.0,158468.76,1.0,0.0,1.0,93266.01,0.0
696.0,France,Male,44.0,8.0,161889.79,1.0,0.0,0.0,75562.47,0.0
836.0,Germany,Female,0.48114120960235596,9.0,133681.78,1.0,1.0,1.0,105465.56875,0.0
667.0,France,Female,34.0,5.0,0.0,2.0,1.0,0.0,163830.64,0.0
596.0,Spain,Male,20.0,3.0,25346.393359375,1.0,1.0,0.0,103456.47,0.0
404.8574584960937,France,Male,31.0,5.0,0.0,1.0,1.0,0.0,95655.16,0.0
596.0,Spain,Male,17.83139133453369,6.0,5257.225689697266,2.0,1.0,0.0,13561.713061523438,0.0
241.0680908203125,France,Male,28.0,7.0,119706.22,1.0,0.0,0.0,31190.419999999995,0.0
519.0,France,Female,21.34737148284912,8.0,0.0,1.0,0.0,1.0,167553.06,0.0
721.0,Germany,Female,45.0,7.0,138523.2,1.0,0.0,0.0,59604.45,1.0
603.0,Spain,Female,42.5887056350708,-33.245628690719606,32404.97646484375,-14.966598284244537,1.0,0.0,162223.67,1.0
572.0,Germany,Male,47.0,4.0,99353.42,1.0,1.0,0.0,196549.85,1.0
453.0,Germany,Female,40.0,1.0,111524.49000000002,1.0,1.0,1.0,81036.525,1.0
668.0,France,Female,37.0,7.0,128645.67,1.0,1.0,0.0,92149.64,0.0
762.0,Germany,Male,35.0,1.0,45769.2578125,1.0,0.0,0.0,178361.48,1.0
633.0,France,Female,39.0,9.0,129189.15,2.0,0.0,0.0,170998.83,0.0
647.0,Germany,Male,33.0,-27.122462272644043,121260.18999999999,2.0,1.0,0.0,77216.48,0.0
495.513916015625,Spain,Male,56.0,-5.913978445529938,29251.54453125,1.0,0.0,0.0,121164.6,1.0
733.0,France,Male,39.0,1.0,0.0,2.0,1.0,1.0,72041.92099609374,0.0
556.0,France,Male,34.0,8.0,163757.06,1.0,1.0,1.0,104000.06,0.0
489.0,France,Male,32.27606773376465,4.0,0.0,2.0,1.0,1.0,191419.32,0.0
639.0,France,Male,22.0,4.0,0.0,2.0,1.0,0.0,28188.96,0.0
715.0,France,Male,35.0,2.0,141005.47,1.0,1.0,1.0,60407.93000000001,0.0
807.0,Germany,Female,42.0,9.0,105356.09,2.0,1.0,1.0,130489.37,0.0
666.0124496459961,Spain,Male,34.0,5.0,0.0,2.0,1.0,0.0,193040.32,0.0
626.0,Germany,Female,23.0,6.0,85897.95,1.0,1.0,0.0,109742.8,0.0
697.0,France,Male,36.0,7.0,0.0,2.0,1.0,1.0,74760.32,0.0
850.0,Germany,Female,31.0,4.0,164672.66,1.0,0.0,1.0,61936.1,0.0
737.0,Germany,Female,45.0,2.0,99169.67,2.0,1.0,1.0,78650.95,0.0
812.0,France,Male,41.63968200683594,6.0,0.0,2.0,0.0,0.0,168023.6,0.0
583.0,France,Male,36.0,8.0,0.0,2.0,0.0,1.0,5571.59,0.0
730.0,Germany,Female,37.0,-51.76536865234375,124053.03,1.0,1.0,0.0,118591.67,0.0
677.0,France,Male,36.0,4.0,0.0,2.0,1.0,0.0,7824.31,0.0
748.0,Germany,Female,40.0,3.0,103499.09,2.0,0.0,0.0,38153.19,0.0
753.0,Germany,Female,38.0,9.0,151766.71,1.0,0.0,1.0,98029.2140625,0.0
634.0,Spain,Female,36.0,1.0,39445.851953125,1.0,1.0,1.0,143960.72,0.0
622.0,France,Male,29.0,7.0,101486.96,1.0,1.0,1.0,8788.35,0.0
699.0,Germany,Male,36.0,2.0,123601.56000000001,2.0,1.0,0.0,103557.85,0.0
625.7411987304688,Germany,Male,38.0,-43.29672832489014,127201.58,1.0,1.0,0.0,147168.28,1.0
552.0,Germany,Male,33.0,3.0,144962.74,1.0,1.0,0.0,58844.83999999999,1.0
619.0,France,Female,48.0,4.0,0.0,1.0,0.0,0.0,18094.96,1.0
626.7453262329102,Spain,Male,33.0,8.0,122017.18999999999,1.0,0.0,0.0,162515.17,0.0
503.0,Spain,Male,3.4169797897338867,9.0,100262.88,2.0,1.0,0.0,70202.77265625,0.0
685.0,Spain,Female,43.0,6.0,117302.62,1.0,0.0,0.0,68701.73,0.0
606.0,France,Female,35.0,0.0,135984.15,2.0,1.0,0.0,186778.89,0.0
678.0,France,Male,38.0,3.0,0.0,2.0,1.0,0.0,66561.6,0.0
724.0,Germany,Male,31.0,2.0,160997.54,2.0,0.0,1.0,64831.36,0.0
779.0,Germany,Female,3.2855690002441404,-30.838279962539673,128389.63,1.0,1.0,1.0,6589.160000000001,1.0
638.0,Spain,Male,35.0,1.0,0.0,2.0,1.0,0.0,165370.66,0.0
501.65039215087893,Spain,Female,50.0,-52.693418407440184,130554.50999999998,3.0,0.0,0.0,184758.17,1.0
646.0,Germany,Female,57.0,6.0,90212.0,1.0,1.0,0.0,13911.27,1.0
198.97366943359376,France,Female,29.0,9.0,71996.29,19.50059585571289,1.0,1.0,34857.46,0.0
528.0,France,Female,32.0,4.0,85615.66,2.0,1.0,0.0,156192.43,0.0
432.0,France,Female,27.0,6.0,62339.81,2.0,0.0,0.0,53874.67,0.0
622.0,Spain,Male,47.0,6.0,142319.03,35.2054167509079,0.0,0.0,100183.05,0.0
721.0,France,Male,54.0,5.0,0.0,2.0,1.0,1.0,4493.12,0.0
614.0,Spain,Male,36.0,5.0,0.0,-8.621336650848388,1.0,0.0,130610.78,0.0
634.0,France,Female,24.0,2.0,87413.19,1.0,1.0,0.0,63340.65,0.0
742.0,France,Female,29.0,4.0,0.0,2.0,1.0,1.0,180066.59,0.0
516.0,France,Female,45.0,4.0,0.0,1.0,1.0,0.0,95273.73,1.0
718.0,France,Male,35.0,3.0,97560.16,1.0,1.0,1.0,53511.740000000005,0.0
636.0,Germany,Male,30.0,-32.14499683380127,141787.31,2.0,1.0,1.0,109685.61000000002,0.0
691.0,Spain,Male,36.0,-26.886199140548705,129934.63999999998,1.0,0.0,0.0,75664.56,1.0
698.0,France,Female,37.0,2.0,166178.02,2.0,1.0,1.0,71972.95,0.0
712.0,Spain,Male,39.0,5.0,6209.69169921875,4.3466376781463625,1.0,1.0,23702.42,0.0
659.0,France,Male,20.0,8.0,0.0,2.0,0.0,0.0,112572.01999999999,0.0
573.0,Spain,Male,44.0,8.0,18873.63125,2.0,0.0,0.0,62424.46,0.0
778.0,Germany,Female,23.429849779605867,1.0,25481.938330078126,3.0,1.0,0.0,79839.80715332032,1.0
732.0,France,Male,46.0,0.0,0.0,2.0,1.0,1.0,184350.78,0.0
550.0,Germany,Male,33.0,4.0,118400.91,1.0,0.0,1.0,13999.64,1.0
790.0,Spain,Male,20.0,8.0,0.0,2.0,1.0,0.0,168152.76,0.0
665.0,Germany,Female,43.0,2.0,116322.26999999999,4.0,0.0,0.0,35640.12,0.0
728.0,Spain,Female,43.0,5.0,0.0,1.0,1.0,1.0,120088.17,0.0
645.0,Spain,Female,29.0,-10.516550540924072,0.0,2.0,1.0,0.0,74346.11,0.0
647.0,Germany,Male,30.0,6.0,143138.91,2.0,1.0,0.0,2955.46,0.0
596.0,Spain,Male,32.0,4.0,33027.469921875,2.0,1.0,1.0,146504.35,1.0
610.0,France,Male,40.0,9.0,27967.943994140624,1.0,1.0,1.0,149602.54,0.0
512.0,France,Male,36.0,0.0,129804.17,1.0,1.0,0.0,53020.9,0.0
768.0,Germany,Male,37.0,9.0,108308.11000000002,1.0,1.0,0.0,41788.25,1.0
666.0,Germany,Male,30.0,3.0,110153.26999999999,1.0,0.0,1.0,74849.46,0.0
700.0,Germany,Female,30.0,4.0,34465.13125,1.0,1.0,1.0,134417.31,0.0
651.0,Germany,Male,37.0,-8.901871013641358,117791.06000000001,2.0,1.0,1.0,75837.58,0.0
542.0,Spain,Female,26.0,2.0,0.0,2.0,1.0,1.0,54869.54,0.0
686.0,France,Female,35.0,8.0,105419.73000000001,1.0,1.0,0.0,35356.46,0.0
850.0,Germany,Female,47.0,4.0,99219.47,2.0,1.0,1.0,122141.13,0.0
658.0,Germany,Female,55.0,8.0,119327.92999999998,1.0,0.0,1.0,119439.66,0.0
448.0,France,Female,36.0,6.0,83947.12,2.0,1.0,0.0,81999.53,0.0
609.0,Spain,Male,32.0,4.0,26186.792578125,1.0,1.0,1.0,120594.85,0.0
704.0,France,Male,50.0,4.0,165438.26,1.0,1.0,0.0,120770.75,1.0
698.0,France,Male,31.0,1.0,156111.24,1.0,0.0,0.0,134790.74,0.0
759.0,France,Female,44.0,-36.400026893615724,111095.58,2.0,1.0,0.0,100137.7,0.0
677.0,France,Female,56.0,0.0,119963.45,1.0,0.0,0.0,158325.87,1.0
544.0,Spain,Male,22.0,4.0,0.0,2.0,1.0,0.0,70007.67,0.0
567.0,Spain,Male,35.0,8.0,153137.74,1.0,1.0,0.0,88659.07,0.0
490.0,Spain,Male,40.0,-50.70448303222656,156111.08,1.0,0.0,0.0,190889.13,1.0
626.0,Spain,Male,34.0,-22.698318815231325,113014.7,2.0,1.0,0.0,56646.280000000006,0.0
344.0358261108398,Germany,Male,-8.783930802345276,-38.914818263053895,132615.73,2.0,1.0,0.0,58069.88676757812,0.0
616.0,France,Male,44.0,5.0,102016.38,1.0,0.0,1.0,178235.37,1.0
772.0,France,Female,35.0,9.0,0.0,1.0,0.0,1.0,25448.31,0.0
561.0,France,Male,32.0,5.0,0.0,2.0,1.0,0.0,84871.99,0.0
338.2422119140625,France,Male,49.0,8.0,0.0,2.0,1.0,0.0,157822.54,0.0
651.0,France,Female,56.0,4.0,0.0,1.0,0.0,0.0,56260.3068359375,1.0
538.0,Germany,Female,42.0,4.0,80380.24,1.0,1.0,0.0,119216.46,0.0
600.0,France,Female,26.0,6.0,108909.12,1.0,1.0,0.0,82547.01,0.0
654.0,France,Female,35.0,2.0,90865.8,1.0,1.0,1.0,86764.46,0.0
622.0,France,Male,40.0,4.0,99799.76,33.93966293334961,1.0,0.0,197372.13,0.0
682.0,France,Male,28.0,10.0,200724.96,1.0,0.0,1.0,82872.64,1.0
571.3229553222657,Spain,Female,37.0,10.0,140363.95,2.0,1.0,1.0,129563.86000000002,0.0
795.0,France,Female,36.0,1.0,151844.64,1.0,1.0,1.0,135388.89,0.0
557.0,France,Female,27.0,2.0,0.0,2.0,0.0,1.0,4497.55,0.0
349.96262817382814,France,Male,-16.693335628509523,8.0,133231.48,1.0,0.0,1.0,67885.37,0.0
261.4685333251953,France,Male,27.0,7.0,18517.01044921875,2.0,1.0,0.0,111471.55,0.0
485.7075393676758,France,Male,36.0,8.0,28824.0001953125,2.0,1.0,1.0,134407.93,0.0
609.0,Germany,Female,71.0,-36.65004720687866,113317.1,1.0,1.0,0.0,66033.651953125,1.0
694.0,France,Male,47.0,4.0,0.0,2.0,1.0,0.0,197528.62,0.0
681.0,France,Female,58.0,8.0,93173.88,1.0,1.0,1.0,139761.25,0.0
721.0,Spain,Female,32.0,10.0,0.0,1.0,1.0,0.0,136119.96,1.0
563.0,Germany,Male,44.0,7.0,105007.31000000001,2.0,1.0,1.0,80770.18671875,0.0
654.0,Spain,Female,32.0,2.0,0.0,1.0,1.0,1.0,51972.92,1.0
659.0,Spain,Male,27.0,4.0,0.0,2.0,1.0,0.0,99341.87,0.0
674.0,Germany,Female,44.0,-21.2856782913208,131593.85,1.0,0.0,1.0,94316.35,1.0
576.0,Germany,Male,44.0,9.0,119530.51999999999,1.0,1.0,0.0,119056.67999999998,1.0
566.0,France,Male,54.0,4.0,35861.684765625,2.0,1.0,0.0,172601.62,0.0
545.0,Germany,Male,37.0,9.0,95829.13,28.39155330657959,0.0,1.0,104936.88,0.0
798.0,France,Male,3.213392448425293,1.0,0.0,2.0,1.0,1.0,159044.1,0.0
757.0,France,Male,38.0,0.0,0.0,1.0,1.0,0.0,83263.06,0.0
641.0,France,Female,-7.841164207458496,-39.4660680770874,153590.73,2.0,1.0,1.0,130910.78,0.0
718.0,France,Male,24.98798522949219,2.0,0.0,1.0,1.0,0.0,126336.72,0.0
699.0,Germany,Male,64.0,-24.514706432819366,113109.51999999999,1.0,1.0,0.0,73873.1578125,1.0
623.0,France,Female,35.0,0.0,130557.24000000002,1.0,1.0,1.0,47880.71,0.0
644.0,France,Male,40.0,-14.699367427825928,21068.33984375,1.0,1.0,0.0,73882.49,0.0
577.6646118164062,France,Female,58.0,7.0,151933.63,1.0,1.0,0.0,162960.05,0.0
500.0,Germany,Male,30.0,2.0,125495.63999999998,2.0,1.0,1.0,68807.47,0.0
583.0,France,Female,42.0,7.0,0.0,2.0,1.0,0.0,144039.05,0.0
595.0,Germany,Female,26.0,8.0,118547.72,1.0,1.0,1.0,151192.18,0.0
670.0,Spain,Male,43.0,1.0,97792.21,1.0,0.0,0.0,120225.62,0.0
610.0,France,Male,41.0,6.0,0.0,3.0,0.0,0.0,56118.81,1.0
814.0,Spain,Female,72.0,2.0,0.0,2.0,1.0,1.0,66658.166796875,0.0
660.0,France,Female,-31.790460699796675,-70.84073495864868,167181.01,1.0,1.0,1.0,185156.94,0.0
580.0,Germany,Male,35.0,-21.952169287204743,121355.18999999999,1.0,0.0,1.0,35671.45,0.0
850.0,France,Female,81.0,1.0,24614.581481933594,2.0,1.0,1.0,59568.240000000005,0.0
676.0,Spain,Male,35.0,0.0,0.0,2.0,0.0,0.0,139911.58,0.0
578.0,France,Male,46.0,5.0,13762.3380859375,1.0,1.0,0.0,56770.759999999995,0.0
579.0,France,Female,33.0,1.0,118392.75,1.0,1.0,1.0,157564.75,0.0
711.0,Germany,Female,52.0,8.0,30384.8765625,1.0,0.0,1.0,131473.31,0.0
692.0,France,Male,40.0,6.0,163505.16,1.0,0.0,0.0,90424.09,0.0
760.0,Spain,Male,33.0,1.0,118114.28,2.0,0.0,0.0,156660.21,0.0
630.0,Germany,Female,51.0,0.0,108449.23000000001,3.0,0.0,0.0,88372.69,1.0
808.0,France,Male,32.0,-1.945437240600586,0.0,2.0,1.0,1.0,46200.71,0.0
611.0,Germany,Female,36.0,10.0,103294.56,1.0,1.0,0.0,160548.12,0.0
697.0,France,Female,42.0,1.0,0.0,1.0,1.0,0.0,1262.83,1.0
655.0,France,Female,38.0,6.0,0.0,1.0,1.0,1.0,188639.28,0.0
601.0,Spain,Male,28.0,6.0,0.0,2.0,1.0,0.0,14665.280000000002,0.0
755.0,France,Male,42.0,2.0,119919.12,1.0,1.0,0.0,156868.21,0.0
553.0,France,Male,37.0,1.0,0.0,1.0,1.0,0.0,30461.55,0.0
234.83591690063477,France,Male,28.0,4.0,0.0,2.0,1.0,0.0,123885.88,0.0
507.0,Spain,Female,34.0,4.0,0.0,2.0,1.0,1.0,60688.37999999999,0.0
777.0,France,Male,43.0,1.0,0.0,2.0,1.0,0.0,21785.91,0.0
566.0,France,Male,34.0,3.0,0.0,1.0,0.0,0.0,188135.69,0.0
732.0,France,Male,26.0,7.0,0.0,2.0,1.0,0.0,154364.66,0.0
697.0,France,Female,42.0,10.0,0.0,2.0,1.0,0.0,61312.15,0.0
555.0,France,Male,29.0,4.0,128744.04,1.0,1.0,1.0,47454.93,0.0
584.0,Germany,Female,62.0,9.0,137727.34,2.0,0.0,1.0,121102.9,0.0
380.7890823364258,Germany,Female,44.0,10.0,106731.58,1.0,1.0,0.0,137419.87,1.0
688.0,France,Female,-31.94293909072876,7.0,123544.21,1.0,1.0,1.0,64132.85642089844,0.0
626.0,France,Male,37.0,2.0,133968.96,2.0,1.0,0.0,148689.65,0.0
636.0,Spain,Male,13.682886624336243,9.0,6149.242895507812,1.0,1.0,0.0,39789.62,0.0
496.5685440063477,Spain,Female,35.0,8.0,0.0,1.0,1.0,1.0,165162.4,0.0
706.0,Spain,Male,30.0,6.0,87609.68,2.0,0.0,0.0,137674.55,1.0
731.0,Spain,Male,41.0,3.0,0.0,2.0,1.0,0.0,101371.72,0.0
738.0,Spain,Male,49.0,-8.225887632369995,15195.7271484375,3.0,1.0,1.0,65066.48,0.0
426.0,France,Male,34.0,9.0,0.0,2.0,1.0,0.0,107876.91,0.0
302.34044418334963,Spain,Female,-14.682380104064942,0.0,108960.0,2.0,1.0,0.0,55683.21472167969,1.0
701.0,Spain,Female,30.0,2.0,0.0,2.0,1.0,0.0,115650.63,0.0
512.0,France,Male,30.634922409057616,6.0,144953.31,1.0,1.0,0.0,165035.17,0.0
635.0,France,Male,41.0,4.0,103544.88,2.0,0.0,0.0,193746.55,0.0
685.0,France,Male,33.0,6.0,15165.2619140625,1.0,1.0,0.0,58458.259999999995,0.0
609.0,France,Male,53.0,7.0,0.0,2.0,0.0,0.0,52332.85,0.0
380.90150756835936,Germany,Male,38.0,1.0,101487.18,1.0,1.0,1.0,75959.1,1.0
708.0,France,Male,-7.7449616432189945,10.0,105355.81000000001,1.0,1.0,0.0,123.06999999999998,1.0
574.0,Spain,Male,36.0,4.0,77967.5,1.0,1.0,0.0,167066.95,0.0
629.0,France,Male,44.0,5.0,0.0,4.0,0.0,0.0,117572.59,1.0
422.0,Spain,Female,54.0,4.0,0.0,2.0,1.0,1.0,7166.710000000001,0.0
656.0,Spain,Male,28.0,8.0,120047.76999999999,1.0,1.0,1.0,137173.39,0.0
441.8423599243164,France,Male,32.0,7.0,175464.85,3.0,0.0,0.0,82736.9912109375,1.0
718.0,France,Male,16.408876419067383,-8.600563597679137,21518.062042236328,1.947901463508606,1.0,1.0,58331.2888671875,1.0
586.0,Spain,Male,37.0,8.0,167735.69,2.0,0.0,1.0,81673.75913085937,0.0
481.0,Spain,Female,37.0,8.0,0.0,2.0,1.0,0.0,44215.86,0.0
749.0,France,Female,33.0,1.0,74385.98,1.0,1.0,0.0,20164.47,0.0
561.0,Germany,Male,49.0,5.0,94754.0,1.0,1.0,1.0,26691.310000000005,0.0
676.0,Spain,Male,27.0,4.0,0.0,2.40993185043335,0.0,1.0,107955.67,0.0
60.91510238647461,Germany,Male,43.0,3.0,2317.4780029296876,1.0,1.0,1.0,6782.552514648438,0.0
582.0,France,Female,39.0,1.0,132077.48,2.0,1.0,0.0,192255.15,0.0
601.0,Germany,Male,-15.827470016479491,10.0,127847.86000000002,1.0,0.0,0.0,173245.68,0.0
708.0,France,Male,34.0,-24.830030250549317,0.0,1.0,0.0,1.0,121457.88,0.0
459.2290512084961,Germany,Male,42.0,9.0,176702.36,2.0,1.0,1.0,104804.74,0.0
797.0,Germany,Female,33.0,10.0,83555.58,1.0,0.0,0.0,69767.14,0.0
682.0,France,Male,26.0,8.0,0.0,2.0,1.0,0.0,178373.43,1.0
694.0,Spain,Female,39.0,9.0,0.0,2.0,0.0,0.0,99924.04,0.0
490.0,France,Female,40.0,1.0,0.0,1.0,1.0,1.0,49594.19,1.0
828.0,Spain,Male,9.92955207824707,10.0,42751.699609375,1.0,1.0,0.0,186071.14,1.0
594.0,Spain,Female,38.0,7.0,96858.35,1.0,1.0,0.0,77511.45,0.0
579.0,France,Male,33.0,1.0,0.0,-0.28144168853759766,1.0,1.0,54816.56999999999,0.0
723.0,France,Female,35.0,0.0,0.0,2.0,0.0,1.0,61290.990000000005,0.0
417.56614990234374,Germany,Female,42.0,8.0,132796.04,3.0,1.0,1.0,94814.353125,1.0
794.0,Spain,Female,30.0,1.0,154970.54,1.0,0.0,1.0,104201.2453125,0.0
674.0,France,Male,44.0,3.0,88902.21,1.0,1.0,0.0,73731.32,0.0
418.0,France,Male,28.0,7.0,98738.92,1.0,1.0,0.0,122190.22,0.0
502.0,France,Male,33.0,8.0,0.0,2.0,1.0,1.0,123509.00999999998,0.0
678.0,France,Female,50.0,6.0,0.0,1.0,1.0,0.0,8199.5,0.0
599.0,Germany,Male,40.0,-13.609284782409668,24787.789453125,3.0429748058319093,1.0,0.0,70027.90234375,0.0
736.0,France,Male,29.0,4.0,0.0,2.0,0.0,0.0,51705.01,0.0
430.0,France,Female,60.0,7.0,73937.02,1.0,1.0,0.0,161937.62,1.0
537.0,France,Female,45.0,-24.344731640815734,158621.04,1.0,1.0,0.0,71613.4373046875,1.0
388.6160034179687,Spain,Male,30.0,-26.393000864982604,113257.2,1.0,1.0,1.0,65035.02,0.0
828.0,France,Male,32.412040328979494,9.0,0.0,1.0,0.0,1.0,164257.37,0.0
691.0,France,Female,29.0,9.0,116536.42999999998,1.0,1.0,0.0,51987.99,0.0
608.0,Spain,Female,28.0,4.0,0.0,2.0,1.0,0.0,10899.63,1.0
531.1332458496094,France,Male,60.0,6.0,101070.69,1.0,1.0,0.0,177355.8,1.0
718.0,Spain,Male,39.0,6.0,0.0,2.0,1.0,1.0,63889.1,0.0
731.8093994140625,Germany,Female,31.0,3.0,127331.46,3.0,1.0,1.0,176433.6,0.0
838.0,Spain,Female,41.0,5.0,0.0,6.622502303123474,1.0,0.0,84135.537890625,0.0
695.0,Spain,Female,31.0,5.0,0.0,2.0,0.0,1.0,90669.7125,0.0
681.0,France,Male,46.0,0.0,105969.42,1.0,1.0,0.0,5771.56,0.0
762.0,France,Male,36.0,5.0,119547.46,1.0,1.0,1.0,42693.65,0.0
751.0,Spain,Male,38.0,-11.50061331987381,0.0,2.0,0.0,0.0,90839.61,1.0
678.0,Spain,Male,28.0,5.0,138668.18,1.0,1.0,1.0,54144.009999999995,0.0
634.0,France,Female,37.0,7.0,36324.451416015625,2.0,1.0,0.0,184312.88,0.0
749.0,France,Male,37.0,7.0,0.0,2.0,1.0,0.0,20306.79,0.0
614.3855102539062,Spain,Male,37.0,6.0,169902.92,1.0,1.0,1.0,128256.17999999998,0.0
610.0,France,Female,27.0,4.0,87262.4,2.0,1.0,0.0,182720.07,0.0
502.0,France,Male,33.0,7.0,0.0,2.0,0.0,1.0,4082.5199999999995,0.0
578.0,France,Female,40.0,7.0,0.0,2.0,0.0,0.0,102233.73,0.0
547.0,France,Female,32.0,2.0,0.0,2.0,1.0,0.0,132002.83,0.0
579.0,France,Female,27.0,9.0,0.0,2.0,1.0,0.0,126838.7,0.0
661.0,France,Male,39.0,5.0,0.0,2.0,0.0,0.0,181461.46,0.0
794.0,France,Male,46.0,6.0,0.0,2.0,1.0,0.0,195325.74,1.0
719.0,France,Male,61.0,5.0,0.0,2.0,0.0,1.0,29132.43,0.0
728.0,France,Female,69.0,1.0,0.0,2.0,1.0,1.0,131804.86,1.0
598.0,Germany,Male,-19.09515447616577,3.0,150348.37,1.0,1.0,1.0,173784.04,0.0
822.0,Germany,Female,46.0,3.0,115074.01999999999,2.0,1.0,0.0,26249.859999999997,0.0
285.4991065979004,Spain,Female,40.0,3.0,0.0,1.0,1.0,1.0,182650.15,0.0
850.0,France,Male,36.92046356201172,8.0,51375.6609375,1.0,1.0,0.0,196582.55,0.0
723.0,Germany,Female,68.0,3.0,110357.0,1.0,0.0,0.0,141977.54,1.0
705.0,Germany,Male,42.0,8.0,166685.92,2.0,1.0,1.0,55313.509999999995,0.0
325.10837707519534,Spain,Male,-43.55116767883301,7.0,95312.8,23.638554763793945,1.0,1.0,62944.75,0.0
496.0318664550781,France,Male,43.0,4.0,202443.47,1.0,1.0,1.0,72375.03,0.0
661.0,Germany,Female,47.0,0.0,109493.62,1.0,0.0,0.0,80958.48125,1.0
501.0,Germany,Male,38.0,9.0,88977.39,2.0,0.0,1.0,66620.8625,0.0
516.0,France,Female,29.0,2.0,104982.57000000002,1.0,1.0,0.0,157378.5,0.0
517.0,Germany,Female,59.0,8.0,26260.054296875,2.675724649429321,1.0,0.0,101240.08,1.0
766.0,France,Male,-29.679576873779297,6.0,185714.28,50.78903045654297,1.0,0.0,102502.5,0.0
520.0,Germany,Female,23.0,3.0,116022.53,2.0,1.0,1.0,37577.66,0.0
541.0,France,Male,46.0,6.0,0.0,2.0,1.0,1.0,83456.67,0.0
790.0,Germany,Female,34.0,2.0,164011.48,1.0,1.0,0.0,199420.41,0.0
797.0,France,Male,31.0,9.0,0.0,5.787925338745117,1.0,1.0,24748.89,0.0
811.0,France,Male,40.0,1.0,101514.89,1.0,1.0,0.0,121765.0,0.0
722.0,France,Female,10.553305768966675,4.0,0.0,2.0,1.0,1.0,85311.653125,0.0
675.0,France,Male,28.0,-11.587117958068848,0.0,1.0,1.0,0.0,58258.392578125,0.0
660.0,Germany,Male,39.0,9.0,40196.10922851563,2.0,1.0,0.0,183095.87,1.0
566.0,Spain,Male,32.0,-47.341173839569095,147511.26,1.0,1.0,1.0,92086.6609375,0.0
768.0,France,Male,25.0,0.0,4932.2275390625,1.0,1.0,1.0,8316.19,0.0
610.0,Spain,Female,31.0,5.0,0.0,2.0,0.0,0.0,63736.36,0.0
715.0,France,Female,31.0,3.0,110581.29,1.0,1.0,1.0,94715.24,0.0
229.11672973632812,Germany,Male,42.0,8.0,151836.36,8.38773317337036,1.0,0.0,68695.38,0.0
431.0,Germany,Male,45.0,5.0,83624.55,2.0,0.0,0.0,36899.62,0.0
704.0,France,Male,24.0,2.0,148197.15,2.0,1.0,0.0,182775.08,0.0
535.0,Spain,Male,30.0,5.0,122924.75,1.0,0.0,0.0,62390.58999999999,1.0
286.675732421875,France,Female,38.0,4.0,72594.0,1.0,1.0,1.0,76042.48,0.0
748.0,France,Male,38.0,4.0,115221.36000000002,1.0,0.0,1.0,70956.75,0.0
113.03126449584961,Germany,Male,25.419799613952637,8.0,117808.74000000002,2.0,1.0,0.0,15188.7267578125,0.0
573.0,France,Male,40.0,7.0,147754.68,1.0,1.0,1.0,110454.46,0.0
187.8677604675293,France,Female,11.374674129486085,-6.500965690612793,0.0,3.0,0.0,0.0,88479.02,1.0
680.0,France,Male,31.0,10.0,113292.17,1.0,1.0,1.0,122639.73000000001,0.0
458.0,Spain,Male,36.0,5.0,0.0,2.0,1.0,0.0,79723.78,0.0
446.6492858886719,France,Male,44.0,-26.25980806350708,115163.38,1.0,1.0,1.0,97677.52,1.0
304.37604064941405,Spain,Female,-11.16677267551422,10.0,118098.62,1.0,1.0,0.0,64893.99375,1.0
590.0,France,Male,39.0,9.0,0.0,2.0,1.0,0.0,104730.52,0.0
602.0,France,Male,35.0,-7.152462351322174,0.0,1.0,1.0,1.0,22499.29,0.0
540.0,Spain,Male,37.0,0.0,120825.7,1.0,1.0,0.0,28257.890000000003,0.0
494.0,France,Male,25.0,6.0,0.0,2.0,0.0,1.0,109988.09,0.0
797.0,France,Male,29.0,1.0,0.0,1.0,0.0,1.0,149991.32,0.0
526.0,France,Male,61.0,6.0,133845.28,2.0,1.0,1.0,78767.084375,0.0
631.0,Spain,Male,24.822971057891845,-17.1682430267334,0.0,2.0,1.0,0.0,181605.85,0.0
576.0,France,Female,29.0,5.0,108541.04,1.0,1.0,1.0,126469.09,0.0
405.0,France,Male,39.0,10.0,0.0,1.0,1.0,0.0,160810.85,1.0
555.0,France,Male,30.0,1.0,0.0,8.578470814228059,0.0,0.0,88146.86,0.0
750.0,Spain,Female,37.0,2.0,113817.06000000001,1.0,0.0,0.0,88333.74,0.0
665.0,France,Male,28.0,8.0,137300.23,1.0,1.0,0.0,90174.83,0.0
640.0,Spain,Male,37.0,5.0,158024.38,29.653980255126953,1.0,0.0,81298.09,0.0
457.0,France,Female,33.0,7.0,127837.54,1.0,0.0,1.0,60013.17,0.0
695.0,France,Male,0.20872631072998046,4.0,24048.701171875,1.0,1.0,0.0,100940.91,0.0
645.0,France,Male,31.0,7.0,161171.7,2.0,1.0,0.0,92167.996875,1.0
647.0,Germany,Male,32.0,9.0,80958.36,1.0,1.0,1.0,128590.73000000001,0.0
808.0,Spain,Male,25.0,7.0,0.0,2.0,0.0,1.0,23180.37,0.0
641.0,France,Male,33.0,2.0,146193.6,2.0,1.0,1.0,55796.83,1.0
288.06960220336913,Spain,Male,29.0,8.0,0.0,2.0,0.0,1.0,152097.02,0.0
660.0,Germany,Male,26.0,4.0,115021.75999999998,1.0,0.0,1.0,162443.05,0.0
615.0,Spain,Female,41.0,1.0,126773.42999999998,1.0,1.0,1.0,55551.259999999995,0.0
705.0,Germany,Female,40.0,3.0,92889.91,1.0,1.0,1.0,109496.68999999999,0.0
718.0,France,Male,48.0,9.0,0.0,2.0,1.0,1.0,72105.63,1.0
394.3858413696289,France,Male,-34.89262714385986,-18.378704825043677,146622.35,32.38037037849426,1.0,1.0,75411.07316894531,0.0
713.0,Germany,Male,45.0,4.0,131038.13999999998,1.0,1.0,0.0,74005.04,1.0
587.0,France,Female,46.0,6.0,88820.29,1.0,0.0,0.0,70224.34,0.0
569.0,Spain,Male,31.0,1.0,115406.97,1.0,0.0,0.0,145528.22,0.0
568.0,France,Female,38.0,3.0,132951.92,1.0,0.0,1.0,124486.28,0.0
634.0,Germany,Male,74.0,-11.783900678157806,108891.7,1.0,1.0,0.0,10078.02,0.0
770.0,Germany,Female,46.0,5.0,141788.63,2.0,0.0,1.0,164967.21,0.0
676.0,Spain,Female,64.0,-37.835685348510744,116954.32000000002,1.0,1.0,1.0,82457.253125,0.0
723.0,Germany,Female,47.0,10.0,90450.0,2.0,0.0,0.0,103379.31,1.0
614.0,Germany,Female,24.01149730682373,8.0,32229.6953125,1.0,1.0,1.0,128049.34,1.0
601.0,Spain,Female,41.0,3.0,14925.0474609375,2.0,1.0,0.0,54342.83,0.0
75.90666809082032,France,Male,16.769975471496583,9.0,2766.965771484375,1.771093063801527,1.0,0.0,13614.01,1.0
605.0,Spain,Female,36.0,9.0,0.0,-1.270889487862587,0.0,1.0,35521.63,0.0
752.0,Spain,Female,31.0,4.0,144637.86,2.0,1.0,0.0,40496.72,0.0
677.0,France,Female,29.0,3.0,86616.35,1.0,0.0,0.0,91903.9,1.0
850.0,France,Male,31.0,8.0,0.0,2.0,1.0,0.0,178667.7,1.0
608.0,Germany,Female,48.0,2.0,127924.25,2.0,1.0,0.0,32202.609999999997,0.0
786.0,Spain,Female,34.0,9.0,0.0,2.0,1.0,0.0,117034.32000000002,0.0
777.0,France,Female,29.0,9.0,131240.61,1.0,1.0,1.0,163746.09,1.0
667.0,Spain,Male,31.0,5.0,0.0,2.0,1.0,1.0,20346.69,0.0
427.9216796875,Spain,Male,35.0,5.0,120046.74000000002,2.0,1.0,0.0,84710.65,0.0
486.0,France,Female,39.0,8.0,97819.36,32.167294311523435,0.0,1.0,120531.31000000001,0.0
598.0,Spain,Female,64.0,1.0,62979.93000000001,1.0,1.0,1.0,152273.57,0.0
506.0,France,Female,40.0,3.0,0.0,1.0,1.0,1.0,144345.58,0.0
256.3410949707031,Germany,Male,46.0,9.0,161450.03,15.891747403144837,1.0,1.0,53783.54340820313,0.0
545.0,France,Male,30.0,3.0,0.0,11.345969963073731,1.0,0.0,170307.43,0.0
240.49770812988282,France,Male,56.0,8.0,119496.25,2.0,1.0,1.0,29880.99,0.0
682.0,France,Female,30.0,9.0,0.0,2.0,1.0,0.0,195104.91,0.0
517.0,France,Male,39.51927351951599,1.0,43772.66,3.0,1.0,0.0,187756.24,0.0
684.0,France,Male,32.0,9.0,100249.41,2.0,0.0,1.0,67599.69,0.0
396.8920387268066,France,Male,46.0,2.0,0.0,2.0,0.0,1.0,105983.09,0.0
740.0,France,Female,60.0,5.0,108028.08,2.0,0.0,0.0,25980.42,1.0
666.0,Germany,Male,71.0,-23.050292015075684,53013.29,2.0,1.0,0.0,112222.63999999998,0.0
693.0,France,Male,68.0,2.0,0.0,2.0,1.0,1.0,59864.96,0.0
757.0,Germany,Male,33.0,1.0,122088.67,1.0,1.0,0.0,42581.09,0.0
684.0,Germany,Female,18.0,9.0,90544.0,1.0,0.0,1.0,4777.23,0.0
691.0,France,Male,35.0,6.0,39888.405078125,2.0,0.0,1.0,178038.17,0.0
235.63385467529298,France,Male,44.0,3.0,14352.601733398438,4.41448520720005,0.0,1.0,128521.16,1.0
482.0,France,Female,35.0,5.0,147813.05,2.0,0.0,0.0,109029.72,0.0
735.0,France,Male,55.0,6.0,134140.68,1.0,1.0,0.0,2267.88,0.0
681.0,France,Male,63.0,7.0,0.0,2.0,1.0,1.0,55054.48,0.0
616.0,France,Female,31.0,8.0,0.0,1.0,0.0,1.0,76456.17,0.0
850.0,France,Female,35.0,2.0,128548.49000000002,4.0,1.0,0.0,75478.95,0.0
770.2549377441406,France,Male,43.0,10.0,122198.21,2.0,0.0,1.0,179144.54,0.0
638.0,Germany,Male,25.877404403686523,8.0,145177.84,1.0,1.0,0.0,193471.74,1.0
820.0,Spain,Female,31.0,2.0,94222.53,1.0,1.0,0.0,103570.8,0.0
694.0,Germany,Female,58.0,1.0,143212.22,1.0,0.0,0.0,102628.56,1.0
713.0,France,Male,41.0,3.0,0.0,2.0,1.0,0.0,55772.04,0.0
543.0,Germany,Male,-3.7790956497192383,6.0,143350.41,1.0,1.0,0.0,101179.20625,1.0
649.0,France,Female,41.0,3.0,130931.83,1.0,1.0,1.0,144808.37,0.0
777.0,France,Female,7.379196405410767,4.0,137851.31,1.0,1.0,0.0,5008.23,1.0
561.0,France,Male,33.0,6.0,0.0,2.0,0.0,0.0,173680.39,0.0
724.0,Spain,Male,41.0,5.0,0.0,1.0,0.0,1.0,115753.93999999999,0.0
665.0,Spain,Female,51.0,-11.153896728157997,0.0,4.878753685951233,1.0,1.0,47003.85234375,1.0
441.0,France,Male,60.0,1.0,140614.15,1.0,0.0,1.0,174381.23,0.0
579.0,Spain,Male,22.0,3.0,118680.57000000002,1.0,1.0,1.0,74359.63203125,0.0
777.0,Germany,Male,35.0,-23.06600103378296,25976.409765625,1.0,1.0,1.0,76875.8669921875,0.0
739.0,France,Female,36.0,0.0,0.0,2.0,0.0,0.0,133465.57,0.0
660.0,France,Male,40.0,5.0,131754.11,2.0,1.0,1.0,38761.61,0.0
554.0,France,Female,35.0,8.0,0.0,2.0,1.0,1.0,176779.46,0.0
850.0,France,Female,24.0,6.0,0.0,2.0,1.0,1.0,13159.9,1.0
842.0,Germany,Female,35.0,9.0,119948.09,1.0,1.0,0.0,48217.97,1.0
785.0,France,Female,38.0,1.0,0.0,1.0,1.0,0.0,134964.85,1.0
550.0,France,Male,25.0,0.0,0.0,2.0,1.0,1.0,184221.11,0.0
750.0,Spain,Female,16.091401386260987,6.0,0.0,2.0,0.0,0.0,19264.33,0.0
490.0,Spain,Female,38.0,3.0,97266.1,1.0,1.0,1.0,92797.23,0.0
605.0,Spain,Male,28.0,10.0,113690.83,1.0,1.0,0.0,33114.24,0.0
563.0,Spain,Female,42.0,6.0,99056.22,2.0,1.0,0.0,154347.95,1.0
675.0,France,Male,34.0,8.0,0.0,7.299245691299438,1.0,0.0,81620.11171875,0.0
562.0330444335938,Spain,Female,36.0,7.0,116338.67999999998,1.0,1.0,1.0,155743.48,0.0
379.6365478515625,France,Male,40.0,6.0,97339.99,1.0,0.0,1.0,88815.25,0.0
711.0,France,Male,41.0,3.0,0.0,2.0,1.0,1.0,193747.57,0.0
549.0,Germany,Female,55.0,1.0,137592.31,2.0,0.0,0.0,116548.01999999999,1.0
764.0,France,Male,34.0,-9.4563542842865,108760.26999999999,2.0,1.0,0.0,78876.1921875,0.0
627.0,Germany,Male,30.0,3.0,128770.88,2.0,1.0,1.0,40199.01,0.0
850.0,France,Female,34.0,2.0,0.0,2.0,0.0,0.0,51919.04,0.0
614.0,Spain,Female,36.0,1.0,44054.84,1.0,1.0,1.0,73329.08,0.0
685.0,Germany,Female,44.0,2.0,119657.53,44.899960327148435,1.0,0.0,145387.05,1.0
683.0,Germany,Female,49.0,7.0,108797.63,2.0,0.0,0.0,140763.18,0.0
643.0,Spain,Male,35.0,2.0,0.0,2.0,0.0,0.0,67979.35,0.0
561.0,Germany,Female,49.0,-9.663444805145264,102025.32,1.0,1.0,0.0,133051.64,1.0
601.0,Spain,Male,20.0,9.0,122446.61000000002,2.0,1.0,0.0,86791.9,0.0
766.0,France,Female,27.0,7.0,158786.67,2.0,0.0,1.0,47579.25,1.0
699.0,France,Male,29.0,3.0,125689.29,1.0,1.0,1.0,151623.71,1.0
850.0,Germany,Male,29.0,1.0,154640.41,1.0,1.0,1.0,164039.51,0.0
468.9010925292969,Germany,Female,50.0,4.0,146710.76,47.709139060974124,1.0,0.0,100226.4390625,1.0
435.23387451171874,Germany,Male,67.0,7.0,136709.35,1.0,0.0,1.0,75001.4453125,1.0
850.0,France,Male,10.336383438110351,5.0,129305.09,2.0,0.0,1.0,19244.58,0.0
41.56758804321289,Spain,Male,15.701582145690917,2.1770453453063965,620.6873229980469,2.0,1.0,0.0,1527.33056640625,0.0
736.0,France,Male,63.0,10.0,0.0,2.0,0.0,0.0,502.7,0.0
711.0,France,Female,21.0,0.0,82844.33,2.0,0.0,1.0,1408.68,0.0
583.0,Spain,Female,22.0,2.0,0.0,2.0,0.0,1.0,5985.36,0.0
757.0,France,Male,46.0,0.0,0.0,2.0,1.0,0.0,37460.05,0.0
749.0,Germany,Female,33.0,10.0,76692.22,1.0,0.0,1.0,30396.43,0.0
705.0,France,Male,34.0,7.0,117715.84,1.0,1.0,0.0,2498.67,0.0
272.8349914550781,France,Male,54.0,8.0,87105.32,1.0,1.0,1.0,55346.14,0.0
437.0,France,Female,43.0,6.0,0.0,1.0,1.0,0.0,148330.97,1.0
741.0,France,Female,64.0,2.0,19182.8359375,1.0,1.0,1.0,59237.719999999994,0.0
738.0,France,Male,26.0,9.0,0.0,2.0,1.0,1.0,48644.94,0.0
586.0,France,Male,33.0,-32.76376113891602,66948.67,2.0,1.0,1.0,140759.03,0.0
627.0,France,Female,57.0,9.0,0.0,2.0,1.0,1.0,107712.42,0.0
551.0,Spain,Male,28.52051935195923,2.0,38055.53359375,17.207428109645843,1.0,0.0,181718.73,1.0
606.0,Germany,Male,38.0,3.0,99897.53,1.0,0.0,0.0,37054.65,0.0
674.0,France,Male,22.0,3.0,0.0,1.0,1.0,1.0,59788.66796875,0.0
584.0,Germany,Female,31.0,6.0,152622.34,1.0,1.0,0.0,99298.8,0.0
590.0,France,Male,40.0,8.0,0.0,2.0,1.0,0.0,62933.030000000006,0.0
585.0,France,Male,-27.291341018676757,4.0,138227.19,2.0,1.0,1.0,55287.83999999999,0.0
508.0,France,Female,25.0,2.0,111395.53,1.0,0.0,1.0,48197.06,0.0
458.0,Germany,Male,44.0,7.0,84386.57,1.0,1.0,0.0,178642.73,0.0
692.0,France,Female,36.0,3.0,0.0,2.0,1.0,1.0,8282.22,0.0
502.0,Germany,Male,33.0,5.0,174673.65,2.0,1.0,0.0,33300.56,0.0
518.0,France,Male,46.0,3.0,0.0,2.0,1.0,0.0,76515.79,0.0
660.0,Germany,Male,46.0,5.0,109019.65,2.0,1.0,1.0,33680.56,0.0
241.99514083862306,Germany,Female,52.0,1.0,107906.75,1.0,1.0,0.0,46844.71240234375,1.0
678.0,France,Male,54.0,7.0,128914.97,1.0,0.0,0.0,191746.23,1.0
228.45242919921876,Spain,Male,63.0,-10.514375185966491,111179.83,27.08335688114166,0.0,1.0,41485.9736328125,0.0
619.0,Germany,Female,52.0,8.0,124099.13,1.0,0.0,0.0,23904.52,0.0
684.0,Germany,Male,59.0,9.0,122471.09,1.0,0.0,1.0,15807.070000000002,0.0
635.0,France,Male,34.0,3.0,134692.4,2.0,1.0,1.0,83773.02,0.0
680.0,France,Female,25.0,4.0,123816.5,1.0,1.0,1.0,90162.35,0.0
608.0,Germany,Male,34.0,3.0,106288.54,1.0,1.0,1.0,36639.25,0.0
603.0,Germany,Female,55.0,7.0,35464.231640625,2.0,1.0,0.0,139469.11,1.0
579.0,Spain,Male,-20.679733276367188,2.0,145843.82,1.0,0.0,0.0,198402.37,1.0
756.0,Germany,Female,34.0,2.0,51472.330078125,1.0,0.0,0.0,194584.48,0.0
611.0,France,Male,30.0,2.0,104145.65,1.0,0.0,0.0,159629.64,0.0
532.0,Germany,Male,24.0,8.0,142755.25,1.0,0.0,0.0,34231.48,0.0
684.0,Germany,Female,-1.0439423084259034,3.0,81245.79,1.0,1.0,0.0,69643.31,1.0
647.0,Germany,Female,33.0,3.0,168560.46,2.0,0.0,0.0,114838.18125,0.0
215.13973999023438,France,Male,38.0,-6.3053733825683596,0.0,1.0,1.0,0.0,47848.56,0.0
774.0,Germany,Female,42.0,2.0,132193.94,2.0,1.0,1.0,112600.3296875,0.0
677.0,France,Male,24.76621284484863,9.0,0.0,1.0,0.0,1.0,67547.44765625,0.0
542.0,Germany,Male,25.0,8.0,139330.1,1.0,0.0,0.0,54372.37000000001,0.0
613.0,Spain,Male,29.0,0.0,0.0,2.0,0.0,0.0,133897.32,0.0
666.0,France,Male,40.0,5.0,0.0,2.0,1.0,0.0,147878.05,0.0
777.0,France,Female,28.0,2.0,134571.5,1.0,0.0,1.0,118313.38,0.0
581.0,Germany,Male,50.0,-38.964419555664065,143829.2,2.0,1.0,0.0,181224.24,1.0
705.0,France,Male,32.0,7.0,0.0,2.0,1.0,0.0,7921.57,0.0
673.0,France,Female,44.0,8.0,133444.97,1.0,0.0,1.0,5708.19,0.0
594.0,France,Female,23.0,4.0,14408.1974609375,2.0,1.0,0.0,56756.52,1.0
270.0906753540039,Germany,Female,51.0,2.0,116574.84,1.0,1.0,0.0,4121.04,1.0
605.0,France,Male,23.46571683883667,10.0,0.0,0.7401244163513183,0.0,1.0,97213.09,0.0
734.0,France,Female,40.0,9.0,176914.8,1.0,1.0,1.0,12799.23,0.0
572.0,France,Female,36.0,8.0,68348.18,2.0,0.0,1.0,50400.32,0.0
595.0,France,Female,33.0,9.0,0.0,2.0,1.0,1.0,41447.86,0.0
749.0,France,Male,42.0,2.0,56726.83,2.0,0.0,1.0,185543.35,0.0
573.0,Spain,Male,46.0,-26.881257939338685,27953.84833984375,-9.78944571018219,0.0,1.0,189988.65,1.0
624.0,Spain,Male,33.0,6.0,66220.17,1.0,0.0,1.0,170819.01,0.0
703.0,France,Male,56.0,9.0,0.0,1.0,0.0,0.0,67676.0728515625,1.0
665.0,France,Female,41.0,8.0,96147.55,1.0,1.0,0.0,137037.97,0.0
648.0,France,Male,42.0,4.0,0.0,2.0,1.0,0.0,19283.14,0.0
850.0,Spain,Male,58.53153495788574,2.0,0.0,1.0,1.0,0.0,169425.3,1.0
569.0,Germany,Female,32.0,8.0,145330.43,36.58867645263672,1.0,1.0,132038.65,1.0
566.0,France,Female,21.0,3.0,0.0,2.0,1.0,1.0,3626.47,0.0
537.0,Germany,Female,47.0,4.0,124192.28,2.0,1.0,1.0,50881.51,0.0
706.0,France,Female,46.0,-31.0485782623291,111288.17999999998,25.021458053588866,1.0,1.0,149170.25,1.0
734.0,France,Female,43.0,7.0,107805.67,1.0,0.0,0.0,182505.68,0.0
586.0,Germany,Female,36.0,5.0,103700.69,1.0,1.0,0.0,194072.56,1.0
612.0,France,Female,38.0,1.0,0.0,2.0,1.0,1.0,9209.21,0.0
648.0,France,Male,34.0,0.0,0.0,1.0,1.0,1.0,167931.81,0.0
557.0,France,Female,27.0,3.0,87739.08,1.0,1.0,1.0,59895.503125,0.0
643.0,Spain,Female,20.0,0.0,133313.34,1.0,1.0,1.0,3965.69,0.0
433.0,France,Female,49.0,10.0,0.0,18.353973197937012,1.0,1.0,87711.61,0.0
643.0,Germany,Male,23.05435562133789,7.0,20322.881982421874,1.0,1.0,1.0,59300.44741210937,0.0
488.0,France,Female,36.0,0.0,0.0,2.0,1.0,0.0,47410.5677734375,0.0
758.0,Germany,Male,68.0,6.0,112595.85,21.184031391143797,1.0,0.0,35865.44,1.0
743.0,Germany,Male,39.0,-49.18180694580078,119695.75,1.0,0.0,1.0,26136.13,0.0
730.0,France,Female,47.0,7.0,0.0,1.0,1.0,0.0,33373.26,1.0
746.0,Spain,Male,49.0,7.0,0.0,2.0,0.0,1.0,10096.25,0.0
671.9393653869629,France,Male,59.0,-34.638830947875974,42479.443035888675,4.031944966316223,1.0,1.0,188782.3,0.0
580.0,Germany,Female,33.0,7.0,131647.01,2.0,0.0,0.0,79775.19,0.0
850.0,France,Male,27.0,6.0,28093.043310546876,2.0,0.0,0.0,152740.16,0.0
563.0,France,Male,22.0,3.0,137583.04,1.0,0.0,1.0,5791.85,0.0
766.0,Germany,Female,28.0,3.0,62717.83999999999,2.0,1.0,1.0,13182.429999999998,0.0
659.0,France,Male,32.0,9.0,24324.630908203126,1.0,1.0,1.0,187551.24,0.0
607.0,Spain,Male,-28.529249572753905,1.0,135936.1,2.0,0.0,0.0,110560.13999999998,0.0
644.0,Germany,Male,35.0,5.0,161591.11,3.798279708623886,1.0,1.0,63795.62000000001,0.0
746.0,France,Male,47.0,8.0,24527.888525390626,1.0,1.0,0.0,69556.50107421874,0.0
588.0,Spain,Male,33.0,-2.6919097900390625,0.0,2.0,1.0,1.0,12483.56,0.0
691.0,Spain,Male,30.0,9.0,0.0,2.0,1.0,1.0,10963.04,0.0
666.0,France,Female,38.0,6.0,127043.09,1.0,1.0,1.0,72623.66220703124,0.0
640.0,Spain,Female,46.0,3.0,0.0,1.0,1.0,1.0,156260.08,0.0
611.0,Germany,Female,29.0,4.0,78885.88,2.0,1.0,1.0,26927.689999999995,0.0
651.0,France,Female,45.0,-23.531680154800416,95922.9,1.0,1.0,0.0,84782.42,1.0
529.0,France,Female,29.0,8.0,0.0,2.0,1.0,0.0,19842.11,0.0
416.9812805175781,France,Female,36.0,3.0,91711.59,1.0,1.0,1.0,95393.43,0.0
654.1234558105468,Germany,Female,46.0,-22.694428873062133,110031.09,2.0,1.0,1.0,133995.59,0.0
782.0,France,Male,36.0,-22.917571449279784,81210.72,2.0,0.0,1.0,108003.38,0.0
641.0,Germany,Male,32.0,5.0,122947.92,1.0,1.0,1.0,99154.86,0.0
697.0,France,Female,38.0,1.0,182065.85,1.0,1.0,0.0,49503.5,0.0
623.0,France,Male,45.0,0.0,0.0,1.0,1.0,0.0,196533.72,1.0
494.0,Spain,Female,41.0,2.0,69974.66,2.0,1.0,0.0,188426.13,1.0
731.0,France,Female,38.0,10.0,123711.73000000001,37.199623107910156,1.0,0.0,171340.68,1.0
657.0,France,Male,44.0,6.0,76495.04,1.0,1.0,0.0,79071.89,0.0
744.0,France,Female,38.0,9.0,0.0,2.0,0.0,0.0,20940.76,0.0
774.0,Spain,Male,23.69146385192871,9.0,0.0,0.7885013401508332,1.0,1.0,34774.26,1.0
850.0,France,Female,45.0,1.0,121874.88999999998,1.0,0.0,1.0,6865.410000000001,1.0
551.0,France,Female,45.0,6.0,0.0,2.0,1.0,1.0,51143.43,0.0
638.0,France,Male,36.0,6.0,188455.19,1.0,0.0,0.0,47031.4,1.0
792.0,France,Female,42.0,0.0,99045.93,2.0,1.0,0.0,47160.01,0.0
666.0,France,Female,36.0,8.0,0.0,1.0,0.0,1.0,158666.99,0.0
716.0,Germany,Female,30.0,2.0,205770.78,2.0,0.0,0.0,65464.66000000001,0.0
594.0,France,Female,31.0,0.0,79340.95,1.0,1.0,0.0,78255.86,0.0
600.0,Germany,Male,57.0,9.0,138456.03,28.726845741271973,0.0,0.0,103548.25,0.0
565.0,France,Male,49.0,7.0,0.0,-2.7663299083709716,1.0,1.0,89609.26,0.0
678.0,Germany,Male,48.0,2.0,101099.9,2.0,0.0,1.0,193476.04,0.0
648.0,Spain,Female,31.0,5.0,0.0,2.0,1.0,1.0,5199.02,0.0
642.0,France,Male,40.0,8.0,109219.83,1.0,1.0,0.0,52827.509999999995,0.0
259.8680725097656,France,Male,31.072528076171874,1.0,14785.685028076172,-11.117539477348327,1.0,0.0,86507.88,0.0
668.0,Spain,Female,17.402961254119873,10.0,113034.31000000001,1.0,1.0,1.0,100423.88,0.0
635.0,Spain,Male,41.0,1.0,0.0,2.0,1.0,0.0,175611.5,0.0
603.0,Spain,Male,30.0,6.0,129548.5,17.392931842803954,1.0,1.0,19282.85,0.0
635.0,France,Female,72.0,4.0,74812.84,1.0,0.0,1.0,27448.330000000005,0.0
642.0,France,Female,40.0,-57.7641619682312,0.0,2.0,1.0,0.0,183963.34,0.0
785.0,Spain,Female,54.0,1.0,15638.8576171875,2.0,1.0,0.0,45113.92,1.0
520.9968383789062,Germany,Female,28.0,3.0,153538.13,2.0,1.0,0.0,110776.00999999998,0.0
499.0,France,Female,38.0,9.0,0.0,2.0,0.0,1.0,183042.2,0.0
469.33226547241213,Spain,Male,28.213997650146485,10.0,0.0,2.0,0.0,1.0,161571.79,0.0
449.0,Spain,Male,32.0,0.0,155619.36,1.0,1.0,1.0,79485.48984375,0.0
323.68641967773436,Spain,Male,35.0,10.0,159693.9,2.0,1.0,1.0,71173.64,0.0
613.0,Spain,Male,-49.14389343261719,3.0,171653.17,1.0,0.0,1.0,5353.12,0.0
683.0,Germany,Female,39.0,2.0,47685.47,2.0,1.0,1.0,86019.48,0.0
581.0,France,Male,35.0,4.0,17635.378344726563,2.0,0.0,1.0,86383.82,0.0
620.0,France,Male,61.0,5.0,0.0,1.0,0.0,0.0,31641.52,1.0
561.0,Spain,Male,28.0,6.0,123692.0,1.0,0.0,1.0,70548.96,0.0
558.0,Germany,Male,26.0,1.0,148853.29,2.0,1.0,1.0,24411.02,0.0
642.0,France,Male,35.0,2.0,133161.95,1.0,0.0,1.0,122254.86000000002,0.0
762.6279541015625,Germany,Male,24.0,-78.61468572616577,143221.35,-7.032474756240845,1.0,0.0,186035.72,0.0
687.0,France,Male,35.0,9.0,0.0,2.0,0.0,1.0,73133.82,0.0
695.0,Spain,Male,56.0,-15.036068487167359,0.0,7.834461426734924,1.0,0.0,68042.99462890625,1.0
562.0,France,Male,33.0,6.0,0.0,2.0,0.0,0.0,111590.35,0.0
613.0,Germany,Male,38.0,9.0,126265.88,2.0,0.0,0.0,15859.95,0.0
589.0,France,Male,37.0,5.0,0.0,1.0,1.0,0.0,61324.87000000001,0.0
593.0,France,Male,31.0,8.0,112713.34,1.0,1.0,1.0,77780.07260742187,0.0
434.4818420410156,France,Male,34.0,-5.66081736087799,141173.03,1.0,0.0,1.0,98896.06,0.0
588.0,Spain,Female,35.0,-20.79436664581299,0.0,2.0,1.0,1.0,108739.15,0.0
679.0,Spain,Male,39.0,6.0,0.0,2.0,1.0,0.0,12266.06,0.0
677.0064208984375,Spain,Male,38.0,5.0,118866.36000000002,1.0,0.0,1.0,163317.5,0.0
644.7712341308594,France,Male,29.050103759765626,2.0,45249.423828125,2.0,1.0,1.0,182247.77,0.0
586.0,Spain,Female,33.0,7.0,0.0,2.0,1.0,1.0,168261.4,0.0
567.0,Spain,Male,15.143043184280396,5.0,18069.292919921874,2.0,1.0,0.0,59043.3931640625,1.0
637.0,Germany,Male,30.0,1.0,122185.53,1.0,1.0,0.0,102566.46,0.0
711.0,Germany,Male,0.45553131103515626,4.0,123345.85,1.0,1.0,0.0,141827.83,0.0
828.0,France,Male,30.0,4.0,73070.18,2.0,0.0,0.0,161671.15,0.0
500.0,Spain,Male,38.0,7.0,0.0,2.0,0.0,0.0,192013.23,0.0
807.0,France,Male,47.0,1.0,95120.59,1.0,0.0,0.0,127875.1,0.0
232.58373565673827,France,Male,40.0,8.0,102800.65,-5.754634499549866,1.0,0.0,60811.56,0.0
782.0,France,Female,70.0,-15.176477241516114,97072.42,1.0,0.0,1.0,131177.22,0.0
629.0,Spain,Male,31.0,6.0,132876.55,1.0,1.0,1.0,130862.11000000002,0.0
582.0,Spain,Male,33.0,6.0,0.0,2.0,0.0,1.0,72970.93,0.0
468.0,France,Male,22.0,2.0,0.0,2.0,1.0,0.0,28123.99,0.0
670.0,France,Male,36.0,3.0,0.0,1.0,1.0,0.0,140754.19,1.0
805.0,France,Male,39.0,2.0,0.0,1.0,0.0,0.0,166650.32,0.0
720.0,France,Male,26.0,10.0,51962.91,2.0,0.0,0.0,45507.24,0.0
781.0,Spain,Female,29.0,6.0,98759.89,1.0,0.0,0.0,112202.63999999998,0.0
592.0,Germany,Male,33.0,2.0,156570.86,1.0,0.0,1.0,37140.2,0.0
542.0,France,Female,42.0,1.0,0.0,1.0,1.0,1.0,178256.58,1.0
532.0,France,Male,42.0,1.0,159024.71,1.0,1.0,0.0,100982.93,1.0
520.0,France,Female,39.0,1.0,73493.17,1.0,0.0,1.0,109626.13,1.0
759.0,France,Female,45.0,8.0,0.0,2.0,1.0,0.0,99251.24,0.0
473.0,France,Female,35.0,6.0,69617.36,1.0,1.0,0.0,143345.69,0.0
639.0,Spain,Female,35.0,5.0,136526.26,2.0,1.0,0.0,59653.030000000006,0.0
705.0,France,Male,25.0,3.0,113736.26999999999,1.0,0.0,0.0,196864.61,0.0
530.0,France,Male,52.0,1.0,106723.28,1.0,0.0,0.0,109960.4,1.0
516.0,Germany,Female,-41.04214706420898,10.0,138847.9,1.0,1.0,1.0,127256.7,0.0
850.0,France,Female,40.0,0.0,0.0,2.0,1.0,1.0,1099.95,0.0
746.0,Germany,Female,33.0,2.0,107868.13999999998,2.0,1.0,1.0,146192.4,0.0
622.0,Germany,Male,33.0,-24.71001000404358,96926.12,22.352362537384032,1.0,0.0,48553.77,0.0
743.0,France,Male,30.0,7.0,77599.23,1.0,0.0,0.0,144407.1,0.0
74.65209884643555,France,Male,38.0,5.0,2787.50146484375,1.0,1.0,1.0,8334.766650390626,0.0
176.62587890625,France,Male,81.0,5.0,0.0,2.0,0.0,1.0,44827.47,1.0
333.3171417236328,Germany,Female,34.0,3.0,129668.42999999998,2.0,1.0,1.0,88743.99,0.0
686.0,France,Male,34.0,6.0,146178.13,2.0,1.0,1.0,88837.11,0.0
556.0,France,Female,40.0,8.0,0.0,2.0,1.0,0.0,62112.7,0.0
673.0,France,Male,37.0,4.0,0.0,2.0,0.0,0.0,35417.05463867188,0.0
809.0,France,Female,38.0,2.0,154763.21,38.528768157958986,1.0,1.0,174800.31,0.0
634.0,Germany,Female,56.0,3.0,116251.24000000002,1.0,0.0,1.0,42429.88,0.0
630.0,France,Male,37.0,-9.805467224121093,0.0,2.0,1.0,1.0,82647.65,0.0
564.0,France,Female,30.0,0.0,100954.88,2.0,0.0,0.0,134175.15,0.0
625.0,France,Female,51.0,4.0,124620.00999999998,2.0,1.0,0.0,92243.94,1.0
66.86641006469726,Spain,Female,34.0,4.0,0.0,2.0,1.0,1.0,6175.53,0.0
583.0,France,Male,40.0,9.0,112701.04,1.0,0.0,0.0,29213.629999999997,0.0
592.0,Spain,Male,45.0,8.0,84692.5,1.0,0.0,1.0,67214.02,0.0
637.0,France,Male,49.0,2.0,108204.51999999999,1.0,1.0,0.0,169037.84,1.0
850.0,France,Male,30.0,6.0,86449.39,1.0,1.0,1.0,188809.23,0.0
633.0,Spain,Male,42.0,10.0,0.0,1.0,0.0,1.0,79408.17,0.0
228.1662139892578,France,Male,36.0,5.0,73194.99,1.0,1.0,1.0,38050.0095703125,0.0
592.0,Germany,Male,31.0,7.0,124593.23000000001,1.0,1.0,0.0,86079.67,0.0
716.0,Germany,Male,50.0,2.0,119655.76999999999,1.0,1.0,1.0,12944.17,1.0
641.0,France,Female,42.0,3.0,121765.37,2.0,1.0,1.0,87623.0890625,0.0
849.0,France,Male,35.0,4.0,24934.5564453125,1.0,0.0,0.0,126419.8,0.0
647.0,Spain,Male,47.0,10.0,99835.17,1.0,0.0,1.0,89103.05,0.0
608.0,Germany,Female,30.0,2.0,91057.37,2.0,1.0,0.0,132973.17,0.0
555.0,France,Female,26.0,7.0,0.0,2.0,1.0,0.0,93122.41,0.0
497.0,Spain,Male,27.0,7.0,149400.27,1.0,0.0,0.0,167522.19,0.0
364.40056533813475,Germany,Male,-8.995059394836426,9.0,89111.63,1.0,0.0,0.0,157239.6,0.0
545.0,Germany,Male,33.0,1.0,132527.9,2.0,0.0,1.0,107429.71,0.0
774.0,France,Female,36.0,9.0,114997.42,1.0,1.0,0.0,75304.09,0.0
464.0,France,Male,46.0,-71.12506122589112,161798.53,1.0,1.0,0.0,182944.47,0.0
696.0,Germany,Female,27.0,2.0,96129.32,2.0,1.0,1.0,5983.7,0.0
667.0,Spain,Male,45.0,3.0,0.0,2.0,0.0,0.0,163655.01,0.0
812.0,France,Male,32.0,5.0,21455.991845703124,2.0,1.0,0.0,89385.92,0.0
516.0,France,Male,51.0,8.0,120124.35,2.0,0.0,1.0,168773.54,1.0
645.0,France,Male,39.0,8.0,0.0,2.0,0.0,0.0,96864.36,0.0
664.0,Spain,Male,32.0,5.0,133705.74,1.0,0.0,0.0,134455.84,0.0
427.0,Spain,Female,39.0,9.0,0.0,2.0,1.0,0.0,28368.370000000003,0.0
685.0,France,Male,40.0,7.0,0.0,2.0,1.0,0.0,103898.59,0.0
585.0,France,Female,33.0,4.0,152805.05,1.0,1.0,0.0,63239.65,0.0
519.0,Germany,Female,21.0,1.0,151701.45,3.0,1.0,1.0,170138.68,1.0
708.0,France,Female,67.0,1.0,0.0,2.0,0.0,1.0,3837.0800000000004,0.0
717.0,France,Female,22.0,5.0,112465.06000000001,1.0,1.0,1.0,92977.75,0.0
465.0,France,Male,24.0,6.0,156007.09,1.0,1.0,0.0,191368.37,0.0
361.718994140625,France,Female,28.0,-33.98305320739746,132405.52,3.0,0.0,0.0,77692.72890625,1.0
826.0,France,Male,26.0,5.0,142662.68,1.0,0.0,0.0,60285.3,0.0
696.1340759277343,Germany,Female,36.0,8.0,102603.3,2.0,1.0,1.0,180693.61,0.0
233.30697479248047,France,Male,32.0,9.0,0.0,2.0,1.0,0.0,126475.79,0.0
590.0,France,Male,37.0,1.0,0.0,2.0,0.0,0.0,133535.99,0.0
603.0,France,Male,57.0,-25.7971492767334,105000.85,2.0,0.0,1.0,87412.24,0.0
615.0,France,Male,45.0,5.0,0.0,2.0,1.0,1.0,164886.64,0.0
634.0,France,Female,36.0,1.0,69518.95,1.0,1.0,0.0,116238.38999999998,0.0
716.0,Germany,Male,41.0,-51.50476460456848,126145.54,49.041894388198855,1.0,0.0,103121.334375,0.0
647.0,France,Male,41.0,4.0,138937.35,1.0,1.0,1.0,98467.5,1.0
591.0,Germany,Female,44.0,10.0,113581.98000000001,1.0,1.0,0.0,1985.4100000000003,0.0
574.0,France,Male,34.0,1.0,112572.38999999998,1.0,0.0,0.0,165626.6,0.0
81.50359497070312,Germany,Male,51.0,10.0,3820.010302734375,2.0,1.0,0.0,11194.19619140625,1.0
701.0,France,Female,35.0,2.0,0.0,2.0,1.0,1.0,65765.22,0.0
747.0,France,Male,34.0,-6.207157719135284,0.0,2.0,1.0,1.0,43406.68994140625,0.0
650.0,France,Male,32.0,2.0,84906.45,1.0,1.0,0.0,163216.48,0.0
731.0,Spain,Male,39.0,-35.81822818517685,126816.17999999998,1.0,1.0,1.0,76897.4587890625,0.0
638.0,Germany,Male,26.0,1.0,105249.75999999998,2.0,1.0,1.0,23491.09,0.0
569.0,Spain,Male,41.0,2.0,0.0,2.0,1.0,0.0,134272.57,0.0
459.0,Germany,Male,50.0,5.0,109387.9,1.0,1.0,0.0,155721.15,0.0
632.0,Germany,Male,23.0,3.0,122478.50999999998,1.0,1.0,0.0,147230.77,1.0
683.0,France,Female,73.0,8.0,137732.23,2.0,1.0,1.0,119499.7734375,0.0
850.0,France,Female,46.0,-41.26950342655182,157866.77,1.0,1.0,1.0,18986.12,0.0
512.0,France,Female,41.0,6.0,0.0,1.0,1.0,1.0,100507.81,0.0
616.0,France,Female,31.0,3.0,136789.14,29.12229368686676,1.0,0.0,59346.4,1.0
664.0,France,Male,36.0,1.0,0.0,2.0,0.0,1.0,69014.2017578125,1.0
694.0,France,Male,30.0,10.0,144684.03,1.0,1.0,1.0,31805.49,0.0
655.0,France,Male,24.0,9.0,107065.31000000001,1.0,1.0,1.0,50670.1904296875,0.0
607.0,France,Female,33.0,8.0,91301.72,1.0,0.0,1.0,130824.57000000002,0.0
263.68286819458007,Spain,Male,33.25425071716309,4.0,14985.076666259765,2.0,0.0,0.0,157694.76,0.0
763.0,France,Male,37.0,8.0,14172.585913085937,2.0,1.0,0.0,933.3799999999999,0.0
671.0,Spain,Male,50.0,8.0,0.0,1.0,0.0,1.0,2560.11,0.0
592.0,Spain,Male,38.0,3.0,0.0,1.0,1.0,1.0,12905.89,1.0
666.0,France,Female,36.0,6.0,0.0,2.0,1.0,0.0,176692.87,0.0
667.0,France,Male,34.0,5.0,24947.94287109375,2.0,1.0,1.0,102908.63,0.0
850.0,Spain,Male,36.0,6.0,0.0,12.680812406539918,0.0,1.0,41291.05,0.0
622.0,France,Male,42.0,9.0,0.0,2.0,1.0,0.0,119127.06000000001,0.0
577.0,France,Female,30.0,8.0,92472.1,2.0,0.0,1.0,126434.61000000002,0.0
555.0,Spain,Male,21.0,1.0,0.0,2.0,0.0,0.0,103901.35,0.0
547.0,France,Female,62.0,10.0,127738.75,2.0,0.0,1.0,85153.0,0.0
613.0,Germany,Female,50.0,-20.423052644729616,101242.98,2.0,1.0,0.0,12493.61,0.0
672.0,France,Female,43.0,4.0,36942.689453125,2.0,1.0,1.0,167336.78,0.0
624.0,Spain,Female,36.0,10.0,0.0,2.0,0.0,1.0,186180.42,0.0
698.0,France,Female,50.0,-4.310037136077881,0.0,4.0,1.0,0.0,88566.9,0.0
606.0,France,Male,37.0,6.0,82373.94,1.0,0.0,0.0,172526.9,1.0
720.0,Spain,Male,31.0,4.0,141356.47,1.0,0.0,0.0,137985.69,0.0
835.0,France,Male,23.0,9.0,0.0,1.0,1.0,0.0,19793.73,1.0
771.0,Spain,Female,47.0,3.0,72664.0,2.0,1.0,1.0,107874.38999999998,0.0
579.8453002929688,France,Female,47.0,-54.87496791481972,123365.34,2.0,0.0,0.0,171995.34,0.0
734.0,Germany,Male,33.0,5.0,121898.58,43.02318296432495,1.0,1.0,61829.89,0.0
548.0,Spain,Male,33.0,6.0,0.0,4.021812295913696,1.0,1.0,31728.35,0.0
652.0,Germany,Female,31.0,3.0,103696.97,3.0,0.0,0.0,71665.16953125,1.0
707.0,France,Male,33.0,2.0,0.0,2.0,0.0,0.0,130866.95,0.0
294.8446380615234,Germany,Female,56.0,1.0,74129.18,2.0,1.0,1.0,62199.780000000006,1.0
623.0,France,Female,34.0,9.0,0.0,1.0,1.0,0.0,24255.21,0.0
686.0,Germany,Male,29.0,3.0,185379.02,1.0,1.0,0.0,64679.06999999999,0.0
525.0,Germany,Female,47.0,1.0,118087.67999999998,1.0,1.0,0.0,88120.78,1.0
657.0,Spain,Male,41.0,8.0,23063.850390625,5.334623384475708,1.0,1.0,66463.62,0.0
730.0,Germany,Female,33.0,7.0,130367.87,18.09998204112053,1.0,0.0,15142.1,1.0
816.0,Germany,Female,34.0,-30.354271697998048,108410.87,2.0,1.0,0.0,102908.91,0.0
484.0,France,Female,50.0,2.0,90408.16,2.0,0.0,0.0,48170.57,0.0
728.0,France,Female,34.0,6.0,90425.15,18.64169430732727,1.0,1.0,11597.69,0.0
730.0,Spain,Female,22.896067714691164,6.0,46879.8703125,-5.723388290405273,1.0,0.0,172450.04,1.0
477.0,France,Male,31.0,9.0,0.0,2.0,0.0,1.0,184061.17,0.0
663.0,Germany,Female,-5.8124534606933596,6.0,95439.4,1.0,1.0,0.0,21038.58,1.0
549.0,Germany,Male,34.0,6.0,204017.4,2.0,1.0,0.0,109538.35,0.0
714.0,Spain,Male,29.0,-20.748169898986816,0.0,2.0,1.0,0.0,129192.55,0.0
430.0,Germany,Male,49.0,3.0,137115.16,1.0,0.0,0.0,146516.86,1.0
504.0,Spain,Male,43.0,5.0,134740.19,2.0,1.0,0.0,181430.91,0.0
530.0,France,Female,29.0,5.0,0.0,2.0,0.0,0.0,121451.21,0.0
619.0,Germany,Male,29.0,4.0,98955.87,1.0,0.0,1.0,74926.3140625,0.0
617.0,Germany,Male,44.0,-14.286842584609985,49157.09,2.0,1.0,0.0,53294.17,0.0
791.0,Germany,Male,31.0,1.0,130240.33,1.0,0.0,0.0,96546.55,0.0
585.5921623229981,France,Male,48.0,1.0,36283.10670776367,3.0,1.0,0.0,184524.65,1.0
780.0,Germany,Male,51.0,-24.847132301330568,126725.25,24.060616385936736,1.0,1.0,106184.3609375,1.0
777.0,Germany,Female,34.0,5.0,96693.66,1.0,1.0,1.0,172618.52,0.0
817.0,Germany,Female,27.0,7.0,129810.6,1.0,1.0,1.0,59259.44,0.0
850.0,France,Male,58.0,8.0,156652.13,20.63361096382141,0.0,0.0,25899.21,1.0
732.0,France,Female,36.0,9.0,0.0,1.0,0.0,0.0,3749.0,1.0
693.0,France,Male,40.0,4.0,27117.97109375,1.0,1.0,1.0,101918.96,0.0
212.4169128417969,France,Female,50.0,-2.6569542407989504,0.0,2.0,1.0,1.0,57802.62000000001,1.0
643.0,France,Male,37.0,6.0,0.0,2.0,0.0,0.0,142454.77,0.0
757.0,France,Male,-6.315890884399414,3.0,130747.1,1.0,1.0,0.0,143829.54,0.0
569.0,Germany,Male,30.0,6.0,106629.49000000002,1.0,0.0,1.0,44114.88,0.0
772.0,Spain,Male,36.0,3.0,112029.83,22.901438331604005,1.0,1.0,81666.8578125,0.0
576.0,Germany,Male,17.467877006530763,7.0,130575.25999999998,1.0,0.0,1.0,173629.78,0.0
287.17294921875,Germany,Male,28.0,-34.536594772338866,96679.71,1.0,1.0,1.0,49133.45,0.0
794.0,France,Male,33.0,0.0,0.0,2.0,0.0,0.0,178122.71,0.0
593.0,France,Male,50.0,6.0,171740.69,1.0,0.0,0.0,20893.61,0.0
597.0,Spain,Male,38.0,-11.04913866519928,0.0,2.0,1.0,0.0,41303.29,0.0
736.3829467773437,Germany,Female,39.0,9.0,42419.36943359375,1.0,1.0,1.0,199808.1,1.0
692.0,Germany,Male,24.0,2.0,120596.92999999998,1.0,0.0,1.0,180490.53,0.0
697.0,France,Female,48.0,1.0,0.0,2.0,1.0,1.0,87400.53,0.0
768.0,France,Male,29.0,2.0,95984.69,2.0,1.0,1.0,73686.75,0.0
802.0,Germany,Male,38.0,1.0,142557.11,1.0,1.0,1.0,172497.73,1.0
584.0,France,Male,47.0,5.0,0.0,2.0,1.0,0.0,89286.29,0.0
727.5356323242188,France,Male,66.0,2.0,0.0,2.0,1.0,1.0,180082.7,0.0
850.0,Germany,Male,36.0,6.0,143644.16,1.0,1.0,0.0,22102.25,1.0
671.0,France,Female,38.0,6.0,132129.72,1.0,0.0,1.0,76068.95,0.0
626.0,France,Female,52.0,0.0,0.0,2.0,1.0,0.0,32159.46,1.0
770.0,France,Female,68.0,2.0,183555.24,1.0,1.0,0.0,159557.28,0.0
633.0,France,Male,38.0,2.0,91902.56,2.0,1.0,1.0,107673.35,0.0
663.0,France,Male,40.0,6.0,156218.19,1.0,0.0,1.0,33607.72,0.0
581.0,Germany,Female,43.0,5.0,93259.57,3.0,0.0,0.0,57068.4240234375,1.0
561.0,Germany,Female,45.0,2.0,168085.38,2.0,0.0,1.0,115719.08,0.0
479.0,Germany,Male,12.459313869476318,1.0,13680.920861816407,8.795046639442443,1.0,0.0,86128.21,1.0
769.0,France,Female,31.0,6.0,117852.25999999998,2.0,1.0,0.0,147668.64,1.0
54.217445373535156,Spain,Male,60.0,-0.052265715599060056,0.0,1.0,1.0,0.0,5220.101721191406,1.0
590.0,France,Female,52.89725570678711,10.0,84474.62,2.0,1.0,1.0,190937.09,0.0
560.0,France,Male,50.0,3.0,0.0,2.0,1.0,0.0,84531.79,0.0
437.0,Germany,Male,35.0,6.0,126803.34,2.0,1.0,0.0,161133.4,0.0
661.0,France,Female,34.0,0.0,0.0,2.0,1.0,0.0,185555.63,0.0
231.8927764892578,Germany,Female,36.0,10.0,68806.84,1.0,1.0,0.0,42960.4984375,0.0
560.0,France,Female,31.0,3.0,115141.17999999998,1.0,1.0,0.0,39806.75,0.0
578.0,France,Female,35.0,2.0,0.0,2.0,0.0,1.0,26389.919999999995,0.0
421.0,Spain,Male,34.0,6.0,90723.36,1.0,1.0,1.0,12162.76,0.0
492.0,Germany,Female,49.0,2.0,151249.45,2.0,1.0,1.0,167237.94,0.0
545.0,France,Female,32.0,6.0,0.0,2.0,1.0,1.0,52067.37,0.0
640.0,Germany,Female,-39.84062671661377,9.0,94752.49,1.0,1.0,0.0,63812.028125,1.0
624.0,Spain,Female,34.0,6.0,0.0,1.0,1.0,0.0,582.59,1.0
577.0,Spain,Male,28.0,7.0,0.0,1.0,1.0,0.0,143274.41,0.0
704.0,France,Male,31.0,-55.38638014793396,132084.66,16.657291603088378,1.0,1.0,98049.0828125,0.0
523.0,France,Male,45.0,5.0,0.0,2.0,1.0,1.0,121428.2,0.0
793.0,France,Male,35.0,-11.780148911476136,0.0,2.0,1.0,1.0,79704.12,1.0
564.0,France,Female,53.0,2.0,45472.28,1.0,1.0,1.0,48609.7505859375,1.0
711.0,France,Male,33.0,1.0,0.0,1.0,0.0,0.0,41590.4,0.0
791.0,Germany,Female,33.0,-51.61157968044281,130229.71,2.0,0.0,0.0,97879.3453125,1.0
629.0,Germany,Female,38.0,9.0,123948.85,1.0,0.0,0.0,76053.07,0.0
729.0,Germany,Male,-15.15078091621399,6.0,127415.85,30.659858441352846,0.0,1.0,75446.34155273438,0.0
651.0,Germany,Male,35.0,8.0,110067.71,1.0,1.0,0.0,127678.95,1.0
695.0,Spain,Male,39.0,4.0,65521.2,1.0,1.0,1.0,1243.97,0.0
847.0,Spain,Male,31.0,5.0,0.0,-4.183125305175781,1.0,0.0,76326.67,0.0
704.0,France,Male,47.0,5.0,27480.089794921874,2.0,1.0,1.0,145338.61,0.0
613.0,Germany,Male,33.0,3.0,155736.42,2.0,1.0,0.0,57751.21,0.0
692.0,Spain,Female,29.0,4.0,0.0,2.0,0.0,0.0,138880.24,0.0
720.0,France,Male,34.0,3.0,118307.57000000002,2.0,1.0,1.0,136120.29,0.0
577.0,France,Male,41.0,6.0,0.0,1.0,1.0,1.0,167621.18,0.0
710.0,Germany,Female,24.0,7.0,103099.17,2.0,1.0,0.0,173276.62,0.0
716.0,France,Female,38.0,1.0,0.0,2.0,1.0,1.0,99661.46,0.0
410.0,France,Male,33.0,6.0,125789.68999999999,1.0,0.0,0.0,66333.56,1.0
584.0,Germany,Female,36.0,4.0,109646.83,1.0,1.0,1.0,70240.79,0.0
792.0,France,Male,30.0,1.0,127187.86000000002,1.0,1.0,1.0,113553.42,0.0
605.0,France,Female,36.0,6.0,0.0,1.0,0.0,1.0,690.84,0.0
486.0,Spain,Male,24.0,1.0,0.0,1.0,1.0,0.0,98802.76,0.0
615.0,France,Male,41.0,4.0,130385.82000000002,1.0,0.0,1.0,130661.95,0.0
676.0,France,Male,23.0,1.0,107787.47,1.0,0.0,1.0,116378.82000000002,0.0
571.0,France,Male,34.0,1.0,99325.04,2.0,0.0,1.0,186052.15,0.0
850.0,France,Male,37.0,9.0,0.0,1.0,0.0,0.0,100101.06,0.0
717.0,France,Male,11.252025508880616,7.0,123764.95,43.3110294342041,1.0,1.0,169952.82,0.0
642.0,Germany,Female,39.0,8.0,19814.5408203125,1.0,1.0,0.0,61792.759999999995,1.0
143.4178581237793,Spain,Male,47.0,7.0,6185.5822265625,0.40018945932388306,0.0,0.0,37973.13,0.0
574.0990226745605,Germany,Female,38.0,-18.588270235061646,57068.43000000001,2.0,1.0,0.0,188974.81,0.0
760.0,Germany,Male,29.0,5.0,103607.24,2.0,0.0,1.0,86334.64,0.0
500.0,Spain,Male,10.450372314453125,1.0,99004.24,1.0,1.0,1.0,152845.99,0.0
654.0,France,Female,36.0,2.0,0.0,2.0,1.0,1.0,146652.11,0.0
606.0,Spain,Female,25.0,3.0,147386.72,3.0,1.0,0.0,45482.04,1.0
254.2468360900879,Spain,Male,42.0,-27.17936573624611,93608.28,1.0,1.0,0.0,49419.4564453125,1.0
799.0,France,Male,38.0,2.0,0.0,2.0,1.0,1.0,59297.33999999999,0.0
434.0,Germany,Male,71.0,-25.399423694610597,119496.87,27.255198320746423,1.0,0.0,125848.88,0.0
719.0,Spain,Female,32.0,7.0,0.0,1.0,0.0,0.0,76264.27,0.0
641.0,France,Female,37.0,2.0,0.0,2.0,1.0,0.0,3939.87,0.0
461.0,Spain,Female,25.0,6.0,0.0,2.0,1.0,1.0,15306.290000000003,0.0
790.0,Germany,Female,25.0,5.0,152885.77,1.0,1.0,0.0,58214.79,0.0
588.0,France,Male,31.0,4.0,99607.37,2.0,0.0,0.0,35877.03,0.0
621.0,France,Male,27.0,4.0,137003.68,1.0,1.0,0.0,21254.06,0.0
768.0,Germany,Male,48.0,-17.299323558807373,122831.58,1.0,1.0,1.0,24533.89,0.0
681.0,Spain,Male,38.0,2.0,99811.44,2.0,1.0,0.0,23531.5,0.0
606.0,Spain,Male,37.0,8.0,154712.58,2.0,1.0,0.0,78237.41865234375,0.0
542.0,Spain,Male,37.0,8.0,0.0,1.0,1.0,1.0,807.06,0.0
713.0,Germany,Female,24.0,7.0,147687.24,1.0,1.0,1.0,63370.3130859375,0.0
597.0,Spain,Female,33.0,2.0,0.0,2.0,1.0,0.0,4700.66,0.0
635.0,France,Male,27.0,-52.70920028686523,127009.83,1.0,1.0,0.0,161909.95,0.0
599.0,Germany,Male,61.0,1.0,124737.96,20.414823251962662,0.0,1.0,90389.61,1.0
496.0,Spain,Female,44.0,0.0,179356.28,2.0,1.0,0.0,2919.21,1.0
404.7949462890625,Spain,Male,31.0,8.0,0.0,2.0,0.0,1.0,99086.74,0.0
761.8744140625,Germany,Male,31.0,-86.77210388183593,127320.36000000002,3.0,1.0,0.0,163170.32,1.0
564.0,France,Male,31.0,0.0,125175.58,1.0,1.0,1.0,72757.33,0.0
561.0,France,Female,22.0,-45.078366088867185,186788.96,2.0,1.0,0.0,73286.8,0.0
702.0,France,Male,40.0,3.0,148556.74,1.0,0.0,1.0,146056.29,0.0
678.0,Germany,Female,40.0,8.0,128644.46,1.0,0.0,0.0,167673.37,0.0
707.0,France,Female,46.0,7.0,127476.73000000001,2.0,1.0,1.0,146011.55,0.0
610.0,France,Female,27.0,9.0,159561.93,1.0,0.0,1.0,99852.37763671875,0.0
744.0,France,Male,42.0,1.0,112419.92,1.0,1.0,1.0,83022.92,0.0
598.0,France,Male,28.0,8.0,129991.75999999998,2.0,0.0,1.0,92371.9625,0.0
562.0,Spain,Male,36.0,5.0,0.0,1.0,0.0,1.0,182843.24,0.0
621.0,Spain,Female,59.0,-20.455556440353394,28332.60263671875,2.0,1.0,1.0,171364.18,0.0
659.0,France,Female,50.0,3.0,0.0,1.0,1.0,0.0,183399.12,1.0
722.0,Germany,Female,40.0,6.0,89175.06,2.0,0.0,1.0,152883.95,0.0
606.0,France,Female,39.0,3.0,0.0,2.0,1.0,0.0,50560.45,1.0
603.0,Spain,Female,39.0,5.0,162390.52,2.0,1.0,0.0,54702.66000000001,0.0
506.0,Germany,Female,59.0,3.0,190353.08,1.0,1.0,0.0,78365.75,0.0
715.0,France,Male,21.0,8.0,0.0,2.0,1.0,0.0,68666.63,0.0
690.0,France,Male,47.0,2.0,0.0,2.0,1.0,0.0,151375.73,0.0
644.0,France,Female,40.0,10.0,5930.16572265625,1.0,1.0,1.0,19959.67,0.0
589.0,France,Male,36.0,8.0,114435.47,1.0,1.0,0.0,26955.72,0.0
592.0,France,Female,66.0,5.0,149950.19,1.0,1.0,1.0,89948.75390625,1.0
632.0,France,Male,42.0,4.0,126115.6,1.0,1.0,0.0,100998.5,0.0
577.0,France,Female,59.0,7.0,111396.97,1.0,1.0,1.0,191070.01,0.0
588.0,France,Male,30.0,3.0,115007.08,1.0,0.0,0.0,176858.5,0.0
617.0,France,Male,54.0,-28.786172580718993,102141.9,1.0,1.0,1.0,45325.26,0.0
668.0,Spain,Female,36.0,3.0,133686.52,1.0,1.0,0.0,190958.48,1.0
372.08624267578125,France,Male,32.0,9.0,120879.73000000001,2.0,0.0,1.0,78896.59,0.0
767.0,Spain,Male,47.0,5.0,33618.787109375,1.0,1.0,0.0,121964.46,1.0
251.4225326538086,Spain,Female,49.0,10.0,82321.88,1.0,0.0,1.0,44101.3447265625,0.0
589.0,Spain,Female,27.0,4.0,38810.546484375,2.0,1.0,0.0,144181.48,0.0
778.0,Spain,Male,33.0,-13.809799313545227,116474.28,8.678698253631591,1.0,1.0,32757.55,0.0
724.0,France,Female,34.0,3.0,132352.69,1.0,1.0,0.0,80320.3,0.0
477.0,Germany,Female,39.0,4.0,182491.57,1.0,1.0,0.0,185830.72,0.0
580.0,France,Male,34.0,6.0,0.0,2.0,1.0,1.0,160095.31,0.0
358.0481811523438,France,Male,63.0,2.0,120787.17999999998,13.407248926162719,1.0,1.0,52198.84,0.0
711.0,France,Female,29.0,3.0,12887.420947265626,2.0,1.0,0.0,31811.439999999995,0.0
706.0,Germany,Male,-2.3278680801391602,5.0,88348.43,2.0,1.0,1.0,104181.78,0.0
703.0,Spain,Male,16.590922546386718,6.0,5357.639221191406,2.0,1.0,1.0,14615.84638671875,0.0
679.0,Germany,Male,2.048869752883911,-20.71897611618042,146186.28,12.249446439743043,1.0,1.0,193974.47,1.0
603.0,France,Male,32.0,7.0,0.0,3.137838101387024,1.0,0.0,198055.94,1.0
598.0,Spain,Male,34.0,0.0,104488.17,1.0,0.0,1.0,43249.67,0.0
836.0,Germany,Female,7.604252719879151,4.0,109196.67,2.0,1.0,0.0,66426.79770507812,0.0
687.0,France,Female,61.0,7.0,35563.797265625,1.0,1.0,0.0,131305.37,1.0
704.0,Germany,Male,41.0,-22.042737197875976,109026.8,23.876305991411208,1.0,0.0,43117.1,1.0
605.0,Germany,Male,9.398039817810059,2.0,61319.62999999999,1.0,0.0,1.0,186655.11,0.0
516.0,France,Female,40.0,9.0,0.0,2.0,0.0,1.0,33266.29,0.0
572.0,France,Female,39.0,2.0,0.0,2.0,1.0,1.0,555.28,0.0
557.0,France,Male,42.0,6.0,177822.03,1.0,1.0,0.0,150944.31,1.0
443.0,Germany,Male,59.0,4.0,110939.3,1.0,1.0,0.0,72846.58,1.0
604.0,Germany,Male,25.0,-39.41821708679199,165413.43,1.0,1.0,1.0,87322.64140625,0.0
483.0,France,Male,27.0,1.0,77805.66,1.0,1.0,1.0,2101.89,0.0
702.0,France,Male,50.0,3.0,0.0,2.0,0.0,0.0,94949.84,0.0
670.0,Spain,Female,-15.869011688232423,3.0,175575.95,22.208504962921143,1.0,0.0,73566.63814697266,1.0
804.0,Spain,Female,38.0,3.0,124197.22,1.0,1.0,0.0,74692.06,0.0
850.0,France,Female,30.0,3.0,0.0,2.0,1.0,0.0,116692.8,0.0
554.0,France,Female,39.0,10.0,160132.75,1.0,1.0,0.0,32824.15,0.0
588.0,Germany,Female,37.0,7.0,70258.88,25.749969673156738,1.0,0.0,139607.61,0.0
506.5508316040039,Germany,Male,32.0,4.0,162657.64,18.296965169906617,1.0,1.0,115525.13,0.0
787.0,Germany,Male,43.0,0.0,132217.45,1.0,1.0,0.0,20955.03,1.0
582.0,Spain,Male,25.0,9.0,148042.97,2.0,1.0,0.0,52341.15,0.0
633.0,Spain,Female,8.805919790267945,4.0,92855.02,1.0,1.0,1.0,57264.43315429687,0.0
600.633544921875,France,Male,47.0,-37.18283252716064,41337.903125,1.0,0.0,0.0,169935.46,1.0
564.0,Spain,Male,37.0,9.0,100252.18,1.0,1.0,1.0,146033.52,0.0
602.0,Spain,Male,37.0,3.0,107592.88999999998,2.0,0.0,1.0,153122.73,0.0
649.0,France,Male,39.0,3.0,113096.41,1.0,1.0,1.0,60335.240000000005,0.0
679.0,France,Female,40.0,7.0,30347.486181640626,2.0,1.0,1.0,163757.29,0.0
639.0,Spain,Male,8.628356075286865,7.0,149940.04,2.0,0.0,0.0,156648.81,0.0
591.8056419372558,France,Male,57.662638092041014,8.0,34450.21072998047,5.128018474578857,1.0,0.0,176471.78,1.0
565.0,France,Male,32.0,-11.117286109924317,0.0,2.0,1.0,0.0,5388.3,0.0
478.0,France,Female,50.0,2.0,0.0,1.0,0.0,1.0,93332.64,1.0
825.0,France,Male,29.0,3.0,148874.01,2.0,0.0,1.0,103887.609375,0.0
528.0,Spain,Female,32.0,0.0,68138.37,1.0,1.0,1.0,170309.19,0.0
577.0,Spain,Female,35.0,5.0,110080.3,1.0,1.0,1.0,109794.31000000001,0.0
550.4970756530762,France,Male,24.0,7.0,0.0,2.0,1.0,1.0,166310.82,0.0
505.0,Germany,Female,25.0,5.0,114268.85,2.0,1.0,1.0,126728.26999999999,0.0
633.0,Germany,Male,29.0,6.0,117412.35,1.0,0.0,0.0,30338.939999999995,0.0
153.2391357421875,France,Female,38.0,6.0,0.0,2.0,1.0,1.0,37935.83,0.0
850.0,France,Female,19.123167991638184,9.0,4989.406408691406,2.0,0.0,0.0,25329.48,0.0
629.0,Germany,Female,37.0,1.0,35549.81,2.0,0.0,0.0,49676.33,0.0
744.0,France,Male,21.807190895080566,9.0,25113.62062988281,2.0,1.0,1.0,71919.50107421874,0.0
750.0,France,Male,-14.954973220825195,7.0,136492.92,26.845995903015137,1.0,1.0,89360.7921875,1.0
637.0,Germany,Male,28.0,3.0,123675.68999999999,1.0,1.0,1.0,166458.41,0.0
575.0,France,Female,40.0,1.0,139532.34,1.0,1.0,0.0,181294.39,0.0
671.0,Germany,Male,58.0,1.0,178713.98,21.96038055419922,1.0,1.0,21768.21,0.0
571.0,France,Male,40.0,5.0,0.0,2.0,0.0,0.0,72849.29,0.0
590.0,France,Male,41.0,1.0,89086.31,1.0,1.0,0.0,24499.97,0.0
619.0,Spain,Male,38.0,3.0,96143.47,1.0,0.0,0.0,98994.92,0.0
640.0,Germany,Female,30.0,5.0,32197.640000000003,1.0,0.0,1.0,141446.01,0.0
670.0,France,Male,38.0,7.0,18963.84462890625,2.0,1.0,1.0,77864.41,0.0
737.0,France,Female,33.0,-17.844102597236635,0.0,2.0,1.0,0.0,115115.32000000002,0.0
555.0,Spain,Male,32.0,10.0,0.0,2.0,0.0,1.0,168605.96,0.0
742.0,France,Male,33.0,6.0,11455.266796875,2.0,0.0,0.0,38550.4,0.0
618.0,Germany,Female,40.0,0.0,140306.38,1.0,1.0,0.0,160618.61,1.0
560.0,France,Female,35.0,1.0,0.0,2.0,1.0,0.0,3701.63,0.0
654.0,France,Male,38.0,8.0,0.0,2.0,1.0,0.0,88659.44,0.0
787.0,Germany,Female,42.0,2.0,74483.97,2.0,0.0,1.0,44273.91,0.0
611.0,France,Female,53.0,7.0,0.0,2.0,1.0,1.0,156495.39,1.0
559.0,Spain,Male,34.0,-25.153173828125,0.0,1.0,1.0,0.0,182988.94,0.0
481.0,France,Male,37.0,8.0,19602.71114501953,1.7678924083709717,1.0,1.0,56684.03403320313,0.0
753.0,Germany,Male,-1.5556753158569336,5.0,159904.79,1.0,1.0,0.0,148811.14,0.0
675.0,France,Male,32.0,1.0,0.0,3.0,1.0,0.0,85901.09,0.0
748.0,Germany,Female,31.0,1.0,99557.94,1.0,1.0,0.0,199255.32,0.0
610.0,Spain,Female,46.0,-41.2958963394165,116886.59,1.0,0.0,0.0,107973.43999999999,0.0
580.0,Spain,Male,32.0,-54.306497955322264,142188.2,2.0,0.0,1.0,128028.6,0.0
624.0,Germany,Female,40.0,3.0,149961.99,2.0,1.0,0.0,104610.86,0.0
709.0,France,Female,36.0,8.0,0.0,2.0,1.0,1.0,69676.55,0.0
605.0,France,Female,34.0,2.0,0.0,1.0,0.0,0.0,35982.42,0.0
706.0,France,Male,53.0,7.0,15050.266223144532,2.0,1.0,1.0,44097.30288085937,0.0
567.0,Spain,Female,40.0,8.0,28649.640000000003,1.0,0.0,1.0,95140.62,0.0
747.0,France,Female,21.0,4.0,81025.6,2.0,1.0,0.0,167682.57,0.0
664.0,France,Male,57.0,1.0,0.0,2.0,1.0,1.0,56562.56999999999,0.0
711.0,France,Female,39.0,3.0,152462.79,1.0,1.0,0.0,90305.97,0.0
609.0,France,Male,25.0,10.0,0.0,1.0,0.0,1.0,109895.16,0.0
632.0,Spain,Male,28.0,7.0,155519.59,1.0,1.0,0.0,93775.0578125,0.0
725.0,France,Female,36.0,1.0,118851.05,1.0,1.0,1.0,102747.02,0.0
369.22662353515625,France,Female,34.0,9.0,92899.27,2.0,1.0,0.0,97465.89,0.0
682.0,France,Male,40.0,4.0,0.0,1.0,0.0,1.0,105352.55,0.0
797.0,France,Male,37.0,4.0,75263.7,1.0,1.0,0.0,85801.77,0.0
668.0,Spain,Male,38.0,1.0,147904.31,1.0,1.0,1.0,69370.05,0.0
783.0,Germany,Female,10.05282981991768,5.0,106640.5,1.0,1.0,0.0,176945.96,0.0
766.0,Germany,Female,28.0,4.0,90696.78,1.0,0.0,1.0,21597.2,0.0
704.0,France,Female,36.0,2.0,175509.8,2.0,1.0,0.0,152039.67,0.0
722.0,France,Male,40.0,-21.428845119476318,0.0,2.0,1.0,1.0,111893.09,0.0
692.0,France,Female,34.0,7.0,0.0,2.0,1.0,0.0,195074.62,0.0
584.0,France,Female,35.0,2.0,114321.28,2.0,0.0,0.0,15959.01,0.0
644.0,Germany,Female,51.0,4.0,95560.04,13.95021424293518,0.0,0.0,72628.84,1.0
598.0,Germany,Male,50.0,-7.65515288412571,88379.81,3.0,1.0,1.0,64157.240000000005,1.0
733.0,Germany,Male,5.410101461410522,7.0,85915.52,1.0,1.0,1.0,23860.5,0.0
615.0,Germany,Male,58.0,3.0,23086.991796875,1.0,1.0,1.0,85687.09,1.0
850.0,France,Female,39.0,2.0,0.0,2.0,1.0,0.0,179451.42,0.0
521.0,France,Male,43.0,8.0,0.0,1.0,1.0,1.0,93180.09,0.0
675.0,France,Male,69.0,1.0,0.0,2.0,1.0,0.0,157097.09,0.0
746.0,France,Male,21.684776973724365,3.0,14618.356201171875,3.0,1.0,1.0,45064.31728515625,1.0
770.0,France,Female,33.0,4.0,0.0,1.0,1.0,0.0,26080.54,1.0
618.0,France,Male,30.0,3.0,133844.22,1.0,1.0,1.0,31406.93,0.0
182.5555648803711,France,Male,36.0,-26.46194486618042,154872.08,2.0,1.0,1.0,32044.640000000003,0.0
749.0,France,Female,27.0,9.0,0.0,2.0,1.0,0.0,132734.87,0.0
702.0,Spain,Female,43.0,-46.918338012695315,116121.67,1.0,1.0,0.0,61602.42,0.0
555.0,Germany,Male,42.0,6.0,107104.5,1.0,1.0,1.0,41304.44,1.0
587.0,France,Male,47.0,6.0,71026.77,1.0,1.0,0.0,57962.41000000001,0.0
639.0,France,Male,38.0,3.0,0.0,2.794103574752808,1.0,0.0,42862.82,0.0
643.0,France,Male,33.0,4.0,36607.509375,2.0,1.0,1.0,152992.04,0.0
600.0,France,Female,41.0,1.0,0.0,2.0,1.0,1.0,91193.65,0.0
651.0,France,Male,53.0,7.0,0.0,2.0,1.0,1.0,81166.97421875,0.0
666.0,France,Female,27.0,4.0,0.0,2.0,0.0,0.0,88751.45,0.0
520.0,France,Female,39.0,6.0,145644.05,1.0,0.0,0.0,104118.93,0.0
650.0,Spain,Female,50.0,-38.622035598754884,129667.76999999999,1.0,0.0,0.0,42028.16,0.0
564.0,Germany,Male,33.0,-38.12201766967773,109341.87,1.0,1.0,0.0,75632.78,0.0
586.0,France,Male,64.0,1.0,0.0,2.0,0.0,1.0,53710.23,0.0
617.0,France,Female,35.0,5.0,0.0,2.0,0.0,1.0,13066.3,0.0
712.0,Spain,Female,30.0,6.0,0.0,2.0,1.0,0.0,152417.97,0.0
654.0,France,Male,55.0,3.0,87485.67,1.0,1.0,1.0,3299.0100000000007,0.0
605.0,France,Male,27.0,9.0,0.0,2.0,1.0,0.0,198091.81,0.0
491.0,France,Female,36.0,0.0,53369.12999999999,1.0,1.0,1.0,103934.12,0.0
707.0,France,Female,35.0,9.0,0.0,-1.3926174759864807,1.0,1.0,70403.65,0.0
638.0,Spain,Male,34.0,5.0,146679.77,1.0,1.0,0.0,102179.86,0.0
683.0,France,Male,43.0,2.0,112499.42,2.0,1.0,0.0,30375.18,0.0
815.0,Spain,Female,38.0,2.0,48387.0,1.0,1.0,0.0,184796.84,0.0
645.0,Spain,Male,38.0,1.0,68079.8,1.0,0.0,1.0,166264.89,0.0
645.0,Germany,Male,49.0,4.0,26959.3859375,1.0,0.0,0.0,88391.97,0.0
683.0,France,Male,30.0,4.0,66190.33,1.0,1.0,1.0,115186.97,0.0
705.0,France,Female,37.0,10.0,0.0,-0.8745328664779664,1.0,1.0,13935.530000000002,1.0
647.0,France,Male,35.0,4.0,123761.67999999998,1.0,1.0,0.0,83910.4,0.0
786.0,Germany,Female,33.0,0.0,122325.58,1.0,0.0,0.0,34712.34,1.0
534.0,France,Male,41.0,9.0,7231.487646484375,2.0,1.0,0.0,13871.34,0.0
602.0,Spain,Female,42.0,1.0,138912.17,1.0,1.0,1.0,139494.75,0.0
695.0,France,Female,42.0,0.0,0.0,2.0,0.0,1.0,140724.64,0.0
553.0,Germany,Female,25.0,7.0,128524.18999999999,2.0,1.0,0.0,20682.46,0.0
516.0,Spain,Female,31.0,3.0,0.0,2.0,1.0,0.0,124202.25999999998,0.0
655.0,France,Female,34.0,3.0,0.0,2.0,1.0,0.0,159638.77,0.0
452.05303344726565,Germany,Female,-69.66889877319336,9.0,132934.89,1.0,1.0,0.0,94981.9078125,0.0
520.0,Germany,Male,43.0,3.0,150805.17,3.0,0.0,1.0,25333.03,1.0
568.0,Spain,Female,46.0,3.0,0.0,2.0,1.0,1.0,29372.620000000003,0.0
76.83421936035157,Spain,Male,32.0,9.0,0.0,3.0,1.0,1.0,9625.28837890625,0.0
541.8292404174805,Spain,Female,-10.64531421661377,7.0,165969.26,62.36070067882538,1.0,1.0,156122.13,1.0
642.0,Germany,Female,36.0,-13.472952604293823,124495.98000000001,18.12693848609924,0.0,1.0,57904.219999999994,1.0
703.0,Germany,Male,39.0,1.0,141559.5,1.0,1.0,1.0,31257.1,1.0
556.0,France,Male,38.0,2.0,114756.13999999998,1.0,1.0,0.0,193214.05,0.0
585.0,France,Female,30.0,6.0,0.0,2.0,1.0,1.0,137757.69,0.0
587.0,Germany,Female,-63.87038917541504,7.0,155393.98,9.238157218694687,1.0,0.0,13308.2,1.0
524.0,Spain,Female,32.0,6.0,0.0,1.0,1.0,1.0,132861.9,1.0
556.0,Germany,Female,31.0,1.0,128663.81000000001,2.0,1.0,0.0,125083.29,0.0
504.0,Spain,Male,44.0,4.0,113522.63999999998,1.0,1.0,1.0,12405.2,0.0
731.0,Spain,Female,26.0,3.0,0.0,2.0,1.0,0.0,37697.29,0.0
651.0,France,Male,34.0,3.0,0.0,17.192851066589355,1.0,1.0,105599.65,0.0
675.0,Spain,Female,40.0,8.0,79035.95,1.0,1.0,0.0,142783.98,1.0
657.0,Spain,Female,22.0,-20.37540110349655,0.0,10.43773045539856,0.0,1.0,168412.07,1.0
686.0,Germany,Male,-46.94595274925232,9.0,141918.09,2.0,0.0,0.0,184036.47,0.0
690.0,France,Female,35.0,9.0,107944.33,2.0,0.0,0.0,48478.47,0.0
567.0,France,Male,36.0,7.0,0.0,2.0,0.0,1.0,3896.0800000000004,0.0
557.0,France,Male,57.0,1.0,120043.13,1.0,1.0,0.0,132370.75,1.0
446.0,Spain,Male,45.0,10.0,34447.905859375,1.0,1.0,1.0,128260.86000000002,1.0
850.0,France,Male,31.0,1.0,96399.31,2.0,1.0,0.0,106534.15,0.0
637.0,France,Male,41.0,2.0,0.0,2.0,0.0,1.0,102515.42,0.0
499.0,France,Male,60.0,7.0,76961.6,15.52778902053833,1.0,1.0,83643.87,0.0
622.0,Germany,Female,11.464938545227051,-45.41834564208985,98675.74,1.0,1.0,0.0,138906.85,1.0
684.0,France,Female,37.0,-18.00860968530178,126817.13,2.0,1.0,1.0,29995.830000000005,1.0
612.0,France,Male,32.0,3.0,121394.42,1.0,1.0,0.0,164081.42,0.0
813.0,Germany,Female,29.0,5.0,106059.4,1.0,0.0,0.0,187976.88,1.0
850.0,Germany,Male,44.0,2.0,36857.000390625,2.0,0.0,0.0,158171.36,0.0
795.0,Spain,Male,29.0,4.0,0.0,2.0,0.0,0.0,155711.64,0.0
258.7442153930664,Spain,Male,17.313598251342775,7.0,0.0,4.534988963603974,1.0,0.0,85890.75,1.0
565.0,Germany,Female,38.0,7.0,145400.69,2.0,1.0,1.0,83844.79,0.0
601.0,France,Male,39.0,3.0,72647.64,1.0,1.0,0.0,41777.9,1.0
802.0,France,Male,40.0,4.0,0.0,2.0,1.0,1.0,81908.09,0.0
614.0,Germany,Female,11.569194030761718,-50.78714103698731,96340.81,2.0,0.0,1.0,139377.24,1.0
434.0,Spain,Male,55.0,-9.326235437393189,0.0,3.0226659774780273,0.0,1.0,73562.05,1.0
522.0,Germany,Female,32.0,8.0,124450.36000000002,2.0,1.0,1.0,165786.1,0.0
550.0,Germany,Male,36.0,2.0,113877.23000000001,2.0,1.0,0.0,174921.91,0.0
599.0,Spain,Male,25.0,3.0,0.0,4.525186884403229,1.0,1.0,120790.01999999999,0.0
263.22800903320314,France,Female,36.0,5.0,148667.81,2.0,1.0,0.0,56092.509999999995,0.0
755.0,France,Male,34.0,-39.08655471801758,0.0,4.684329605102539,1.0,1.0,158816.03,0.0
605.0,France,Female,62.0,4.0,33977.864453125,2.0,0.0,0.0,125660.99000000002,0.0
708.0,France,Male,41.0,0.0,0.0,1.0,1.0,0.0,128400.62,0.0
699.0,France,Male,44.0,-55.25455226898193,158697.61,1.0,1.0,0.0,107181.22,0.0
763.0,France,Female,53.0,4.0,0.0,1.0,1.0,0.0,77203.72,1.0
743.0,Spain,Male,25.0,6.0,33855.615625,2.0,1.0,0.0,129740.11000000002,0.0
660.0,France,Female,37.04562606811523,0.0,90044.32,16.89249575138092,1.0,1.0,187604.97,1.0
710.6551849365235,Germany,Male,38.0,-42.05430946350098,84651.79,1.0,1.0,1.0,184754.26,0.0
739.0,Germany,Male,32.0,3.0,102128.27,1.0,1.0,0.0,63981.37000000001,1.0
769.0,France,Male,60.0,-54.79420776367188,148846.39,27.913632965087892,0.0,0.0,101986.16484375,0.0
692.0,France,Male,69.0,-13.537993478775025,154953.94,1.0,1.0,1.0,70849.47,0.0
560.0,France,Female,30.0,0.0,108883.29,1.0,1.0,0.0,27914.95,0.0
592.9300964355468,France,Female,-25.40681290626526,4.0,112070.86000000002,3.0,1.0,0.0,173568.3,1.0
630.0,Germany,Male,29.0,6.0,131354.39,1.0,0.0,1.0,9324.31,1.0
767.0,Germany,Female,21.000405406951906,7.0,26970.097265625,2.0,1.0,0.0,77868.39296875,1.0
543.0,France,Female,34.0,8.0,0.0,2.0,0.0,1.0,145601.8,0.0
776.0,France,Male,39.0,8.0,125211.55,45.923899459838864,1.0,0.0,144496.07,0.0
535.0,Spain,Male,58.0,1.0,0.0,2.0,1.0,1.0,11779.98,1.0
549.0,Germany,Male,36.0,6.0,139422.37,1.0,0.0,0.0,83983.39,1.0
844.0,France,Female,28.0,4.0,0.0,2.0,0.0,1.0,123318.37,0.0
586.0,Germany,Female,47.0,5.0,157099.47,2.0,1.0,1.0,65481.86,0.0
583.0,France,Male,40.0,3.0,0.0,2.0,1.0,0.0,47728.0,0.0
701.0,Spain,Male,-2.15508975982666,5.0,83600.24,1.0,0.0,1.0,59195.05,0.0
726.0,France,Male,28.0,2.0,0.0,1.0,0.0,0.0,98060.51,0.0
829.0,Germany,Male,36.0,4.0,81795.74,2.0,1.0,0.0,90106.94,0.0
749.0,Spain,Male,13.563767218589783,-40.66702671051026,129378.32000000002,1.0,1.0,0.0,89080.4125,0.0
743.0,France,Female,46.0,9.0,0.0,1.0,1.0,0.0,113436.08,0.0
619.0,Spain,Female,16.732390785217284,-3.896575927734375,0.0,2.0,1.0,1.0,29356.49434814453,0.0
699.0,France,Male,22.0,9.0,99339.0,1.0,1.0,0.0,68297.61,1.0
73.6249282836914,Spain,Male,36.0,7.0,0.0,2.0,0.0,0.0,9028.051611328125,0.0
600.0,Germany,Female,29.0,-10.676221752166748,74430.1,13.734282779693604,1.0,1.0,96051.1,0.0
760.0,Spain,Male,38.0,3.0,91241.85,1.0,0.0,1.0,80682.35,0.0
528.0,Germany,Male,32.0,2.0,99092.45,1.0,0.0,1.0,111149.98000000001,0.0
630.0,France,Female,26.0,5.0,0.0,2.0,1.0,0.0,182612.38,0.0
683.0,Germany,Female,39.0,2.0,100062.16,2.0,1.0,0.0,109201.42999999998,0.0
677.0,Germany,Female,26.0,6.0,98723.67,1.0,0.0,1.0,151146.67,0.0
225.14320449829103,Spain,Male,29.0,9.0,0.0,1.0,0.0,1.0,93901.61,0.0
693.0,France,Male,43.0,-41.74389597177505,128760.32000000002,1.0,1.0,0.0,36342.79,0.0
612.0,Spain,Female,52.0,5.0,144772.69,1.0,0.0,0.0,98302.57,1.0
719.0,Spain,Male,44.0,4.0,0.0,1.0,0.0,0.0,84972.9,1.0
702.0,France,Male,26.0,2.0,71281.29,1.0,0.0,1.0,108747.12,1.0
755.0,France,Male,29.0,9.0,6153.59814453125,1.0,1.0,1.0,21862.19,0.0
514.0,France,Male,26.0,1.0,0.0,2.0,0.0,0.0,121551.92999999998,0.0
753.0,France,Female,40.0,0.0,3768.69,2.0,1.0,0.0,177065.24,1.0
548.0,Germany,Female,36.0,2.0,108913.84,2.0,1.0,1.0,140460.01,0.0
850.0,Germany,Male,28.0,2.0,101100.22,36.950469970703125,1.0,1.0,35337.31,0.0
612.0,France,Male,15.303297805786134,7.0,50866.93515625,1.0,1.0,1.0,193502.93,0.0
628.0,Germany,Male,33.0,8.0,152143.89,1.0,1.0,1.0,32174.03,0.0
479.0,France,Male,47.0,6.0,121797.09,1.0,0.0,1.0,5811.9,1.0
724.0,France,Female,41.0,5.0,109798.25,1.0,0.0,1.0,149593.61,0.0
512.0,Germany,Male,41.0,7.0,122403.24000000002,1.0,0.0,1.0,37439.9,1.0
638.0,France,Female,43.0,3.0,26664.890283203124,1.0,1.0,1.0,142763.51,1.0
834.0,Spain,Male,40.0,7.0,0.0,2.0,0.0,0.0,45038.74,0.0
781.0,France,Male,29.0,9.0,0.0,2.0,0.0,0.0,172097.4,0.0
707.0,Germany,Male,17.337774562835694,7.0,40167.040625,1.0,1.0,1.0,180344.69,1.0
670.0,France,Male,22.0,2.0,114991.45,1.0,1.0,1.0,37392.56,0.0
663.0,Spain,Female,33.0,8.0,96769.04,1.0,1.0,1.0,36864.05,0.0
624.0,France,Female,23.0,5.0,0.0,-1.3066219329833983,0.0,0.0,132418.59,0.0
598.0,France,Female,34.0,4.0,0.0,2.0,0.0,0.0,60894.259999999995,0.0
619.0,Germany,Male,23.0,5.0,132725.1,1.0,1.0,1.0,143913.33,0.0
792.0,France,Female,70.0,3.0,0.0,18.93853840827942,1.0,1.0,172240.27,0.0
683.0,France,Female,26.0,7.0,0.0,2.0,1.0,0.0,86619.77,0.0
691.0,France,Female,33.0,6.0,0.0,2.0,1.0,0.0,164074.89,0.0
765.0,Spain,Female,33.0,5.0,84557.82,1.0,1.0,1.0,69039.43,0.0
508.0,France,Male,49.0,1.0,93817.41,2.0,1.0,1.0,132468.76,1.0
637.0,France,Female,33.0,9.0,113913.53,1.0,0.0,1.0,65316.5,0.0
667.0,Germany,Female,44.0,-38.84439945220947,140406.68,27.396456718444824,0.0,1.0,57164.19,0.0
575.0,Spain,Female,22.0,8.0,105229.34,1.0,1.0,1.0,34397.08,0.0
570.0311676025391,Spain,Female,46.0,-4.915605783462524,0.0,3.0,1.0,0.0,177431.59,0.0
567.0,France,Female,41.0,9.0,137891.35,1.0,1.0,0.0,142009.46,1.0
502.0,France,Female,35.0,6.0,0.0,2.0,1.0,1.0,80618.47,0.0
609.0,France,Female,53.0,6.0,0.0,2.0,1.0,1.0,124218.26999999999,0.0
715.0,France,Male,37.0,9.0,165252.52,33.915561056137086,1.0,0.0,85286.3,0.0
541.0,France,Male,32.0,8.0,0.0,2.0,0.0,0.0,40889.14,0.0
850.0,France,Female,23.412525779008867,4.0,0.0,2.0,1.0,0.0,107236.87,0.0
614.1593139648437,France,Male,23.0,7.0,39741.6234375,2.0,1.0,1.0,168085.97,0.0
650.0,Germany,Female,28.0,5.0,122034.4,19.926304948329925,0.0,1.0,146663.43,1.0
625.0,France,Female,44.0,7.0,0.0,1.0,1.0,0.0,4791.8,0.0
817.0,France,Male,59.0,-10.652799940109253,23725.9189453125,-1.2625125408172608,1.0,1.0,120819.58,0.0
526.0,France,Male,18.29783191680908,2.0,0.0,1.0,1.0,0.0,114539.67,1.0
531.6308288574219,France,Female,34.0,4.0,71379.53,3.265817165374756,0.0,1.0,154000.99,0.0
598.0,France,Female,40.0,2.0,171178.25,1.0,1.0,0.0,137980.58,1.0
613.0,France,Male,36.0,9.0,131307.11,1.0,0.0,0.0,83343.73,0.0
328.0458190917969,Spain,Male,62.0,3.0,0.0,2.0,1.0,1.0,82195.15,0.0
678.0,Spain,Female,27.0,5.0,87099.85,2.0,1.0,0.0,149550.95,0.0
39.580999755859374,Spain,Male,16.01713695526123,2.2978677272796633,376.57725830078124,0.853993821144104,1.0,1.0,1024.3696044921876,0.0
662.0,France,Male,26.0,0.0,0.0,2.0,0.0,1.0,54639.4732421875,0.0
525.0,France,Male,7.83828296661377,10.0,38086.691015625,3.0,1.0,0.0,171045.35,1.0
662.0,France,Male,31.0,3.0,0.0,2.0,0.0,1.0,27731.05,0.0
770.0,France,Female,33.0,6.0,0.0,2.0,1.0,1.0,126131.9,0.0
721.0,Spain,Female,33.0,4.0,72535.45,1.0,1.0,1.0,103931.49,1.0
633.0,Germany,Male,58.0,2.0,128137.42,2.0,1.0,0.0,59284.9091796875,1.0
201.88777618408204,France,Male,51.0,9.0,0.0,2.0,0.0,0.0,61961.56999999999,0.0
556.0,Germany,Male,42.0,0.0,115915.53,2.0,0.0,1.0,125435.47,1.0
639.0,France,Male,66.0,0.0,0.0,2.0,0.0,1.0,42240.54,0.0
632.0,France,Male,50.0,2.0,0.0,2.0,0.0,0.0,57942.87999999999,0.0
456.0,France,Male,29.0,5.0,107000.49000000002,44.244049835205075,1.0,1.0,153419.62,0.0
729.0,Spain,Female,38.0,10.0,0.0,2.0,1.0,0.0,45459.41884765625,0.0
632.0,France,Female,34.0,2.0,0.0,2.0,0.0,0.0,165385.55,0.0
433.0,Spain,Male,34.0,9.0,152806.74,40.697475814819335,0.0,0.0,19687.99,0.0
802.0,France,Female,60.0,3.0,92887.06,1.0,1.0,0.0,39473.63,1.0
670.0,France,Male,25.0,7.0,0.0,2.0,1.0,1.0,75646.24375,0.0
738.0,Germany,Male,15.983746099472047,-33.1515126824379,114940.67,2.0,1.0,0.0,83772.31328125,1.0
706.0,Germany,Male,34.0,0.0,140641.26,2.0,1.0,1.0,58056.588549804685,0.0
592.0,Germany,Female,70.0,5.0,71816.74,2.0,1.0,0.0,73786.4859375,1.0
522.0,France,Female,41.0,7.0,0.0,2.0,0.0,1.0,176780.39,0.0
746.0,France,Male,48.0,5.0,38562.37890625,14.095082473754882,1.0,0.0,153786.46,1.0
651.0,Spain,Male,42.0,2.0,14876.403515625,8.020497894287109,1.0,0.0,43612.06,0.0
494.0,France,Male,28.0,9.0,114731.75999999998,2.0,0.0,1.0,79479.74,0.0
429.6565002441406,France,Male,6.267806625366211,9.0,113909.68999999999,15.898372974991798,1.0,0.0,92320.37,1.0
671.0,Germany,Male,36.0,2.0,116695.26999999999,1.0,0.0,0.0,193201.86,0.0
696.0,France,Male,42.0,4.0,0.0,1.0,0.0,0.0,126353.13,1.0
577.0,Spain,Male,43.0,3.0,0.0,2.0,1.0,1.0,135008.92,0.0
587.0,France,Male,36.0,1.0,0.0,2.0,0.0,1.0,17135.6,0.0
712.0,Germany,Male,37.0,7.0,93978.96,2.0,1.0,0.0,60651.77,0.0
498.0,Germany,Male,35.0,2.0,121968.11000000002,2.0,0.0,1.0,188343.05,0.0
660.0,France,Male,37.0,2.0,97324.91,1.0,1.0,0.0,23291.83,1.0
678.0,France,Male,29.0,6.0,0.0,2.0,1.0,0.0,64443.75,0.0
530.0,France,Male,37.0,8.0,0.0,2.0,1.0,1.0,287.99,0.0
559.0,France,Female,48.0,2.0,0.0,2.0,0.0,1.0,137961.41,0.0
223.792977142334,France,Male,42.0,3.0,11886.637353515625,1.0,1.0,0.0,72169.95,1.0
592.0,France,Male,28.0,5.0,137222.77,1.0,0.0,0.0,39608.58,0.0
767.0,France,Male,48.0,9.0,0.0,2.0,0.0,1.0,175458.21,0.0
653.0,Germany,Female,27.886078667640685,5.0,19918.14602050781,2.0,1.0,0.0,89524.83,0.0
678.0,Spain,Male,27.0,2.0,0.0,2.0,1.0,1.0,13221.25,0.0
586.0,Spain,Female,42.0,2.0,0.0,1.0,1.0,0.0,102889.34,0.0
550.0,France,Female,40.0,8.0,150490.32,1.0,0.0,0.0,166468.21,1.0
275.0116455078125,Germany,Male,28.0,9.0,160858.13,42.362007880210875,1.0,0.0,27149.27,0.0
612.0,Germany,Male,39.0,-49.65099182128906,170288.38,1.0,1.0,1.0,59601.15,0.0
674.0,Germany,Female,27.0,4.0,111568.00999999998,1.0,0.0,1.0,22026.18,0.0
657.0,Spain,Male,29.0,7.0,83889.03,1.0,1.0,0.0,153059.62,0.0
724.0,Germany,Female,35.0,0.0,171982.95,2.0,0.0,0.0,167313.07,0.0
500.0,France,Female,34.0,4.0,0.0,2.0,1.0,0.0,12833.96,0.0
688.0,France,Male,-5.995241737365722,-35.077766036987306,137624.4,2.0,1.0,1.0,58808.34270019531,0.0
599.0,France,Male,50.0,3.0,121159.65,1.0,0.0,0.0,4033.3900000000003,1.0
631.0,France,Male,29.017564678192137,7.0,0.0,2.0,0.0,1.0,125877.22,0.0
634.0,Spain,Male,52.0,1.0,0.0,2.0,1.0,1.0,52068.38125,0.0
545.0,France,Male,37.0,3.0,91184.01,1.0,1.0,0.0,105476.65,0.0
644.0,Spain,Male,18.0,8.0,0.0,2.0,1.0,0.0,59172.42,0.0
690.0,Germany,Female,54.0,1.0,144027.8,1.0,1.0,1.0,108731.01999999999,0.0
711.0,France,Female,34.0,6.0,0.0,7.776182174682617,1.0,1.0,175310.38,0.0
712.0,France,Female,29.0,8.0,9157.482958984376,3.0817194521427154,1.0,1.0,38170.04,0.0
627.0,France,Male,27.0,1.0,62092.9,1.0,1.0,1.0,105887.04,0.0
694.0,Spain,Male,39.0,3.0,0.0,1.0,1.0,1.0,95625.03,0.0
534.0,Spain,Male,35.0,4.0,0.0,2.0,0.0,0.0,9541.15,0.0
603.0,France,Male,45.0,9.0,0.0,1.0,0.0,0.0,148516.79,0.0
808.0,France,Female,33.0,2.0,103516.87,1.0,1.0,0.0,113907.8,0.0
723.0,Spain,Male,30.0,1.0,0.0,3.0,1.0,0.0,164647.72,0.0
585.0,France,Female,23.303489875793456,2.0,0.0,2.0,1.0,0.0,98621.04,1.0
706.0,France,Male,34.0,8.0,0.0,2.0,1.0,0.0,37479.97,0.0
671.0,France,Female,31.0,6.0,0.0,2.0,1.0,1.0,15846.420000000002,0.0
597.0,Spain,Male,43.0,2.0,85162.26,1.0,0.0,1.0,5104.08,1.0
646.0,France,Female,43.0,8.0,143061.88,1.0,1.0,0.0,61937.6,0.0
402.70775451660154,Spain,Female,46.0,-22.45203814506531,0.0,2.0,1.0,1.0,170008.74,0.0
731.0,Spain,Female,33.0,5.0,137388.01,2.0,1.0,0.0,165000.68,0.0
620.0,Germany,Female,25.0,1.0,137712.01,1.0,1.0,1.0,76197.05,0.0
484.0,Germany,Male,40.0,7.0,106901.42,2.0,0.0,0.0,118045.98000000001,0.0
69.59699249267578,France,Male,47.0,2.1824812293052673,2871.683239746094,2.0,1.0,1.0,8371.1322265625,1.0
688.0,Germany,Female,-4.342829531431198,8.0,150679.71,2.0,0.0,1.0,196226.38,0.0
680.0,Germany,Male,3.900628089904785,4.0,108300.26999999999,28.510495710372926,0.0,1.0,44384.57,1.0
689.0,France,Female,46.0,7.0,52016.08,2.0,1.0,1.0,72993.65,0.0
513.0,Germany,Male,34.0,7.0,60515.12999999999,1.0,0.0,0.0,124571.09,0.0
553.0,Germany,Male,35.0,2.0,158584.28,2.0,1.0,0.0,43640.16,0.0
689.0,Germany,Male,47.0,2.0,118812.5,2.0,0.0,0.0,31121.419999999995,0.0
517.0,Spain,Male,46.0,4.0,0.0,1.0,1.0,0.0,22372.78,0.0
731.0,France,Male,37.0,8.0,26333.318896484376,2.0,1.0,1.0,75372.6189453125,1.0
687.0,Germany,Female,47.0,1.0,91219.29,1.0,0.0,0.0,158845.49,1.0
507.0,Spain,Male,32.0,7.0,0.0,2.0,1.0,0.0,67926.18,0.0
468.0,France,Female,22.0,1.0,76318.64,15.8428955078125,1.0,1.0,194783.12,0.0
682.0,Spain,Female,58.0,4.0,0.0,1.0,1.0,0.0,176036.01,0.0
603.0,France,Male,24.0,3.0,0.0,1.0,1.0,1.0,198826.03,1.0
522.0,Germany,Male,25.0,1.0,111432.13,1.0,1.0,1.0,168683.57,0.0
629.0,Spain,Male,41.0,10.0,150148.51,1.0,0.0,0.0,6936.270000000001,0.0
729.0,France,Female,32.0,7.0,38550.06,1.0,0.0,1.0,179230.23,0.0
574.0,France,Female,39.0,5.0,119013.86000000002,1.0,1.0,0.0,103421.91,0.0
677.0,Germany,Male,39.0,0.0,111213.63999999998,2.0,1.0,1.0,147578.26,0.0
627.0,Germany,Male,28.0,5.0,71097.23,1.0,1.0,1.0,130504.49000000002,0.0
788.0,Spain,Male,36.0,10.0,109632.85,1.0,1.0,1.0,16149.13,0.0
697.0,France,Male,63.0,7.0,148368.02,1.0,0.0,1.0,107170.1609375,1.0
578.0,France,Male,45.0,1.0,148600.91,1.0,1.0,0.0,143397.14,1.0
519.0,France,Male,11.26979768872261,10.0,71083.98,1.0,1.0,0.0,137959.0,0.0
632.0,France,Female,40.0,9.0,139625.34,1.0,1.0,0.0,93702.96,1.0
679.0,France,Male,39.0,4.0,0.0,1.0,0.0,0.0,172939.3,1.0
699.0,France,Male,21.656261253356934,9.0,0.0,1.0,1.0,1.0,108162.13,0.0
196.7165969848633,France,Male,64.0,0.0,81564.1,2.0,0.0,1.0,35896.09,0.0
622.0,Spain,Male,36.0,9.0,0.0,2.0,1.0,1.0,60173.303515625,0.0
755.0,France,Female,28.0,7.0,124540.28,1.0,0.0,1.0,188850.89,0.0
767.0,France,Female,42.0,2.0,133616.39,1.0,1.0,0.0,28615.8,0.0
752.0,Germany,Female,38.0,10.0,101648.5,2.0,1.0,0.0,172001.44,1.0
633.0,France,Female,26.0,8.0,124281.84,1.0,1.0,1.0,60116.56999999999,0.0
717.0,France,Female,59.0,4.0,0.0,2.0,1.0,1.0,170528.63,0.0
585.0,Spain,Male,45.0,0.0,0.0,2.0,0.0,0.0,189683.7,0.0
751.0,France,Female,10.6311185836792,9.0,12196.263208007813,2.0,0.0,0.0,49734.94,0.0
754.0,Germany,Female,65.0,1.0,136186.44,60.83875274658203,1.0,1.0,121529.59,1.0
495.0,France,Male,47.0,10.0,137682.68,1.0,1.0,0.0,71071.47,0.0
650.0,France,Male,34.0,4.0,39574.9046875,1.0,0.0,1.0,142995.32,0.0
529.0,France,Female,31.0,6.0,152310.55,1.0,1.0,0.0,13054.25,0.0
585.0,France,Female,43.0,2.0,0.0,2.0,1.0,0.0,89402.54,0.0
668.0,Spain,Male,32.0,1.0,134446.04,35.668070793151855,0.0,1.0,111241.37,0.0
591.0,France,Female,38.0,2.0,142289.28,1.0,0.0,1.0,119638.85,0.0
731.0,France,Male,5.193349361419678,6.0,0.0,2.0,1.0,0.0,151581.79,0.0
754.0,France,Female,45.0,6.0,0.0,1.0,1.0,0.0,73881.68,1.0
443.5691802978516,France,Female,46.0,-35.05444221496582,34675.24443359375,2.0,1.0,1.0,176902.83,0.0
588.0,Germany,Female,41.0,2.0,131341.46,2.0,0.0,1.0,7034.94,0.0
356.99186248779296,Spain,Female,29.0,-20.884526252746582,77919.78,1.0,1.0,0.0,122547.58,0.0
691.0,France,Female,34.0,7.0,0.0,2.0,0.0,1.0,161559.12,0.0
771.0,France,Female,-5.339166259765625,10.0,108309.0,22.646818161010742,0.0,1.0,84166.83125,1.0
678.0,Spain,Female,39.0,6.0,0.0,1.0,0.0,1.0,185366.56,0.0
719.0,Spain,Female,40.0,9.0,0.0,2.0,1.0,0.0,182224.14,0.0
610.0,Germany,Male,36.0,7.0,115462.01999999999,1.0,0.0,1.0,42581.04,0.0
722.0,Spain,Male,37.0,9.0,0.0,2.0,1.0,0.0,31921.95,0.0
758.0,Germany,Female,23.0,5.0,122739.1,1.0,1.0,0.0,102460.84,1.0
709.0,France,Female,32.0,2.0,0.0,2.0,0.0,0.0,109681.29,0.0
329.84127349853514,Spain,Female,53.0,3.0,113781.5,2.0,1.0,1.0,106345.05,0.0
678.0,Spain,Female,49.0,1.0,0.0,2.0,1.0,1.0,102472.9,0.0
633.0,France,Male,35.0,3.0,0.0,2.0,1.0,1.0,36249.76,0.0
710.0,France,Male,43.0,9.0,128284.45,1.0,1.0,0.0,32996.89,1.0
640.0,Germany,Male,26.586941146850585,-49.73658185005188,120591.18999999999,1.0,0.0,0.0,195123.94,0.0
656.0,France,Male,63.0,8.0,0.0,2.0,0.0,1.0,57014.43000000001,0.0
551.0,Germany,Female,-32.427619743347165,2.0,166968.28,1.0,1.0,0.0,159483.76,1.0
786.0,Spain,Female,39.0,7.0,0.0,2.0,0.0,0.0,100929.59,1.0
561.0,France,Female,49.0,8.0,0.0,2.0,1.0,1.0,12513.07,0.0
71.77420959472656,Spain,Male,42.0,5.0,0.0,1.9530779242515564,1.0,0.0,9613.05625,0.0
602.0,Germany,Male,38.0,2.0,71667.97,2.0,0.0,0.0,137111.89,0.0
727.0,Germany,Female,31.0,3.0,82729.47,2.0,1.0,0.0,60212.509999999995,0.0
678.0,France,Male,40.0,1.0,0.0,8.165104856342078,1.0,1.0,187343.4,0.0
483.16454162597654,France,Male,23.0,8.0,0.0,2.0,1.0,0.0,183284.53,0.0
596.0,Spain,Female,30.0,1.0,0.0,2.0,1.0,0.0,8125.390000000001,0.0
686.0,Germany,Male,39.0,3.0,129626.18999999999,2.0,1.0,1.0,103220.56,0.0
684.0,Germany,Female,26.0,2.0,114035.38999999998,1.0,0.0,0.0,96885.19,0.0
797.0,Germany,Male,32.0,1.0,151922.94,1.0,1.0,1.0,8877.06,0.0
658.0,France,Female,39.0,4.0,0.0,1.0,1.0,1.0,147530.06,0.0
653.0,Spain,Female,27.0,6.0,107751.67999999998,5.9194368600845335,1.0,1.0,33389.42,0.0
641.0,France,Male,37.0,6.0,0.0,2.0,1.0,0.0,45309.24,0.0
656.0,Spain,Female,41.0,6.0,101179.23,2.0,1.0,1.0,35230.61,0.0
142.0797607421875,France,Female,36.0,6.0,0.0,2.0,1.0,1.0,59816.41000000001,0.0
768.0,France,Female,40.0,8.0,0.0,2.0,0.0,1.0,69080.46,0.0
568.0,France,Male,33.0,7.0,0.0,2.0,1.0,0.0,143450.61,0.0
706.0,Germany,Male,36.0,9.0,58571.18000000001,2.0,1.0,0.0,40774.01,0.0
511.1337585449219,Germany,Female,38.0,8.0,153058.64,1.0,1.0,0.0,99377.27,0.0
745.0,Germany,Male,35.0,4.0,98270.34,1.0,1.0,0.0,133617.43,0.0
747.0,France,Male,43.0,1.0,21866.3337890625,1.0,0.0,1.0,101495.0,1.0
465.9445739746094,Germany,Male,-2.553363913297653,-40.907043838500975,99165.84,1.0,0.0,1.0,119333.95,1.0
639.0,France,Female,42.0,4.0,0.0,2.0,0.0,0.0,167682.37,0.0
704.0,France,Male,44.0,3.0,0.0,2.0,0.0,1.0,152884.85,0.0
651.0,Spain,Male,23.0,4.0,115636.05,2.0,1.0,0.0,70400.86,0.0
706.0,Germany,Female,44.0,2.0,185932.18,2.0,1.0,0.0,65413.41000000001,0.0
632.0,Germany,Male,30.0,2.0,72549.0,2.0,0.0,1.0,182728.8,0.0
751.0,France,Male,21.30297930240631,4.0,0.0,2.0,1.0,0.0,81442.6,0.0
767.0,France,Female,35.0,2.0,0.0,2.0,0.0,0.0,144251.38,0.0
741.0,France,Male,39.0,5.0,0.0,1.0,0.0,1.0,40207.06,0.0
651.0,France,Male,29.0,3.0,121890.06000000001,1.0,1.0,0.0,54530.509999999995,1.0
601.0,France,Male,46.0,2.0,99786.07,1.0,1.0,1.0,32683.879999999997,1.0
520.0,France,Male,34.0,3.0,19664.80693359375,2.0,1.0,1.0,104703.96,0.0
626.0,Germany,Male,27.0,4.0,115084.53,2.0,0.0,1.0,26907.43,0.0
811.0,France,Male,30.0,6.0,0.0,2.0,1.0,1.0,180591.32,0.0
730.0,France,Female,32.0,9.0,127661.68999999999,1.0,0.0,0.0,60905.509999999995,0.0
604.0,Germany,Female,47.0,4.0,11333.5333984375,1.0,0.0,1.0,47777.15,1.0
499.0,Germany,Female,44.0,6.0,77627.33,2.0,1.0,0.0,108222.67999999998,0.0
754.0,Spain,Male,40.0,-65.00944499969482,160625.17,1.0,0.0,1.0,111873.796875,0.0
716.0,Spain,Female,19.979726219177245,8.0,0.0,2.0,0.0,0.0,78616.92,0.0
636.0,France,Female,20.0,10.0,124266.86000000002,1.0,0.0,0.0,100566.81,0.0
470.0,France,Female,25.0,-29.2418203830719,127974.06000000001,2.0,1.0,1.0,183259.35,0.0
444.0,France,Male,43.0,3.0,12512.86728515625,2.0,1.0,1.0,36070.77687988281,0.0
809.0,Spain,Female,48.0,-37.39506335258484,0.0,1.0,1.0,0.0,160976.85,1.0
850.0,Germany,Female,30.0,3.0,104911.35,2.0,1.0,1.0,42933.26,0.0
637.0,France,Male,27.0,1.0,0.0,2.0,1.0,0.0,91291.2,0.0
512.0,France,Male,43.0,1.0,0.0,2.0,1.0,1.0,52471.36,0.0
774.0,Spain,Female,43.0,1.0,110646.54,1.0,0.0,0.0,108804.28,0.0
641.0,France,Male,12.772806447744369,5.0,0.0,2.0,1.0,1.0,122449.17999999998,1.0
586.0,Germany,Male,42.0,6.0,126704.49000000002,2.0,1.0,0.0,41682.3,0.0
59.43901748657227,France,Male,30.0,9.0,1976.7629455566407,2.0,1.0,1.0,5808.222143554687,0.0
660.0,Spain,Male,31.0,1.0,84560.04,1.0,1.0,0.0,137784.25,0.0
532.0,France,Male,43.0,9.0,0.0,2.0,1.0,0.0,190573.91,1.0
557.0,Germany,Female,38.0,2.0,129893.56000000001,1.0,0.0,0.0,102076.03,0.0
730.0,Spain,Male,25.0,5.0,29139.37421875,1.0,1.0,1.0,87113.30625,1.0
535.0,France,Female,27.0,6.0,0.0,2.0,0.0,1.0,49775.58,0.0
773.0,Germany,Female,36.0,4.0,105858.71,1.0,0.0,1.0,4395.45,0.0
510.0,Germany,Female,44.0,4.0,123070.88999999998,1.0,1.0,0.0,28461.29,1.0
539.0,France,Male,39.0,1.0,0.0,1.0,1.0,1.0,28184.7,0.0
690.0,Spain,Female,48.0,2.0,0.0,2.0,1.0,1.0,3149.1,0.0
821.0,France,Female,40.0,1.0,0.0,2.0,1.0,0.0,194273.12,0.0
687.0,Germany,Male,35.0,1.0,125141.24000000002,2.0,1.0,1.0,90185.590625,0.0
557.0,France,Female,46.0,4.0,96173.17,2.0,1.0,1.0,116378.31000000001,0.0
532.0,Spain,Female,37.0,5.0,0.0,2.0,0.0,1.0,6761.839999999999,0.0
540.0,Spain,Male,39.0,2.0,0.0,2.0,1.0,0.0,81995.92,0.0
98.96162567138671,France,Female,55.0,8.0,0.0,2.0,1.0,1.0,14392.679999999998,0.0
542.0,Germany,Female,35.0,9.0,127543.11000000002,2.0,1.0,1.0,468.93999999999994,1.0
706.0,France,Male,38.0,1.0,0.0,2.0,1.0,0.0,122379.54,0.0
765.0,France,Female,56.0,1.0,0.0,1.0,1.0,0.0,13228.929999999998,1.0
529.0,France,Male,-1.400119161605835,8.0,18116.44111328125,2.0,1.0,0.0,154002.02,1.0
470.0773681640625,France,Male,54.0,7.0,126113.28,21.043593978881837,1.0,0.0,112777.38,0.0
582.0,France,Male,41.0,1.0,40488.76,1.0,1.0,0.0,128528.83,0.0
609.0,Germany,Female,40.0,10.0,137389.77,2.0,1.0,0.0,170122.22,0.0
518.0,France,Female,28.0,9.0,85146.36,1.0,0.0,0.0,2803.89,0.0
791.0,Germany,Male,35.0,-21.93833318948746,42273.9828125,5.1476353168487545,1.0,1.0,181918.26,0.0
432.77357482910156,France,Male,42.0,4.0,80214.36,1.0,1.0,0.0,115241.96,1.0
565.0,France,Female,40.0,2.0,0.0,2.0,1.0,1.0,50343.361328125,0.0
735.0,France,Male,34.0,1.0,141796.43,28.152041053771974,1.0,0.0,45858.49,0.0
719.8847534179688,France,Female,49.0,-35.28189496994018,195238.29,4.0,0.0,1.0,131083.56,1.0
813.0,Germany,Male,27.0,6.0,111348.15,1.0,1.0,0.0,46422.46,0.0
772.0,France,Male,43.0,6.0,0.0,2.0,1.0,1.0,57675.87999999999,0.0
606.0,France,Female,25.918932723999024,8.0,0.0,2.0,1.0,1.0,59187.92890625,0.0
667.0,Germany,Female,42.0,10.0,64404.259999999995,2.0,0.0,0.0,26022.37,0.0
637.0,France,Female,16.093141555786133,-35.00125510692597,154309.67,26.22429039478302,0.0,1.0,75182.83372802734,1.0
542.0,Germany,Male,67.0,10.0,129431.36000000002,1.0,0.0,1.0,21343.74,0.0
762.0,Spain,Female,22.445111656188963,5.0,134204.67,1.0,1.0,1.0,139971.01,0.0
698.0,France,Female,39.0,4.0,0.0,2.0,0.0,1.0,47455.82,0.0
850.0,France,Female,28.90749797821045,8.0,0.0,2.0,1.0,1.0,55593.8,0.0
621.0,France,Female,37.656159210205075,5.0,0.0,2.0,1.0,0.0,191756.54,1.0
671.0,Germany,Female,48.0,9.0,116711.06000000001,2.0,0.0,0.0,76373.38,0.0
560.7473068237305,France,Male,31.0,-37.223579704761505,0.0,2.0,1.0,0.0,169278.51,0.0
504.0,Spain,Male,34.0,0.0,54980.81,1.0,1.0,1.0,136909.88,0.0
751.0,France,Female,37.0,3.0,99773.85,2.0,1.0,0.0,54865.92,0.0
691.0,Germany,Male,30.0,-37.00604400634766,101231.77,2.0,0.0,0.0,83101.85390625,0.0
841.0,Germany,Male,32.0,2.0,117070.21,1.0,1.0,0.0,113482.2,0.0
709.0,Germany,Female,23.0,8.0,73314.04,2.0,1.0,0.0,63446.469999999994,0.0
673.0,France,Male,37.0,2.0,0.0,1.0,1.0,1.0,13624.02,0.0
541.0,France,Male,37.0,9.0,33227.8375,1.0,0.0,1.0,148814.54,0.0
661.0,Germany,Female,31.0,3.0,136067.82,2.0,1.0,0.0,65567.91,0.0
784.0,Spain,Female,42.0,2.0,109052.04,2.0,1.0,0.0,6409.55,0.0
742.0,France,Female,35.0,2.0,79126.17,1.0,1.0,1.0,126997.53,0.0
633.448046875,Spain,Female,16.767825317382812,7.0,0.0,1.0,0.0,0.0,171762.87,0.0
443.0,France,Female,35.0,9.0,108308.0,1.0,1.0,0.0,129031.18999999999,1.0
778.0,France,Male,48.0,3.0,49505.744921875,2.0,1.0,0.0,182691.31,0.0
529.0,France,Male,39.0,6.0,6733.25283203125,2.0,1.0,0.0,12351.01,0.0
678.0,Germany,Female,-22.683532667160033,2.0,113383.07000000002,1.0,1.0,1.0,135123.96,0.0
516.0,Spain,Female,65.0,9.0,102541.1,1.0,1.0,0.0,78874.55859375,0.0
469.0,Spain,Male,35.0,5.0,0.0,2.0,1.0,0.0,186490.37,0.0
786.0,Spain,Male,40.0,6.0,0.0,2.0,0.0,0.0,73433.3888671875,0.0
703.0,France,Female,41.0,6.0,109941.50999999998,1.0,1.0,0.0,116267.28,0.0
579.0,Germany,Male,41.0,0.0,141749.68,1.0,0.0,1.0,9201.53,0.0
565.0,France,Male,38.0,5.0,0.0,2.0,0.0,1.0,80630.32,0.0
443.0,France,Male,44.0,2.0,0.0,1.0,1.0,0.0,159165.7,0.0
344.8535888671875,France,Male,37.0,7.0,85146.48,31.80346155166626,1.0,0.0,86490.09,1.0
691.0,France,Male,44.0,6.0,134066.1,2.0,1.0,0.0,197572.41,0.0
711.0,France,Female,28.0,8.0,0.0,2.0,0.0,0.0,105159.88999999998,0.0
775.0,Spain,Male,27.0,-2.484875226020813,15092.911083984374,1.0,1.0,1.0,40807.26,0.0
621.0,France,Male,35.0,7.0,87619.29,1.0,1.0,0.0,143.34,0.0
350.0,France,Male,51.0,10.0,0.0,-5.093762159347534,1.0,0.0,125823.79,1.0
668.0,Spain,Female,30.0,8.0,33970.272265625,2.0,1.0,0.0,138465.7,0.0
633.0,Spain,Male,27.0,3.0,0.0,2.0,1.0,0.0,44008.91,0.0
697.0,Germany,Male,43.0,8.0,19671.0111328125,1.0,1.0,0.0,66893.28,1.0
734.0,Germany,Female,30.0,7.0,25935.88984375,1.0,1.0,1.0,76503.06,0.0
434.0,France,Male,41.0,4.0,108128.51999999999,1.0,0.0,1.0,56784.11,0.0
610.4191635131835,Germany,Male,48.0,-14.265728557109833,33926.553515625,1.455379843711853,1.0,1.0,175657.55,1.0
764.0,France,Male,30.0,5.0,0.0,2.0,0.0,1.0,105155.66,0.0
727.0,Spain,Female,41.0,10.0,0.0,2.0,1.0,1.0,82025.4708984375,0.0
724.0,France,Female,29.0,6.0,0.0,2.0,0.0,1.0,64729.509999999995,0.0
749.0,Spain,Male,17.067574310302735,9.0,25449.526733398438,13.702070355415344,1.0,0.0,101108.85,1.0
706.0,Germany,Female,47.0,10.0,144090.42,1.0,1.0,0.0,140938.95,1.0
728.0,France,Male,30.0,10.0,114835.42999999998,1.0,1.0,1.0,37662.49,0.0
636.0,France,Male,44.0,2.0,26972.6703125,2.0,0.0,0.0,86414.41,0.0
634.0,France,Male,34.0,3.0,145030.92,1.0,1.0,1.0,41820.65,1.0
413.97193603515626,France,Male,43.0,8.0,71240.3,1.0,0.0,1.0,127734.16,0.0
518.0,France,Male,-15.358975315093994,5.0,138772.15,1.0,0.0,1.0,81428.28125,0.0
687.0,Spain,Female,29.0,7.0,93617.07,1.0,0.0,1.0,113050.92,0.0
622.0,Spain,Female,23.0,8.0,0.0,2.0,1.0,1.0,131389.39,0.0
693.0,Spain,Female,45.0,4.0,0.0,2.0,1.0,1.0,26589.560000000005,0.0
450.0,Spain,Male,25.0,9.0,74237.2,2.0,0.0,1.0,52571.33984375,0.0
664.0,Germany,Female,-25.925948214530944,5.0,127421.78,2.0,1.0,1.0,77016.56538085938,0.0
663.0,Spain,Female,28.0,8.0,61274.7,2.0,1.0,0.0,136054.45,0.0
660.0,France,Male,34.0,8.0,106486.66,2.0,0.0,1.0,182262.66,0.0
579.0,France,Female,29.0,10.0,73194.52,2.0,1.0,1.0,129209.09,0.0
655.0,Germany,Female,44.0,6.0,146498.76,1.0,1.0,0.0,64853.509999999995,0.0
683.0,France,Male,47.0,-23.8401741027832,0.0,2.0,1.0,0.0,148989.15,0.0
655.0,France,Female,32.0,2.0,0.0,1.0,1.0,1.0,71047.51,0.0
637.1460250854492,Spain,Female,30.0,8.0,0.0,2.0,1.0,0.0,185341.63,0.0
574.0,Spain,Male,30.0,5.0,23880.835546875,1.0,1.0,0.0,137793.35,0.0
795.0,France,Male,32.0,2.0,117265.21,1.0,1.0,1.0,198317.23,0.0
776.0,France,Female,43.0,4.0,0.0,2.0,0.0,1.0,162137.5,0.0
707.0,Spain,Female,52.0,-18.60710210800171,0.0,3.8478188037872316,0.0,0.0,109688.82000000002,1.0
705.0,Germany,Female,37.0,3.0,109974.22,1.0,1.0,1.0,36320.87,1.0
678.0,Germany,Female,44.0,2.0,98009.13,2.0,0.0,1.0,31384.859999999997,0.0
663.0,France,Male,34.0,10.0,0.0,1.0,1.0,1.0,114083.73000000001,0.0
748.0,France,Male,22.075757217407226,-20.889787995815276,0.0,1.0,1.0,1.0,163331.65,0.0
677.0,Germany,Female,-28.919757986068724,10.0,171671.9,1.0,1.0,1.0,50777.77,0.0
38.26967926025391,Spain,Male,15.512125205993652,2.4517634868621827,0.0,2.0,1.0,1.0,921.6176086425781,0.0
350.0,France,Female,60.0,3.0,0.0,1.0,0.0,0.0,113796.15,1.0
727.0,France,Male,14.44520835876465,-18.107598066329956,27939.056158447267,12.269127595424653,1.0,0.0,188729.08,1.0
773.0,Germany,Male,51.0,-29.988559627532958,116197.65,2.0,0.0,1.0,86701.4,0.0
675.0,France,Male,39.0,1.0,0.0,7.788876030966639,1.0,0.0,153129.22,0.0
189.2041213989258,Spain,Female,36.0,6.0,86607.39,16.99101209640503,0.0,0.0,19825.09,0.0
552.0,France,Male,29.0,10.0,0.0,2.0,1.0,0.0,12186.83,0.0
761.0,Germany,Male,62.0,5.0,24957.57421875,1.0,0.0,0.0,86920.97,1.0
622.0,France,Male,31.0,7.0,0.0,1.0,1.0,0.0,35408.77,0.0
615.0,France,Male,59.0,8.0,0.0,2.2297677755355836,1.0,0.0,42308.4607421875,0.0
681.0,Germany,Male,31.0,4.0,15261.7529296875,2.0,0.0,0.0,48226.76,0.0
768.0,France,Male,30.0,6.0,0.0,2.0,1.0,1.0,70419.412109375,0.0
617.0,Spain,Male,33.590224266052246,9.0,0.0,2.0,0.0,0.0,118749.58,0.0
452.0,France,Female,33.0,6.0,131698.57,2.0,1.0,0.0,151623.91,0.0
442.99637908935546,Germany,Male,37.0,10.0,130110.45,2.0,0.0,1.0,74121.752734375,0.0
567.0,Spain,Male,14.627101802825928,9.0,0.0,-4.706706750392914,1.0,0.0,87677.15,0.0
603.0,Spain,Male,24.0,1.0,165149.13,2.0,1.0,0.0,21858.28,0.0
617.0,Spain,Female,37.0,9.0,101707.8,1.0,1.0,0.0,123866.28,0.0
701.0,France,Female,34.0,3.0,105588.66,1.0,0.0,1.0,74694.41,0.0
181.99696502685546,Germany,Male,39.0,-11.25485348701477,111336.88999999998,1.0,1.0,0.0,16770.31,0.0
438.0,France,Male,60.0,7.0,78391.17,1.0,0.0,1.0,49424.6,0.0
600.0,Spain,Female,27.0,6.0,0.0,2.0,1.0,1.0,172031.22,0.0
782.0,France,Male,34.0,9.0,0.0,1.0,1.0,0.0,74993.90634765624,0.0
492.88755493164064,Germany,Female,41.0,-44.03436813354492,144326.09,1.0,1.0,0.0,73979.85,1.0
850.0,Germany,Male,27.0,1.0,101278.25,18.866883325576783,0.0,1.0,26265.18,0.0
741.0,Germany,Female,19.0,8.0,108711.57000000002,2.0,1.0,0.0,92564.6125,0.0
689.0,Spain,Male,73.0,-43.53378868103027,108555.07000000002,37.72092895507812,0.0,1.0,167969.15,0.0
743.0,Germany,Female,35.0,1.0,146781.24,1.0,1.0,0.0,189307.7,0.0
493.0,France,Female,36.0,2.0,0.0,2.0,0.0,1.0,99770.3,0.0
416.0,Spain,Male,35.0,8.0,0.0,1.0,0.0,0.0,119712.78,0.0
725.0,France,Female,25.0,9.0,0.0,2.0,1.0,1.0,62272.32333984375,0.0
497.0,France,Male,34.0,2.0,0.0,2.0,1.0,1.0,83087.13,0.0
537.0,Germany,Male,66.0,8.0,103291.25,23.444816970825194,1.0,1.0,130664.79,0.0
706.0,Germany,Female,29.0,1.0,209490.21,1.0,1.0,1.0,133267.69,1.0
651.0,France,Male,26.124534034729002,2.0,0.0,3.0,1.0,0.0,67029.82,1.0
720.0,France,Male,33.0,2.0,0.0,2.0,0.0,1.0,141031.08,0.0
797.0,France,Male,45.0,8.0,0.0,1.0,1.0,0.0,125110.01999999999,0.0
543.0,Spain,Male,23.0,5.0,0.0,2.0,1.0,0.0,117832.38999999998,0.0
454.0,France,Male,34.0,4.0,0.0,2.0,1.0,0.0,198817.72,0.0
691.0,France,Male,37.0,-50.15053882598877,149405.18,1.0,1.0,1.0,146411.6,0.0
510.0,Spain,Female,52.0,6.0,191665.21,43.44940071105957,0.0,1.0,131312.56,1.0
792.0,Spain,Female,40.0,7.0,0.0,1.0,1.0,0.0,141652.2,0.0
721.0,France,Male,41.0,6.0,14185.927587890625,1.0,1.0,0.0,64477.25,0.0
765.0,France,Male,41.0,2.0,0.0,2.0,0.0,1.0,191215.61,0.0
850.0,Spain,Male,39.0,8.0,0.0,2.0,1.0,0.0,37090.44,0.0
681.0,Germany,Male,38.0,-101.50159721374511,181804.34,2.0,0.0,1.0,125379.5234375,0.0
586.0,France,Female,60.0,3.0,47020.65,2.0,0.0,1.0,63241.21,1.0
266.4164581298828,France,Female,36.0,7.0,128518.98000000001,1.0,1.0,1.0,44567.83,0.0
593.0,Germany,Female,38.0,5.0,142658.04,2.0,0.0,1.0,135337.11,0.0
674.0,France,Female,21.0,9.0,120150.38999999998,2.0,1.0,1.0,86629.5484375,0.0
610.0,France,Female,35.0,7.0,81905.95,1.0,1.0,1.0,61623.19,0.0
652.0,France,Male,26.0,3.0,137998.2,43.27741549909115,0.0,1.0,168989.77,0.0
850.0,Germany,Female,26.0,8.0,123126.29,1.0,1.0,0.0,74425.41,0.0
740.0,France,Male,51.0,4.0,0.0,2.0,1.0,1.0,178929.84,0.0
637.0,France,Male,10.16963586807251,1.0,135645.29,2.0,0.0,1.0,101382.86,1.0
767.418408203125,Spain,Male,31.0,-52.65352325439453,122449.31000000001,28.51297092437744,1.0,0.0,180769.55,0.0
558.0,Spain,Male,40.0,4.0,161766.87,1.0,0.0,0.0,92378.54,0.0
677.0,France,Female,37.0,3.0,0.0,2.0,1.0,1.0,38252.25,0.0
592.0,Germany,Male,36.0,10.0,123187.50999999998,1.0,0.0,1.0,146111.35,0.0
652.0,Germany,Male,36.0,9.0,150956.71,1.0,0.0,0.0,106404.40625,0.0
662.0,Spain,Female,-7.8274751663208,6.0,105021.28,1.0,1.0,0.0,48242.38,0.0
543.0,France,Male,64.0,-14.638583755493164,0.0,2.0,1.0,1.0,148305.82,0.0
675.0,Spain,Female,50.0,1.0,133204.91,1.0,0.0,1.0,8270.06,0.0
643.0,Spain,Female,35.0,6.0,0.0,2.0,1.0,1.0,21195.481591796874,0.0
611.0,Spain,Female,49.0,9.0,115488.51999999999,21.323034608364104,1.0,0.0,57667.2208984375,1.0
412.0,France,Male,29.0,5.0,0.0,2.0,0.0,0.0,12510.53,0.0
638.0,Spain,Male,19.96871671676636,7.0,0.0,2.0,1.0,0.0,43889.41,0.0
824.0,Germany,Female,38.0,3.0,0.0,2.0,1.0,0.0,192800.25,0.0
683.0,France,Female,40.0,1.0,0.0,2.0,0.0,0.0,75762.0,0.0
562.0,Germany,Female,39.0,6.0,130565.01999999999,1.0,1.0,0.0,9854.72,1.0
599.0,France,Female,41.0,2.0,91328.71,1.0,0.0,0.0,115724.78,0.0
753.0,France,Male,35.0,4.0,0.0,2.0,1.0,1.0,106303.4,0.0
594.0,France,Male,50.0,7.0,48582.20234375,1.0,1.0,1.0,183868.01,0.0
657.0,France,Male,34.0,3.0,107136.6,1.0,1.0,0.0,153895.46,0.0
233.27802658081055,Spain,Male,20.737213706970216,-15.295029819011688,14543.057336425782,1.0,1.0,1.0,66695.71,0.0
850.0,France,Male,30.01393394470215,7.0,0.0,2.0,1.0,1.0,173851.11,0.0
664.0,France,Male,46.0,2.0,0.0,1.0,1.0,1.0,59730.01875,1.0
558.0,France,Male,33.0,0.0,108477.49000000002,1.0,1.0,1.0,109096.71,1.0
606.0,France,Male,40.0,1.0,144757.97,2.0,1.0,1.0,166656.18,0.0
776.0,France,Female,31.3275634765625,-18.946577930450438,0.0,2.0,1.0,1.0,79632.02734375,0.0
557.0,Spain,Male,36.0,1.0,113110.25999999998,1.0,1.0,0.0,98413.1,0.0
614.0,France,Female,27.0,9.0,106414.57000000002,2.0,0.0,0.0,77500.81,0.0
620.0,France,Male,42.0,4.0,106920.91,1.0,0.0,1.0,119747.08,0.0
695.0,Spain,Male,5.7410945177078245,-28.30171217918396,0.0,2.0,1.0,0.0,160387.98,0.0
729.0,Germany,Female,39.0,-14.016890144348144,131513.26,1.0,1.0,1.0,92984.97578125,0.0
571.0,France,Female,53.0,2.0,0.0,2.0,1.0,0.0,28045.77,0.0
457.0,France,Male,40.0,10.0,134320.23,2.0,1.0,0.0,150757.35,1.0
559.0,France,Female,29.0,3.0,79715.36,1.0,1.0,0.0,82252.28,0.0
664.0,France,Male,-5.138036155700684,4.0,74306.19,2.0,1.0,1.0,154395.56,0.0
500.0,France,Female,23.016758537292482,-16.407900619506837,0.0,-0.03388347625732422,1.0,0.0,50260.15546875,0.0
782.0,Germany,Male,42.0,7.0,126428.38,23.433815574645998,1.0,0.0,39830.1,0.0
708.0,Spain,Male,38.0,8.0,99640.89,1.0,1.0,0.0,12429.22,0.0
681.0,France,Male,43.0,3.0,66338.68,1.0,1.0,1.0,18772.5,1.0
674.0,France,Female,39.0,6.0,0.0,2.0,1.0,0.0,9574.83,0.0
697.0,Spain,Male,-25.776656341552734,10.0,128226.37,1.0,0.0,0.0,188486.94,0.0
774.0,France,Female,26.0,5.0,0.0,2.0,1.0,1.0,64716.08,0.0
624.0,France,Male,36.0,6.0,0.0,2.0,0.0,0.0,84749.96,0.0
747.0,Spain,Male,37.0,1.0,23899.848388671875,2.0,0.0,0.0,180551.76,0.0
715.0,France,Female,32.0,10.0,0.0,2.0,1.0,0.0,60907.490000000005,0.0
808.0,France,Male,-1.1947647094726563,4.0,122168.65,1.0,1.0,0.0,174107.04,0.0
678.0,France,Female,43.0,7.0,178074.33,1.0,0.0,0.0,110405.9,0.0
421.68949737548826,Germany,Female,59.0,-30.007310962677003,135078.41,1.0,1.0,0.0,187636.06,1.0
687.0,Spain,Male,38.0,8.0,30109.24296875,2.0,1.0,1.0,82281.040625,1.0
832.0,France,Female,29.0,5.0,0.0,2.0,1.0,0.0,178779.52,0.0
668.0,France,Male,24.89585962295532,2.0,0.0,2.0,1.0,0.0,70783.61,0.0
526.0,Germany,Male,34.0,3.0,122726.56000000001,1.0,1.0,1.0,46772.36,0.0
457.0,France,Female,38.0,-56.201062655448915,164496.99,1.0,1.0,1.0,163327.27,0.0
649.0,Spain,Female,38.0,8.0,0.0,1.0,1.0,0.0,51392.0029296875,0.0
669.0,France,Female,41.0,0.0,150219.41,2.0,0.0,0.0,107839.03,0.0
668.0,France,Male,42.0,8.0,187534.79,33.596787720918655,1.0,1.0,32900.41,1.0
466.0,France,Female,30.0,3.0,0.0,1.0,1.0,0.0,193984.6,0.0
685.0,France,Male,30.0,-45.91904681324959,0.0,2.0,1.0,1.0,140889.32,0.0
610.0,France,Male,34.0,0.0,103108.17,1.0,0.0,0.0,125646.82000000002,0.0
582.0,Germany,Female,50.0,6.0,8458.9859375,2.0,0.0,1.0,20344.02,0.0
702.0,Germany,Male,36.0,-13.706686401367188,90560.48,2.0,1.0,0.0,174268.87,1.0
556.0,Germany,Male,46.0,3.0,131764.96,1.0,1.0,1.0,108500.66,1.0
812.0,Spain,Female,24.0,1.0,92476.88,1.0,0.0,0.0,83247.14,0.0
645.0,France,Male,-27.30762596130371,9.0,152076.93,1.0,0.0,0.0,121840.2,1.0
809.0,France,Male,43.0,2.0,0.0,2.0,1.0,1.0,132908.07,0.0
560.0,France,Male,49.0,4.0,0.0,1.0,1.0,1.0,100075.1,1.0
744.0,France,Male,29.0,1.0,30273.18828125,1.0,1.0,1.0,119327.75,0.0
731.0,France,Female,39.0,2.0,19380.3060546875,2.0,1.0,0.0,54903.4353515625,0.0
471.0,Spain,Female,28.0,5.0,0.0,2.0,1.0,1.0,22356.97,0.0
686.0,Germany,Female,38.0,2.0,93569.86,3.0,0.0,0.0,10137.34,1.0
474.1185302734375,Spain,Male,45.0,-38.05311755090952,32549.845849609374,2.0,1.0,1.0,158379.25,0.0
575.0,France,Male,36.0,1.0,0.0,1.0,0.0,1.0,94570.56,0.0
435.0,Germany,Male,37.0,-7.610647296905517,114346.3,1.0,0.0,1.0,980.93,1.0
743.0,France,Male,23.0,3.0,110203.76999999999,1.0,1.0,0.0,49857.070703125,0.0
580.0,France,Female,39.0,9.0,128362.59,1.0,0.0,0.0,86044.98,0.0
599.0,France,Female,-26.767388153076173,10.0,143888.22,2.0,1.0,1.0,166236.38,0.0
534.0,Spain,Male,34.0,5.0,170600.78,1.0,0.0,1.0,5240.53,0.0
680.0,France,Female,32.0,5.0,0.0,1.0,1.0,1.0,150684.23,0.0
631.0,Spain,Female,46.0,10.0,14637.5837890625,2.0,1.0,0.0,42909.725390625,0.0
485.0,France,Female,39.0,2.0,75339.64,1.0,1.0,0.0,70665.16,0.0
699.0,France,Female,-14.926053619384765,8.0,122038.34,1.0,1.0,0.0,102085.35,0.0
713.9745788574219,France,Male,34.0,-31.90934000015259,0.0,2.0,1.0,0.0,195052.12,0.0
603.0,France,Male,51.0,8.0,21172.48203125,1.0,1.0,0.0,93739.71,1.0
850.0,France,Male,40.0,6.0,124788.17999999998,14.536903774738311,1.0,0.0,65612.12,0.0
584.0,France,Female,41.0,3.0,0.0,2.0,1.0,1.0,36854.85639648438,0.0
604.0,France,Female,71.0,2.0,0.0,2.0,1.0,1.0,49506.82,0.0
586.0,France,Male,51.0,2.0,138553.57,1.0,1.0,0.0,75455.203125,0.0
467.0,Spain,Male,39.0,5.0,0.0,2.0,1.0,1.0,44190.3166015625,0.0
520.0,Germany,Male,35.0,9.0,105387.88999999998,1.0,1.0,1.0,25059.06,0.0
497.6874572753906,Spain,Male,40.0,4.0,95053.1,1.0,1.0,1.0,116816.54,1.0
557.0,France,Male,36.0,3.0,0.0,1.0,0.0,1.0,144078.02,0.0
613.0,Spain,Female,32.0,0.0,0.0,2.0,0.0,1.0,126675.62,0.0
786.0,France,Male,34.0,3.0,137361.96,1.0,0.0,0.0,183682.09,0.0
593.0,Germany,Male,32.0,10.0,158537.42,1.0,1.0,0.0,166850.57,0.0
670.0,Spain,Female,29.0,9.0,0.0,2.0,1.0,0.0,27359.189999999995,0.0
657.0,Germany,Female,48.0,5.0,143595.87,1.0,0.0,0.0,101314.65,1.0
428.4920715332031,Germany,Male,-43.518405723571775,9.0,169947.41,2.0,1.0,1.0,27979.159999999996,0.0
623.0,France,Female,24.0,7.0,148167.83,19.4974391579628,1.0,1.0,109470.34,0.0
496.0,France,Male,31.0,5.0,0.0,2.0,1.0,0.0,93713.13,0.0
429.0,France,Female,39.0,6.0,48023.83,1.0,1.0,0.0,74870.99,0.0
606.0,France,Male,36.0,1.0,155655.46,1.0,1.0,1.0,192387.51,1.0
499.0,France,Female,46.0,6.0,0.0,2.0,1.0,0.0,73457.55,0.0
642.0,France,Male,62.0,7.0,0.0,5.5958603620529175,1.0,1.0,61120.75,0.0
641.0,France,Female,52.0,4.0,0.0,1.0,1.0,0.0,90964.54,1.0
673.0,France,Male,32.0,8.0,121240.75999999998,1.0,1.0,0.0,116969.73000000001,0.0
570.0,France,Female,36.0,3.0,0.0,2.0,1.0,0.0,92118.75,0.0
472.0,France,Female,37.0,1.0,0.0,2.0,1.0,1.0,48357.9,0.0
550.0,Germany,Male,35.0,9.0,129847.75,28.199712371826173,1.0,0.0,197325.4,0.0
82.31868896484374,Germany,Female,55.0,8.0,4223.82490234375,1.050918060541153,1.0,0.0,11769.225341796875,1.0
516.0,France,Male,46.0,2.0,0.0,2.0,1.0,0.0,169122.54,0.0
163.7308578491211,Germany,Male,32.0,2.0,105163.88,2.0,1.0,1.0,22400.7759765625,0.0
620.0,France,Male,28.0,8.0,0.0,2.0,1.0,1.0,199909.32,0.0
626.0,France,Female,39.0,0.0,0.0,2.0,1.0,1.0,83295.09,0.0
623.0,France,Female,29.0,1.0,0.0,2.0,0.0,0.0,39382.06,0.0
569.0,France,Female,35.0,4.0,93934.63,1.0,1.0,0.0,184748.23,0.0
724.0,France,Female,69.0,5.0,117866.92,1.0,1.0,1.0,62280.91000000001,0.0
678.0,France,Female,55.0,5.0,0.0,1.0,0.0,1.0,196794.11,1.0
713.0,Spain,Female,26.0,4.0,122857.46,2.0,1.0,0.0,144682.17,1.0
631.0,France,Male,32.0,10.0,37651.46171875,2.0,1.0,1.0,196342.66,0.0
846.0,France,Female,37.0,6.0,127103.97,1.0,0.0,1.0,41516.44,0.0
660.0,France,Female,43.0,1.0,0.0,1.0,0.0,1.0,112026.1,1.0
567.0,France,Male,-22.999957656860353,9.0,96402.96,32.69906492233277,0.0,0.0,52035.29,1.0
731.0,France,Male,31.0,1.0,132512.26,1.0,1.0,1.0,185466.85,0.0
693.0,Spain,Male,6.045102500915528,8.0,107604.66,16.295806312561034,1.0,0.0,80149.27,1.0
772.0,France,Male,34.0,9.0,40992.0265625,2.0,1.0,0.0,170980.86,0.0
657.0,France,Male,38.0,7.0,0.0,2.0,1.0,0.0,185827.74,0.0
774.0,Germany,Male,34.0,4.0,120875.23000000001,2.0,0.0,0.0,113407.25999999998,0.0
667.0,France,Female,37.0,9.0,71786.9,2.0,1.0,1.0,67734.79,0.0
516.0,France,Female,37.0,8.0,113143.12,1.0,0.0,0.0,3363.3599999999997,0.0
506.36725158691405,Spain,Male,-16.823719024658203,1.0,150777.72,2.0,1.0,1.0,135757.27,0.0
542.0,Spain,Male,35.0,-37.75707588195801,174894.53,1.0,1.0,1.0,22314.55,0.0
623.0,France,Male,28.0,7.0,0.0,1.0,0.0,0.0,129526.57000000002,0.0
701.0,France,Female,43.0,2.0,160416.56,1.0,0.0,1.0,37266.43,0.0
583.0,France,Male,48.0,3.0,91246.53,1.0,1.0,0.0,60017.46,1.0
731.0,Spain,Male,46.0,10.0,30500.96650390625,5.968137979507446,1.0,0.0,153015.42,0.0
461.0,France,Female,35.0,5.0,0.0,1.0,1.0,1.0,54209.02,0.0
476.86822509765625,Germany,Female,23.0,7.0,98775.23,1.0,1.0,0.0,114603.96,0.0
565.0,Germany,Female,47.0,10.0,42618.369921875,1.0,1.0,0.0,165849.49,1.0
711.0,Spain,Female,-7.807248783111572,-63.41285705566406,177626.77,3.0,0.0,1.0,124188.159375,1.0
459.97598724365236,France,Male,54.0,8.0,34689.172265625,1.0,1.0,1.0,162719.69,1.0
518.0,Spain,Male,50.0,4.0,0.0,1.0,1.0,0.0,107112.25,1.0
728.0,Spain,Male,42.0,8.0,15028.89375,-0.37741286754608155,0.0,1.0,41823.22,0.0
585.0,Germany,Male,37.0,6.0,152496.82,1.0,1.0,1.0,99907.29,0.0
573.0,France,Male,52.0,8.0,0.0,2.0,0.0,1.0,58830.8984375,0.0
568.0,Germany,Male,26.0,1.0,112930.28,2.0,1.0,0.0,22095.73,0.0
602.0,Germany,Female,26.0,8.0,113674.2,1.0,1.0,0.0,197861.16,1.0
603.0,France,Male,44.0,9.0,0.0,1.0,1.0,0.0,138328.24,0.0
687.0,France,Male,38.0,0.0,144450.58,1.0,0.0,1.0,137276.83,0.0
189.58307342529298,France,Male,52.0,1.0,171236.3,10.506152081489564,0.0,0.0,21834.4,1.0
469.0,Spain,Male,12.835351371765137,9.0,96776.49,1.0,1.0,0.0,119890.86000000002,1.0
477.0,Germany,Female,58.0,8.0,145984.92,1.0,1.0,0.0,24564.7,0.0
737.0,Germany,Male,43.0,8.0,96353.8,1.0,0.0,0.0,10209.8,0.0
327.4464569091797,France,Male,25.0,7.0,0.0,2.0,1.0,1.0,83449.65,0.0
717.0,Germany,Female,33.0,0.0,115777.23000000001,1.0,1.0,1.0,81508.1,0.0
562.0,France,Female,51.0,7.0,122822.0,2.0,0.0,0.0,32626.21,0.0
173.1153106689453,France,Male,61.0,2.0,0.0,2.0,1.0,1.0,43982.41,0.0
408.0,France,Male,40.0,3.0,0.0,2.0,0.0,0.0,124874.23000000001,0.0
650.0,Spain,Female,32.0,4.0,29682.350390625,1.0,1.0,1.0,118324.75,0.0
582.0,Germany,Male,33.0,2.0,122394.0,1.0,1.0,1.0,22113.93,0.0
706.0,Spain,Female,43.0,1.0,0.0,2.0,1.0,0.0,31962.77,0.0
413.64512329101564,Germany,Male,41.0,0.0,134378.89,1.0,1.0,1.0,105746.93999999999,0.0
720.0,France,Male,29.0,2.0,16279.301953125,6.54210067987442,1.0,0.0,39925.52,0.0
631.0,Spain,Female,31.0,2.0,30811.140234375,2.0,1.0,0.0,127630.88,0.0
623.0,Spain,Male,41.0,2.0,142412.13,1.0,1.0,0.0,94371.920703125,0.0
514.0,France,Male,35.0,3.0,121030.9,1.0,1.0,0.0,10008.68,0.0
650.0,Germany,Female,35.0,3.0,165982.43,2.0,1.0,1.0,24482.16,0.0
673.0,Spain,Female,35.0,6.0,0.0,2.0,1.0,0.0,62794.0013671875,0.0
504.0,France,Female,32.0,8.0,206663.75,1.0,0.0,0.0,16281.939999999999,0.0
723.0,Germany,Male,37.0,3.0,94661.53,2.0,0.0,0.0,121239.65,0.0
645.0,France,Male,25.0,0.0,174400.36,1.0,1.0,0.0,42669.37,0.0
664.0,Spain,Male,41.0,7.0,19243.145263671875,1.0,1.0,1.0,55256.78349609375,0.0
633.9520324707031,France,Male,1.7801695823669434,-55.1936279296875,175735.5,1.0,1.0,1.0,157337.29,0.0
766.0,Spain,Male,36.0,5.0,78381.13,29.48143720626831,0.0,1.0,153831.6,0.0
634.0,France,Male,37.0,5.0,115345.86000000002,2.0,0.0,0.0,90580.853125,0.0
640.0,Germany,Female,31.0,10.0,118613.34,1.0,1.0,0.0,168469.65,0.0
784.0,France,Male,28.0,-48.496682453155515,109960.06000000001,2.0,1.0,1.0,170829.87,0.0
547.0,Germany,Female,42.0,1.0,142703.4,1.0,1.0,0.0,86207.49,1.0
608.0,Germany,Female,40.0,-65.75466880798339,121729.42,1.0,0.0,0.0,61164.45,0.0
547.0,France,Female,35.0,4.0,0.0,1.0,0.0,1.0,133287.73,0.0
612.0,France,Female,43.0,4.0,139496.35,2.0,1.0,1.0,77128.23,0.0
573.0,Spain,Male,28.0,8.0,0.0,2.0,0.0,0.0,77660.03,0.0
615.0,Spain,Male,32.0,5.0,138521.83,1.0,1.0,0.0,56897.1,0.0
710.0,France,Female,33.0,2.0,0.0,2.0,1.0,0.0,72945.32,0.0
674.0,Germany,Female,38.0,10.0,83727.68,1.0,1.0,0.0,45418.12,0.0
702.0,Spain,Female,38.0,-22.612427234649658,38713.75,1.8764874339103699,1.0,1.0,158527.45,0.0
616.0,France,Male,37.0,9.0,0.0,4.55731238424778,1.0,0.0,111312.96,0.0
688.0,France,Male,32.0,6.0,23682.3033203125,1.0,1.0,0.0,69959.9666015625,0.0
605.0,France,Male,36.0,7.0,128829.25,1.0,1.0,0.0,190588.59,0.0
676.0,France,Male,33.0,6.0,171490.78,1.0,0.0,0.0,79099.64,0.0
708.0,France,Male,33.0,3.0,0.0,2.0,1.0,0.0,138613.21,0.0
745.0,Spain,Female,38.0,7.0,0.0,2.0,1.0,1.0,194230.82,1.0
661.0,Spain,Male,20.0,8.0,0.0,1.0,1.0,0.0,110252.53,0.0
726.0,France,Male,31.0,-13.27572900056839,0.0,2.0,1.0,1.0,106117.3,0.0
475.0,France,Male,40.0,7.0,160818.08,1.0,0.0,1.0,169642.13,1.0
751.0,France,Male,54.0,9.0,156367.6,2.0,1.0,1.0,116179.92,0.0
645.0,Germany,Male,59.0,8.0,15842.29917602539,2.0,0.0,0.0,91.75,1.0
775.0,France,Male,42.0,6.0,133970.22,50.3826997756958,1.0,1.0,187839.9,0.0
540.0,France,Male,41.0,3.0,0.0,2.0,1.0,0.0,121098.65,0.0
591.0,France,Female,34.0,3.0,96127.27,1.0,0.0,0.0,30972.060000000005,0.0
596.0,Spain,Male,60.0,7.0,121907.97,1.0,0.0,1.0,30314.04,0.0
573.0,Spain,Male,41.0,5.0,0.0,2.0,0.0,1.0,14479.290000000003,0.0
600.3443649291992,Spain,Male,31.0,6.0,0.0,1.0,1.0,0.0,196395.25,0.0
830.0,Germany,Female,40.0,8.0,77701.64,1.0,0.0,1.0,19512.38,0.0
663.0,France,Male,67.0,9.0,0.0,-0.7310587525367737,1.0,1.0,69715.53989257812,0.0
421.0,France,Male,34.0,2.0,0.0,2.0,1.0,1.0,96615.23,0.0
718.0,France,Male,34.0,5.0,113922.43999999999,2.0,1.0,0.0,30772.22,0.0
655.0,Germany,Female,61.0,-48.213238430023196,183997.7,23.05289841890335,1.0,1.0,161217.18,0.0
712.0,France,Male,23.0,2.0,0.0,2.0,0.0,1.0,66795.78,0.0
663.0,France,Male,15.493520498275757,4.0,0.0,2.0,1.0,1.0,123969.63999999998,0.0
640.0,France,Female,47.0,6.0,89799.46,2.0,0.0,1.0,13783.77,1.0
577.0,Spain,Male,29.0,2.0,0.0,1.0,1.0,1.0,168924.41,0.0
546.0,Spain,Female,36.0,7.0,85660.96,1.0,0.0,0.0,61492.8328125,0.0
802.0,Germany,Male,37.0,9.0,115569.21,1.0,0.0,1.0,119782.88999999998,0.0
590.0,France,Female,45.0,2.0,81828.22,1.0,1.0,0.0,52167.97,0.0
594.0,Germany,Male,18.0,1.0,132694.73,1.0,1.0,0.0,167689.56,0.0
577.0,Spain,Male,51.0,-19.34635639190674,108867.0,1.0,0.0,0.0,140800.66,1.0
541.0,France,Male,39.0,7.0,0.0,2.0,1.0,0.0,19823.02,0.0
781.0,France,Female,27.0,5.0,0.0,2.0,0.0,0.0,72969.9,0.0
806.0,Germany,Male,34.0,2.0,96152.68,2.0,0.0,0.0,143711.02,0.0
723.0,Germany,Female,-5.098370742797852,0.0,153855.52,1.0,1.0,1.0,180862.26,0.0
535.0,France,Male,45.0,2.0,0.0,2.0,1.0,0.0,125658.28,0.0
768.0,France,Female,-22.312475204467773,3.0,141334.95,1.0,0.0,1.0,125870.5,0.0
653.0,Germany,Male,41.0,1.0,104584.11,1.0,1.0,0.0,15126.320000000002,1.0
803.0,Germany,Female,50.0,8.0,98173.02,1.0,0.0,0.0,22457.25,0.0
545.0,Spain,Female,44.0,1.0,0.0,2.0,1.0,1.0,82614.89,0.0
581.0,Germany,Female,38.0,-45.72933530807495,135157.05,1.0,1.0,1.0,32919.42,0.0
513.0,Germany,Female,49.0,5.0,171601.27,1.0,1.0,0.0,126223.84,0.0
731.0,France,Male,29.0,5.0,179539.2,1.0,0.0,0.0,112010.01999999999,0.0
727.0,Germany,Male,39.0,5.0,80615.46,15.55540418624878,0.0,0.0,180962.32,0.0
560.0,Spain,Male,47.0,1.0,32919.580078125,1.0,0.0,0.0,128882.66,1.0
742.43876953125,Spain,Male,27.0,5.0,126285.73000000001,1.0,1.0,0.0,177614.17,1.0
630.0,Germany,Female,23.0,4.0,137964.51,1.0,0.0,1.0,174570.55,0.0
652.0,Germany,Male,41.0,9.0,159434.03,1.0,1.0,0.0,178373.93,0.0
729.0,Germany,Male,40.0,-27.845150184631347,113574.61000000002,2.0,1.0,0.0,103396.08,0.0
629.0,France,Female,33.0,6.0,0.0,2.0,1.0,1.0,59129.719999999994,0.0
667.0,Germany,Male,33.0,9.0,124573.33,2.0,0.0,0.0,683.37,0.0
671.0,Germany,Female,31.0,6.0,105864.6,2.0,1.0,0.0,145567.34,0.0
768.0,Germany,Female,47.0,-18.061745643615723,104552.61,1.0,1.0,0.0,48137.08,1.0
732.0,France,Female,35.0,3.0,0.0,2.0,1.0,0.0,90876.95,0.0
546.0,France,Female,30.0,5.0,0.0,2.0,0.0,1.0,198543.09,0.0
630.0,France,Male,55.0,2.0,0.0,1.0,1.0,1.0,106202.07000000002,1.0
765.0,Germany,Female,46.0,8.0,119492.88,2.0,0.0,1.0,166896.01,1.0
704.0,France,Female,33.0,0.0,130499.09,2.0,1.0,1.0,80124.14868164062,0.0
470.0,Spain,Female,48.0,6.0,140576.11,1.0,1.0,1.0,116971.05,0.0
688.0,Germany,Female,34.0,9.0,91025.58,31.90927028656006,0.0,1.0,163783.0,0.0
685.0,France,Female,33.0,1.0,0.0,3.0,0.0,1.0,70221.13,1.0
567.0,France,Male,38.0,1.0,125877.65,2.0,1.0,1.0,107841.76999999999,1.0
720.0,France,Male,64.0,3.0,45752.78,16.83029909133911,1.0,0.0,54129.119921875,1.0
609.0,France,Male,39.0,3.0,121778.71,1.0,1.0,1.0,138399.67,0.0
521.0,Germany,Female,49.0,2.0,127948.57000000002,1.0,1.0,0.0,182765.14,0.0
556.0,France,Female,30.0,7.0,0.0,2.0,1.0,1.0,186648.19,0.0
662.0,Germany,Male,30.0,5.0,115286.67999999998,2.0,1.0,1.0,65440.807421875,0.0
704.0,Germany,Male,41.0,9.0,62078.21,2.0,1.0,0.0,129050.67,0.0
750.0,France,Female,38.0,1.0,0.0,2.0,1.0,0.0,47764.99,0.0
619.0,Spain,Female,32.0,4.0,45601.65234375,2.0,0.0,1.0,172792.43,1.0
468.0,Spain,Male,26.0,1.0,131643.25,1.0,1.0,0.0,64436.16000000001,0.0
435.0,Germany,Male,44.0,3.0,151739.65,1.0,1.0,0.0,167461.5,0.0
529.0,France,Male,43.0,6.0,93616.35,2.0,0.0,0.0,98348.66,0.0
702.0,France,Female,60.0,-10.104152822494507,12728.107421875,2.0,1.0,1.0,41536.59,1.0
608.0,France,Female,41.0,5.0,0.0,2.0,1.0,1.0,72462.25,0.0
576.0,France,Male,27.419973373413086,9.0,0.0,2.0,1.0,0.0,112465.18999999999,1.0
666.0,France,Female,27.0,1.0,85225.21,1.0,0.0,1.0,64511.44,0.0
334.9148124694824,France,Female,36.0,8.0,148749.29,2.0,1.0,0.0,91830.75,0.0
864.8176086425781,France,Male,27.833466243743896,7.0,130013.12,15.527007293701171,1.0,1.0,190806.36,0.0
516.0,Spain,Female,27.0,1.0,0.0,1.0,0.0,1.0,112311.15,0.0
711.0,France,Female,21.276181983947755,6.0,19518.28896484375,2.0,1.0,1.0,72276.24,0.0
736.0,France,Male,54.0,7.0,111729.47,2.0,0.0,1.0,84920.49,0.0
768.0,France,Female,36.0,5.0,180169.44,2.0,1.0,0.0,17348.56,0.0
427.0,Spain,Female,40.0,8.0,0.0,2.0,1.0,1.0,82870.75,0.0
686.0,Spain,Female,47.0,6.0,0.0,1.0,1.0,0.0,48329.625427246094,1.0
690.0,France,Female,42.0,5.0,0.0,2.0,0.0,1.0,120512.08,0.0
647.0,Spain,Female,29.0,2.0,0.0,2.0,1.0,0.0,179032.68,0.0
714.0,France,Male,35.0,3.0,0.0,2.0,1.0,1.0,95623.28,0.0
736.0,Germany,Female,36.0,8.0,29823.49921875,1.0,1.0,1.0,110035.88,1.0
608.0,France,Female,34.0,4.0,88772.87,1.0,1.0,1.0,168822.01,0.0
809.0,France,Female,39.0,5.0,0.0,1.0,1.0,0.0,77705.75,0.0
745.0,France,Female,40.0,6.0,131184.67,1.0,1.0,1.0,49815.62,0.0
781.0,France,Male,38.0,2.0,117810.79,1.0,0.0,1.0,65632.33,1.0
527.0,France,Male,31.0,-12.597458934783935,0.0,1.0,1.0,0.0,169361.89,0.0
595.0,Germany,Female,32.0,0.0,92466.21,1.0,1.0,0.0,4721.3,0.0
850.0,Germany,Female,38.0,2.0,102741.15,2.0,0.0,1.0,23974.85,0.0
569.0,France,Male,37.0,9.0,178755.84,1.0,1.0,0.0,199929.17,0.0
728.0,France,Male,43.0,-4.6405137471854685,0.0,2.0,1.0,0.0,40023.7,0.0
473.0,Germany,Female,32.0,5.0,146602.25,2.0,1.0,1.0,72946.95,0.0
738.0,France,Male,29.0,2.0,0.0,2.0,1.0,1.0,170421.13,0.0
659.0,France,Male,35.0,6.0,0.0,2.0,1.0,1.0,58879.11,0.0
597.0,Spain,Male,38.0,6.0,115702.67,24.829998207092284,1.0,1.0,25059.05,0.0
445.0,Germany,Female,61.0,2.0,137655.31,1.0,0.0,1.0,29909.840000000004,0.0
671.0,France,Female,29.0,3.0,0.0,2.0,1.0,0.0,158043.11,0.0
656.0,Spain,Female,34.0,6.0,59877.33,1.0,1.0,1.0,14032.62,1.0
658.0,France,Male,31.0,5.0,100082.14,1.0,0.0,1.0,49809.88,0.0
698.0,France,Male,52.0,-15.777844047546386,107304.38999999998,14.94467511177063,0.0,0.0,28806.32,0.0
655.0,Spain,Male,38.0,9.0,0.0,1.0,0.0,1.0,90490.33,0.0
772.0,Spain,Male,22.740505027770997,10.0,96032.22,1.0,1.0,1.0,75825.57,1.0
681.0,Spain,Male,33.0,10.0,0.0,1.0,0.0,0.0,158336.36,0.0
688.0,Germany,Male,29.0,9.0,144553.5,2.0,1.0,0.0,143454.95,0.0
633.0,Germany,Male,13.969173049926757,5.0,86172.81,2.0,1.0,1.0,117279.49000000002,0.0
735.0,France,Male,31.207307434082033,-11.159708404541016,0.0,1.0,1.0,0.0,49472.25295410156,0.0
521.0,Germany,Female,29.0,2.0,87212.8,1.0,1.0,1.0,994.86,0.0
541.0,France,Male,36.0,5.0,0.0,2.0,1.0,0.0,124795.84,0.0
612.0,Germany,Female,36.0,2.0,130700.92,2.0,0.0,0.0,77592.8,0.0
562.0,France,Male,62.0,-27.99346332550049,0.0,2.0,1.0,0.0,105986.00999999998,0.0
703.0,France,Female,32.0,6.0,0.0,2.0,0.0,0.0,33606.52,0.0
710.0,Spain,Male,14.16254997253418,2.9740302920341493,22459.85744628906,2.0,1.0,1.0,134188.11,0.0
709.4698364257813,Spain,Male,40.0,5.0,41675.721875,1.0,1.0,0.0,159718.27,1.0
703.0,Spain,Male,6.79379677772522,-8.19291672706604,18353.797174072264,1.0,0.0,0.0,53698.32995605469,0.0
618.0,France,Female,40.0,0.0,0.0,1.0,1.0,0.0,119059.13,0.0
312.49171447753906,France,Female,29.0,1.0,77556.79,2.0,1.0,1.0,122998.25999999998,0.0
718.0,France,Male,33.0,7.0,102874.28,1.0,0.0,0.0,117841.06000000001,0.0
608.0,France,Male,37.0,5.0,146093.39,2.0,0.0,0.0,116812.18125,0.0
749.0,Spain,Male,34.0,2.0,0.0,1.0,0.0,0.0,174189.04,1.0
753.0,France,Male,12.519508934020996,4.0,17025.2302734375,6.384763644635678,0.0,0.0,68260.27,1.0
630.0,Spain,Female,39.0,10.0,105473.74000000002,1.0,0.0,1.0,58854.87999999999,1.0
693.0,Germany,Female,43.0,1.0,121927.92,1.0,1.0,0.0,78449.25625,1.0
838.0,Spain,Female,6.884323692321777,-36.173264503479004,61671.19,1.0,0.0,1.0,150659.35,1.0
756.0,Germany,Male,39.0,5.0,149363.12,2.0,1.0,1.0,112588.7578125,0.0
775.0,France,Female,27.0,4.0,152309.37,1.0,1.0,0.0,104112.0,0.0
635.0,France,Female,33.0,5.0,0.0,2.0,1.0,0.0,122949.71,0.0
705.0,Spain,Male,36.0,1.0,7390.1798828125,4.433140778541565,1.0,1.0,21807.16,0.0
481.0,France,Male,40.0,3.0,0.0,1.0,1.0,1.0,32319.93,0.0
727.0,Spain,Female,49.0,-35.818133640289304,51188.31171875,1.0,1.0,0.0,190457.87,1.0
595.0,France,Male,20.0,4.0,95830.43,1.0,1.0,0.0,177738.98,0.0
535.0,France,Female,38.0,0.0,135919.33,1.0,1.0,0.0,80425.65,0.0
578.0,France,Male,-16.279129028320312,10.0,185966.64,16.64903335571289,0.0,0.0,86526.01015625,1.0
597.0,France,Female,29.0,5.0,0.0,2.0,1.0,1.0,174825.57,0.0
449.0,France,Female,21.0,7.0,0.0,2.0,0.0,0.0,175743.92,0.0
187.7204330444336,Germany,Female,43.0,8.0,11042.20244140625,4.372428131103516,1.0,0.0,54949.73,0.0
494.0,France,Female,35.0,9.0,112727.06000000001,2.0,1.0,0.0,183752.91,0.0
676.0,France,Female,34.0,8.0,100359.54,1.0,0.0,0.0,46038.28,1.0
818.0,Germany,Male,43.0,10.0,105301.5,1.0,1.0,1.0,78941.59,0.0
712.0,Spain,Male,45.0,6.0,112994.65,1.0,0.0,0.0,198398.68,0.0
253.24512481689453,Germany,Male,40.0,4.0,89025.88,2.0,1.0,0.0,49393.3599609375,0.0
636.0,France,Male,31.023015594482423,9.0,95478.17,1.0,0.0,0.0,169286.74,0.0
698.0,France,Male,37.0,8.0,0.0,2.0,0.0,0.0,145004.39,0.0
301.25586853027346,Germany,Female,43.0,7.0,119127.46,2.0,1.0,0.0,55809.92,0.0
717.0,France,Male,28.0,4.0,17578.4017578125,1.0,1.0,0.0,54272.12000000001,0.0
614.0,France,Male,49.0,1.0,0.0,2.0,1.0,0.0,192440.54,0.0
708.0,Germany,Female,23.0,4.0,71433.08,1.0,1.0,0.0,103697.57,0.0
507.0,Germany,Female,36.0,-31.979509115219116,118214.32000000002,20.204119849205018,1.0,0.0,84352.7921875,1.0
581.0,France,Female,27.0,5.0,102258.11,2.0,1.0,0.0,194681.6,0.0
724.4569152832031,Germany,Female,39.0,2.0,151963.26,2.0,1.0,0.0,158948.63,0.0
504.0,Spain,Female,-6.452374267578125,-44.44089984893799,163764.84,61.0321081161499,1.0,1.0,165122.55,1.0
737.0,France,Female,5.8998149871826175,7.0,51837.39375,2.0,0.0,1.0,189402.71,0.0
540.0,Spain,Female,31.0,-38.162147521972656,118158.74000000002,24.908804655075073,1.0,1.0,158027.57,0.0
609.0,France,Male,32.0,7.0,118520.41,1.0,0.0,0.0,3815.4800000000005,0.0
778.0,France,Male,24.0,4.0,0.0,2.0,1.0,1.0,162809.2,0.0
621.0,France,Male,40.0,10.0,163823.37,1.0,0.0,0.0,89519.47,0.0
189.9622817993164,Germany,Male,63.0,7.0,104469.58,22.995653676986695,1.0,0.0,25165.36,0.0
608.0,France,Female,47.0,6.0,0.0,1.0,1.0,1.0,126012.57000000002,0.0
680.0,Spain,Male,36.0,7.0,0.0,2.0,1.0,0.0,20109.21,1.0
663.0,Germany,Female,46.0,2.0,14736.5388671875,1.0,1.0,1.0,58257.23,0.0
627.0,Germany,Female,35.0,2.0,137852.96,1.0,1.0,1.0,172269.21,1.0
607.0,France,Male,26.0,1.0,0.0,1.0,1.0,0.0,29818.2,0.0
681.0,France,Female,43.0,8.0,154100.3,1.0,0.0,0.0,91309.6375,0.0
766.0,France,Female,45.0,6.0,0.0,2.0,0.0,0.0,147184.74,0.0
694.0,France,Male,30.0,2.0,0.0,3.0,0.0,1.0,15039.41,0.0
411.0,France,Female,54.0,9.0,0.0,1.0,0.0,1.0,76621.49,0.0
742.0,France,Male,39.0,8.0,140004.96,1.0,1.0,1.0,92985.78,0.0
673.0,Spain,Female,-20.664213275909425,-48.46539306640625,127132.96,1.0,0.0,1.0,6009.27,1.0
529.0,France,Male,61.0,1.0,0.0,2.0,1.0,1.0,191370.97,0.0
519.0,France,Female,38.0,-52.239333915710446,125328.56000000001,1.0,1.0,0.0,188225.67,0.0
573.0,France,Male,35.0,9.0,0.0,2.0,1.0,0.0,11743.89,0.0
453.0,Germany,Female,28.0,3.0,139986.65,1.0,1.0,0.0,136846.75,0.0
798.0,Germany,Female,39.0,-63.48677139282226,119787.75999999998,1.0,0.0,1.0,164248.33,0.0
693.0,Spain,Female,11.5436541557312,10.0,107556.06000000001,2.0,0.0,0.0,154631.35,0.0
637.0,France,Female,44.0,2.0,0.0,2.0,1.0,0.0,149665.65,0.0
672.0,France,Male,47.0,1.0,0.0,1.0,0.0,0.0,91574.92,0.0
597.0,France,Female,28.0,0.0,142705.95,1.0,1.0,0.0,127233.38999999998,0.0
543.0,France,Male,42.0,7.0,0.0,1.0,1.0,1.0,56650.469999999994,0.0
695.0,Spain,Female,12.778382873535156,4.0,0.0,2.0,1.0,0.0,71554.15546875,0.0
584.0,France,Male,35.0,6.0,161613.94,2.0,1.0,1.0,148238.16,0.0
741.8935546875,Germany,Female,58.0,3.0,116353.2,45.543148803710935,0.0,1.0,193502.9,0.0
601.0,France,Male,38.0,-24.995083141326905,60013.81,1.0,1.0,1.0,38020.05,0.0
628.0,Spain,Male,28.0,4.0,0.0,2.0,1.0,1.0,64254.8921875,0.0
607.0,Germany,Male,32.0,9.0,144272.07,2.0,1.0,0.0,176580.63,0.0
646.0,France,Female,46.0,8.0,28231.34453125,2.0,1.0,0.0,133059.15,0.0
572.0,France,Male,30.0,6.0,117696.67,1.0,1.0,0.0,100843.82,0.0
801.0,Spain,Male,-28.33361186981201,-25.695521354675293,79954.61,2.0,1.0,1.0,30484.189999999995,0.0
597.0,France,Female,26.0,8.0,149989.39,1.0,0.0,0.0,42330.58,0.0
613.0,France,Male,40.0,7.0,124339.9,1.0,0.0,0.0,193309.58,0.0
529.0,Germany,Male,29.0,4.0,135759.4,1.0,0.0,0.0,112813.79,1.0
794.0,Spain,Female,37.0,9.0,0.0,2.0,1.0,0.0,68008.85,0.0
557.0,France,Male,34.0,3.0,83074.0,1.0,1.0,0.0,132673.22,0.0
499.0,France,Female,28.0,4.0,141792.61,1.0,1.0,1.0,22001.91,0.0
544.0,France,Female,26.0,6.0,0.0,1.0,1.0,0.0,100200.4,1.0
739.0,France,Female,30.0,6.0,0.0,1.0,0.0,0.0,122604.43999999999,0.0
458.0,Germany,Female,43.0,1.0,106870.12,2.0,1.0,0.0,100564.37,0.0
528.0,France,Male,31.0,9.0,120962.59,1.0,1.0,0.0,5419.31,0.0
773.0,Spain,Male,51.0,-8.991066122055054,0.0,2.0,0.0,0.0,53776.53415527344,1.0
646.0,France,Female,30.0,5.0,0.0,2.0,1.0,0.0,13935.320000000002,0.0
564.0,France,Male,31.0,0.0,110527.17,1.0,1.0,1.0,87060.77,0.0
624.0,Germany,Female,52.0,0.0,133723.43,1.0,0.0,0.0,4859.59,1.0
682.0,France,Female,52.0,5.0,112670.48000000001,1.0,1.0,0.0,21085.17,1.0
726.0,France,Female,44.0,2.0,0.0,2.0,1.0,1.0,26733.859999999997,0.0
361.52171783447267,France,Male,24.0,1.0,116084.32000000002,1.0,1.0,0.0,89734.7,0.0
382.0,Spain,Male,36.0,0.0,0.0,1.0,1.0,1.0,179540.73,1.0
457.0,Spain,Female,38.0,6.0,0.0,2.0,1.0,0.0,173219.09,0.0
673.0,France,Female,37.0,10.0,0.0,2.0,1.0,1.0,37411.35,0.0
584.0,France,Female,40.0,4.0,82441.75,1.0,0.0,0.0,80852.11,0.0
183.70545959472656,France,Male,39.0,-3.796646809577942,0.0,2.0,1.0,1.0,43174.49,1.0
584.0,Germany,Female,-18.94650454521179,10.0,134171.8,4.0,1.0,0.0,77074.5546875,1.0
56.901895904541014,France,Male,30.0,10.0,0.0,2.0,1.0,1.0,6550.67978515625,0.0
644.0,France,Male,31.0,5.0,0.0,2.0,1.0,1.0,41872.17,0.0
676.0,Germany,Female,48.0,2.0,124442.38,1.0,1.0,0.0,15068.530000000002,1.0
499.0,France,Male,31.0,4.0,0.0,1.0,1.0,0.0,25950.49,0.0
598.0,France,Male,60.0,4.0,0.0,1.0,0.0,0.0,53916.998828125,1.0
288.98265838623047,Germany,Female,37.0,4.0,108862.75999999998,1.0,1.0,0.0,79555.08,1.0
559.0,France,Male,28.0,-47.26153984069824,141099.43,1.0,1.0,1.0,15607.27,0.0
543.0,France,Female,67.0,0.0,128843.67,1.0,1.0,1.0,134612.48,0.0
679.0,France,Male,39.0,0.0,86843.61,1.0,0.0,1.0,159830.58,0.0
594.0,Germany,Male,32.0,4.0,120074.97,27.831177639961243,1.0,0.0,162961.79,0.0
56.026214599609375,France,Male,27.0,5.0,1900.3287963867188,2.0,1.0,1.0,5674.204833984375,0.0
776.0,France,Female,31.0,5.0,0.0,2.0,1.0,0.0,92647.94,0.0
699.0,France,Male,-5.443326950073242,2.0,109724.38,1.0,0.0,1.0,180022.39,0.0
847.0,Germany,Male,35.0,5.0,111743.42999999998,1.0,1.0,1.0,183584.14,0.0
582.0,Germany,Male,35.0,8.0,121309.17,2.0,1.0,1.0,65893.019140625,0.0
648.0,France,Male,38.0,10.0,82697.28,1.0,1.0,0.0,74846.67,0.0
618.0,France,Female,49.0,9.0,44301.43,21.174933004379273,1.0,1.0,89729.3,1.0
543.0,France,Female,31.0,4.0,138317.94,1.0,0.0,0.0,61843.73,0.0
642.0,Germany,Male,49.0,4.0,10657.3216796875,1.0,1.0,0.0,24770.22,1.0
462.0,France,Male,27.0,4.0,176913.52,1.0,1.0,0.0,80587.27,0.0
640.0,Spain,Male,47.0,6.0,89047.14,1.0,1.0,0.0,116286.25,0.0
437.74327621459963,France,Male,40.0,4.0,27664.242248535156,2.0,1.0,0.0,129333.68999999999,1.0
773.0,France,Female,50.0,4.0,0.0,2.0,1.0,0.0,129372.93999999999,0.0
583.0,Germany,Female,32.0,7.0,94753.55,2.0,1.0,1.0,18149.03,0.0
589.0,Germany,Female,46.0,10.0,0.0,2.0,0.0,1.0,168369.37,0.0
509.0,France,Male,35.0,8.0,0.0,2.0,0.0,1.0,67431.28,0.0
612.0,Germany,Male,32.0,9.0,106520.73000000001,2.0,1.0,0.0,177092.16,0.0
505.0,Spain,Male,-3.2032520294189455,0.0,134006.39,1.0,1.0,1.0,93736.69,0.0
546.0,Germany,Female,25.0,3.0,132837.7,1.0,1.0,0.0,131647.31,0.0
681.0,France,Female,41.0,0.0,120549.29,2.0,1.0,0.0,175722.31,0.0
762.0,Germany,Male,20.0,1.0,139432.55,1.0,1.0,1.0,85606.83,0.0
272.67658309936525,Germany,Male,-5.481411361694336,7.0,80895.44,2.0,1.0,0.0,44204.10200195313,0.0
629.0,France,Male,36.12726745605469,-26.170508193969727,0.0,2.0,1.0,0.0,190347.72,0.0
787.0,Spain,Female,39.0,-50.05601463317871,171646.76,1.0,0.0,1.0,100791.36,0.0
713.0,Spain,Male,42.0,0.0,37166.26328125,1.0,0.0,1.0,167873.49,0.0
541.0,France,Female,39.0,6.0,109844.81000000001,1.0,1.0,0.0,25289.23,0.0
451.0,France,Female,31.0,7.0,140931.82,1.0,0.0,1.0,20388.77,0.0
644.0,Spain,Male,49.0,-21.882129764556886,38068.178515625,2.0,1.0,0.0,145089.64,1.0
686.0,France,Male,32.0,6.0,0.0,2.0,1.0,1.0,179093.26,0.0
847.0,Germany,Female,41.0,3.0,20518.78955078125,4.0,1.0,0.0,58824.6048828125,1.0
765.0,Germany,Male,37.0,7.0,102708.77,1.0,1.0,0.0,9087.81,0.0
678.0,Germany,Female,37.0,-56.163346433639525,149000.91,2.0,1.0,0.0,21472.42,0.0
539.0,France,Male,20.0,0.0,83459.86,1.0,1.0,1.0,146752.67,0.0
800.0,France,Female,40.0,3.0,75893.11,2.0,1.0,0.0,132562.23,0.0
799.0,Germany,Female,39.0,7.0,167395.6,-6.133409309387207,0.0,1.0,139537.43,0.0
629.0,France,Female,61.0,-21.728440380096437,0.0,2.0,1.0,1.0,133672.61,0.0
734.0,France,Female,52.0,6.0,71283.09,2.0,0.0,0.0,38984.37,0.0
542.0,France,Female,31.0,-22.849212455749512,0.0,2.0,1.0,1.0,115217.59,0.0
414.0,Spain,Male,60.0,3.0,0.0,2.0,1.0,1.0,93844.82,0.0
675.0,France,Female,38.0,1.0,104016.88,1.0,0.0,0.0,22068.83,1.0
683.0,Spain,Female,38.0,5.0,127616.56000000001,1.0,1.0,0.0,123846.07000000002,0.0
421.2965026855469,France,Male,32.0,5.0,154737.88,2.0,1.0,1.0,172638.13,0.0
596.0,Spain,Male,29.0,2.0,0.0,2.0,1.0,1.0,1591.19,0.0
642.0,France,Male,35.0,4.0,125476.31000000001,1.0,1.0,1.0,91775.51,0.0
499.0,France,Female,21.0,3.0,176511.08,1.0,1.0,1.0,153920.22,0.0
649.0,Spain,Female,-2.807615280151367,8.0,110783.28,1.0,1.0,1.0,71420.16,0.0
739.0,France,Male,42.0,2.0,141642.92,2.0,1.0,0.0,172149.76,0.0
616.0,France,Male,31.0,-16.20115461349487,0.0,2.0,1.0,1.0,54706.75,0.0
560.0,Spain,Female,33.0,9.0,0.0,1.0,0.0,1.0,183358.21,0.0
427.0,Germany,Male,42.0,1.0,75681.52,1.0,1.0,1.0,57098.0,0.0
435.0,France,Male,54.0,3.0,0.0,1.0,1.0,0.0,156910.46,1.0
633.0,France,Male,29.0,7.0,0.0,1.0,1.0,1.0,130224.73000000001,0.0
443.0,France,Male,35.0,6.0,161111.45,1.0,0.0,0.0,13946.66,0.0
727.0,France,Male,62.0,-6.340572261810303,0.0,2.0,0.0,1.0,38652.96,0.0
674.0,France,Female,45.0,6.0,72494.69,1.0,0.0,1.0,140041.78,0.0
661.0,Germany,Female,31.0,3.0,133964.3,1.0,1.0,0.0,166187.1,0.0
619.0,Spain,Male,34.0,1.0,0.0,1.0,1.0,0.0,139919.38,0.0
562.0,France,Female,27.0,3.0,0.0,2.0,1.0,0.0,28137.03,0.0
633.0,France,Male,61.0,3.0,157201.48,1.0,0.0,1.0,50368.63,0.0
551.0,Spain,Female,48.0,5.0,95679.29,1.0,0.0,0.0,94978.1,0.0
720.0,Germany,Female,29.0,7.0,106230.92,1.0,1.0,1.0,69903.93,1.0
688.0,France,Female,32.0,5.0,0.0,2.0,0.0,1.0,177607.77,0.0
635.0,Germany,Female,36.0,9.0,81231.85,2.0,1.0,0.0,196731.08,0.0
561.0,France,Female,31.0,1.0,81480.27,2.0,1.0,1.0,65234.6,0.0
850.0,France,Male,33.0,8.0,44536.9703125,1.0,1.0,1.0,186281.0,0.0
636.0,France,Male,36.0,-34.171911287307736,117559.05,2.0,1.0,1.0,111573.3,0.0
461.0,Germany,Female,26.82125654220581,1.0,48080.71328125,2.0,1.0,0.0,196767.83,0.0
771.0,Germany,Male,38.0,-21.926519060134886,18487.3453125,2.0,1.0,0.0,72985.61,0.0
713.0,France,Male,36.0,8.0,133889.35,1.0,1.0,1.0,143265.65,0.0
702.2982421875,Germany,Female,45.0,-16.346767044067384,38377.870703125,1.0,1.0,1.0,159268.67,1.0
586.0,Spain,Female,56.0,9.0,100781.75,2.0,1.0,1.0,54448.41000000001,0.0
737.0,France,Male,30.0,8.0,174356.13,1.0,0.0,0.0,31928.5,0.0
742.0,Germany,Male,27.0,5.0,190125.43,2.0,0.0,0.0,21793.59,0.0
824.0,France,Male,26.0,7.0,146266.0,1.0,1.0,1.0,21903.62,1.0
701.0,Germany,Male,41.0,-34.99979705810547,164046.1,1.0,1.0,0.0,49405.93,0.0
623.0,Spain,Female,43.0,4.0,123536.51999999999,2.0,0.0,0.0,154908.52,0.0
744.0,France,Male,20.74535999298096,10.0,0.0,2.0,1.0,1.0,66389.41342773437,1.0
698.0,Spain,Female,38.0,1.0,171848.38,1.0,0.0,0.0,16957.45,0.0
616.0,France,Female,40.0,9.0,0.0,2.0,0.0,0.0,93717.55,0.0
662.0,France,Female,39.0,5.0,139562.05,2.0,1.0,0.0,61636.219999999994,0.0
594.0,France,Male,37.0,2.0,0.0,2.0,0.0,1.0,95864.5,0.0
685.0,France,Male,-22.596146965026854,2.0,168001.34,2.0,1.0,1.0,121025.3953125,0.0
742.0,France,Male,27.0,0.0,0.0,2.0,0.0,1.0,131534.96,0.0
274.74781036376953,Germany,Male,83.0,-42.13388905525208,123356.63,26.617461609840394,0.0,1.0,60468.624609375,0.0
651.0,Spain,Male,47.0,2.0,0.0,2.0,1.0,1.0,119808.63999999998,0.0
585.0,Germany,Male,50.0,2.0,6784.044189453125,1.0,1.0,0.0,9439.31,0.0
579.0,Germany,Male,40.0,10.0,45408.85,2.0,1.0,0.0,18732.91,0.0
722.0,Germany,Female,37.0,0.0,40015.689453125,1.0,0.0,0.0,160162.42,0.0
613.0,Germany,Female,51.0,7.0,147262.11,1.0,1.0,1.0,53630.9,1.0
694.0,France,Male,42.0,8.0,133767.19,1.0,1.0,0.0,36405.21,0.0
550.0,Germany,Female,49.0,0.0,108806.96,10.260013103485107,1.0,0.0,61446.92,1.0
287.6062759399414,France,Male,42.0,6.0,106036.51999999999,1.0,1.0,0.0,55872.3990234375,1.0
668.0,Spain,Female,69.0,9.0,0.0,1.0,0.0,0.0,134483.07,0.0
529.0,France,Female,27.0,1.0,0.0,2.0,1.0,1.0,37769.98,0.0
636.0,France,Male,31.0,6.0,0.0,2.0,1.0,1.0,2382.61,0.0
563.0,Spain,Male,61.0,1.0,82182.1,1.0,1.0,0.0,106826.92,1.0
767.0,France,Female,35.0,9.0,0.0,2.0,1.0,0.0,39511.61,0.0
644.0,France,Male,50.0,9.0,23055.977392578126,-2.290598964691162,1.0,0.0,67255.8181640625,1.0
39.826403045654295,Germany,Male,15.241431427001952,2.232918953895569,454.2262390136719,2.0,1.0,1.0,1203.282568359375,0.0
635.0,Spain,Female,41.0,10.0,0.0,2.0,1.0,1.0,60161.61042480469,0.0
641.0,Germany,Male,35.0,2.0,103711.56,1.0,0.0,1.0,76018.14765625,1.0
593.0,Spain,Female,40.0,0.6989217281341553,0.0,1.0,1.0,1.0,5194.95,0.0
540.0,Germany,Female,35.0,-38.57395763397217,128369.75,2.0,1.0,0.0,198256.15,0.0
663.0,Spain,Male,35.0,5.0,0.0,2.0,1.0,1.0,61006.1494140625,0.0
630.0,France,Male,34.0,9.0,0.0,2.0,1.0,1.0,114006.35,1.0
441.47669525146483,Germany,Male,19.0,-63.583319544792175,166133.28,45.82650711536407,1.0,1.0,107994.99000000002,0.0
710.0,Germany,Female,62.0,9.0,148214.36,1.0,0.0,0.0,90420.85703125,1.0
352.39312744140625,France,Female,78.0,5.0,121206.96,1.0,1.0,1.0,76016.49,0.0
641.0,France,Male,25.0,10.0,0.0,15.90162296295166,1.0,1.0,180808.39,0.0
218.37704162597657,Germany,Male,50.0,4.0,127552.85,2.0,1.0,0.0,4225.11,0.0
695.0,France,Female,49.0,-78.44721374511718,159458.53,1.0,1.0,0.0,135841.35,0.0
466.0,Germany,Female,47.0,-52.35239677429199,43779.3109375,1.0,1.0,1.0,183536.24,1.0
315.60191345214844,Germany,Male,58.0,2.0,19473.791015625,-2.7561784982681274,1.0,1.0,88791.83,0.0
665.0,Spain,Male,29.0,1.0,17432.4380859375,2.0,1.0,1.0,63732.9,0.0
737.0,France,Male,45.0,10.0,0.0,2.0,1.0,0.0,1364.54,0.0
654.0,France,Male,29.0,7.0,0.0,2.0,1.0,1.0,149184.15,0.0
619.0,France,Female,28.0,3.0,0.0,2.0,1.0,0.0,53394.12000000001,0.0
452.5838317871094,Germany,Female,13.432151794433594,3.0,152063.59,2.0,1.0,0.0,97910.06,0.0
727.0,France,Female,28.0,2.0,110997.75999999998,1.0,1.0,0.0,101433.76,0.0
582.0,France,Male,50.0,-28.984391975402833,148942.0,1.0,1.0,1.0,116944.3,0.0
716.0,France,Male,41.0,9.0,0.0,1.0,1.0,1.0,113267.48000000001,0.0
660.0,Spain,Female,36.0,0.0,84438.57,1.0,1.0,1.0,181449.51,0.0
664.0,France,Female,34.0,7.0,93920.47,1.0,0.0,0.0,179913.98,0.0
455.321826171875,France,Male,43.0,4.0,158713.08,2.0,0.0,0.0,98586.14,0.0
615.0,France,Male,42.0,4.0,0.0,6.005078510940075,0.0,1.0,120321.09,0.0
718.0,France,Male,63.0,-40.31909875869751,123204.88,1.0,1.0,0.0,100538.8,1.0
667.0,France,Male,40.0,8.0,72945.29,2.0,1.0,0.0,98931.5,0.0
670.0,Spain,Male,37.0,0.0,178742.71,1.0,1.0,1.0,124080.8484375,0.0
590.0,France,Male,43.0,8.0,0.0,2.0,1.0,1.0,143628.31,0.0
739.0,Spain,Female,40.0,8.0,0.0,1.0,1.0,0.0,167030.51,0.0
373.0,France,Male,42.0,7.0,0.0,1.0,1.0,0.0,77786.37,1.0
418.0,France,Female,46.0,9.0,17730.9755859375,1.0,1.0,1.0,81014.5,1.0
837.0,France,Female,29.0,-9.214131820201874,0.0,2.0,1.0,0.0,72524.6822265625,0.0
269.40391693115237,Germany,Male,43.0,-47.012549543380736,140121.17,1.0,1.0,0.0,11302.7,1.0
473.4551300048828,Germany,Male,39.0,2.0,132906.88,1.0,0.0,1.0,149384.43,0.0
580.0,Germany,Male,-24.758393859863283,2.0,179334.83,49.63874411582947,1.0,1.0,99199.415625,0.0
684.0,France,Male,35.0,3.0,137179.39,17.512962341308594,1.0,1.0,37264.11,0.0
86.23628158569336,Spain,Male,35.0,3.0,0.0,2.0,1.0,1.0,19515.48,0.0
607.0,France,Female,49.0,9.0,119960.29,2.0,1.0,0.0,103068.22,0.0
802.0,France,Male,29.0,9.0,33396.465625,1.0,0.0,1.0,134459.12,0.0
736.0,France,Female,36.0,6.0,0.0,1.0,1.0,0.0,70496.66,0.0
629.0,France,Female,40.0,9.0,137409.19,1.0,1.0,0.0,175877.7,1.0
737.0,France,Male,28.0,8.0,0.0,2.0,1.0,0.0,106390.00999999998,0.0
718.0,Spain,Female,39.0,2.0,0.0,1.0,1.0,1.0,52138.49,0.0
561.0,France,Male,43.0,4.0,0.0,4.0,0.0,0.0,18522.91,1.0
214.82886810302733,France,Male,31.0,9.0,112494.99000000002,1.0,1.0,1.0,32231.6,0.0
677.0,France,Male,30.0,1.0,78133.15,1.0,0.0,1.0,174225.88,0.0
641.0,Spain,Female,36.0,1.0,0.0,2.0,1.0,0.0,102021.39,0.0
658.0,Spain,Female,32.0,5.0,145553.07,1.0,1.0,1.0,31484.76,0.0
343.31549682617185,Germany,Male,7.780051803588867,4.0,123593.22,2.0,1.0,0.0,82469.06,1.0
567.0,France,Female,47.0,2.0,0.0,1.0,0.0,0.0,110900.42999999998,1.0
584.0,France,Female,26.0,0.0,146286.22,1.0,1.0,0.0,105105.35,0.0
709.0,Spain,Female,35.0,1.0,111827.26999999999,2.0,1.0,0.0,12674.68,0.0
690.0,Spain,Female,26.0,2.0,0.0,2.0,1.0,1.0,93255.85,0.0
416.98517150878905,France,Male,70.0,1.0,94416.78,1.0,0.0,1.0,145299.5,0.0
765.0,Spain,Male,45.0,2.0,91549.78,1.0,1.0,1.0,73224.6244140625,0.0
442.09410095214844,France,Female,38.0,7.0,59568.56999999999,1.0,0.0,1.0,167723.25,0.0
716.0,France,Female,23.0,2.0,94464.81,2.0,0.0,1.0,185900.88,0.0
771.0,France,Female,57.0,4.0,21103.3328125,1.0,0.0,0.0,85876.67,1.0
687.0,Germany,Male,44.0,8.0,32389.866796875,2.0,1.0,1.0,91738.565625,0.0
717.0,Germany,Female,33.0,10.0,102185.42,2.0,1.0,0.0,23231.93,0.0
524.0,France,Male,32.0,1.0,144875.71,1.0,0.0,0.0,187740.04,0.0
679.0,France,Male,39.0,5.0,0.0,2.0,1.0,0.0,100060.54,1.0
538.0,France,Female,32.0,2.0,0.0,1.0,1.0,1.0,80130.54,0.0
752.0,Germany,Female,37.0,5.0,113291.05,2.0,1.0,1.0,66534.2408203125,0.0
846.0,France,Male,41.12646460533142,0.0,0.0,2.0,1.0,1.0,96202.44,0.0
532.0,Spain,Female,39.0,-9.128847825527192,0.0,2.0,1.0,0.0,94977.3,0.0
670.0,Germany,Male,43.0,9.0,43329.65390625,1.0,1.0,0.0,178827.3,0.0
597.0,Germany,Male,35.0,8.0,131101.04,1.0,1.0,1.0,192852.67,0.0
627.0,Germany,Female,52.0,-40.73131065368652,76101.81,2.0,0.0,1.0,177238.35,0.0
700.0,Spain,Female,40.0,2.0,0.0,2.0,1.0,0.0,199753.97,0.0
766.0,France,Female,52.0,7.0,92510.9,8.369212710857392,0.0,1.0,66193.61,0.0
488.0,France,Female,34.0,2.0,0.0,2.0,1.0,1.0,181270.84,0.0
694.0,France,Male,39.0,5.0,77652.4,1.0,1.0,1.0,25407.59,0.0
639.0,France,Female,31.0,3.0,98360.03,1.0,0.0,0.0,20973.8,0.0
705.0,Germany,Female,46.0,4.0,115518.07000000002,1.0,0.0,0.0,76544.9,1.0
810.0,Germany,Male,69.0,-8.592902374267577,27288.43,1.0,1.0,1.0,43929.2953125,0.0
638.0,France,Female,36.0,6.0,0.0,-0.4477926015853882,1.0,0.0,164247.51,0.0
595.0,Spain,Female,43.0,5.0,0.0,2.0,0.0,0.0,105149.8,0.0
575.0,France,Male,36.0,7.0,0.0,1.0,1.0,1.0,55868.969999999994,1.0
38.99489402770996,France,Male,15.953941345214844,2.394163942337036,330.8878540039062,0.9583209872245788,1.0,1.0,942.7381103515625,0.0
419.0,Spain,Female,27.0,2.0,121580.42,1.0,0.0,1.0,134720.51,0.0
640.0,France,Male,55.0,10.0,132436.34,1.0,1.0,0.0,978.6600000000001,0.0
570.0,Spain,Male,34.0,10.0,0.0,2.0,0.0,1.0,61707.1326171875,0.0
640.0,France,Female,46.0,5.0,107978.4,2.0,1.0,0.0,155876.06,0.0
689.0,France,Male,36.71001091003418,-16.087915658950806,22704.337240600587,0.1799941897392273,1.0,0.0,119259.34,1.0
725.0,France,Male,26.0,6.0,98684.15,1.0,0.0,0.0,133720.57,0.0
751.0,France,Female,44.0,-10.002164459228515,0.0,6.6041967391967775,1.0,0.0,170634.49,0.0
544.0,France,Female,53.0,9.0,0.0,1.0,1.0,0.0,125692.07000000002,1.0
768.0,Germany,Female,43.0,2.0,129264.05,2.0,0.0,0.0,19150.14,0.0
648.0,Germany,Male,37.0,6.0,131753.41,1.0,1.0,0.0,86894.67,0.0
577.0,Spain,Female,33.0,6.0,0.0,4.336699819564819,1.0,0.0,57975.8,0.0
639.0,Spain,Female,27.0,2.0,0.0,1.0,1.0,1.0,82938.99,0.0
686.0,Germany,Male,26.0,1.0,57422.62000000001,9.469282722473144,1.0,1.0,72980.9109375,0.0
657.0,France,Female,28.0,7.0,0.0,2.0,0.0,1.0,5177.62,0.0
613.0,France,Male,34.0,5.0,144094.2,1.0,1.0,0.0,44510.26,0.0
701.0,France,Male,33.0,9.0,147510.34,1.0,1.0,0.0,190611.92,0.0
578.0,Spain,Female,28.0,8.0,161592.76,1.0,1.0,0.0,177834.79,0.0
689.0,France,Female,40.0,-6.2386480331420895,0.0,2.0,1.0,1.0,119446.63999999998,0.0
72.41965026855469,Spain,Female,72.0,4.0,0.0,2.0,1.0,1.0,8721.582299804688,0.0
499.0,Spain,Female,53.0,1.0,75225.53,2.0,0.0,0.0,144849.1,1.0
693.0,Spain,Female,39.0,0.0,0.0,2.0,0.0,0.0,81901.6,0.0
737.0,France,Female,70.0,9.0,87542.89,26.586754322052002,1.0,1.0,42576.86,0.0
651.0,France,Female,32.0,8.0,144581.96,1.0,1.0,1.0,87609.5,0.0
753.0,France,Male,33.0,5.0,122568.05,2.0,0.0,1.0,82820.85,1.0
523.0,Spain,Male,24.0,5.0,172231.93,1.0,0.0,1.0,155144.12,0.0
458.0,Germany,Female,28.0,2.0,171932.26,2.0,1.0,1.0,9578.24,0.0
643.0,France,Male,39.0,7.0,0.0,2.0,1.0,1.0,170392.59,0.0
638.0,Spain,Female,34.0,7.0,0.0,2.0,0.0,0.0,3946.29,0.0
685.0,France,Male,38.0,4.0,111798.06000000001,2.0,1.0,1.0,102184.66,0.0
684.0,France,Male,38.0,4.0,0.0,3.0,1.0,0.0,75609.84,0.0
670.0,France,Female,27.0,5.0,79336.61,1.0,1.0,1.0,26170.08,0.0
701.0,Germany,Male,63.0,3.0,120916.51999999999,12.679780721664429,0.0,0.0,108081.875,1.0
705.0,France,Female,31.0,3.0,142905.51,1.0,1.0,1.0,58134.969999999994,0.0
593.0,Spain,Male,27.0,10.0,0.0,3.0,0.0,0.0,94620.0,1.0
651.0,France,Female,33.0,1.0,96834.78,1.0,1.0,0.0,108764.68999999999,0.0
741.0,France,Male,37.0,9.0,105261.75999999998,2.0,1.0,1.0,149503.54,0.0
596.0,Germany,Male,54.0,-51.546604537963866,123544.0,17.498277282714845,1.0,1.0,120314.75,0.0
369.0552124023437,Germany,Male,41.0,2.0,127913.71,2.0,1.0,1.0,44205.95,0.0
689.0,Spain,Female,28.0,5.0,95328.6,1.0,1.0,0.0,6129.61,1.0
544.0,France,Male,30.0,4.0,73218.89,1.0,0.0,1.0,126796.68999999999,0.0
718.0,France,Female,41.0,1.0,0.0,2.0,0.0,1.0,27509.52,1.0
583.0,Germany,Male,35.0,8.0,10558.5962890625,2.0,1.0,0.0,42143.55,0.0
663.0,Spain,Male,28.0,8.0,123674.28,2.0,0.0,1.0,87985.2,0.0
666.0,Spain,Male,33.0,2.0,124125.25999999998,1.0,1.0,0.0,81884.8,0.0
524.0,Spain,Male,29.0,3.0,159035.45,1.0,1.0,0.0,2705.31,1.0
111.00334320068359,France,Male,27.0,5.0,0.0,2.0,1.0,0.0,30546.4,0.0
268.1137519836426,France,Male,10.053578948974609,7.0,156811.74,31.344140148162843,0.0,1.0,69764.81625976562,0.0
370.57287139892577,France,Male,52.0,4.0,23396.396875,2.0,1.0,1.0,118429.01999999999,0.0
689.0,Spain,Female,24.2713041305542,4.0,0.0,2.0,1.0,1.0,58442.25,0.0
639.0,France,Male,39.0,6.0,10136.339624023438,1.0,1.0,0.0,30414.169999999995,0.0
678.0,France,Male,28.0,2.0,109137.12,1.0,1.0,1.0,58814.41000000001,0.0
523.0,France,Male,36.0,8.0,158351.02,2.0,1.0,0.0,155304.53,0.0
650.0,France,Female,47.0,9.0,0.0,5.672922897338867,1.0,0.0,187943.6,0.0
744.0,Spain,Male,35.0,7.0,0.0,2.0,1.0,0.0,43036.6,0.0
697.0,France,Male,40.0,4.0,0.0,2.0,0.0,1.0,26543.28,0.0
800.0,Spain,Female,46.0,6.0,43096.042578125,2.0,1.0,0.0,171928.04,0.0
664.0,France,Male,24.0,7.0,0.0,1.0,0.0,1.0,35611.35,0.0
740.0,France,Male,39.0,9.0,0.0,2.0,1.0,0.0,19047.23,0.0
835.0,France,Female,56.0,2.0,0.0,2.0,1.0,1.0,39820.13,0.0
559.0,France,Male,52.0,2.0,0.0,1.0,1.0,0.0,129013.59,1.0
676.0,Spain,Male,36.0,1.0,82729.49,1.0,0.0,0.0,113810.12,0.0
613.0,Germany,Female,45.0,9.0,142765.24,2.0,1.0,0.0,34749.65,0.0
713.0,Germany,Female,25.0,4.0,121172.97,1.0,1.0,1.0,56268.98,0.0
309.16460876464845,Germany,Female,-38.86157073974609,10.0,132932.14,36.48018071725964,1.0,1.0,46630.47,0.0
523.0,France,Male,22.0,8.0,123374.46,1.0,1.0,1.0,124906.59,1.0
775.0,Spain,Female,74.0,-63.51799125671387,161371.5,1.0,1.0,0.0,134869.93,0.0
608.0,Spain,Male,45.0,-9.03908019065857,0.0,2.0,0.0,0.0,36697.48,1.0
239.24703979492188,France,Male,51.0,-26.838019943237306,79563.36,33.048289108276364,0.0,1.0,44454.67890625,0.0
616.0,France,Male,7.904893302917481,2.0,0.0,2.0,1.0,0.0,137136.46,0.0
650.0,Germany,Female,48.0,-33.8526270866394,138232.24,1.0,1.0,0.0,57594.780000000006,0.0
655.0,France,Female,41.0,5.0,0.0,1.0,0.0,0.0,36548.0,1.0
782.0,Germany,Female,53.0,1.0,81571.05,1.0,1.0,0.0,182960.46,1.0
781.0,Spain,Male,35.0,1.0,0.0,2.0,0.0,0.0,42117.9,0.0
593.0,France,Female,33.0,0.0,95927.04,1.0,1.0,0.0,199478.05,0.0
505.0,Spain,Male,35.0,8.0,116932.59,1.0,1.0,0.0,91092.84,0.0
707.0,France,Male,40.0,1.0,0.0,2.0,1.0,0.0,14090.4,1.0
692.0,France,Female,36.0,3.0,39608.382421875,1.0,0.0,1.0,178267.07,0.0
813.0,Germany,Male,30.0,1.0,116416.93999999999,1.0,0.0,1.0,100934.6984375,0.0
850.0,Spain,Male,37.0,-17.744413471221925,24378.249450683594,1.0,1.0,0.0,109659.12,0.0
753.0,France,Male,32.0,6.0,177729.13,1.0,1.0,0.0,161642.08,0.0
850.0,Spain,Female,32.0,5.0,0.0,1.0,1.0,1.0,3830.59,0.0
602.8808166503907,Spain,Female,32.0,6.0,123912.78,2.0,1.0,1.0,146636.44,0.0
791.0,France,Female,33.0,3.0,0.0,1.0,1.0,1.0,144413.92,1.0
273.50657043457034,France,Male,80.0,3.0,0.0,1.0,1.0,1.0,65801.44,0.0
649.0,France,Female,35.0,4.0,108306.43999999999,1.0,1.0,1.0,192486.24,0.0
732.0,France,Female,48.0,4.0,102962.62,1.0,1.0,0.0,120852.85,1.0
664.0,France,Female,36.0,0.0,103502.22,1.0,1.0,1.0,146191.82,0.0
618.6399055480957,France,Male,35.29251594543457,-13.514027738571167,33814.035607910155,2.0,0.0,0.0,148412.24,0.0
680.0,France,Male,-8.218242645263672,10.0,183768.47,1.0,1.0,0.0,164119.35,0.0
701.0,France,Male,37.0,1.0,0.0,1.7885964632034301,1.0,0.0,163457.55,0.0
684.0,France,Female,25.0,1.0,0.0,2.0,0.0,1.0,144978.47,0.0
586.0,Spain,Female,52.0,6.0,140900.97,28.221085405349733,1.0,1.0,67288.89,0.0
522.0,Germany,Female,25.0,5.0,94049.92,2.0,1.0,0.0,103269.0,0.0
327.41055450439455,Spain,Female,27.0,8.0,98926.4,1.0,1.0,1.0,106969.98000000001,0.0
835.0,Germany,Male,18.0,-48.38827376365661,142872.36,1.0,1.0,1.0,117632.63,0.0
790.0,Spain,Male,13.662324023246764,3.0,46057.96,2.0,1.0,1.0,62498.66171875,1.0
671.0,France,Female,48.0,6.0,119769.76999999999,1.0,0.0,1.0,66032.65,0.0
560.0,France,Male,44.0,5.0,143244.97,1.0,1.0,0.0,98661.27,0.0
651.0,France,Male,28.0,10.0,79562.98,1.0,1.0,1.0,68904.65546875,0.0
682.0,France,Male,69.0,6.0,0.0,2.0,0.0,0.0,149604.18,0.0
808.0,France,Male,41.0,0.0,0.0,1.0,1.0,1.0,79888.78,0.0
494.7296936035156,Spain,Male,26.0,8.0,27904.70314941406,2.0,1.0,1.0,138775.69,0.0
688.0,France,Male,29.0,1.0,0.0,-0.18961176872253419,1.0,0.0,154695.57,0.0
617.0,France,Female,26.0,2.0,165947.99,2.0,0.0,1.0,168834.38,0.0
410.9238586425781,France,Male,33.0,4.0,92676.3,1.0,1.0,0.0,105817.63,0.0
663.0,France,Male,45.0,-25.73550033569336,83195.12,1.0,1.0,1.0,48682.1,0.0
515.0,France,Male,48.0,5.0,129387.93999999999,1.0,1.0,1.0,147955.91,1.0
845.0,France,Female,28.0,9.0,11839.195483398438,2.0,1.0,1.0,56185.98,0.0
639.0,Spain,Male,10.754017448425293,9.0,20895.46484375,1.0,1.0,1.0,81861.1,0.0
557.0,France,Female,32.0,3.0,19925.233984375,1.0,1.0,1.0,69826.8,0.0
543.0,France,Male,-40.806003189086915,-30.968025064468385,140894.06,2.0,1.0,1.0,118059.18999999999,0.0
373.1581298828125,Germany,Male,44.0,7.0,163867.86,1.0,1.0,1.0,112333.22,0.0
610.0,France,Female,27.0,2.0,0.0,2.0,1.0,0.0,14546.76,0.0
727.0,Germany,Female,18.0,2.0,93816.7,2.0,1.0,0.0,126172.11000000002,0.0
540.0,Spain,Female,40.0,8.0,0.0,2.0,1.0,0.0,3560.0,0.0
418.0,France,Male,35.0,7.0,0.0,2.0,1.0,1.0,88878.15,0.0
660.0,France,Female,32.0,0.0,114668.88999999998,1.0,1.0,0.0,84605.0,0.0
850.0,Germany,Male,38.0,5.0,146756.68,1.0,1.0,0.0,78268.61,0.0
618.0,France,Female,46.0,6.0,150213.71,1.0,1.0,0.0,120668.46,1.0
642.0,Germany,Male,18.0,-30.992813301086425,111183.53,2.0,0.0,1.0,10063.75,0.0
850.0,France,Male,40.0,9.0,42711.1578125,1.0,1.0,1.0,163989.66,1.0
739.0,France,Male,34.0,9.0,0.0,1.0,1.0,0.0,60584.33,0.0
508.0,France,Female,41.0,5.0,0.0,2.0,1.0,1.0,94170.84,0.0
667.0,France,Male,41.0,6.0,0.0,2.0,0.0,0.0,167181.77,0.0
741.0,France,Female,60.0,5.0,0.0,-1.4184240341186523,1.0,1.0,38914.51,0.0
592.0,France,Male,39.29703330993652,7.0,0.0,2.0,1.0,1.0,91196.67,0.0
651.0,Germany,Female,45.0,6.0,86714.06,1.0,0.0,0.0,85869.89,0.0
773.0,Spain,Male,52.0,2.0,0.0,-1.4101224303245545,1.0,0.0,72589.06828613281,0.0
850.0,France,Male,41.0,-54.55324592590332,132838.07,1.0,1.0,1.0,96698.3015625,0.0
326.7901306152344,Germany,Female,42.0,10.0,128707.31000000001,1.0,1.0,0.0,63092.65,1.0
783.0,France,Male,29.012638282775878,6.0,0.0,2.0,1.0,0.0,109742.55,0.0
777.0,France,Male,29.0,2.0,0.0,2.0,0.0,0.0,124489.88,0.0
659.0,Spain,Male,29.0,6.0,123192.12,1.0,1.0,1.0,86203.64375,1.0
727.0,France,Male,46.0,3.0,29133.1265625,11.884353160858154,1.0,0.0,130752.00999999998,1.0
603.0,France,Male,38.0,8.0,59360.77,1.0,1.0,1.0,191457.06,0.0
644.0,Spain,Male,37.0,-8.836401414871215,24675.166796875,2.0,1.0,1.0,96442.86,0.0
647.0,France,Female,35.0,6.0,112668.7,1.0,0.0,1.0,122584.29,0.0
648.0,Spain,Female,37.0,7.0,138503.51,2.0,1.0,0.0,57215.85,0.0
721.0,Spain,Male,57.0,1.0,41144.8994140625,1.0,1.0,0.0,195940.96,0.0
524.0,France,Male,29.0,7.0,0.0,2.0,1.0,1.0,105448.74000000002,0.0
626.0,France,Female,34.0,3.0,0.0,2.0,1.0,1.0,37870.29,0.0
569.0,France,Male,43.0,7.0,0.0,2.0,1.0,0.0,52534.81,0.0
578.0,Spain,Male,36.0,1.0,157267.95,2.0,1.0,0.0,141533.19,0.0
769.0,France,Female,40.0,9.0,133871.05,1.0,1.0,1.0,50568.02,0.0
694.0,Germany,Female,31.0,-44.6972193479538,141989.27,2.0,1.0,0.0,26116.82,0.0
664.0,France,Female,41.0,5.0,0.0,1.0,1.0,1.0,152054.33,0.0
646.0,France,Male,38.0,7.0,0.0,2.0,1.0,0.0,1528.4,0.0
779.0,France,Female,17.855819511413575,3.0,46388.16,3.0,1.0,0.0,127939.25999999998,0.0
782.0,Germany,Female,-15.683077907562256,5.0,148666.99,1.0,1.0,0.0,2605.65,0.0
769.0,Germany,Male,34.0,7.0,115101.5,1.0,0.0,0.0,57841.89,1.0
781.3336547851562,France,Male,67.0,6.0,148363.38,39.16131172180176,0.0,0.0,186995.17,0.0
623.0,France,Male,46.0,4.0,0.0,1.0,1.0,0.0,5549.11,1.0
705.0,Spain,Female,39.0,8.0,144102.32,1.0,1.0,1.0,11682.36,0.0
163.81290740966796,France,Male,0.7377368927001953,5.0,128876.71,3.1723169565200804,1.0,1.0,31468.97823486328,0.0
678.0,Germany,Male,-32.43520364761353,6.0,118448.15,2.0,1.0,0.0,53172.02,0.0
738.0,France,Male,39.0,5.0,0.0,2.0,1.0,1.0,114388.98000000001,0.0
703.0,France,Male,28.0,9.0,0.0,2.0,0.0,1.0,2151.17,0.0
554.0,Spain,Male,42.0,1.0,0.0,2.0,0.0,1.0,183492.9,0.0
212.10248184204102,France,Female,29.216111755371095,9.0,12861.79384765625,4.0,0.0,0.0,76582.95,1.0
644.0,France,Male,37.0,6.0,117271.8,2.0,1.0,0.0,73505.630859375,1.0
724.0,France,Male,29.0,4.0,0.0,1.0,1.0,0.0,8982.75,0.0
593.0,France,Male,33.0,1.0,0.0,2.0,0.0,0.0,9984.4,0.0
710.0,Spain,Female,30.0,10.0,0.0,2.0,1.0,0.0,19500.1,0.0
631.0,France,Male,35.0,8.0,129205.49000000002,1.0,1.0,1.0,79146.36,0.0
739.0,Spain,Female,41.0,8.0,0.0,1.0,1.0,0.0,191694.77,1.0
644.0,Spain,Male,18.0,7.0,0.0,1.0,1.0,1.0,59645.240000000005,1.0
652.0,Germany,Male,35.0,7.0,104015.54,18.257622718811035,0.0,1.0,55207.87999999999,0.0
554.0,Spain,Male,37.0,3.0,0.0,2.0,1.0,0.0,166177.3,0.0
483.0,France,Female,30.0,9.0,0.0,2.0,0.0,0.0,136356.97,0.0
669.0,Germany,Female,42.0,-68.07870178222656,103873.39,1.0,1.0,0.0,148611.52,0.0
841.0,Germany,Female,21.92170419692993,3.0,112383.03,1.0,1.0,0.0,85516.37,1.0
662.0,Germany,Male,34.0,2.0,117731.79,2.0,0.0,1.0,55120.79,0.0
821.0,Germany,Female,1.544978666305542,-34.95314230918884,135827.33,2.0,1.0,1.0,131778.58,0.0
783.0,France,Male,38.0,9.0,114135.17,1.0,1.0,0.0,153269.98,0.0
850.0,France,Female,28.0,9.0,0.0,2.0,1.0,1.0,164864.67,0.0
559.0,France,Male,21.320884132385252,6.0,11379.87890625,1.0,1.0,1.0,20367.68,0.0
602.0,Spain,Male,34.0,-35.682863771915436,98382.72,1.0,1.0,0.0,39542.0,0.0
563.0,Germany,Male,41.0,2.0,100520.92,1.0,1.0,1.0,19412.8,1.0
695.0,Spain,Female,35.0,7.0,79858.13,2.0,1.0,0.0,127977.66,1.0
546.0,France,Female,20.0,6.0,0.0,1.0,0.0,1.0,20508.85,0.0
541.1383056640625,Germany,Female,76.0,10.0,30831.71201171875,1.0,1.0,0.0,176244.87,0.0
539.0,Germany,Female,42.0,1.0,177728.55,1.0,1.0,0.0,105013.63,0.0
632.0,France,Male,71.0,3.0,83116.68,1.0,1.0,1.0,27597.76,0.0
772.0,Germany,Male,34.0,7.0,39909.803125,9.401451325416565,1.0,1.0,121073.23000000001,0.0
708.0,Spain,Male,40.0,8.0,83015.71,25.23629484176636,1.0,0.0,101089.76,0.0
668.0,Germany,Female,28.0,1.0,124511.00999999998,1.0,0.0,0.0,114258.17999999998,0.0
738.0,France,Female,67.0,1.0,130652.51999999999,1.0,0.0,1.0,22762.23,0.0
785.0,France,Male,55.0,5.0,0.0,2.0,1.0,1.0,7008.65,0.0
297.01998748779295,France,Male,61.0,5.0,0.0,2.0,1.0,1.0,81299.17,0.0
531.0,France,Male,37.0,7.0,121854.45,1.0,1.0,0.0,147521.35,0.0
509.0,France,Male,26.0,10.0,0.0,2.0,1.0,0.0,6177.83,0.0
508.0,France,Male,35.0,1.0,86893.28,1.0,0.0,0.0,59374.81999999999,0.0
749.0,Germany,Female,32.0,7.0,79523.13,1.0,0.0,1.0,157648.12,0.0
621.0,Germany,Female,55.0,7.0,131033.75999999998,1.0,0.0,1.0,75685.59,1.0
659.0,France,Female,33.0,7.0,89939.62,1.0,1.0,0.0,136540.09,0.0
424.64599609375,Germany,Female,59.0,3.0,95727.05,1.0,0.0,0.0,97939.4,1.0
675.0,France,Male,39.0,7.0,0.0,2.0,0.0,1.0,36267.21,0.0
734.530876159668,France,Male,31.0,3.0,155047.56,2.0,1.0,1.0,186064.34,0.0
736.0,France,Female,29.0,9.0,0.0,2.0,0.0,0.0,176152.7,0.0
524.0,France,Male,44.0,10.0,118569.03,2.0,0.0,0.0,82117.2,0.0
674.0,France,Male,28.0,5.0,0.0,1.0,1.0,1.0,151925.25,0.0
653.8222229003907,Spain,Male,44.0,9.0,0.0,2.0,1.0,0.0,142287.65,0.0
741.0,France,Female,35.0,1.0,0.0,2.0,1.0,0.0,36557.55,0.0
455.0,France,Male,40.0,-37.37025780677796,0.0,3.0,0.0,0.0,129975.34,0.0
608.0,Spain,Male,37.0,-43.162260285019876,130461.01999999999,1.0,1.0,0.0,21967.15,0.0
776.0,France,Male,36.0,1.0,0.0,2.0,1.0,0.0,53477.759999999995,0.0
635.0,France,Male,13.267963123321532,1.0,0.0,3.0,0.0,0.0,51202.683837890625,1.0
746.0,France,Female,37.0,4.0,0.0,2.0,0.0,1.0,171039.56,0.0
692.0,Spain,Female,47.0,-18.089891719818116,0.0,2.0,1.0,0.0,150802.41,0.0
683.0,Spain,Male,35.0,9.0,61172.04,1.0,0.0,0.0,82951.12,0.0
591.0,France,Female,35.0,2.0,90194.34,2.0,1.0,0.0,57064.56999999999,0.0
581.0,France,Female,24.0,3.0,95508.2,27.35897626876831,1.0,1.0,45755.0,0.0
684.0,Germany,Male,35.0,3.0,99967.76,1.0,1.0,1.0,176882.08,0.0
561.0,Spain,Male,37.0,4.0,101470.29,1.0,0.0,1.0,74015.6966796875,0.0
718.0,Germany,Female,33.0,4.0,70541.06,1.0,0.0,0.0,88592.8,0.0
590.0,France,Male,31.0,8.0,112211.61000000002,1.0,1.0,0.0,26261.419999999995,0.0
573.0,France,Female,47.0,8.0,154543.98,1.0,1.0,0.0,29586.73,0.0
350.0,France,Female,40.0,0.0,111098.85,1.0,1.0,1.0,172321.21,1.0
504.0,Germany,Female,44.0,0.0,131873.07,2.0,1.0,1.0,158036.72,1.0
813.0,Spain,Male,27.0,-22.51996812224388,137275.36,1.0,0.0,1.0,115733.16,0.0
641.0,Spain,Male,31.0,3.0,153316.14,1.0,1.0,0.0,59927.990000000005,0.0
662.0,France,Female,22.0,9.0,0.0,2.0,1.0,1.0,44377.65,0.0
79.22009735107422,Spain,Male,44.0,2.0,4002.64951171875,2.0835614621639253,0.0,1.0,10864.2619140625,0.0
716.0,France,Male,31.0,-17.615006971359254,109578.04,2.0,1.0,1.0,51503.51,0.0
526.0,France,Female,37.0,5.0,53573.18000000001,1.0,1.0,0.0,62830.969999999994,0.0
760.0,Germany,Female,34.0,6.0,58003.41000000001,14.620795249938965,1.0,0.0,90346.1,0.0
669.0,France,Female,31.0,6.0,113000.66,1.0,1.0,0.0,40467.82,0.0
655.0,France,Male,22.352209091186523,10.0,0.0,2.0,1.0,0.0,51620.94,0.0
547.0,France,Female,49.0,2.0,0.0,1.0,0.0,0.0,65466.93000000001,1.0
648.0,Germany,Female,40.0,5.0,139973.65,1.0,1.0,1.0,667.66,1.0
790.0,France,Female,31.0,-59.52226943969727,151290.16,1.0,1.0,1.0,172437.12,0.0
744.0,Germany,Male,50.0,1.0,23022.671484375,2.0,0.0,0.0,106061.47,1.0
761.0,France,Female,28.328790044784547,4.0,38418.782421875,2.0,1.0,1.0,177622.38,0.0
750.0,France,Female,35.0,3.0,0.0,1.0,1.0,0.0,191520.5,0.0
680.0,France,Male,34.0,9.0,0.0,2.3120261549949648,1.0,0.0,28839.728173828124,0.0
740.2363464355469,Spain,Female,38.0,6.0,106687.75999999998,1.0,1.0,0.0,173776.5,0.0
521.0,France,Female,41.0,2.0,0.0,2.0,1.0,1.0,113089.42999999998,0.0
452.0,France,Female,35.0,8.0,0.0,2.0,1.0,1.0,149614.81,0.0
695.0,France,Female,31.0,5.0,106089.2,1.0,0.0,0.0,99537.68,0.0
42.28534698486328,France,Male,15.647702407836913,10.0,681.1623168945313,1.0,1.0,0.0,2078.0447387695312,0.0
625.0,France,Male,31.0,5.0,0.0,2.0,0.0,1.0,90.07,0.0
608.0,Germany,Female,40.0,7.0,96202.32,1.0,0.0,0.0,161154.85,0.0
715.0,France,Female,38.0,0.0,0.0,2.0,1.0,1.0,332.81,0.0
834.0,Spain,Male,29.14257469177246,5.0,0.0,2.0,1.0,0.0,66285.18,0.0
469.0,France,Male,-23.829043769836424,1.0,127818.51999999999,1.0,1.0,0.0,163477.22,0.0
480.0,France,Female,40.0,7.0,0.0,1.0,1.0,0.0,170332.67,1.0
527.0,Germany,Male,58.0,3.0,29539.326953125,5.023772239685059,1.0,1.0,126144.96,0.0
834.0,Spain,Male,34.0,5.0,0.0,2.0,0.0,0.0,53437.1,0.0
583.0,France,Female,40.0,4.0,55776.39,2.0,1.0,0.0,26920.43,0.0
696.0,Germany,Male,32.0,4.0,84421.62,1.0,0.0,1.0,52314.71,0.0
442.14227294921875,France,Male,32.0,5.0,83161.65,1.0,1.0,1.0,116885.59,0.0
713.0,France,Female,39.0,10.0,0.0,2.0,1.0,1.0,48169.78676757812,0.0
821.0,Germany,Male,42.0,3.0,87807.29,29.64737205505371,1.0,1.0,64613.81,0.0
550.0,France,Female,30.0,4.0,0.0,2.0,1.0,0.0,49077.63232421875,0.0
675.0,France,Female,39.0,6.0,0.0,2.0,0.0,0.0,83419.15,0.0
748.0,Spain,Male,39.0,-10.880271293967962,0.0,-8.475644540786742,1.0,1.0,123998.51999999999,1.0
606.0,Germany,Male,40.0,9.0,95293.86,2.0,0.0,1.0,96985.58,0.0
134.82784271240234,Germany,Male,30.0,-5.134417533874512,92847.59,1.0,1.0,0.0,23419.464965820312,0.0
547.0,France,Male,30.0,6.0,0.0,2.0,1.0,1.0,18471.86,0.0
758.0,France,Male,35.0,-18.72317271232605,0.0,2.0,1.0,0.0,95009.6,0.0
596.0,France,Male,37.0,2.0,0.0,1.0,0.0,1.0,121175.86000000002,0.0
720.0,Spain,Male,34.0,3.0,0.0,2.0,1.0,0.0,77047.78,0.0
674.0,France,Male,37.0,3.0,0.0,1.0,1.0,0.0,158049.9,0.0
756.0,France,Female,32.0,4.0,0.0,2.0,1.0,0.0,147040.25,0.0
649.0,France,Male,78.0,-20.808453369140626,68345.86,9.970998191833496,1.0,1.0,59802.346875,0.0
613.0,Germany,Male,9.260897636413574,-29.544631004333496,76656.4,2.0,1.0,1.0,185483.24,0.0
643.0,France,Male,62.0,9.0,0.0,1.0872118949890137,0.0,0.0,155870.82,0.0
600.0,France,Male,31.0,8.0,0.0,2.0,1.0,1.0,121555.50999999998,0.0
735.0,Spain,Male,39.0,1.0,60374.98,1.0,1.0,0.0,40223.74,0.0
585.0,France,Female,34.0,1.0,0.0,1.0,1.0,1.0,75503.6,0.0
724.0,France,Male,33.0,4.0,88046.88,1.0,0.0,1.0,186942.49,1.0
635.0,Spain,Male,29.0,2.0,0.0,2.0,0.0,0.0,117173.8,0.0
472.0,France,Male,19.0,9.0,0.0,2.0,1.0,0.0,3453.4,0.0
590.0,France,Male,36.0,1.0,0.0,2.0,1.0,0.0,48876.84,0.0
651.0,Spain,Female,12.074513864517211,8.0,129968.67,31.44262561798096,1.0,1.0,65977.7765625,0.0
686.0,Germany,Female,39.0,4.0,157731.6,2.0,1.0,0.0,162820.6,0.0
606.0,France,Male,32.0,6.0,0.0,2.0,0.0,1.0,36540.63,0.0
781.0,France,Male,33.0,3.0,89276.48,1.0,1.0,0.0,6959.0,0.0
593.0,France,Male,45.0,4.0,138825.19,1.0,0.0,0.0,10828.78,0.0
793.0,France,Male,63.0,4.0,24396.1431640625,2.0,1.0,0.0,80272.06,0.0
791.0,France,Female,31.0,10.0,75499.24,1.0,0.0,0.0,22184.14,0.0
850.0,France,Male,16.371967601776124,5.0,27352.54921875,7.539383065700531,1.0,1.0,79024.93088378906,0.0
698.0,France,Female,57.0,9.0,29763.40234375,2.0,1.0,0.0,105715.00999999998,0.0
846.0,France,Female,34.0,10.0,142388.61,2.0,0.0,1.0,68393.64,1.0
765.0,France,Male,42.0,-31.16638743877411,123311.38999999998,2.0,1.0,1.0,87529.25234375,0.0
72.76764526367188,Spain,Male,52.0,7.0,3590.4533935546874,1.0,1.0,0.0,10394.107299804688,0.0
617.0,Germany,Female,51.0,10.0,167273.71,37.805633544921875,0.0,0.0,93439.75,1.0
581.0,France,Male,25.0,5.0,77886.53,2.0,0.0,0.0,150319.49,0.0
710.0,Germany,Male,37.0,6.0,135795.63,1.0,0.0,1.0,46523.6,0.0
324.6651443481445,France,Male,32.0,8.0,97514.07,16.185747361183168,1.0,1.0,199138.84,0.0
533.0,Germany,Male,51.0,6.0,23350.902734375,2.0,0.0,0.0,79559.02,1.0
779.0,France,Male,8.788715934753418,9.0,106160.37,30.998010635375977,0.0,0.0,116893.87,0.0
763.0,France,Female,23.0,2.0,0.0,2.0,1.0,0.0,153983.99,0.0
563.0,Spain,Female,36.0,4.0,143680.47,2.0,0.0,1.0,63531.19,0.0
678.0,Spain,Male,38.0,3.0,124483.53,1.0,1.0,0.0,126253.31000000001,0.0
644.0,Spain,Female,31.0,5.0,86006.3,1.0,1.0,1.0,73922.95,0.0
682.0,Germany,Female,43.0,7.0,27112.9796875,2.0,1.0,0.0,80289.2384765625,0.0
625.0,France,Male,22.0,9.0,36998.78046875,2.0,1.0,0.0,157072.91,0.0
733.0,France,Male,36.0,1.0,0.0,2.0,0.0,1.0,108377.82000000002,0.0
512.0,France,Female,30.0,6.0,0.0,2.0,1.0,0.0,88827.31,0.0
642.0,France,Female,41.0,7.0,115171.71,1.0,1.0,1.0,37674.47,0.0
737.0,Germany,Female,22.0,10.0,111543.25999999998,2.0,0.0,0.0,106327.85,0.0
575.0,France,Male,57.0,8.0,137936.94,1.0,1.0,1.0,84475.13,0.0
543.0,Germany,Female,37.0,3.0,122304.65,2.0,0.0,0.0,33998.7,0.0
521.0,Germany,Male,41.0,8.0,120586.54,1.0,0.0,1.0,20491.15,0.0
637.0,France,Male,32.0,3.0,0.0,2.0,1.0,1.0,197827.06,0.0
137.25921936035155,France,Male,40.0,9.0,46520.69,1.0,0.0,1.0,23345.342578125,0.0
224.791796875,Spain,Female,56.0,2.0,105473.74000000002,26.624938106536867,1.0,1.0,46044.7,0.0
680.0,Spain,Female,34.0,7.0,0.0,2.0,1.0,0.0,98949.85,0.0
812.0,France,Male,16.327256202697754,5.0,115730.71,3.0,1.0,0.0,185599.34,1.0
757.0,Spain,Male,-21.304799938201903,3.0,145396.49,37.994831275939944,0.0,1.0,198341.15,0.0
710.0,France,Male,62.0,-17.55456781387329,32268.833984375,8.331127500534057,1.0,0.0,119348.75999999998,1.0
516.0,Germany,Female,47.0,9.0,128298.74000000002,1.0,0.0,0.0,149614.17,0.0
803.0,France,Female,40.0,6.0,165526.71,1.0,1.0,0.0,12328.08,0.0
560.0,France,Female,38.0,5.0,83714.41,1.0,1.0,1.0,33245.97,0.0
679.0,France,Female,36.0,3.0,0.0,2.0,1.0,1.0,2243.41,0.0
526.0,Germany,Male,32.0,7.0,125540.05,1.0,0.0,0.0,86786.41,0.0
485.0,France,Male,41.0,2.0,100254.76,2.0,1.0,1.0,12706.67,0.0
625.0,France,Female,36.0,3.0,0.0,2.0,1.0,0.0,41295.1,1.0
773.0,Germany,Male,43.0,7.0,138150.57,1.0,1.0,0.0,108353.9046875,0.0
530.0,France,Female,45.0,1.0,0.0,1.0,0.0,1.0,190663.89,1.0
616.0,Germany,Female,43.0,7.0,19159.992431640625,1.0,0.0,1.0,55058.14448242188,1.0
651.0,France,Male,23.0,10.0,0.0,1.8736363887786864,1.0,1.0,170099.23,0.0
586.0,Germany,Male,38.0,2.0,36730.770751953125,1.0,0.0,0.0,189143.94,0.0
607.0,Germany,Male,29.0,7.0,102609.0,1.0,1.0,0.0,88445.09453125,1.0
724.0,Spain,Male,39.0,3.0,0.0,2.0,0.0,1.0,95562.81,0.0
311.96091918945314,France,Male,64.0,3.0,0.0,2.3182260751724244,1.0,0.0,75272.63,0.0
667.0,Germany,Male,70.0,-9.485306619107723,77356.92,2.0,0.0,1.0,20881.96,0.0
490.75176467895506,France,Female,32.0,8.0,29292.23125,2.0,1.0,1.0,161845.81,1.0
659.0,Spain,Male,78.0,-51.72861099243164,151675.65,30.27555446624756,0.0,1.0,49978.67,0.0
710.0,Spain,Male,22.0,8.0,0.0,1.5160221099853515,1.0,0.0,107292.91,1.0
760.0,France,Male,37.0,7.0,0.0,1.0,1.0,0.0,32863.24,1.0
677.0,France,Female,25.0,3.0,0.0,2.0,1.0,0.0,179608.96,0.0
798.0,Germany,Female,29.0,8.0,80204.11,2.0,1.0,0.0,70223.22,0.0
758.0,France,Male,35.0,7.0,0.0,2.0,0.0,0.0,77951.84,0.0
715.0,France,Male,45.0,4.0,0.0,2.0,1.0,0.0,55043.93000000001,0.0
498.2553405761719,Germany,Male,32.0,9.0,115587.49000000002,2.0,0.0,1.0,101677.46,0.0
279.3867248535156,Germany,Male,46.0,-13.307450008392333,106968.96,20.399878978729248,1.0,1.0,79366.98,1.0
818.0,France,Male,36.0,4.0,0.0,2.0,1.0,1.0,8037.030000000001,0.0
490.0,Germany,Female,41.0,0.0,139659.04,1.0,1.0,1.0,176254.12,1.0
549.6530815124512,Germany,Female,69.0,5.0,86038.21,3.0,0.0,0.0,192743.06,1.0
627.0,Germany,Male,24.0,5.0,102773.2,2.0,1.0,0.0,56793.02,0.0
533.0,France,Female,35.0,8.0,0.0,2.0,1.0,1.0,187900.12,0.0
708.0,France,Female,51.0,8.0,17995.4669921875,1.0,1.0,0.0,92920.04,1.0
681.0,France,Male,59.0,4.0,122781.50999999998,1.0,0.0,1.0,140166.95,0.0
690.0,France,Male,21.0,8.0,33376.29765625,1.778044843673706,1.0,0.0,155782.89,0.0
656.0,France,Male,-27.664631843566895,-68.04306411743164,153545.11,1.0,0.0,0.0,96406.3046875,0.0
673.0,Spain,Female,40.0,1.0,121629.22,1.0,1.0,1.0,3258.6,0.0
806.0,Germany,Male,36.0,-20.793032455444337,30061.56328125,2.0,1.0,1.0,106714.28,0.0
648.0,France,Female,19.977601099014283,-21.172325897216798,81153.82,1.0,1.0,0.0,144532.85,1.0
501.0,France,Male,35.0,6.0,99760.84,1.0,0.0,1.0,13591.52,0.0
556.0,Germany,Female,43.0,4.0,125890.72,1.0,1.0,1.0,74854.97,0.0
627.0,France,Female,27.0,2.0,0.0,2.0,1.0,0.0,125451.00999999998,0.0
652.0,France,Male,31.0,2.0,119148.55,1.0,0.0,0.0,149740.22,0.0
807.0,Germany,Female,60.0,-27.497561407089233,72948.58,2.0,0.0,1.0,79017.90859375,0.0
708.0,Germany,Male,-2.700763702392578,8.0,133974.36,2.0,1.0,1.0,50294.09,1.0
619.0,Germany,Male,9.885176301002502,1.0,154483.98,1.0,1.0,0.0,156394.74,0.0
601.0,France,Male,40.0,10.0,98627.13,2.0,0.0,0.0,77977.69,0.0
445.0,France,Male,64.0,2.0,13437.6697265625,1.0,0.0,1.0,43678.06,0.0
800.0,Germany,Female,39.0,4.0,95252.72,1.0,1.0,0.0,13906.34,0.0
554.0,France,Male,33.0,3.0,117413.95,1.0,1.0,1.0,12766.74,0.0
714.0,Germany,Male,54.0,-50.190484619140626,137986.58,14.76734958589077,0.0,1.0,51308.54,1.0
656.0,France,Male,44.0,10.0,143571.52,1.0,0.0,0.0,127444.13999999998,0.0
520.0,France,Male,49.0,5.0,121197.63999999998,1.0,1.0,0.0,72577.33,1.0
480.0,Spain,Male,39.0,5.0,121626.9,1.0,1.0,1.0,82438.13,0.0
660.0,Germany,Male,30.0,1.0,84440.1,2.0,1.0,1.0,60485.98,0.0
532.0,France,Male,36.0,4.0,0.0,2.0,1.0,1.0,132798.78,0.0
679.0,France,Male,42.0,1.0,0.0,2.0,0.0,0.0,71823.15,0.0
780.0,France,Female,26.0,3.0,140356.7,1.0,1.0,0.0,117144.15,0.0
747.0,France,Male,29.0,7.0,33962.14643554688,2.0,1.0,1.0,141706.43,0.0
705.0,France,Female,39.0,3.0,92224.56,1.0,1.0,1.0,54517.25,0.0
732.0,France,Female,43.0,9.0,0.0,2.0,1.0,0.0,65772.701953125,0.0
598.6882873535156,Spain,Male,14.030430793762207,10.0,121355.99000000002,1.0,1.0,0.0,138360.29,0.0
326.93796997070314,Germany,Male,40.0,9.0,109003.25999999998,22.890853786468504,1.0,1.0,79580.56,0.0
641.0,France,Female,48.0,3.0,147341.43,1.0,1.0,1.0,157458.61,1.0
509.0,France,Male,18.0,7.0,102983.91,1.0,1.0,0.0,171770.58,0.0
601.0,Germany,Female,49.0,4.0,96252.98,2.0,1.0,0.0,104263.82,0.0
527.0,France,Male,39.0,4.0,0.0,2.0,1.0,0.0,167183.07,1.0
455.0,France,Female,27.0,5.0,155879.09,2.0,0.0,0.0,70774.97,0.0
803.0,Germany,Male,34.0,4.0,142929.16,2.0,1.0,1.0,114869.56000000001,0.0
553.0,France,Male,32.0,7.0,64082.08999999999,1.0,0.0,0.0,109159.58,0.0
724.0,France,Female,28.0,5.0,0.0,1.0,1.0,0.0,59351.68000000001,0.0
610.0,France,Female,45.0,1.0,0.0,2.0,1.0,1.0,199657.46,0.0
559.0,Spain,Female,39.0,2.0,26513.075,2.0,1.0,1.0,121151.1,0.0
825.0,Germany,Female,35.0,6.0,118336.95,1.0,0.0,1.0,26342.330000000005,1.0
819.0,Spain,Female,8.962488269805908,8.0,17617.58377685547,1.0,1.0,1.0,49040.10402832031,0.0
772.0,Germany,Female,42.0,0.0,101979.16,1.0,1.0,0.0,90928.48,0.0
685.0,Spain,Male,23.0,5.0,164902.43,1.0,0.0,0.0,141152.28,0.0
506.0,France,Male,43.0,2.0,0.0,2.0,1.0,0.0,105568.6,0.0
642.0,Germany,Female,22.0,10.0,111812.51999999999,2.0,1.0,1.0,71198.01796875,0.0
627.0,France,Male,24.027606868743895,10.0,21828.6390625,2.0,1.0,0.0,66011.74375,1.0
600.0,Germany,Male,30.0,2.0,119755.0,1.0,1.0,1.0,21852.91,0.0
653.0,France,Male,46.0,0.0,119556.1,1.0,1.0,0.0,78250.13,1.0
304.4020172119141,Spain,Female,-3.7786354064941405,-51.772503519058226,119349.68999999999,3.0,1.0,1.0,59013.1015625,1.0
349.8997283935547,Spain,Female,30.0,3.0,139528.23,1.0,1.0,1.0,33230.37,0.0
756.0,France,Male,40.0,1.0,94773.11,1.0,1.0,0.0,114279.63,0.0
673.0,France,Male,31.0,1.0,108345.22,1.0,0.0,1.0,38802.03,0.0
637.0,France,Female,-33.06616077423096,9.0,166939.88,54.237695932388306,1.0,1.0,72504.76,0.0
644.0,France,Male,33.0,7.0,174571.36,1.0,0.0,1.0,43943.09,0.0
658.0,Spain,Male,35.0,9.0,18405.9013671875,7.321129274368286,1.0,1.0,68141.92,0.0
649.0,France,Female,36.0,8.0,0.0,2.0,0.0,1.0,109179.88999999998,0.0
603.0,France,Female,39.0,9.0,76769.68,1.0,0.0,0.0,48224.72,0.0
820.0,France,Male,39.0,1.0,104614.29,1.0,1.0,0.0,61538.43000000001,1.0
712.0,Spain,Male,27.0,10.0,0.0,1.0,1.0,0.0,94544.88,0.0
645.0,Germany,Female,31.0,1.0,128927.92999999998,1.0,1.0,1.0,2850.01,0.0
705.0,Germany,Male,31.0,9.0,110941.92999999998,2.0,1.0,0.0,163484.8,0.0
590.0,Spain,Female,29.0,10.0,99250.08,1.0,1.0,1.0,129629.41,0.0
631.0,France,Male,36.0,1.0,0.0,2.0,0.0,0.0,133141.34,0.0
604.0,France,Male,34.0,7.0,0.0,2.0,1.0,1.0,188078.55,0.0
44.98299789428711,Spain,Male,15.032464218139648,8.0,0.0,2.0,1.0,0.0,2703.78349609375,0.0
690.0,Spain,Female,30.0,5.0,0.0,2.0,0.0,1.0,76587.9890625,0.0
558.0,France,Male,31.0,7.0,0.0,1.0,1.0,0.0,198269.08,0.0
637.0,Germany,Male,51.0,1.0,104682.83,1.0,1.0,0.0,55266.96,1.0
648.0,Germany,Female,45.0,5.0,118886.55,1.0,0.0,0.0,51636.7,0.0
652.0,France,Male,46.55521774291992,8.0,44331.422265625,10.91673583984375,1.0,0.0,198251.52,1.0
808.0,Germany,Male,0.7441347122192383,3.0,124216.92999999998,1.0,0.0,1.0,171442.36,0.0
551.0,France,Female,26.0,2.0,144258.52,1.0,1.0,0.0,49778.79,0.0
711.0,Germany,Male,26.0,-27.05472128391266,128793.63,21.16548945903778,1.0,0.0,19262.05,0.0
467.0,Germany,Male,-13.843167114257813,-48.680124616622926,126315.25999999998,1.0,1.0,0.0,74811.64453125,1.0
789.0,Spain,Female,40.0,4.0,0.0,2.0,1.0,0.0,137402.27,0.0
602.0,Spain,Male,33.0,5.0,0.0,2.0,0.0,0.0,52618.7119140625,0.0
576.0,France,Male,39.0,1.0,0.0,2.0,1.0,1.0,68814.23,0.0
584.0,France,Male,38.0,1.0,115341.55,1.0,0.0,1.0,173632.92,0.0
593.0,France,Male,32.0,6.0,99162.29,1.0,1.0,0.0,128384.11000000002,0.0
705.0,Germany,Female,-1.897700881958008,1.0,156848.13,2.0,1.0,0.0,99475.95,1.0
595.0,Germany,Female,64.0,2.0,105736.32000000002,1.0,0.0,1.0,89935.73,1.0
699.0,Germany,Female,41.0,1.0,200117.76,2.0,1.0,0.0,94142.35,0.0
516.0,France,Female,46.0,6.0,62212.29,1.0,0.0,1.0,171681.86,1.0
838.0,France,Male,31.0,2.0,0.0,2.0,1.0,0.0,8222.96,0.0
587.0,France,Male,2.7216421127319337,10.0,0.0,2.0,1.0,0.0,170409.45,0.0
750.0,France,Male,38.0,5.0,151532.4,1.0,1.0,1.0,46555.15,0.0
581.0,Germany,Male,39.0,1.0,121523.50999999998,1.0,0.0,0.0,161655.55,1.0
484.0,France,Male,41.0,5.0,0.0,1.0,1.0,1.0,46651.3146484375,0.0
576.0,Spain,Male,26.0,8.0,0.0,2.0,0.0,1.0,34101.06,0.0
567.0,Germany,Female,46.0,-19.383660316467285,24683.762890625,10.335794639587402,1.0,1.0,109572.58,0.0
638.0,Spain,Male,30.0,-34.751152420043944,136808.53,2.0,0.0,1.0,106642.97,0.0
646.0,Germany,Male,24.0,0.0,92398.08,1.0,1.0,1.0,18897.29,0.0
658.0,France,Female,40.0,5.0,143566.12,1.0,1.0,1.0,189607.71,0.0
590.0,Spain,Female,38.0,9.0,22753.051416015624,2.0,1.0,1.0,60468.2080078125,0.0
425.22398071289064,Spain,Male,38.566990280151366,7.0,27027.496875,2.0,1.0,1.0,105279.74000000002,0.0
482.04293670654295,France,Female,34.0,9.0,0.0,2.0,1.0,0.0,167916.35,0.0
619.0,Spain,Female,38.0,10.0,119658.49000000002,1.0,1.0,1.0,8646.58,0.0
678.0,France,Female,34.0,6.0,0.0,2.0,1.0,1.0,124592.84,0.0
459.0,France,Male,26.0,4.0,149879.66,1.0,0.0,0.0,50016.17,0.0
671.0,France,Male,28.0,8.0,119859.51999999999,2.0,1.0,0.0,125422.66,0.0
501.0,Spain,Male,43.0,6.0,104533.24,1.0,0.0,0.0,79829.3875,1.0
394.87242431640624,Spain,Male,7.2899798393249515,-45.5992790222168,145382.61,1.0,1.0,0.0,80408.59,0.0
382.0025344848633,Spain,Female,37.0,6.0,121231.38999999998,1.0,1.0,1.0,146366.08,0.0
706.0,Spain,Male,24.0,2.0,141078.57,1.0,1.0,1.0,24402.87,0.0
763.0,Germany,Female,32.0,1.0,108465.65,2.0,1.0,0.0,60552.44,1.0
716.0,France,Male,39.0,1.0,70657.61,2.0,1.0,1.0,64486.5732421875,0.0
322.2617218017578,Germany,Male,40.0,3.0,120105.42999999998,1.0,1.0,0.0,92075.01,1.0
325.90892486572267,Germany,Male,55.0,4.0,129646.91,1.0,1.0,1.0,52939.7287109375,1.0
775.0,France,Female,30.0,10.0,191091.74,18.44907648451626,1.0,1.0,96170.38,0.0
544.0,France,Male,23.841963958740234,8.0,0.0,1.0,1.0,1.0,49623.85128173828,0.0
756.0,France,Male,27.0,8.0,0.0,2.0,1.0,1.0,157932.75,0.0
757.0,Germany,Female,43.0,5.0,7560.568310546875,2.0,1.0,1.0,3497.4299999999994,1.0
742.0,Germany,Male,33.0,1.0,137937.95,1.0,1.0,1.0,51387.1,0.0
591.0,France,Male,49.0,3.0,0.0,2.0,1.0,0.0,50123.44,0.0
667.0,France,Male,24.0,4.0,0.0,2.0,0.0,0.0,180329.83,0.0
787.0,France,Male,32.0,4.0,0.0,2.0,1.0,1.0,13238.929999999998,0.0
718.0,France,Female,43.0,0.0,93143.39,1.0,1.0,0.0,167554.86,0.0
521.0,France,Male,38.0,6.0,0.0,2.0,1.0,0.0,51454.06,0.0
607.0,Spain,Male,40.0,1.0,112544.45,1.0,1.0,1.0,19842.22,0.0
633.0,France,Female,34.0,3.0,123034.42999999998,2.0,1.0,1.0,38315.04,0.0
588.0,Spain,Male,37.0,2.0,0.0,2.0,0.0,1.0,187816.59,0.0
724.0,Germany,Female,33.0,9.0,119278.43999999999,1.0,1.0,1.0,82614.7796875,0.0
720.0,France,Male,44.0,4.0,0.0,2.0,1.0,0.0,163471.01,0.0
521.0,France,Male,39.0,7.0,0.0,2.0,0.0,1.0,653.58,0.0
368.0340881347656,France,Male,36.0,7.0,169312.72,1.0,1.0,0.0,45414.09,0.0
286.67371520996096,Germany,Female,33.0,3.0,106506.76999999999,3.0,1.0,0.0,45445.78,1.0
728.0,Spain,Female,43.0,8.0,128412.61000000002,1.0,0.0,1.0,139024.31,0.0
486.0,France,Male,62.0,9.0,118356.88999999998,25.96894588470459,1.0,0.0,168034.83,1.0
584.0,France,Male,42.0,3.0,137479.13,1.0,1.0,0.0,25669.1,0.0
687.0,Spain,Female,40.0,1.0,0.0,2.0,1.0,0.0,8207.36,0.0
771.0,Germany,Male,-19.257133197784423,3.0,105229.72,27.38309326171875,1.0,1.0,16281.679999999998,1.0
678.0,France,Male,41.0,2.0,148088.11,1.0,1.0,0.0,14083.12,0.0
751.0,France,Female,48.0,4.0,0.0,1.0,0.0,1.0,30165.060000000005,0.0
670.0,France,Male,33.0,8.0,126679.68999999999,1.0,0.0,1.0,39451.09,0.0
675.0,Spain,Male,31.0,2.0,90826.27,2.0,1.0,0.0,60270.87000000001,0.0
684.0,Spain,Male,24.0,8.0,143582.89,1.0,1.0,1.0,22527.27,0.0
637.0,France,Female,21.0,10.0,125712.2,1.0,0.0,0.0,175072.47,0.0
760.0,Spain,Female,32.0,2.0,0.0,1.0,1.0,1.0,114565.35,0.0
662.0,Spain,Male,37.0,4.0,155187.3,10.64933180809021,1.0,0.0,48930.8,0.0
680.0,France,Male,15.632220554351807,10.0,37244.537890625,2.0,1.0,0.0,187008.45,0.0
604.0,Germany,Male,40.0,5.0,155455.43,1.0,0.0,1.0,113581.85,0.0
764.0,France,Female,40.0,9.0,100480.53,1.0,1.0,0.0,124095.68999999999,0.0
521.0,France,Female,77.0,6.0,0.0,2.0,1.0,1.0,49054.1,0.0
232.52642211914062,France,Female,56.0,3.0,14105.2291015625,3.0,1.0,1.0,80593.49,1.0
795.0,France,Male,40.0,-49.470652961730956,101891.1,1.0,1.0,1.0,183044.86,0.0
38.53620529174805,France,Female,14.796080589294434,2.0081007957458494,0.0,2.0,1.0,1.0,1273.6178955078126,0.0
589.0,France,Male,38.0,4.0,0.0,1.0,1.0,0.0,95483.48,1.0
660.0,Spain,Female,28.0,3.0,128929.88,1.0,1.0,1.0,198069.71,0.0
646.0,Germany,Male,39.0,6.0,121681.91,2.0,0.0,1.0,61793.469999999994,0.0
706.0,Germany,Female,56.0,3.0,139603.22,33.166559886932376,1.0,1.0,86383.61,0.0
730.0,France,Female,27.0,7.0,0.0,2.0,1.0,0.0,144099.48,0.0
606.0,France,Female,36.0,10.0,0.0,12.919700717926025,0.0,1.0,155641.46,0.0
182.78739471435546,Spain,Female,36.0,10.0,91760.11,1.0,1.0,1.0,31149.45126953125,0.0
645.0,Germany,Male,41.0,2.0,93925.3,1.0,0.0,0.0,123982.13999999998,1.0
579.0,France,Female,38.0,4.0,175739.36,41.57385064661503,1.0,1.0,193130.55,0.0
481.0,France,Female,28.0,10.0,0.0,2.0,1.0,0.0,145215.96,0.0
492.0,Germany,Male,-25.065996074676512,9.0,170295.04,2.0,0.0,0.0,164741.81,0.0
454.79566650390626,France,Male,58.0,2.0,101579.28,1.0,1.0,1.0,72168.53,0.0
624.0,France,Male,55.0,-15.041946983337402,26208.45234375,1.0,1.0,0.0,95022.02,1.0
682.0,France,Male,44.0,3.0,115282.3,1.0,0.0,0.0,23766.4,0.0
701.0,Spain,Female,34.0,6.0,107980.37,1.0,1.0,0.0,119374.74000000002,0.0
718.0,France,Female,44.0,1.0,133866.22,1.0,0.0,1.0,139049.24,0.0
496.0,France,Female,34.0,1.0,38205.138671875,2.0,1.0,0.0,180844.81,0.0
543.0,Spain,Male,41.0,5.0,0.0,2.0,0.0,1.0,51378.6015625,0.0
616.0,Spain,Female,44.0,7.0,193213.02,2.0,1.0,1.0,137392.77,0.0
635.0,Germany,Male,53.0,8.0,117005.55,1.0,0.0,1.0,81056.903515625,1.0
652.0,Spain,Male,31.0,1.0,132862.59,1.0,0.0,0.0,158054.49,0.0
688.0,France,Male,26.0,0.0,0.0,2.0,1.0,0.0,105784.85,0.0
678.0,France,Female,49.0,3.0,204510.94,1.0,0.0,1.0,738.88,1.0
757.0,Germany,Male,36.0,1.0,65349.71,1.0,0.0,0.0,64539.64,0.0
667.0,France,Male,36.0,-42.49615669250488,139753.35,1.0,1.0,0.0,79871.16,0.0
489.8598182678223,France,Female,29.0,6.0,0.0,2.0,1.0,1.0,190776.83,0.0
632.0,Germany,Female,50.0,5.0,107959.38999999998,1.0,0.0,1.0,6985.339999999999,1.0
694.0,Germany,Male,38.0,5.0,195926.39,1.0,1.0,1.0,85522.84,0.0
803.0,France,Male,36.0,1.0,0.0,2.0,1.0,1.0,149370.93,0.0
814.0,France,Female,31.0,6.0,87772.52,1.0,1.0,0.0,188516.45,0.0
611.0,France,Male,38.0,4.0,71018.6,2.0,1.0,0.0,2444.29,0.0
755.0,Germany,Male,38.0,4.0,111096.91,1.0,1.0,1.0,19762.88,0.0
425.0,Germany,Male,40.0,9.0,166776.6,2.0,0.0,1.0,172646.88,0.0
850.0,France,Female,34.0,6.0,101266.51,1.0,1.0,0.0,33501.98,0.0
677.0,France,Male,18.0,8.0,30279.03515625,2.0,1.0,1.0,114858.9,0.0
797.0,France,Female,46.0,8.0,0.0,1.0,0.0,0.0,162668.33,0.0
692.0,Germany,Male,43.0,10.0,118588.83,1.0,1.0,1.0,161241.65,0.0
547.1595520019531,Germany,Male,28.0,5.0,160454.15,2.0,0.0,1.0,114957.22,0.0
609.0,France,Male,77.0,1.0,0.0,1.0,0.0,1.0,18708.76,0.0
700.0,France,Female,42.0,8.0,0.0,2.0,1.0,1.0,105305.72,0.0
526.0,Spain,Female,36.0,5.0,91132.18,1.0,0.0,0.0,58111.71,0.0
693.0,Spain,Female,9.906183886528016,9.0,25979.703125,2.0,1.0,0.0,76815.16015625,0.0
748.0,France,Female,20.0,7.0,0.0,2.0,0.0,0.0,10792.42,0.0
437.89494171142576,Spain,Male,36.0,8.0,0.0,2.0,0.0,1.0,123866.42999999998,0.0
739.0,Germany,Female,25.0,5.0,113113.12,1.0,1.0,0.0,129181.26999999999,0.0
784.0,Spain,Male,23.0,2.0,0.0,1.042327880859375,0.0,1.0,6847.729999999999,0.0
744.0,Germany,Male,0.702667236328125,7.0,190409.34,2.0,1.0,1.0,138361.48,0.0
645.0,France,Male,44.0,10.0,0.0,1.355658733844757,0.0,1.0,166707.22,0.0
101.92350921630859,France,Female,33.0,9.0,0.0,2.0,0.0,1.0,107221.03,0.0
615.0,France,Male,34.0,1.0,83503.11,19.910435009002686,1.0,1.0,73124.53,1.0
724.0,Germany,Female,-17.955744791030884,1.0,139687.66,2.0,1.0,1.0,12913.92,0.0
850.0,France,Female,47.0,9.0,137301.87,1.0,1.0,0.0,44351.77,0.0
625.0,Spain,Female,39.0,10.0,129845.25999999998,1.0,0.0,1.0,96444.88,0.0
635.0,Spain,Male,46.0,8.0,0.0,2.0,1.0,1.0,60739.16000000001,0.0
724.0,Germany,Male,37.0,-62.42810035943985,125489.4,1.0,1.0,0.0,118570.53,0.0
550.0,France,Male,47.0,2.0,0.0,2.0,1.0,1.0,97057.28,0.0
645.0,France,Male,45.0,6.0,155417.61,1.0,0.0,1.0,3449.22,0.0
714.0,Spain,Male,29.0,4.0,0.0,2.0,1.0,1.0,65764.5984375,0.0
520.0,France,Female,46.0,10.0,85216.61,12.06365146636963,1.0,0.0,117369.51999999999,1.0
633.0,France,Male,25.0,1.0,0.0,1.0,1.0,0.0,100598.98,0.0
537.0,France,Male,37.0,6.0,0.0,1.0,1.0,1.0,17802.42,0.0
764.0,Spain,Male,38.0,4.0,19143.6625,8.437971818447114,1.0,0.0,91094.46,0.0
795.0,Germany,Female,33.0,9.0,104552.72,18.158426094055176,1.0,0.0,88705.17734375,1.0
346.1695266723633,France,Male,44.0,9.0,0.0,2.0,1.0,0.0,107124.17,0.0
702.0,Spain,Male,44.0,9.0,0.0,1.0,0.0,0.0,59207.41000000001,1.0
740.0,Germany,Male,33.0,2.0,126524.11000000002,1.0,1.0,0.0,136869.31,0.0
479.0,France,Male,34.0,5.0,117593.48000000001,2.0,0.0,0.0,113308.29,0.0
627.0,Germany,Female,33.0,4.0,83199.05,1.0,0.0,0.0,159334.93,0.0
479.0,Spain,Male,35.0,4.0,125920.98000000001,38.00353317260742,1.0,1.0,20393.44,0.0
623.0,France,Male,48.0,5.0,118469.38,22.569803881645203,1.0,1.0,158590.25,0.0
512.0,Germany,Female,40.0,8.0,153537.57,2.0,0.0,0.0,23101.13,0.0
609.0,France,Male,41.0,6.0,0.0,1.0,0.0,1.0,112585.18999999999,0.0
557.2668151855469,France,Male,42.0,7.0,151027.05,2.0,1.0,1.0,119377.36000000002,0.0
833.0,France,Female,34.0,3.0,144751.81,1.0,0.0,0.0,166472.81,0.0
750.6324462890625,France,Male,-8.47812099456787,-44.10275993347168,155739.76,1.0,1.0,0.0,171552.02,0.0
611.0,France,Male,27.0,7.0,0.0,2.0,1.0,1.0,157474.1,0.0
583.0,France,Male,33.0,7.0,122531.86000000002,1.0,1.0,0.0,13549.24,0.0
718.6194702148438,Germany,Male,50.0,-71.45375308990478,113957.00999999998,2.0,1.0,0.0,196526.55,1.0
637.0,France,Female,33.0,7.0,103377.81,1.0,1.0,0.0,84419.78,0.0
683.0,France,Female,32.0,9.0,0.0,2.0,1.0,1.0,24991.92,0.0
774.0,France,Male,40.0,9.0,93017.47,2.0,1.0,0.0,191608.97,0.0
677.0,France,Female,6.76064784526825,1.0,90022.85,1.0,0.0,1.0,2988.28,0.0
741.0,Spain,Male,35.0,6.0,74371.49,1.0,0.0,0.0,70021.0125,0.0
498.0,Germany,Male,42.0,3.0,152039.7,1.0,1.0,1.0,53445.17,0.0
655.0,Germany,Female,46.0,7.0,137145.12,1.0,1.0,0.0,88419.1171875,1.0
613.0,France,Male,40.0,4.0,0.0,1.0,0.0,0.0,151325.24,0.0
602.0,Germany,Male,-5.0459980964660645,7.0,90602.42,2.0,1.0,1.0,51695.41,0.0
659.0,France,Male,45.03964738845825,6.0,19187.55927734375,2.0,1.0,0.0,96833.0,0.0
673.0,Germany,Male,47.0,1.0,183579.54,2.0,0.0,1.0,34047.54,0.0
606.0,Spain,Male,30.0,8.0,4374.946691894531,2.0,1.0,1.0,1914.4100000000003,0.0
180.9258605957031,France,Male,30.0,4.0,0.0,2.8271028280258177,1.0,0.0,49337.84,0.0
275.57953414916994,France,Male,28.0,4.0,0.0,2.0,1.0,1.0,179436.6,0.0
714.0,Germany,Male,33.0,3.0,35016.6,1.0,1.0,0.0,53667.08,0.0
597.0,France,Female,53.0,4.0,88381.21,1.0,1.0,0.0,69384.71,1.0
726.0,France,Male,36.0,2.0,0.0,1.0,1.0,0.0,195192.4,0.0
644.0,France,Male,28.0,7.0,155060.41,1.0,1.0,0.0,29179.52,0.0
800.0,France,Female,29.0,2.0,0.0,2.0,0.0,0.0,167773.55,0.0
771.0,France,Male,22.60910987854004,5.0,0.0,2.0,1.0,0.0,96270.64,0.0
516.0,France,Male,35.0,10.0,57369.61,1.0,1.0,1.0,101699.77,0.0
709.0,France,Female,36.0,7.0,0.0,1.0,0.0,1.0,42085.58,1.0
772.0,Germany,Male,42.0,3.0,75075.31,2.0,1.0,0.0,82065.1484375,1.0
792.0,France,Female,28.0,4.0,130142.79,1.0,1.0,0.0,38190.78,0.0
