"cat_Sex","con_Length","con_Diameter","con_Height","con_Whole_weight","con_Shucked_weight","con_Viscera_weight","con_Shell_weight"
"M",0.455,NA,0.095,NA,0.2245,NA,NA
NA,0.35,NA,NA,NA,NA,NA,NA
NA,0.53,0.42,NA,NA,0.2565,0.1415,NA
"M",NA,0.365,NA,NA,NA,NA,0.155
NA,0.33,NA,NA,0.205,0.0895,NA,NA
NA,0.425,NA,NA,0.3515,0.141,0.0775,NA
"F",0.53,NA,0.15,NA,NA,0.1415,0.33
NA,NA,NA,0.125,0.768,0.294,NA,0.26
NA,0.475,NA,NA,0.5095,NA,0.1125,NA
"F",NA,0.44,NA,NA,NA,NA,NA
NA,0.525,0.38,0.14,0.6065,NA,NA,NA
"M",0.43,0.35,0.11,NA,NA,NA,NA
"M",NA,NA,0.135,NA,NA,NA,NA
"F",0.535,NA,0.145,0.6845,0.2725,0.171,0.205
"F",NA,0.355,0.1,0.4755,0.1675,NA,NA
"M",0.5,0.4,0.13,0.6645,0.258,0.133,0.24
"I",NA,0.28,0.085,0.2905,0.095,NA,0.115
NA,NA,0.34,NA,0.451,NA,NA,NA
"M",NA,NA,0.08,NA,0.097,0.043,NA
NA,0.45,0.32,NA,0.381,NA,0.075,0.115
"M",0.355,NA,0.095,NA,0.0955,0.062,0.075
NA,NA,NA,NA,0.2255,0.08,0.049,0.085
"F",NA,0.44,NA,NA,NA,0.214,0.27
"F",0.55,NA,NA,NA,NA,NA,0.2
"F",0.615,0.48,NA,NA,0.513,NA,NA
NA,0.56,NA,NA,0.9285,NA,0.188,NA
NA,0.58,0.45,0.185,0.9955,0.3945,NA,0.285
"M",NA,NA,0.14,0.931,0.356,0.234,NA
"M",0.605,0.475,0.18,0.9365,NA,NA,0.295
"M",NA,NA,NA,NA,NA,0.227,NA
NA,0.58,0.47,NA,0.9975,NA,NA,NA
NA,NA,NA,NA,NA,0.6055,0.2805,0.46
NA,NA,NA,0.165,NA,NA,0.3575,NA
NA,0.68,NA,NA,NA,0.815,0.3925,0.455
"F",NA,0.55,NA,NA,0.633,NA,NA
NA,NA,NA,NA,0.4795,NA,NA,0.125
NA,0.54,NA,NA,NA,NA,NA,NA
NA,NA,0.355,NA,0.5225,0.237,0.1165,NA
NA,NA,0.445,NA,0.883,NA,0.2035,NA
NA,NA,NA,0.09,NA,0.134,NA,0.09
"F",NA,NA,0.105,NA,0.1865,0.091,NA
NA,NA,0.425,NA,NA,NA,NA,0.27
"I",0.24,NA,NA,0.07,NA,NA,NA
"I",NA,NA,NA,0.042,NA,0.015,0.012
"I",NA,NA,0.05,0.042,NA,0.0125,0.015
NA,0.39,0.295,0.095,NA,0.0875,NA,0.075
"M",NA,NA,0.12,0.5795,NA,0.227,0.14
"F",NA,0.375,NA,0.4605,0.1775,0.11,0.15
"I",NA,0.245,0.07,0.161,0.0755,NA,NA
"F",0.525,0.425,0.16,NA,NA,0.2135,0.245
"I",NA,NA,NA,NA,0.2385,0.111,NA
NA,NA,NA,0.095,NA,NA,0.06,NA
NA,NA,NA,0.13,NA,0.2595,NA,0.16
"F",NA,0.36,0.12,NA,0.2105,0.1055,NA
NA,NA,NA,0.1,0.385,NA,0.0915,0.11
NA,NA,NA,NA,NA,NA,0.1755,NA
NA,0.445,NA,0.12,NA,NA,0.0955,NA
"M",NA,NA,0.135,0.5895,0.2765,NA,NA
NA,0.245,0.19,0.06,NA,0.042,NA,0.025
NA,0.505,0.4,NA,0.583,NA,NA,NA
"M",NA,NA,NA,0.4115,0.18,NA,0.135
NA,0.505,0.405,0.11,NA,NA,0.16,0.175
"F",NA,NA,NA,0.6965,0.302,NA,NA
"M",NA,NA,0.095,NA,0.1705,NA,NA
"M",NA,0.4,0.12,NA,NA,NA,NA
"M",NA,NA,NA,NA,0.234,NA,0.135
NA,0.565,NA,0.16,NA,0.354,0.1935,NA
"F",0.595,NA,0.185,NA,0.416,0.224,NA
"F",0.475,0.39,NA,NA,0.2135,NA,0.17
"I",0.31,0.235,0.07,NA,0.063,0.0405,0.045
"M",0.555,0.425,NA,0.7665,NA,NA,0.275
"F",0.4,0.32,0.11,0.353,NA,NA,0.1
NA,0.595,0.475,NA,1.247,0.48,0.225,NA
"M",0.57,0.48,0.175,1.185,0.474,0.261,NA
"F",0.605,0.45,NA,1.098,0.481,NA,NA
NA,NA,NA,NA,1.0075,0.4425,NA,0.28
"M",NA,NA,NA,NA,NA,NA,NA
"F",0.6,0.47,NA,NA,NA,0.194,0.305
"F",NA,0.425,0.14,NA,0.282,NA,0.285
"F",0.615,NA,0.17,NA,NA,NA,0.345
"F",0.575,NA,0.14,NA,NA,0.252,0.285
NA,0.62,NA,NA,1.615,NA,NA,NA
"F",0.52,NA,NA,NA,0.396,0.225,NA
"M",NA,0.475,NA,NA,NA,0.234,NA
"M",0.58,NA,0.14,1.013,0.38,NA,0.36
NA,NA,0.465,NA,NA,NA,NA,NA
NA,NA,NA,0.14,NA,NA,0.205,0.4
NA,0.56,0.44,0.16,NA,0.3305,NA,NA
"F",0.46,NA,NA,0.517,0.2205,0.114,0.165
"F",0.575,0.45,NA,NA,0.3135,NA,NA
"M",NA,0.425,NA,NA,0.341,0.1675,NA
NA,0.555,0.44,0.15,0.755,NA,0.1525,0.26
NA,0.595,0.465,0.175,1.115,0.4015,0.254,NA
"F",NA,0.495,NA,1.262,0.507,NA,NA
"M",0.695,0.56,0.19,1.494,0.588,NA,NA
"M",0.665,NA,NA,NA,NA,0.388,NA
NA,NA,NA,NA,0.725,NA,0.1385,0.25
"M",NA,0.375,0.13,0.523,NA,NA,NA
"M",NA,NA,NA,NA,0.201,0.133,NA
"F",NA,0.375,NA,NA,NA,NA,0.155
"I",NA,NA,0.095,NA,0.105,NA,NA
NA,0.55,NA,NA,0.843,0.328,0.1915,NA
NA,NA,NA,0.16,0.883,NA,0.164,NA
"M",0.53,NA,NA,NA,NA,0.1675,0.205
NA,0.605,0.47,0.16,1.1735,0.4975,0.2405,0.345
NA,NA,NA,0.155,NA,0.291,0.1835,0.235
"F",0.545,NA,0.165,0.802,0.2935,0.183,0.28
"F",NA,0.4,0.125,0.6675,NA,0.1315,0.22
"F",0.51,NA,0.135,NA,0.231,0.179,0.2
"F",NA,NA,0.105,NA,NA,0.098,NA
"M",NA,0.395,NA,0.5415,0.2375,NA,0.155
"M",NA,NA,0.105,0.431,0.172,0.107,0.175
"I",NA,0.32,0.08,NA,NA,NA,NA
NA,NA,0.35,0.105,NA,0.13,NA,NA
"F",NA,0.41,0.125,NA,0.2975,0.146,0.21
NA,0.53,0.415,0.115,0.5915,NA,0.1585,0.18
NA,NA,NA,NA,0.6125,NA,0.102,0.22
"M",0.44,0.34,0.105,NA,NA,NA,0.165
"F",NA,NA,0.15,0.8825,0.3465,0.172,0.31
"M",NA,0.305,NA,0.2605,0.1145,0.0595,NA
NA,NA,0.365,0.105,NA,0.163,0.1035,NA
"I",NA,0.295,0.085,0.2535,NA,NA,0.085
NA,NA,0.425,0.14,NA,NA,0.1725,NA
NA,NA,0.265,NA,NA,NA,NA,NA
"I",NA,NA,0.08,NA,0.081,0.0505,NA
NA,NA,0.195,NA,NA,0.0285,0.0235,0.03
"I",0.375,NA,NA,NA,NA,0.0545,0.07
NA,NA,0.29,NA,NA,NA,0.061,NA
NA,NA,0.535,0.16,1.7255,0.63,NA,0.54
NA,NA,0.54,0.165,1.959,0.7665,NA,NA
"M",0.595,0.48,0.165,1.262,0.4835,NA,0.41
NA,NA,NA,NA,0.4035,NA,0.063,0.129
"F",0.325,0.26,NA,NA,NA,NA,NA
"I",NA,NA,NA,NA,0.086,NA,0.068
NA,0.265,0.2,0.065,NA,NA,0.0205,NA
NA,NA,0.33,0.115,0.406,0.1635,0.081,NA
NA,0.305,NA,NA,0.156,0.0675,0.0345,0.048
"M",0.345,0.255,NA,NA,0.094,NA,NA
NA,NA,0.325,NA,NA,NA,0.063,0.117
NA,NA,NA,0.095,NA,0.096,0.0575,0.0925
NA,0.565,0.445,0.155,0.826,NA,NA,0.2475
NA,NA,NA,NA,NA,NA,NA,0.2665
NA,NA,NA,0.19,1.3445,NA,NA,0.4465
NA,0.56,NA,0.155,0.797,NA,NA,NA
NA,NA,0.375,NA,0.5175,0.2075,0.1165,0.17
NA,NA,0.38,NA,NA,NA,NA,0.174
"M",0.46,0.35,NA,0.515,0.224,0.108,NA
NA,NA,NA,NA,0.127,0.052,NA,0.042
NA,NA,0.13,0.055,0.0315,NA,0.0065,NA
"I",NA,0.13,NA,NA,NA,NA,0.01
"M",0.59,NA,0.145,1.053,0.4415,NA,0.325
"F",NA,0.5,NA,1.1185,NA,0.2585,NA
"F",0.635,0.515,NA,NA,0.5065,NA,0.45
NA,NA,NA,NA,1.0565,NA,0.2355,NA
NA,0.565,0.45,0.135,0.9885,0.387,0.1495,0.31
NA,0.515,NA,0.13,0.722,NA,NA,NA
NA,NA,0.46,0.19,NA,NA,0.2425,NA
NA,NA,NA,0.215,NA,NA,0.2615,NA
NA,0.58,NA,NA,0.9075,0.374,0.2135,NA
"F",NA,0.46,0.165,1.124,NA,NA,NA
"M",0.605,0.465,0.165,1.056,NA,0.2475,NA
"F",0.605,0.485,0.16,NA,0.53,NA,0.28
NA,NA,0.485,NA,NA,NA,NA,NA
NA,0.725,NA,NA,NA,0.65,NA,NA
"F",NA,NA,0.23,1.752,0.5605,NA,0.815
"M",NA,0.57,NA,NA,NA,NA,NA
NA,0.725,0.575,NA,2.124,0.765,0.4515,NA
"F",NA,0.57,0.205,NA,NA,NA,0.65
"M",NA,NA,0.22,NA,NA,0.3085,0.76
"F",NA,0.515,0.175,NA,0.5125,0.409,NA
NA,0.695,NA,0.215,NA,0.7125,NA,0.59
"F",0.53,0.395,NA,0.775,0.308,NA,NA
"M",0.525,0.435,0.155,NA,0.486,NA,0.285
"F",NA,0.405,NA,0.776,NA,NA,NA
"I",NA,NA,NA,0.048,NA,0.018,NA
"I",NA,NA,NA,NA,NA,NA,NA
NA,NA,NA,0.06,NA,NA,NA,0.035
NA,0.315,NA,NA,0.1435,NA,NA,NA
NA,NA,0.16,0.045,0.0465,NA,NA,NA
NA,NA,NA,NA,0.97,NA,NA,0.35
"M",NA,NA,NA,0.9395,NA,0.2,NA
NA,NA,NA,NA,NA,NA,0.266,0.57
NA,NA,NA,NA,NA,NA,0.268,NA
"F",0.62,0.475,0.175,NA,0.4355,NA,0.325
"F",0.645,NA,0.2,NA,0.621,NA,NA
NA,NA,0.49,0.19,NA,0.5455,NA,0.355
"F",NA,NA,NA,NA,NA,NA,NA
"F",NA,0.5,NA,1.383,0.54,0.3315,NA
"F",0.63,NA,0.16,NA,0.5265,NA,NA
"F",NA,NA,0.17,NA,0.365,0.271,0.29
NA,0.615,NA,NA,1.1595,NA,NA,0.325
"M",0.61,NA,0.17,1.0225,0.419,0.2405,NA
"M",NA,NA,0.15,NA,NA,NA,NA
NA,NA,0.275,0.085,NA,NA,NA,NA
NA,0.51,NA,0.14,0.8145,0.459,NA,NA
"M",NA,NA,0.155,0.772,NA,NA,NA
"F",0.505,0.41,NA,0.644,NA,0.145,NA
NA,0.64,NA,0.185,NA,0.4445,NA,NA
NA,0.56,0.45,0.16,NA,0.432,NA,NA
NA,0.585,0.46,0.185,NA,0.3635,NA,NA
NA,0.45,NA,0.12,0.4165,NA,NA,0.135
"M",0.5,NA,0.165,0.825,NA,NA,NA
NA,0.5,0.4,0.145,0.63,0.234,NA,NA
"F",NA,NA,0.17,0.8155,NA,0.155,0.275
NA,NA,NA,NA,NA,0.171,0.071,NA
NA,NA,NA,NA,0.482,NA,NA,NA
NA,NA,NA,0.11,0.315,NA,NA,NA
"I",NA,0.34,NA,NA,0.1495,0.085,0.12
"F",NA,0.415,NA,0.8325,0.2755,NA,NA
NA,NA,NA,NA,NA,NA,NA,0.08
NA,0.49,NA,NA,NA,0.1995,0.1625,0.22
NA,NA,0.25,NA,NA,0.0755,NA,0.06
"F",NA,NA,0.105,NA,0.1595,NA,NA
NA,NA,NA,NA,NA,0.241,0.1355,NA
"F",NA,NA,NA,0.66,0.2475,0.128,0.235
"M",0.55,0.405,0.14,0.8025,NA,0.1635,0.255
NA,0.45,NA,NA,0.46,0.174,0.111,0.135
NA,0.405,NA,NA,0.324,0.1265,NA,NA
NA,NA,0.36,0.135,NA,NA,0.115,0.165
"F",0.415,NA,NA,0.32,NA,NA,NA
NA,NA,NA,0.125,NA,NA,NA,0.14
"F",0.47,NA,0.145,NA,0.187,0.1235,NA
NA,NA,NA,NA,0.5755,0.22,0.144,NA
NA,0.445,NA,0.15,NA,NA,0.125,NA
"I",0.425,0.38,NA,NA,0.1285,0.0785,0.1
"F",NA,0.37,0.135,0.45,0.1715,NA,NA
"F",NA,0.29,0.125,0.3055,0.121,NA,NA
NA,0.365,NA,NA,0.205,NA,0.0485,0.07
NA,0.58,0.465,0.165,NA,0.404,0.2095,NA
NA,0.53,0.415,NA,NA,NA,0.158,0.245
NA,NA,NA,0.135,NA,0.336,0.1625,0.275
"M",NA,0.44,NA,NA,0.31,NA,0.325
NA,0.625,NA,NA,1.4455,0.496,0.287,0.435
"I",NA,0.215,0.075,NA,0.0485,NA,NA
"I",0.44,NA,NA,NA,0.1815,0.083,0.125
"I",0.295,0.225,NA,NA,NA,0.032,NA
NA,0.075,NA,0.01,NA,0.001,NA,0.0015
"I",NA,NA,NA,NA,0.0045,NA,NA
NA,0.11,0.09,0.03,NA,NA,0.002,0.003
NA,NA,NA,NA,NA,0.0075,NA,NA
"M",0.565,NA,NA,0.9425,NA,NA,0.275
NA,NA,0.2,0.07,0.1,NA,NA,NA
NA,0.23,NA,0.065,NA,0.026,0.0105,NA
"I",0.3,NA,0.08,0.1275,0.0435,0.0265,NA
NA,NA,NA,NA,0.1655,0.063,NA,0.06
NA,NA,0.26,NA,NA,NA,0.0345,NA
"I",0.32,NA,NA,0.1585,NA,NA,NA
"I",NA,NA,0.085,NA,NA,NA,0.07
"I",0.305,NA,0.075,0.156,NA,NA,NA
"I",NA,NA,0.11,0.2135,0.082,0.0545,0.07
"I",0.33,NA,0.105,0.1715,0.0655,NA,NA
"M",NA,0.47,NA,1.1235,NA,NA,0.36
"F",0.595,NA,0.155,1.0605,NA,NA,0.3
"F",0.575,NA,NA,1.094,NA,0.217,0.345
"M",NA,0.495,0.165,1.2415,NA,NA,0.34
NA,0.56,0.45,NA,1.011,0.3835,NA,NA
"M",NA,0.45,NA,1.07,0.3805,NA,NA
NA,NA,NA,0.16,NA,0.341,0.1655,0.345
NA,NA,0.505,0.17,1.415,NA,0.297,NA
"F",0.59,NA,NA,1.1015,0.4775,0.2555,0.295
NA,NA,0.475,NA,0.928,NA,NA,NA
NA,0.57,NA,0.125,0.865,0.3675,0.1725,NA
"M",NA,0.42,NA,0.8945,NA,0.239,NA
"I",0.245,0.195,0.06,NA,0.0445,0.0245,NA
"M",NA,NA,0.08,0.1205,NA,0.028,NA
NA,0.46,0.38,0.13,NA,0.3,NA,NA
NA,NA,NA,0.15,NA,0.3615,0.186,0.235
NA,NA,NA,NA,NA,NA,0.0635,0.0905
"M",NA,0.39,0.15,NA,NA,0.0885,0.255
NA,0.45,NA,0.125,0.4995,NA,NA,0.17
NA,NA,NA,NA,NA,NA,0.2855,NA
NA,NA,0.5,0.2,NA,0.412,0.2705,0.37
NA,0.62,NA,0.205,NA,NA,0.2505,NA
"M",0.63,0.505,NA,NA,NA,NA,0.45
"M",NA,NA,NA,1.259,0.4105,0.197,0.41
"M",NA,0.54,NA,NA,NA,NA,0.585
NA,0.66,0.53,NA,1.3485,0.493,0.245,NA
NA,0.61,0.5,NA,1.642,0.532,0.3345,NA
NA,NA,NA,0.205,NA,NA,NA,NA
"F",0.515,NA,0.135,NA,0.2665,0.1605,NA
NA,NA,0.415,0.185,NA,0.314,NA,NA
NA,0.36,NA,NA,0.2415,NA,NA,0.075
NA,NA,NA,NA,NA,NA,0.104,0.15
NA,0.485,NA,0.14,NA,0.2285,NA,NA
NA,0.515,NA,0.175,NA,0.325,NA,0.31
NA,NA,0.415,NA,NA,NA,NA,0.285
"M",0.53,NA,NA,0.699,0.288,NA,0.205
NA,NA,0.4,0.155,0.6445,0.242,0.1325,0.205
NA,0.44,NA,0.125,0.4775,0.132,NA,0.19
"F",0.535,0.435,0.16,0.8105,0.3155,NA,0.24
NA,0.54,NA,0.18,0.996,0.3835,0.226,0.325
NA,NA,NA,NA,1.2765,0.501,NA,NA
"M",0.61,0.475,NA,NA,0.428,0.2205,NA
"F",NA,0.455,NA,NA,NA,0.207,NA
"M",NA,0.495,NA,NA,NA,0.19,NA
NA,0.295,0.215,NA,0.128,0.049,0.034,NA
"I",0.275,NA,NA,0.1105,0.045,NA,0.035
NA,NA,0.21,NA,0.1065,0.039,NA,NA
NA,NA,NA,NA,NA,0.2215,NA,0.15
"M",0.37,NA,NA,0.234,NA,0.0585,0.075
"F",NA,0.305,0.095,0.3485,NA,0.0895,0.1
NA,NA,0.435,NA,NA,NA,NA,NA
NA,NA,NA,0.1,0.252,NA,0.0595,NA
"M",NA,NA,0.1,NA,NA,NA,0.0715
"F",0.47,NA,0.13,NA,NA,NA,0.15
"I",NA,NA,0.06,0.037,0.0125,NA,0.011
NA,NA,0.12,NA,0.0215,NA,NA,NA
NA,NA,NA,0.24,1.5415,0.471,0.369,0.535
NA,0.55,NA,NA,NA,0.2505,0.1635,0.195
NA,0.57,NA,NA,NA,0.3925,NA,0.275
NA,0.63,0.485,NA,NA,NA,0.3055,NA
NA,0.56,NA,0.14,0.971,NA,0.2045,NA
"M",NA,0.455,NA,NA,NA,NA,0.345
"F",NA,0.47,0.2,NA,0.381,0.27,0.435
NA,NA,0.485,0.175,1.3,NA,0.2945,0.46
NA,0.45,0.355,0.11,NA,NA,0.067,0.14
NA,NA,NA,NA,1.242,0.576,0.2475,0.39
"M",0.45,NA,0.1,0.3675,0.1465,0.1015,0.12
"F",NA,0.455,0.155,NA,0.315,0.1385,NA
"I",NA,NA,NA,0.172,NA,NA,0.06
NA,0.265,0.21,0.06,0.0965,0.0425,0.022,NA
"I",0.19,NA,NA,NA,NA,0.0065,0.015
"M",NA,0.31,NA,0.2845,0.1065,NA,0.1
"I",0.265,NA,0.07,NA,0.039,NA,0.035
"M",0.335,0.265,NA,0.222,0.0935,NA,NA
"I",NA,NA,NA,0.251,0.097,0.053,NA
NA,NA,0.255,0.1,NA,0.073,NA,0.065
NA,0.51,NA,0.13,0.6435,0.27,0.1665,NA
"M",NA,NA,0.105,0.241,NA,NA,NA
NA,NA,0.28,0.09,0.2255,NA,NA,NA
"M",0.5,NA,0.155,NA,0.2135,0.161,NA
"F",NA,0.325,0.12,NA,0.134,0.0565,NA
"I",NA,0.22,0.08,NA,NA,NA,0.035
NA,NA,NA,NA,0.0705,NA,NA,0.02
"F",0.74,0.6,0.195,NA,NA,0.4085,0.71
NA,0.62,NA,0.19,1.3415,NA,0.3175,0.355
"M",NA,NA,0.19,1.0875,0.403,0.2655,NA
"M",NA,NA,NA,1.283,0.473,0.276,0.425
"M",NA,NA,0.185,1.325,NA,0.325,NA
"F",0.565,0.45,0.195,1.0035,0.406,0.2505,0.285
NA,NA,NA,0.145,NA,NA,0.2275,NA
"F",NA,0.51,NA,1.3475,0.4775,NA,NA
"M",0.62,NA,NA,1.274,NA,0.3065,0.32
NA,NA,0.375,NA,0.568,NA,0.1495,0.17
"F",NA,NA,NA,NA,0.3005,NA,NA
NA,0.49,NA,0.14,NA,0.2795,NA,NA
"F",NA,NA,NA,0.756,NA,0.173,0.275
NA,0.34,0.26,0.08,0.2,NA,0.0555,NA
NA,NA,NA,NA,0.2715,0.092,NA,NA
"M",0.61,0.48,NA,NA,NA,NA,0.28
NA,NA,0.495,NA,NA,0.536,0.2905,NA
NA,NA,NA,NA,NA,0.3325,NA,0.27
"M",0.57,NA,0.14,NA,0.4465,0.2065,NA
"M",NA,NA,NA,0.93,NA,NA,NA
"M",0.635,0.515,NA,NA,NA,0.286,NA
NA,0.7,NA,0.205,2.13,NA,NA,NA
NA,0.675,NA,0.185,1.587,0.6935,NA,NA
NA,NA,0.525,NA,NA,0.7035,NA,0.395
NA,0.745,0.585,NA,NA,NA,0.472,0.7
NA,0.685,0.545,0.18,1.768,NA,0.392,0.485
"M",0.605,NA,0.18,1.227,0.48,0.287,NA
"F",0.59,NA,0.15,NA,NA,NA,0.34
"F",0.65,NA,0.175,NA,NA,NA,0.445
NA,NA,0.48,0.15,1.029,0.4085,0.2705,0.295
"F",0.62,NA,0.175,1.186,0.4985,NA,0.35
"M",NA,NA,NA,NA,0.4215,0.244,NA
NA,0.58,NA,0.145,0.887,NA,0.1655,0.265
NA,NA,0.455,0.12,1.0735,0.479,0.2735,0.265
NA,NA,NA,NA,1.13,0.458,NA,NA
"F",NA,0.56,0.215,1.719,NA,0.299,0.47
NA,NA,NA,0.165,NA,0.6645,NA,NA
"F",NA,0.565,NA,NA,0.692,NA,0.5
NA,NA,NA,NA,NA,0.585,NA,0.6
NA,0.7,NA,0.17,NA,NA,NA,0.42
"M",0.685,0.52,0.15,1.343,NA,0.292,0.4
NA,0.675,0.545,0.195,NA,NA,0.3695,0.605
"M",0.63,NA,NA,NA,NA,0.3365,0.285
"F",NA,NA,NA,1.077,NA,NA,NA
NA,0.565,0.465,0.175,NA,NA,NA,0.37
"F",0.61,0.495,0.185,1.1085,NA,NA,0.33
"M",0.605,0.47,0.18,1.1405,0.3755,NA,0.385
NA,0.535,NA,NA,0.791,0.33,0.189,0.25
NA,0.485,0.4,0.135,0.663,0.313,0.137,0.2
NA,NA,NA,0.12,NA,NA,NA,NA
"M",NA,0.425,0.135,NA,0.373,NA,0.235
"F",NA,NA,0.105,0.4925,0.216,NA,0.135
"M",NA,0.42,NA,0.7385,0.3515,0.152,0.215
NA,NA,0.38,0.135,0.482,0.207,0.1225,0.145
"M",0.49,NA,0.125,0.609,0.239,0.1435,NA
NA,NA,0.375,NA,0.471,0.222,0.119,NA
"I",NA,0.325,0.1,0.3215,NA,0.0595,NA
"M",NA,0.375,0.125,NA,NA,0.115,0.18
NA,NA,NA,NA,NA,0.252,0.137,0.18
"I",0.365,0.295,0.095,NA,NA,NA,NA
"I",0.345,0.275,NA,0.1995,NA,NA,NA
"I",0.39,NA,NA,0.302,NA,0.064,0.115
"F",NA,0.395,0.14,0.7155,0.3165,NA,NA
NA,0.47,0.38,0.145,NA,0.2385,NA,NA
"M",0.535,NA,NA,NA,0.256,0.139,0.26
NA,0.585,NA,0.15,0.987,0.4355,0.2075,0.31
"F",NA,NA,0.12,0.5885,0.27,0.131,0.175
"M",0.515,0.455,0.135,0.7225,NA,0.1625,0.235
"F",0.435,0.325,0.11,NA,0.178,0.0985,0.155
NA,NA,0.415,0.14,NA,0.3115,0.152,NA
NA,0.44,0.345,0.12,NA,0.1655,NA,0.11
NA,0.525,NA,0.15,NA,NA,0.1985,NA
NA,0.45,NA,0.115,0.479,NA,NA,0.15
NA,0.59,NA,0.12,0.911,NA,NA,NA
NA,0.555,NA,0.145,NA,NA,0.246,NA
NA,NA,0.44,NA,0.827,NA,0.2215,0.235
NA,0.59,NA,NA,NA,0.4565,NA,0.34
"M",0.585,NA,0.12,NA,NA,0.2115,NA
"F",0.58,0.46,0.12,0.9935,NA,NA,NA
"M",0.545,NA,NA,NA,NA,0.1715,0.24
NA,0.605,0.495,NA,NA,NA,NA,0.39
NA,0.62,0.47,NA,NA,NA,NA,0.36
NA,0.63,0.5,NA,NA,0.5595,NA,NA
NA,NA,0.515,NA,NA,NA,0.349,NA
NA,0.63,NA,0.155,NA,NA,NA,0.36
NA,0.545,NA,NA,NA,NA,0.16,0.235
"F",NA,NA,0.165,NA,NA,NA,0.505
NA,0.49,NA,0.12,0.529,NA,NA,0.155
NA,NA,NA,NA,0.5785,NA,0.123,0.2
"I",0.29,NA,NA,0.101,0.036,0.0235,NA
"I",0.26,0.2,0.07,NA,0.037,0.02,0.03
"M",0.58,0.45,NA,1.068,0.425,NA,0.32
NA,NA,NA,0.165,NA,NA,NA,NA
NA,NA,0.5,NA,1.015,0.3995,0.1735,NA
NA,NA,NA,0.125,0.943,0.344,NA,NA
NA,NA,0.45,NA,NA,0.3775,NA,0.385
"F",0.57,NA,0.175,0.9555,0.38,0.1665,0.295
"M",NA,NA,NA,NA,0.4375,NA,0.325
NA,NA,NA,0.17,NA,NA,NA,NA
NA,0.545,0.42,NA,0.7505,0.2475,NA,0.255
NA,NA,NA,NA,NA,NA,NA,0.12
"M",NA,NA,0.15,0.662,NA,NA,NA
NA,NA,0.275,NA,0.217,0.084,NA,0.09
NA,0.385,NA,0.095,NA,NA,NA,0.09
"M",NA,NA,0.09,NA,0.143,0.0645,NA
NA,NA,NA,0.165,0.6885,NA,0.138,0.25
"I",0.36,0.275,0.11,0.2335,NA,NA,0.085
"I",NA,0.26,NA,NA,NA,0.0585,NA
"F",NA,NA,0.14,0.85,0.275,0.1625,0.285
NA,NA,0.295,0.1,NA,NA,0.0325,NA
"F",0.41,NA,NA,NA,NA,NA,NA
NA,NA,NA,0.19,NA,NA,NA,0.275
"M",0.565,0.435,0.185,NA,NA,NA,0.39
"M",NA,NA,NA,0.9265,NA,NA,0.375
NA,0.605,0.5,NA,1.098,0.4765,0.232,0.375
"F",NA,0.455,NA,NA,NA,0.159,0.26
"M",NA,NA,0.215,NA,0.6975,NA,NA
NA,0.675,0.535,NA,1.41,NA,NA,NA
"F",NA,0.555,0.195,1.4385,NA,NA,0.36
NA,NA,NA,0.155,NA,NA,NA,NA
"F",NA,NA,NA,1.2915,NA,0.3045,NA
NA,0.575,NA,0.14,NA,0.3485,0.1735,0.24
NA,NA,0.54,NA,NA,0.51,0.259,0.39
"I",0.36,0.28,0.105,NA,NA,NA,0.08
NA,0.415,NA,NA,NA,0.123,NA,NA
NA,0.525,0.41,NA,NA,NA,NA,NA
"M",NA,0.285,NA,NA,NA,0.061,NA
"F",0.585,0.465,0.17,0.9915,NA,0.224,0.265
"I",NA,0.185,0.07,0.0715,NA,NA,0.025
"I",0.22,NA,0.055,0.0545,0.0215,0.012,NA
NA,0.255,0.195,0.07,NA,NA,NA,NA
NA,0.175,NA,0.05,NA,0.008,NA,NA
"F",NA,0.55,0.19,1.3905,NA,NA,0.4
NA,NA,NA,NA,NA,NA,NA,0.41
NA,0.68,0.55,0.21,1.7445,NA,NA,0.625
NA,NA,NA,0.2,1.4385,NA,NA,0.465
"F",0.53,NA,NA,NA,0.313,NA,0.2185
NA,0.515,0.405,0.12,0.646,NA,NA,0.177
NA,NA,NA,NA,NA,0.151,NA,NA
NA,NA,NA,NA,NA,NA,NA,0.181
"F",NA,0.415,0.16,NA,NA,0.1455,NA
"M",NA,0.415,NA,0.7395,0.261,0.1395,NA
NA,0.465,NA,NA,NA,0.1565,NA,0.1345
"M",NA,0.54,NA,NA,0.4955,0.254,0.415
NA,NA,NA,0.225,1.756,0.637,NA,NA
"M",NA,0.545,NA,NA,NA,NA,NA
NA,0.7,NA,NA,NA,0.7055,NA,0.475
NA,0.575,0.4,NA,0.9325,0.3605,0.2445,NA
"M",0.57,NA,NA,0.849,NA,NA,NA
"F",NA,0.46,0.15,0.9955,NA,0.212,0.26
"M",NA,0.48,0.145,NA,NA,0.237,0.305
NA,NA,NA,0.14,NA,NA,0.1615,0.315
"M",NA,0.45,0.13,NA,0.378,0.2385,NA
NA,0.625,0.515,NA,1.2415,0.5235,0.3065,0.36
NA,0.54,NA,0.135,0.8075,NA,0.1795,NA
"F",0.57,0.455,0.165,1.0595,NA,0.2195,0.285
"M",NA,0.455,0.145,1.073,NA,NA,0.285
"M",NA,NA,NA,NA,NA,NA,0.29
"F",NA,NA,NA,NA,NA,NA,0.41
NA,0.655,0.53,NA,1.2635,NA,0.2635,NA
"M",NA,NA,NA,1.369,NA,0.2185,NA
"F",NA,0.5,0.15,NA,NA,NA,0.305
"F",0.64,0.52,0.175,1.248,0.4245,0.2595,NA
"F",0.605,NA,NA,1.0105,0.435,0.209,NA
NA,NA,NA,NA,1.0385,NA,0.2315,0.345
NA,0.555,NA,0.175,0.874,NA,0.202,NA
NA,NA,0.44,NA,0.854,0.3665,0.1635,0.245
NA,0.62,0.52,0.225,NA,0.378,NA,NA
NA,NA,NA,NA,1.115,NA,0.2145,0.36
"F",0.6,NA,0.19,1.129,0.4385,0.256,NA
NA,0.625,NA,NA,1.1745,NA,NA,0.42
NA,0.6,NA,NA,1.105,0.4865,0.247,0.315
"M",0.56,NA,0.235,NA,0.3325,0.157,NA
NA,NA,0.455,0.225,1.055,0.3815,0.221,NA
"M",0.56,NA,NA,NA,NA,0.204,NA
NA,NA,0.445,NA,NA,0.3005,NA,0.275
"I",NA,NA,NA,NA,NA,0.245,0.34
"F",NA,NA,0.14,NA,NA,NA,0.135
NA,NA,NA,0.145,0.6725,NA,NA,0.21
NA,0.31,NA,NA,NA,NA,0.0365,NA
"F",0.275,0.195,NA,NA,NA,0.0215,0.025
"M",NA,0.195,0.08,0.1,0.0385,0.0195,0.03
"M",NA,NA,NA,NA,0.1115,0.0575,NA
NA,NA,NA,NA,NA,0.033,NA,NA
NA,0.325,NA,NA,0.147,0.06,0.034,NA
"F",0.345,NA,NA,0.203,0.078,NA,NA
"M",0.21,0.15,0.05,NA,0.0155,0.0085,0.01
NA,0.36,NA,0.09,0.1885,0.0845,NA,NA
"I",0.365,0.26,NA,NA,NA,NA,NA
NA,NA,NA,0.055,0.035,0.0145,NA,0.01
NA,NA,NA,0.06,0.0545,0.0265,NA,NA
NA,0.175,0.125,0.04,0.024,0.0095,NA,0.005
NA,NA,0.11,NA,NA,0.0065,0.003,NA
NA,0.57,0.445,0.155,0.733,NA,0.159,0.235
NA,NA,NA,0.16,NA,0.3965,NA,0.26
"M",NA,0.3,0.095,0.24,NA,0.059,NA
NA,NA,0.42,0.185,NA,0.299,NA,NA
NA,0.46,NA,0.13,0.458,NA,NA,0.13
NA,0.47,NA,NA,0.4705,0.1845,NA,0.155
"F",0.435,0.335,NA,NA,NA,0.086,0.11
"I",NA,0.37,0.14,0.4985,NA,NA,NA
"I",0.465,NA,NA,0.454,NA,NA,0.155
NA,0.52,0.405,NA,NA,0.2,0.145,NA
NA,NA,0.23,0.075,NA,0.043,0.0255,NA
"M",NA,NA,0.07,0.094,NA,0.02,0.0325
"F",NA,0.29,0.115,0.2705,0.093,NA,0.0885
NA,0.5,NA,NA,0.604,NA,0.1415,NA
"F",NA,NA,NA,0.415,NA,NA,0.131
"M",NA,NA,NA,0.2885,NA,NA,0.1135
"M",0.445,NA,NA,NA,NA,0.0695,0.117
NA,NA,0.29,NA,NA,0.099,0.051,NA
NA,NA,NA,NA,0.1555,0.0585,0.038,0.049
"M",0.255,0.195,0.065,NA,0.0315,NA,NA
"M",NA,NA,0.045,NA,0.017,0.0055,NA
NA,NA,0.45,NA,0.795,NA,NA,NA
"I",NA,0.425,NA,NA,0.3695,0.2005,NA
"I",0.65,0.515,NA,1.1625,NA,NA,0.33
NA,0.615,0.49,0.155,0.9885,0.4145,0.195,0.345
"I",NA,NA,NA,NA,NA,NA,0.25
"I",0.48,NA,NA,NA,0.2075,NA,NA
"I",0.485,NA,NA,NA,0.287,0.141,NA
"I",0.5,0.385,NA,NA,0.2605,NA,NA
"I",NA,0.405,0.15,0.795,NA,0.205,NA
NA,0.66,NA,NA,1.1905,0.4585,0.298,NA
NA,NA,NA,NA,NA,NA,NA,0.44
"I",0.52,0.4,0.145,0.66,NA,NA,NA
NA,NA,NA,0.105,NA,NA,0.0805,0.1175
NA,NA,0.4,0.12,NA,NA,NA,NA
"F",0.475,0.35,NA,0.452,0.1715,0.092,NA
"F",0.545,NA,0.15,0.7335,NA,0.163,NA
"F",NA,0.355,0.13,NA,0.2005,0.126,NA
NA,NA,0.255,NA,NA,0.0705,0.0385,0.06
NA,0.485,NA,NA,0.581,0.245,NA,NA
"I",NA,0.33,0.125,0.406,0.1685,0.1055,0.096
"M",0.28,NA,0.08,NA,NA,NA,NA
"F",0.41,NA,0.115,0.387,0.165,NA,0.0985
NA,NA,NA,NA,0.474,NA,0.109,0.1275
"I",0.45,0.345,0.135,0.443,NA,0.0875,NA
"F",0.59,NA,0.155,1.066,0.382,NA,NA
"F",0.57,0.44,NA,0.9535,NA,NA,0.305
"I",0.61,NA,NA,0.9665,NA,NA,0.345
"F",NA,NA,0.14,1.133,0.5275,NA,0.35
NA,0.56,0.425,0.14,0.9175,NA,NA,NA
NA,0.585,NA,0.175,0.982,NA,NA,NA
NA,NA,0.445,0.15,NA,NA,NA,0.255
NA,0.63,NA,NA,NA,NA,NA,0.515
NA,0.625,NA,NA,1.233,0.5565,0.247,0.365
"I",NA,0.425,NA,NA,NA,NA,NA
NA,0.645,0.525,0.19,1.4635,NA,0.3435,NA
"I",NA,NA,0.14,NA,0.216,0.133,NA
"F",0.41,0.305,NA,0.363,0.1735,NA,NA
NA,NA,NA,NA,0.6655,0.284,0.162,NA
NA,NA,0.425,0.17,NA,0.28,NA,NA
NA,NA,0.41,NA,NA,NA,0.1905,NA
NA,0.45,NA,0.14,0.4625,0.164,NA,0.15
NA,0.405,NA,NA,0.3095,0.138,NA,NA
"I",NA,0.4,0.15,0.745,NA,NA,NA
"F",0.37,NA,0.115,0.25,0.111,0.057,NA
NA,0.525,0.41,0.175,0.874,0.3585,NA,0.205
NA,0.66,0.52,NA,NA,0.526,NA,NA
"M",NA,NA,NA,0.6995,0.2575,NA,0.24
NA,0.575,NA,0.18,NA,0.3015,NA,0.3
"F",NA,NA,NA,NA,0.2565,NA,NA
"I",NA,0.47,0.14,0.939,NA,0.201,0.32
NA,NA,NA,NA,1.054,0.369,NA,0.36
"F",0.56,NA,NA,NA,NA,NA,0.335
"I",0.535,NA,0.145,0.926,0.398,0.1965,0.25
NA,NA,NA,0.11,NA,0.1225,0.0635,0.0835
"F",0.39,0.3,0.1,NA,NA,0.06,0.0865
"I",0.47,0.345,NA,NA,NA,NA,NA
"I",0.515,0.39,0.14,NA,NA,0.1135,0.2235
"I",NA,NA,0.125,0.425,0.16,NA,0.154
"M",NA,0.27,NA,0.195,NA,0.0455,NA
"I",NA,NA,NA,0.458,NA,0.113,NA
"M",0.37,NA,0.1,0.228,NA,NA,NA
NA,0.35,NA,NA,0.1775,0.0575,NA,0.068
NA,NA,0.345,0.17,0.4085,0.15,NA,0.1515
NA,NA,NA,NA,NA,0.01,0.008,0.012
"M",NA,NA,0.075,0.155,NA,NA,0.06
"I",NA,0.37,0.125,0.4775,0.185,NA,0.169
NA,0.45,NA,0.145,NA,NA,0.1,0.1655
"M",NA,NA,0.135,NA,0.128,0.07,NA
"F",NA,NA,0.14,0.433,0.1525,0.095,0.152
"M",NA,0.24,NA,NA,0.0655,0.047,NA
NA,NA,NA,0.075,NA,NA,NA,0.044
"M",0.235,0.17,0.055,NA,0.018,NA,0.0195
NA,NA,NA,NA,0.169,0.06,NA,NA
NA,0.485,0.38,0.14,0.673,NA,NA,NA
NA,0.5,0.385,0.115,NA,0.2945,NA,NA
"F",0.5,NA,0.105,NA,NA,0.1095,0.17
"I",NA,0.36,0.105,0.498,NA,NA,0.14
NA,NA,NA,0.16,NA,0.2655,0.1125,0.225
NA,NA,NA,NA,NA,0.1205,0.061,0.125
"F",NA,0.305,NA,NA,0.1255,NA,NA
NA,0.53,0.415,NA,0.944,NA,0.185,NA
"M",0.34,0.265,0.085,NA,0.077,NA,NA
"I",0.475,NA,0.115,NA,NA,0.1235,NA
NA,NA,NA,NA,0.391,0.1555,NA,NA
NA,NA,NA,NA,NA,0.1895,NA,0.158
NA,NA,NA,NA,0.5225,0.198,NA,0.165
NA,0.36,NA,NA,0.2105,0.066,0.0525,0.075
NA,NA,0.265,NA,0.168,0.05,0.041,0.063
"M",NA,0.235,NA,0.258,0.1055,0.054,NA
"M",0.355,0.26,NA,NA,NA,0.0485,NA
"I",NA,0.345,0.12,NA,0.1965,0.108,NA
"F",0.51,NA,0.13,0.5735,0.219,0.1365,0.195
NA,0.325,NA,0.085,NA,0.0795,0.038,NA
"I",NA,NA,0.18,NA,NA,0.2655,0.39
NA,0.59,NA,NA,NA,0.358,0.156,NA
NA,0.33,NA,NA,0.1875,0.0735,0.045,0.06
"M",NA,NA,0.13,0.3715,NA,NA,0.105
"I",NA,0.33,NA,NA,0.12,NA,0.105
"M",NA,NA,0.075,NA,0.045,NA,0.035
NA,0.48,NA,0.145,0.777,0.216,0.13,0.17
NA,0.46,0.35,NA,NA,0.193,NA,NA
"F",0.475,0.36,0.125,0.447,NA,0.081,NA
NA,NA,0.18,NA,0.079,NA,NA,NA
NA,NA,NA,NA,0.1665,0.0595,NA,NA
NA,0.47,NA,NA,0.466,0.1845,0.099,NA
"M",0.31,0.225,0.08,NA,NA,0.024,0.05
NA,NA,0.28,0.11,0.2305,NA,0.0465,NA
"M",NA,NA,NA,0.129,NA,0.0295,NA
"F",0.555,NA,0.165,NA,NA,0.2315,0.295
NA,0.615,0.515,0.17,NA,NA,NA,NA
"I",NA,NA,NA,NA,0.5305,NA,0.41
NA,NA,NA,NA,0.9585,NA,0.1615,0.33
NA,0.65,NA,0.18,1.626,NA,NA,NA
"I",NA,NA,0.17,0.781,NA,0.1555,0.295
"F",NA,NA,NA,0.3675,0.146,NA,NA
NA,0.38,NA,NA,NA,0.1045,0.0615,0.09
"I",NA,NA,0.12,NA,NA,NA,0.16
NA,NA,0.295,NA,NA,0.078,0.054,0.08
NA,0.455,NA,NA,0.4835,0.1815,0.144,NA
"F",NA,NA,0.15,0.605,NA,0.14,0.18
"M",NA,NA,NA,0.9175,NA,0.243,NA
NA,0.45,NA,0.145,NA,NA,0.123,0.175
"M",0.475,NA,NA,0.6175,NA,NA,0.215
"F",NA,NA,0.155,NA,NA,0.143,NA
NA,NA,0.41,0.165,0.8115,0.24,NA,0.24
NA,NA,0.39,0.15,NA,0.225,NA,0.17
NA,0.49,0.385,0.15,NA,NA,NA,0.24
"F",NA,NA,NA,0.64,NA,NA,0.245
NA,NA,0.415,NA,0.74,NA,0.168,0.245
NA,NA,0.375,0.115,0.5945,0.185,0.148,0.19
NA,0.45,0.38,NA,0.8165,NA,NA,NA
NA,0.37,0.275,NA,NA,NA,0.026,0.08
NA,NA,0.275,NA,0.2295,NA,0.0465,0.07
NA,0.485,NA,NA,0.5725,NA,NA,0.175
NA,0.435,NA,0.115,0.3915,NA,NA,0.12
NA,NA,NA,0.185,0.8345,0.3175,NA,0.29
"M",NA,0.4,NA,0.6515,NA,0.1665,NA
NA,0.565,0.44,NA,NA,NA,0.2325,NA
"F",NA,NA,0.15,0.8045,0.3345,NA,0.21
"F",NA,0.405,0.125,0.927,0.26,NA,NA
NA,NA,NA,0.17,0.7305,0.279,NA,0.195
"M",0.59,NA,NA,0.9555,0.366,NA,0.295
NA,0.5,0.375,NA,NA,NA,0.145,0.19
"I",NA,NA,0.075,0.0865,NA,NA,0.025
NA,NA,NA,0.115,NA,NA,0.1065,NA
"M",0.38,NA,0.12,NA,0.1175,0.0655,NA
"I",0.165,NA,0.02,NA,NA,NA,0.005
NA,0.315,NA,NA,0.1285,0.043,NA,NA
NA,0.155,NA,0.05,0.0175,0.005,0.0035,NA
NA,NA,NA,NA,0.1165,NA,NA,NA
NA,NA,NA,0.12,NA,0.155,NA,0.14
"F",0.395,NA,0.105,0.3515,0.1185,0.091,NA
NA,0.385,0.285,0.105,NA,NA,0.0685,NA
"F",0.48,NA,0.135,NA,0.1895,NA,NA
"F",0.445,NA,NA,0.4525,0.18,NA,0.123
NA,NA,0.295,0.115,0.316,NA,NA,NA
NA,0.4,0.3,NA,0.417,0.191,NA,0.1175
NA,NA,NA,NA,0.417,0.1535,0.1015,0.144
NA,NA,0.25,0.09,NA,NA,0.037,0.0795
NA,0.345,0.26,0.09,NA,0.0775,0.0435,NA
NA,0.36,NA,0.13,NA,NA,0.057,NA
"I",NA,0.225,0.09,0.1105,0.0405,NA,0.032
NA,0.325,0.25,0.08,NA,NA,NA,NA
"M",0.375,NA,0.1,0.2465,NA,NA,NA
NA,NA,NA,0.055,NA,NA,0.0275,NA
NA,NA,NA,NA,NA,NA,0.053,0.0695
"M",0.35,0.255,NA,0.1915,0.08,0.0385,0.063
"I",0.275,0.2,0.065,NA,0.0475,0.0205,0.03
NA,0.29,NA,0.07,0.0975,NA,0.019,0.035
"I",0.25,0.19,NA,0.0765,0.036,NA,0.0245
NA,0.18,0.125,NA,0.0265,0.0095,0.0055,0.0085
"I",0.15,NA,0.025,NA,0.0045,0.004,0.005
NA,0.16,NA,NA,0.018,NA,0.0055,0.005
NA,0.555,0.455,NA,1.0575,NA,0.228,0.293
"M",0.555,0.44,0.15,NA,NA,0.212,0.4405
"M",0.525,0.41,0.13,0.99,NA,NA,NA
NA,0.465,NA,0.08,0.488,NA,NA,0.155
NA,NA,0.36,0.11,NA,0.161,NA,0.195
NA,0.4,NA,0.085,0.297,NA,NA,NA
NA,NA,0.375,NA,0.525,NA,0.1195,0.155
NA,0.505,NA,0.125,0.77,0.2735,NA,NA
"F",NA,NA,NA,0.6515,0.261,NA,0.165
NA,NA,0.4,NA,NA,NA,0.1825,NA
"M",NA,0.42,0.13,NA,0.374,NA,NA
"M",NA,0.4,0.12,0.823,0.298,0.1805,NA
"M",0.505,NA,0.13,0.656,0.227,NA,0.22
"M",NA,NA,0.12,0.8665,NA,NA,0.29
"M",NA,NA,NA,0.6565,0.262,NA,0.175
"M",0.52,NA,NA,0.669,0.2385,0.172,0.205
NA,0.52,NA,NA,0.6435,0.2415,0.1735,NA
"M",NA,0.41,NA,0.862,0.2855,0.1525,NA
NA,0.445,0.345,NA,NA,NA,0.074,NA
NA,0.53,0.44,NA,0.835,0.32,NA,NA
NA,0.36,NA,NA,NA,NA,NA,NA
"F",0.535,NA,NA,0.7365,NA,0.186,0.215
NA,NA,NA,0.14,NA,NA,0.183,0.26
"M",0.53,0.415,0.13,0.8425,0.275,NA,0.265
"F",0.53,NA,0.13,1.001,NA,0.226,0.265
"F",0.66,NA,0.2,NA,NA,0.4805,NA
"M",0.52,0.385,0.14,NA,0.2485,0.2035,NA
NA,NA,NA,0.13,NA,0.301,NA,0.28
"M",NA,0.515,NA,NA,0.578,NA,0.39
NA,NA,0.39,NA,0.612,NA,NA,0.195
"M",0.485,0.355,NA,0.547,NA,NA,NA
"F",0.605,0.46,NA,1.122,0.347,0.3045,0.315
"F",NA,NA,NA,1.1365,NA,0.3005,NA
NA,NA,0.515,NA,NA,0.5295,NA,0.525
NA,0.62,NA,0.185,1.5275,0.69,NA,0.35
NA,NA,0.525,NA,1.1375,0.367,0.236,NA
"F",NA,NA,NA,1.437,NA,0.2655,0.41
NA,0.57,NA,NA,NA,NA,NA,0.27
"M",NA,0.43,NA,1.0615,0.348,0.167,NA
"M",NA,0.405,0.15,1.2565,0.435,NA,0.325
NA,NA,NA,NA,0.946,0.313,NA,NA
"F",NA,NA,0.135,0.959,0.2385,0.221,NA
"M",0.64,0.51,NA,1.613,0.6215,0.361,0.47
NA,NA,0.47,NA,1.153,0.403,NA,NA
NA,0.545,0.45,0.15,NA,0.3365,0.1905,0.3
"F",NA,0.445,0.13,1.1325,0.3825,NA,NA
NA,0.345,0.27,NA,0.197,0.0665,NA,NA
NA,0.55,NA,0.155,NA,0.289,NA,0.233
"F",0.53,0.425,NA,0.949,0.3485,0.2395,NA
"F",NA,NA,NA,0.9805,0.3155,NA,NA
NA,0.485,NA,NA,NA,NA,0.123,0.17
NA,0.385,NA,NA,NA,0.0975,NA,NA
"M",NA,0.34,NA,NA,0.1675,0.158,NA
NA,NA,NA,NA,NA,NA,0.167,0.185
"M",NA,0.41,NA,NA,NA,0.17,0.31
NA,NA,0.385,0.145,0.6775,0.236,0.179,NA
NA,0.49,0.38,NA,0.6385,0.2305,0.142,NA
"M",NA,0.35,0.14,0.5755,0.2015,NA,NA
NA,NA,0.36,0.145,0.537,0.1725,0.1375,0.195
"M",NA,0.41,NA,NA,0.3505,0.237,0.3
"M",0.505,0.385,NA,0.6415,NA,NA,0.215
"M",NA,0.435,0.145,NA,NA,NA,NA
"I",0.385,NA,NA,0.244,NA,0.038,0.085
NA,0.215,NA,NA,NA,0.021,NA,NA
NA,NA,NA,0.175,NA,NA,NA,0.2905
"F",NA,NA,0.13,NA,0.1975,0.13,NA
NA,NA,0.385,0.135,0.709,NA,0.1375,NA
"F",NA,NA,0.16,0.644,0.2475,NA,NA
NA,0.6,0.465,NA,NA,0.309,NA,0.262
NA,NA,NA,0.16,NA,0.3145,NA,NA
NA,0.485,NA,NA,0.556,0.1925,NA,NA
"M",NA,NA,NA,NA,0.1915,0.1285,0.1625
NA,NA,0.45,0.165,NA,0.3275,0.225,0.256
"M",NA,0.465,0.16,NA,0.315,NA,0.3635
NA,NA,0.405,0.145,0.695,0.215,0.1635,0.234
"M",0.53,0.41,0.155,NA,0.2805,NA,0.214
"M",NA,NA,NA,0.394,NA,0.096,0.122
NA,0.52,0.42,NA,NA,NA,NA,NA
"F",0.425,NA,0.11,0.3665,0.125,NA,0.117
"M",NA,0.34,0.135,NA,NA,NA,NA
NA,NA,0.335,0.125,0.349,NA,0.1055,NA
"M",NA,0.33,0.13,0.4405,0.152,0.0935,0.155
NA,0.37,NA,0.1,NA,0.094,0.045,0.065
"M",NA,NA,0.135,0.6615,NA,NA,NA
NA,0.405,0.305,0.12,NA,NA,0.0905,NA
NA,0.28,NA,NA,0.1015,NA,0.03,0.03
"F",NA,0.4,0.125,0.759,0.2125,0.179,0.24
"F",0.44,0.34,NA,NA,0.153,NA,NA
"F",NA,NA,NA,NA,0.2855,NA,NA
NA,0.505,0.405,0.14,0.875,0.2665,NA,0.285
NA,NA,0.365,0.13,NA,0.165,0.1315,NA
NA,0.235,0.175,0.055,NA,0.027,0.0125,NA
NA,NA,NA,0.06,NA,0.0365,0.021,0.023
NA,0.315,0.24,0.085,NA,0.071,NA,0.0535
NA,0.325,NA,NA,NA,NA,0.0345,NA
NA,NA,NA,0.08,NA,0.0735,0.04,NA
NA,0.35,0.27,NA,0.2055,0.075,0.0575,NA
"I",NA,NA,0.07,NA,0.0655,0.048,NA
"I",NA,NA,0.085,0.27,NA,0.064,0.0745
NA,0.365,NA,NA,0.24,0.108,0.0445,NA
NA,NA,NA,0.14,NA,NA,0.0455,NA
NA,NA,NA,NA,0.1375,NA,NA,0.0605
NA,0.385,0.29,NA,NA,NA,0.0635,0.086
"I",NA,0.3,0.1,NA,NA,0.063,0.09
"I",0.395,0.29,0.095,NA,0.138,0.08,NA
"I",0.395,NA,NA,0.304,0.127,0.084,0.077
NA,NA,0.31,0.1,NA,0.13,NA,NA
NA,0.41,NA,0.1,NA,0.208,0.0655,NA
"I",0.415,NA,NA,0.3735,NA,0.0755,NA
"M",NA,0.305,0.1,NA,NA,NA,0.091
NA,NA,NA,0.1,0.398,0.1185,0.0645,NA
"I",NA,NA,NA,NA,NA,NA,NA
"I",0.445,0.335,NA,0.4895,NA,NA,NA
NA,0.445,0.325,0.1,0.378,0.1795,0.1,0.089
NA,NA,0.35,0.13,NA,0.245,0.1405,0.1405
NA,NA,0.375,0.12,NA,0.266,NA,NA
"I",NA,0.365,NA,NA,NA,NA,NA
"F",NA,NA,NA,NA,NA,NA,0.175
"I",0.485,0.355,0.105,0.498,NA,NA,0.1525
"M",NA,0.385,NA,NA,0.3065,0.096,0.1775
NA,NA,0.41,NA,NA,NA,0.129,0.214
"M",0.5,NA,0.125,0.5975,NA,0.1275,0.166
NA,NA,NA,NA,NA,0.3415,NA,0.239
NA,0.525,NA,0.13,NA,NA,NA,0.225
"M",0.54,NA,0.125,NA,0.4815,0.1915,NA
NA,NA,NA,0.14,0.805,NA,0.1725,NA
NA,NA,NA,NA,0.9185,NA,NA,NA
"F",NA,0.43,0.125,0.923,NA,0.175,0.283
"M",NA,NA,0.15,NA,0.407,NA,0.2875
"F",NA,NA,0.15,0.875,0.362,NA,0.2765
"M",0.555,0.435,0.145,0.9685,NA,NA,NA
NA,NA,NA,0.155,NA,0.4735,NA,0.265
"M",0.57,0.455,NA,NA,0.3895,0.2155,NA
"M",NA,0.435,0.13,0.7535,0.349,NA,NA
"F",NA,0.465,NA,NA,0.442,0.1815,0.2705
"M",0.59,NA,0.165,NA,0.4545,NA,NA
"M",NA,NA,NA,NA,NA,NA,NA
NA,NA,0.48,NA,NA,0.498,0.228,NA
"F",NA,NA,0.16,NA,NA,0.296,NA
"F",0.595,0.475,0.16,NA,NA,NA,0.271
NA,NA,0.465,NA,1.113,NA,NA,NA
"M",NA,0.475,NA,NA,NA,NA,0.36
"F",NA,0.475,NA,NA,0.653,NA,0.3205
NA,0.6,0.495,NA,NA,0.606,NA,NA
"F",NA,NA,NA,NA,0.609,NA,NA
NA,0.605,0.455,0.16,1.1035,0.421,NA,NA
"F",0.615,0.5,0.175,1.377,NA,NA,NA
"F",NA,NA,NA,1.3435,0.629,0.2605,0.345
"M",0.615,NA,NA,NA,0.545,0.3315,NA
"M",NA,0.505,NA,1.34,NA,0.2815,NA
NA,0.62,0.505,0.16,NA,NA,NA,0.3685
NA,0.62,0.5,0.165,1.307,0.6355,NA,NA
"F",NA,NA,NA,NA,0.465,NA,NA
NA,0.625,0.49,NA,1.3825,NA,0.285,0.381
"M",0.63,0.505,0.165,NA,0.4525,0.2755,0.406
NA,0.635,NA,NA,1.3555,NA,NA,NA
NA,NA,NA,NA,1.376,0.6495,NA,0.31
NA,0.635,NA,NA,NA,0.668,0.2605,NA
NA,NA,0.51,NA,1.486,NA,0.332,0.321
NA,0.65,0.525,0.175,1.4715,0.675,0.315,0.399
NA,NA,0.52,NA,1.4095,0.586,NA,NA
"M",NA,0.58,NA,2.0805,NA,NA,0.601
NA,0.66,NA,NA,1.3905,NA,0.212,NA
"M",NA,NA,0.19,NA,0.755,0.298,0.4
"F",0.67,0.585,NA,1.309,NA,NA,0.413
"F",NA,NA,0.17,1.8095,NA,0.391,NA
"F",NA,NA,NA,NA,NA,0.3405,NA
NA,NA,0.56,NA,NA,NA,0.322,0.415
"F",0.685,NA,0.16,1.6675,0.833,NA,0.475
"F",NA,0.56,0.22,1.834,NA,NA,0.455
"M",NA,NA,NA,2.8255,1.1465,NA,NA
"I",NA,NA,NA,NA,0.0165,0.012,NA
"I",0.24,NA,0.055,NA,NA,0.014,0.021
NA,0.24,0.175,NA,0.0665,NA,0.0135,0.017
NA,NA,NA,NA,0.083,0.0295,NA,0.027
NA,0.255,0.18,NA,NA,0.031,NA,NA
"I",NA,NA,0.06,0.092,NA,NA,0.0245
"I",NA,0.12,NA,NA,0.0455,NA,NA
"I",0.295,NA,NA,0.1625,NA,NA,0.0385
"I",0.3,NA,0.08,0.131,0.05,NA,NA
NA,0.3,0.23,0.095,NA,NA,0.0365,0.037
NA,0.305,NA,0.07,NA,NA,NA,NA
NA,NA,NA,0.075,0.1485,NA,0.0375,NA
"I",0.315,0.23,0.07,NA,0.053,NA,0.04
NA,0.32,0.24,NA,NA,NA,0.0265,NA
NA,0.325,0.24,NA,0.187,0.0825,0.0445,NA
NA,NA,0.265,0.085,NA,NA,0.0305,NA
"I",NA,0.25,0.075,0.1825,NA,0.044,NA
"I",NA,0.25,NA,0.186,0.0945,0.038,NA
NA,0.34,NA,0.075,0.1785,NA,NA,0.045
"I",0.34,NA,NA,0.2225,NA,NA,NA
NA,0.345,0.265,NA,NA,0.111,NA,0.065
NA,NA,0.29,NA,NA,0.1045,NA,0.067
"I",0.37,0.28,NA,NA,0.1505,NA,NA
NA,0.375,NA,0.09,0.215,NA,NA,NA
NA,NA,NA,NA,0.251,NA,NA,0.07
NA,0.41,NA,0.09,NA,NA,0.0695,NA
NA,0.41,NA,NA,NA,NA,0.0745,0.1
"I",NA,0.31,NA,0.3335,0.1635,NA,0.091
NA,NA,NA,0.09,0.3595,0.17,0.081,0.09
NA,0.42,0.32,0.115,NA,0.169,NA,NA
"I",NA,0.315,0.1,0.3435,0.157,0.0795,0.09
NA,NA,0.34,0.1,0.382,NA,NA,0.1
"I",0.425,NA,0.1,0.377,NA,0.072,NA
"I",0.43,NA,0.1,NA,NA,0.0825,0.105
NA,NA,0.325,0.09,0.425,0.217,0.087,0.095
NA,0.435,0.325,NA,NA,NA,NA,NA
NA,0.435,NA,NA,0.3925,0.1825,0.078,0.1145
NA,NA,NA,NA,0.4495,0.209,NA,NA
"I",NA,0.325,NA,0.35,0.148,0.067,NA
"F",0.445,0.335,0.11,0.4355,NA,0.1095,0.1195
"I",0.445,NA,0.13,NA,0.1695,0.0945,NA
NA,NA,0.36,NA,0.478,NA,NA,NA
NA,0.45,NA,0.105,NA,0.197,NA,NA
NA,0.45,0.345,0.11,NA,0.2355,0.0855,NA
NA,NA,0.335,NA,0.447,NA,0.153,NA
NA,NA,0.355,0.125,NA,NA,0.126,0.1465
"I",0.455,NA,0.12,0.497,0.2355,NA,NA
"I",0.46,0.36,NA,NA,0.2325,NA,0.115
"I",0.46,NA,NA,0.449,0.196,0.0945,NA
"I",0.465,0.365,NA,0.467,0.2315,NA,0.113
"I",0.465,0.37,NA,NA,NA,0.098,0.143
NA,NA,NA,NA,0.4415,NA,NA,0.12
"F",0.465,NA,NA,0.482,NA,NA,NA
"M",NA,0.365,NA,0.612,NA,NA,NA
NA,NA,NA,0.12,0.582,0.29,0.092,0.146
"M",0.475,0.37,NA,NA,NA,0.1215,0.15
NA,0.475,0.36,0.12,0.5915,NA,NA,NA
"M",0.48,0.375,NA,NA,0.3205,0.1065,0.17
NA,0.48,NA,NA,NA,NA,0.1405,0.1575
NA,0.48,0.36,0.1,0.439,0.194,NA,0.115
"M",0.48,0.365,NA,NA,0.312,0.117,0.14
NA,NA,0.37,NA,0.4785,NA,0.0955,NA
NA,NA,0.385,NA,0.649,0.32,0.124,0.1695
NA,0.495,0.395,0.135,NA,NA,0.1295,NA
NA,0.495,0.4,NA,NA,NA,NA,0.144
NA,0.5,NA,0.135,0.6595,0.3145,NA,NA
"I",0.5,NA,0.12,0.56,0.2835,0.103,NA
NA,0.5,NA,NA,0.6425,0.3195,0.129,NA
"M",0.5,NA,NA,0.6725,0.336,0.12,0.1825
"F",0.505,0.39,0.13,NA,0.3165,NA,NA
"I",NA,NA,0.15,0.685,NA,NA,NA
NA,0.505,NA,NA,NA,0.289,0.133,NA
NA,NA,0.355,0.125,NA,0.25,0.1205,0.185
NA,NA,0.39,NA,NA,NA,0.1455,NA
NA,NA,NA,0.1,NA,NA,0.1225,0.175
NA,0.51,0.405,0.135,0.769,NA,NA,NA
"M",0.51,0.405,0.15,NA,0.347,0.134,0.1885
"M",NA,NA,0.145,NA,NA,0.1815,0.1955
NA,NA,NA,0.14,NA,NA,0.2,0.23
NA,NA,NA,0.155,0.7125,NA,NA,0.155
NA,NA,0.415,0.14,0.724,0.3475,NA,0.175
NA,0.525,0.4,0.14,NA,NA,0.1575,0.17
NA,NA,NA,0.13,0.7585,NA,0.197,0.205
NA,NA,0.425,0.15,NA,0.328,0.232,0.202
NA,NA,NA,NA,0.6515,0.2715,NA,NA
"F",0.535,NA,NA,0.8215,0.3935,NA,0.205
NA,0.535,NA,0.14,NA,NA,NA,NA
"M",0.535,0.435,0.14,0.874,NA,0.229,0.2195
NA,0.55,0.445,0.155,NA,NA,NA,0.218
"F",NA,0.43,NA,NA,NA,NA,NA
NA,NA,NA,NA,0.967,NA,NA,NA
"F",NA,NA,0.13,0.6975,0.3075,0.1665,0.18
"M",0.57,NA,0.155,NA,NA,NA,0.295
NA,0.57,NA,0.155,1.1935,0.513,0.21,0.343
NA,NA,0.455,0.15,1.107,NA,0.255,0.27
NA,NA,0.445,NA,NA,0.5265,NA,0.24
NA,0.57,NA,0.17,NA,0.4075,0.1935,NA
"M",NA,0.475,NA,1.114,NA,NA,0.29
NA,0.575,0.46,NA,1.103,0.538,NA,NA
NA,NA,NA,NA,NA,0.5575,0.2255,NA
NA,NA,NA,NA,1.0515,0.4095,0.2595,0.276
"M",0.58,NA,NA,1.012,0.4985,0.2115,0.2835
NA,0.58,0.45,0.145,1.137,NA,0.22,0.29
NA,0.58,0.49,NA,NA,0.586,NA,NA
"M",0.59,0.465,0.155,NA,0.5245,NA,NA
NA,NA,NA,NA,NA,0.479,0.2425,NA
"F",0.59,NA,0.145,NA,NA,0.2445,NA
"F",NA,NA,NA,NA,0.4515,NA,NA
"F",NA,NA,0.15,NA,0.5865,0.2205,NA
"M",0.595,0.475,NA,1.213,NA,NA,0.274
NA,0.595,0.46,0.14,1.0045,0.4655,0.2095,NA
NA,NA,NA,0.15,NA,0.518,0.2205,NA
NA,0.605,NA,NA,1.1345,NA,NA,0.295
"M",NA,0.475,0.155,NA,NA,0.2455,0.275
"M",NA,NA,0.165,NA,NA,0.262,0.2925
"M",0.61,0.47,NA,1.1625,0.565,0.258,0.3085
"M",0.61,NA,0.155,NA,NA,NA,0.3295
NA,NA,NA,NA,NA,0.585,NA,0.33
NA,0.62,NA,NA,NA,0.594,0.276,0.388
"F",0.625,NA,0.17,NA,0.6235,NA,NA
"M",0.625,NA,NA,NA,0.5705,NA,0.405
"F",NA,NA,0.175,NA,0.4755,NA,NA
NA,NA,NA,0.165,NA,0.573,0.3035,NA
NA,NA,0.485,NA,1.38,NA,NA,0.401
NA,NA,0.485,0.155,NA,NA,0.275,NA
NA,0.63,0.495,NA,NA,NA,0.284,0.315
"M",0.63,NA,NA,1.1785,NA,NA,0.3235
"M",0.635,0.49,NA,NA,NA,0.2705,0.395
NA,0.635,0.525,NA,1.4065,0.684,0.3,NA
"M",0.64,NA,0.155,1.4025,0.705,0.2655,NA
"F",0.64,0.5,NA,NA,0.693,NA,0.409
NA,NA,NA,0.175,1.394,0.4935,0.291,NA
NA,0.645,NA,NA,NA,0.6145,0.236,0.3185
NA,NA,0.52,NA,NA,0.779,NA,NA
"M",0.645,0.52,0.175,1.561,0.709,0.3555,NA
"F",0.645,NA,0.165,1.4325,NA,NA,0.336
NA,NA,NA,NA,NA,0.633,NA,0.349
"F",0.645,0.5,0.16,NA,NA,0.327,0.3
"F",NA,NA,NA,1.212,0.515,0.2055,0.385
NA,0.65,NA,NA,NA,NA,NA,NA
"M",0.65,NA,0.21,1.6785,NA,NA,NA
"M",NA,NA,NA,NA,0.6645,0.3225,NA
NA,NA,0.46,NA,1.494,NA,NA,0.1825
"F",NA,NA,NA,NA,NA,0.3365,0.403
NA,NA,0.505,0.185,NA,NA,0.3025,0.441
"M",NA,NA,NA,NA,0.6425,0.297,0.5175
NA,0.66,NA,0.195,NA,0.594,0.3595,0.485
"F",NA,0.475,0.18,NA,0.641,0.294,NA
"M",0.67,NA,0.165,NA,NA,0.3145,0.4005
"F",NA,NA,NA,1.587,NA,NA,0.435
NA,0.675,NA,0.195,NA,NA,NA,0.553
NA,NA,0.535,0.185,NA,0.7245,0.3215,0.498
NA,0.69,NA,0.175,NA,NA,0.362,0.405
"M",0.69,0.505,NA,NA,0.893,NA,0.48
"F",0.695,0.535,0.175,1.8385,0.8035,NA,0.503
"F",NA,0.535,NA,1.685,NA,NA,0.4045
"M",0.71,0.565,0.205,2.198,NA,NA,NA
NA,NA,0.565,0.175,1.9525,NA,0.4185,NA
"F",NA,0.525,NA,NA,NA,NA,0.405
NA,0.735,NA,NA,NA,1.1335,0.44,NA
NA,0.765,0.6,0.22,NA,NA,0.509,NA
NA,0.185,0.13,NA,0.029,NA,0.0075,NA
NA,NA,NA,NA,NA,NA,0.006,NA
NA,NA,NA,0.04,0.0325,0.0135,0.005,0.0095
"I",0.2,NA,0.04,0.0435,0.0155,0.009,0.007
"I",0.225,NA,0.055,NA,NA,NA,0.015
NA,0.245,0.18,NA,0.071,0.03,0.013,NA
NA,NA,0.18,NA,NA,NA,0.0155,NA
"I",0.265,0.195,0.055,0.084,0.0365,NA,0.025
NA,0.275,0.195,0.065,NA,NA,0.02,0.028
NA,0.28,0.21,0.085,0.1075,0.0415,0.024,0.034
"I",NA,NA,NA,0.096,0.0405,NA,0.03
NA,0.3,NA,0.08,0.1255,NA,NA,NA
NA,NA,0.235,0.055,NA,NA,NA,NA
"I",NA,NA,NA,0.1415,NA,0.0295,NA
"I",NA,0.265,0.08,0.2015,0.09,0.0475,NA
"I",0.37,0.28,NA,NA,NA,NA,0.0635
"I",NA,0.28,NA,0.2345,0.1125,NA,0.067
NA,0.375,0.275,0.1,NA,0.1165,0.042,0.065
NA,0.385,NA,NA,0.2485,NA,0.0495,NA
"I",NA,0.32,NA,NA,0.194,NA,NA
"I",0.405,NA,0.11,NA,0.172,0.044,0.093
"I",0.41,NA,0.1,NA,0.1255,0.057,0.0875
"I",NA,0.325,0.1,0.3245,NA,NA,0.106
NA,0.42,NA,NA,NA,0.1255,NA,0.1035
"I",NA,0.32,NA,NA,0.174,NA,0.105
NA,0.42,NA,NA,NA,NA,0.051,0.088
"I",NA,0.325,0.115,0.3685,NA,0.0865,NA
NA,NA,0.335,0.12,NA,0.1985,0.0865,NA
"I",0.435,NA,0.11,0.413,0.2055,NA,0.096
"I",0.435,NA,0.115,0.418,NA,0.0735,0.106
"I",NA,0.33,0.11,NA,NA,NA,0.12
NA,NA,0.345,NA,NA,NA,0.1015,NA
"I",0.445,0.34,NA,NA,NA,NA,0.13
"I",NA,0.335,0.11,NA,NA,0.0935,NA
"I",0.45,NA,NA,NA,0.2135,NA,0.1315
NA,NA,NA,0.12,NA,NA,0.1075,0.12
"I",NA,NA,0.105,0.3715,NA,NA,0.0975
"I",NA,0.33,NA,0.411,NA,NA,0.098
NA,NA,NA,NA,NA,0.16,NA,NA
"I",NA,0.35,NA,0.4155,NA,0.098,NA
"M",0.47,NA,0.105,0.544,0.27,0.1395,NA
"I",NA,NA,0.125,0.4845,0.211,0.1075,NA
NA,NA,NA,0.11,0.4565,NA,NA,NA
"I",NA,0.35,NA,NA,0.2165,0.111,NA
NA,NA,NA,0.125,NA,0.3395,NA,NA
"M",0.49,NA,0.125,0.5225,0.235,NA,NA
NA,NA,0.375,0.14,NA,0.248,NA,NA
NA,0.5,0.375,NA,0.542,NA,NA,0.17
"I",0.5,NA,0.125,NA,0.2485,0.1135,0.134
NA,NA,NA,NA,NA,0.2485,0.117,0.131
"F",NA,NA,NA,NA,NA,NA,NA
"I",0.51,NA,NA,0.6795,0.3465,0.1395,NA
NA,NA,NA,NA,NA,NA,NA,0.1385
NA,0.51,0.4,NA,0.5575,0.2615,0.1195,0.1525
NA,NA,0.38,0.115,0.5155,NA,0.1135,NA
NA,NA,0.385,0.125,0.6115,NA,NA,NA
NA,NA,0.4,0.145,0.7765,NA,NA,0.185
"I",0.52,NA,0.135,0.5395,0.2295,0.133,0.157
"I",0.52,NA,0.125,NA,0.288,0.1295,0.167
"F",0.52,0.46,NA,NA,NA,NA,0.254
NA,0.525,NA,NA,0.6455,NA,0.1245,0.17
NA,0.525,0.4,0.14,NA,NA,NA,0.1835
NA,NA,0.405,NA,NA,0.3755,0.1555,NA
"I",0.525,0.395,0.12,0.608,NA,0.1395,0.1405
"I",0.53,NA,NA,0.617,0.279,0.127,NA
NA,NA,NA,0.125,0.599,0.2595,0.149,0.169
"I",NA,0.42,NA,NA,NA,0.138,0.1895
NA,NA,NA,NA,NA,NA,NA,0.156
"M",0.545,0.41,0.12,NA,0.434,NA,0.19
NA,NA,NA,0.14,0.82,NA,0.127,0.218
NA,0.55,NA,0.135,NA,NA,0.1855,NA
NA,NA,NA,NA,0.84,0.395,NA,0.223
NA,0.55,0.425,0.15,0.8315,0.411,NA,0.2165
"M",0.56,0.43,0.145,NA,NA,NA,0.234
NA,0.56,0.445,NA,0.8965,0.42,NA,0.2215
"F",0.56,NA,0.155,NA,NA,NA,0.245
NA,0.56,NA,NA,NA,NA,0.1885,NA
"M",0.565,NA,NA,NA,NA,0.2395,0.23
"M",NA,NA,0.15,0.99,0.5795,0.1825,NA
"F",0.565,0.45,0.175,1.0095,NA,NA,0.2645
"M",NA,0.46,NA,1.0375,NA,0.2035,0.25
NA,NA,0.445,0.145,NA,0.412,NA,NA
"I",0.57,0.44,0.15,NA,0.3425,0.16,0.224
"F",NA,0.46,0.145,NA,NA,NA,NA
"F",NA,0.45,0.16,NA,0.556,NA,0.2575
NA,NA,NA,0.14,NA,0.401,0.191,NA
"F",NA,0.47,NA,NA,0.435,NA,NA
NA,NA,0.455,NA,NA,0.4245,0.197,0.26
"I",0.575,NA,0.13,0.805,NA,NA,0.245
NA,0.575,NA,NA,NA,NA,NA,0.228
"M",0.575,NA,NA,NA,0.415,0.1945,NA
NA,0.58,NA,NA,1.114,0.4765,NA,0.265
"M",0.58,0.455,NA,NA,0.945,0.426,0.441
"M",NA,NA,0.135,NA,0.3775,0.1915,0.22
NA,0.58,0.45,NA,0.9615,0.486,0.1815,0.253
NA,NA,0.45,NA,1.0025,0.547,0.1975,NA
"F",NA,NA,0.155,0.93,0.385,NA,NA
"M",NA,0.46,NA,0.9335,0.478,NA,0.235
"M",0.585,0.465,NA,0.9555,0.4595,NA,0.265
NA,0.59,0.47,NA,0.9955,0.481,NA,0.24
NA,NA,NA,NA,1.0265,NA,NA,0.2565
NA,NA,0.455,NA,1.1915,0.696,0.2395,NA
"F",0.6,NA,0.15,NA,NA,0.262,NA
NA,NA,NA,NA,1.0165,NA,0.2465,0.225
"F",NA,NA,0.165,NA,NA,NA,0.292
NA,0.605,0.475,0.14,1.1175,NA,0.257,0.274
NA,NA,0.48,0.17,NA,0.582,0.2365,NA
"F",NA,NA,NA,NA,NA,NA,0.357
NA,NA,0.485,NA,1.0145,0.5315,NA,0.2415
"M",0.61,0.485,0.145,1.3305,NA,0.2255,0.2865
NA,0.61,0.47,0.165,1.052,0.498,NA,NA
NA,0.615,NA,0.17,1.0565,0.4815,NA,0.27
NA,0.615,0.465,0.15,0.923,0.4615,0.1825,0.2415
NA,NA,0.475,0.155,1.027,0.447,NA,NA
NA,0.62,0.47,0.135,1.0195,NA,NA,NA
"M",NA,NA,NA,0.858,0.4285,0.1525,0.2405
"F",NA,0.48,NA,NA,NA,0.2445,NA
"F",0.625,0.485,0.175,1.3745,NA,0.2715,NA
NA,0.625,0.48,NA,NA,NA,NA,0.286
NA,NA,NA,NA,1.1325,0.589,0.211,0.287
"M",NA,NA,NA,NA,NA,0.3065,NA
"F",NA,NA,0.015,NA,NA,NA,NA
NA,NA,0.515,NA,NA,NA,0.3415,0.358
NA,NA,NA,0.195,1.39,0.6465,0.2945,0.3735
"F",0.645,0.48,0.17,1.1345,NA,0.254,0.305
NA,0.65,NA,NA,1.464,NA,0.339,0.4245
"M",NA,NA,0.155,NA,NA,0.3135,0.294
"M",0.655,0.515,0.16,1.31,NA,NA,NA
"F",0.655,0.51,NA,1.415,0.5885,NA,NA
NA,0.66,0.53,0.185,NA,0.546,0.2705,0.476
"M",0.665,NA,0.16,NA,0.629,NA,NA
"I",NA,0.5,0.17,1.2975,NA,0.291,0.3595
NA,NA,0.505,NA,NA,0.6075,0.3025,NA
NA,NA,0.54,NA,1.7025,0.664,NA,0.4735
"M",0.685,NA,NA,1.519,NA,0.3685,0.4
"F",NA,0.54,NA,1.454,NA,0.3105,NA
NA,0.69,0.53,0.21,NA,0.7355,NA,0.3865
NA,NA,0.53,NA,1.5535,NA,NA,NA
NA,NA,0.56,0.185,NA,NA,NA,0.4375
NA,NA,NA,0.18,NA,NA,NA,0.446
"M",NA,0.575,0.19,2.273,1.095,NA,0.638
NA,NA,NA,0.19,1.6465,0.8545,NA,NA
"F",0.705,0.55,0.17,1.219,0.6395,0.236,0.301
"F",NA,0.56,NA,1.652,0.735,NA,0.4525
"M",0.715,0.55,0.19,2.0045,1.0465,0.407,NA
"M",NA,NA,NA,1.6755,NA,0.313,0.42
NA,0.72,0.58,0.195,2.103,1.0265,NA,NA
NA,0.72,NA,NA,1.9965,0.9035,NA,0.5215
NA,0.72,0.565,0.145,1.187,0.691,NA,0.2685
"M",NA,0.505,0.185,NA,NA,NA,NA
"F",NA,0.575,0.185,1.8795,NA,NA,0.4825
NA,NA,0.585,NA,NA,NA,0.55,NA
NA,0.745,0.565,NA,1.931,0.896,0.4585,0.5
NA,NA,0.57,0.21,NA,1.109,0.5195,NA
NA,NA,0.625,NA,NA,NA,0.513,NA
"M",NA,0.58,NA,NA,NA,NA,NA
"F",0.78,NA,0.215,NA,1.488,0.4985,0.586
"I",NA,NA,NA,NA,NA,NA,0.15
NA,0.245,0.205,NA,0.0765,NA,0.014,NA
NA,0.25,0.185,NA,0.0685,NA,0.014,0.0225
NA,0.25,NA,NA,NA,NA,NA,NA
NA,NA,0.195,NA,NA,NA,NA,NA
"I",0.305,0.215,NA,NA,0.044,0.0205,NA
NA,NA,NA,0.07,NA,NA,0.015,NA
NA,0.315,0.23,NA,0.1375,0.0545,0.031,NA
"I",0.315,0.23,0.07,NA,0.046,0.0235,0.0385
"I",0.325,0.225,0.075,0.139,NA,0.032,0.09
NA,NA,0.25,0.095,NA,NA,NA,0.052
"I",0.33,0.205,0.095,NA,0.077,0.032,NA
NA,0.335,0.245,0.09,NA,NA,0.0405,NA
NA,NA,0.25,0.09,0.179,NA,NA,NA
NA,NA,NA,NA,0.1945,NA,0.037,NA
NA,NA,0.255,0.085,0.2005,0.105,NA,NA
NA,0.35,NA,0.075,NA,0.1,NA,NA
"I",0.35,NA,0.09,0.1785,NA,0.0305,0.0525
"I",0.36,0.27,NA,NA,NA,NA,NA
"I",0.365,NA,0.085,0.1875,0.081,NA,0.058
"I",0.365,0.27,NA,NA,0.0825,NA,NA
"I",NA,0.265,0.085,NA,0.0945,NA,0.06
NA,NA,NA,NA,0.2445,NA,NA,0.075
NA,NA,0.28,NA,0.217,0.1095,NA,0.062
"I",0.375,0.29,0.095,NA,0.096,NA,NA
"I",0.375,NA,NA,NA,0.118,0.045,0.0695
NA,NA,0.275,NA,NA,0.093,0.0405,0.0755
NA,NA,0.275,NA,0.2465,0.11,0.0415,0.0775
NA,0.375,0.28,NA,NA,0.0825,0.048,NA
NA,0.375,NA,0.085,0.218,NA,NA,0.07
NA,NA,NA,0.11,0.256,0.11,NA,0.0755
"I",NA,NA,0.08,0.2105,0.0865,NA,0.07
NA,NA,NA,0.09,0.2615,0.111,NA,NA
"I",NA,NA,NA,NA,NA,0.038,0.067
"I",NA,0.3,0.095,0.302,0.152,NA,0.0735
"I",NA,NA,0.09,0.228,NA,NA,0.0655
"I",NA,0.3,NA,NA,NA,0.0575,0.089
NA,NA,0.305,NA,0.284,0.1135,0.0595,0.0945
"I",0.395,NA,NA,NA,NA,0.0625,NA
NA,0.395,0.27,0.1,NA,NA,NA,0.082
"I",NA,0.29,0.1,NA,0.1205,0.0605,NA
"I",0.405,NA,NA,NA,0.1265,NA,0.075
NA,NA,NA,0.11,NA,0.157,0.0705,NA
NA,0.42,NA,NA,0.328,0.168,NA,0.082
"I",NA,0.325,0.11,NA,NA,0.045,0.1
NA,0.425,0.32,0.1,NA,NA,NA,NA
NA,0.425,NA,0.09,0.301,0.1385,0.065,0.08
NA,0.43,NA,NA,0.428,0.2065,0.086,NA
"I",NA,0.315,0.095,NA,0.175,0.08,0.1045
NA,0.435,0.315,NA,NA,0.1615,0.0715,0.12
"I",0.44,NA,NA,NA,0.2115,0.083,0.12
"I",0.45,NA,0.105,0.448,NA,NA,NA
"I",NA,NA,0.105,0.4005,0.164,0.0755,NA
"F",NA,NA,0.115,NA,NA,0.108,0.1245
"I",0.455,NA,NA,NA,0.358,0.0775,NA
NA,0.46,NA,0.105,0.466,0.2225,NA,NA
"I",NA,NA,NA,0.3705,0.1575,NA,0.114
"F",0.46,NA,0.125,NA,NA,0.1045,NA
NA,0.465,0.34,NA,NA,NA,NA,NA
NA,NA,NA,NA,NA,NA,0.0855,0.135
"I",NA,0.355,NA,NA,0.2055,0.105,NA
NA,0.47,NA,0.12,0.393,NA,NA,0.115
"I",NA,0.355,0.1,NA,NA,NA,NA
"I",NA,NA,0.12,0.441,0.1785,NA,0.1505
NA,0.475,0.36,0.11,0.492,NA,NA,NA
NA,NA,0.37,NA,NA,NA,NA,NA
"I",0.48,0.355,NA,0.4725,NA,NA,NA
NA,0.48,0.365,NA,NA,0.2205,NA,0.135
NA,0.495,NA,0.12,NA,0.214,0.1045,NA
"I",NA,0.38,0.13,NA,NA,NA,NA
NA,NA,NA,NA,NA,NA,0.1375,NA
"I",0.5,0.38,0.135,NA,NA,0.104,NA
"M",0.5,0.42,0.135,0.6765,0.302,NA,NA
NA,0.5,0.375,NA,0.5795,NA,0.1375,0.185
"I",0.5,0.41,0.14,0.6615,NA,0.1625,NA
"I",0.5,0.375,0.125,0.5695,0.259,0.124,NA
NA,0.5,0.395,NA,0.6215,0.2925,NA,NA
NA,NA,0.405,NA,NA,NA,0.11,NA
"I",0.505,0.38,NA,0.594,NA,NA,NA
NA,NA,0.395,0.105,0.551,0.248,NA,0.171
NA,NA,0.38,0.12,NA,NA,NA,NA
"I",0.515,NA,0.135,0.711,0.337,0.144,0.205
NA,0.515,0.4,0.135,0.6965,NA,NA,NA
"I",0.52,NA,0.13,0.5825,0.233,0.1365,NA
NA,0.52,0.395,NA,NA,NA,NA,0.1905
NA,0.525,0.4,NA,NA,0.369,0.1385,NA
NA,0.525,NA,NA,0.842,0.428,NA,NA
NA,NA,0.415,0.13,NA,NA,0.111,0.167
"I",0.53,NA,NA,0.81,NA,NA,0.192
NA,0.53,NA,NA,0.5745,0.2525,0.1235,0.189
NA,NA,0.425,NA,NA,NA,0.1205,0.21
NA,0.535,0.4,0.135,NA,NA,NA,NA
"I",NA,NA,0.15,NA,NA,0.135,0.225
NA,0.535,NA,0.13,NA,NA,NA,NA
NA,NA,NA,0.15,NA,NA,0.1445,0.194
NA,NA,0.42,NA,0.8655,0.4315,NA,NA
NA,0.54,NA,0.14,0.7265,NA,0.1445,0.229
"I",0.545,NA,0.135,0.7715,NA,NA,NA
"F",0.545,0.445,NA,0.8,0.3535,0.163,0.207
"I",0.545,NA,NA,0.7285,NA,NA,NA
"I",0.545,0.405,0.135,NA,NA,NA,0.185
NA,NA,0.43,NA,NA,NA,NA,0.223
NA,0.55,NA,0.125,NA,NA,0.137,0.2
"M",0.55,NA,0.15,0.8745,NA,0.1905,NA
NA,0.55,0.435,NA,0.7535,0.3285,0.1555,0.2325
"I",NA,NA,NA,NA,0.3325,NA,0.215
"M",NA,0.44,0.14,NA,NA,0.156,NA
NA,0.555,0.43,0.155,0.7395,NA,0.1435,NA
"I",NA,NA,NA,0.7665,0.341,0.165,NA
NA,NA,NA,NA,NA,0.3485,0.1765,0.225
NA,0.56,NA,0.135,NA,NA,0.185,0.236
"I",0.56,NA,NA,NA,NA,NA,NA
NA,0.56,0.445,0.155,NA,0.5565,0.3225,0.2695
NA,0.56,NA,NA,0.974,NA,NA,NA
NA,0.565,0.44,0.175,0.8735,NA,0.21,0.21
NA,NA,0.45,NA,0.8495,NA,0.1685,NA
"M",0.565,NA,NA,NA,0.3635,0.184,0.219
"M",NA,NA,NA,NA,0.352,NA,NA
"I",0.57,NA,0.145,NA,NA,0.2195,NA
NA,0.57,NA,NA,0.794,0.3815,0.1415,0.245
NA,NA,NA,NA,0.9795,0.397,0.2525,0.2655
NA,NA,0.435,NA,NA,NA,NA,0.2705
NA,NA,NA,NA,NA,0.347,NA,NA
NA,NA,NA,0.125,0.8965,NA,NA,0.275
NA,0.575,NA,0.135,0.857,NA,NA,0.2125
NA,NA,NA,NA,1.078,0.511,0.2095,NA
"M",NA,NA,NA,0.892,0.4415,NA,0.22
NA,0.58,NA,0.155,NA,NA,0.273,0.2955
NA,NA,NA,0.135,0.7955,0.405,NA,0.204
"F",0.58,NA,NA,NA,0.4,NA,0.253
"M",NA,NA,0.155,0.9145,0.4555,0.1965,NA
"M",0.585,0.49,NA,1.171,NA,0.2535,0.335
"I",0.585,0.475,NA,NA,NA,NA,NA
"M",NA,0.46,NA,1.1135,NA,NA,0.274
NA,0.585,NA,0.165,1.409,NA,NA,0.295
"M",0.585,0.475,NA,1.065,NA,0.199,NA
"M",NA,0.45,0.18,0.7995,0.336,NA,NA
NA,0.59,0.445,NA,NA,NA,0.1745,0.23
NA,NA,NA,NA,NA,NA,NA,0.31
NA,0.59,NA,0.155,NA,NA,0.188,NA
"F",NA,NA,0.15,NA,0.4115,0.196,NA
"F",0.595,0.465,0.155,1.026,NA,NA,NA
NA,0.6,0.475,0.17,NA,NA,0.272,0.309
"M",0.6,NA,NA,NA,0.451,NA,NA
NA,0.6,NA,0.15,NA,0.565,NA,0.27
"F",NA,NA,NA,1.04,0.4755,NA,0.28
"F",NA,NA,0.145,NA,NA,0.1715,0.269
NA,0.6,NA,0.155,0.9595,NA,0.189,NA
"I",0.605,NA,NA,NA,0.6315,0.226,0.33
"M",NA,0.49,NA,0.9755,0.419,NA,NA
"I",NA,NA,0.13,0.9025,0.432,0.174,0.26
"F",0.605,0.475,0.175,1.076,NA,0.2195,NA
"F",NA,NA,0.16,1.0835,NA,0.2215,NA
NA,0.61,0.45,0.15,NA,0.407,0.1835,0.25
"M",0.61,NA,NA,1.244,NA,NA,NA
"M",NA,NA,NA,NA,0.435,0.2335,0.3035
"I",NA,NA,0.15,NA,NA,0.1725,0.286
"M",0.61,0.48,0.17,1.137,0.4565,NA,0.347
"M",NA,0.46,0.16,1,NA,NA,NA
NA,NA,NA,NA,NA,NA,NA,0.2895
NA,0.615,NA,NA,NA,NA,0.2195,0.34
"M",0.615,NA,0.17,1.054,NA,0.228,0.295
NA,0.615,0.475,NA,1.023,0.4905,0.1955,NA
"M",0.615,NA,0.17,1.129,0.4795,NA,0.3
"M",0.615,NA,NA,1.118,0.446,NA,NA
"F",0.615,NA,0.155,NA,0.484,NA,NA
NA,NA,NA,NA,1.2815,0.5715,NA,0.39
"M",NA,0.495,0.18,NA,NA,0.254,NA
"F",0.62,NA,NA,NA,NA,0.3135,0.354
NA,0.62,NA,0.16,NA,0.463,NA,0.33
"M",NA,NA,0.17,1.082,0.4955,0.2345,NA
NA,0.625,NA,0.175,NA,NA,NA,NA
"F",0.625,NA,NA,NA,NA,NA,0.321
"F",NA,NA,0.155,NA,NA,0.239,0.3185
NA,NA,0.485,NA,1.3205,NA,NA,NA
"I",0.63,NA,NA,1.272,0.6025,0.295,0.315
"M",NA,0.485,0.145,NA,NA,0.1785,0.3365
"I",0.63,0.475,0.145,NA,0.5165,NA,0.28
NA,NA,NA,0.16,1.093,NA,NA,NA
"M",NA,0.49,NA,NA,0.534,NA,0.3455
"F",NA,NA,0.165,1.4595,0.705,0.2645,0.39
NA,NA,NA,NA,1.211,0.707,0.2725,0.323
NA,0.635,0.475,NA,1.1935,0.5205,NA,0.3665
"M",0.635,NA,NA,NA,0.405,NA,0.31
NA,0.64,0.565,NA,NA,0.644,NA,NA
"M",NA,0.525,0.18,1.3135,0.4865,NA,NA
NA,0.645,NA,0.16,NA,0.556,0.2385,0.345
NA,NA,NA,0.195,1.401,0.6165,0.3515,0.3725
"M",0.645,NA,NA,NA,0.7455,0.245,0.4325
NA,NA,NA,0.165,NA,NA,NA,NA
"F",0.65,NA,NA,1.662,NA,0.378,NA
NA,0.65,0.525,NA,NA,0.6865,NA,0.405
NA,0.65,0.51,NA,NA,NA,0.3735,NA
NA,0.65,NA,NA,1.567,0.7245,0.349,0.391
"F",0.655,NA,0.19,1.3595,NA,0.3215,NA
NA,0.655,0.535,NA,NA,NA,0.3595,NA
"F",0.655,0.52,0.19,NA,0.6,NA,0.383
"M",NA,NA,NA,NA,NA,NA,0.365
NA,NA,NA,NA,1.548,NA,NA,0.3925
NA,0.66,0.515,0.17,NA,0.615,NA,NA
NA,NA,NA,0.18,1.491,0.6345,0.342,0.435
NA,0.67,0.53,NA,1.5615,NA,NA,NA
NA,0.67,0.505,NA,1.0145,NA,0.271,NA
NA,NA,NA,0.185,NA,NA,NA,NA
"M",0.685,NA,NA,NA,0.8145,0.416,0.461
"F",0.695,0.565,0.19,1.7635,0.7465,0.399,0.4975
"F",NA,0.545,NA,1.556,NA,0.374,NA
"M",0.705,NA,0.515,NA,1.1075,NA,0.512
"M",NA,0.555,0.215,2.141,NA,NA,NA
"F",0.705,0.57,0.18,NA,NA,NA,NA
"F",NA,NA,NA,1.614,NA,NA,0.45
"F",0.72,NA,0.17,NA,0.913,0.389,0.51
NA,NA,NA,NA,NA,0.9515,0.564,0.5365
NA,0.725,0.6,NA,NA,0.697,0.3585,0.595
"F",NA,0.58,NA,1.7375,0.6785,NA,NA
"F",NA,0.565,NA,2.1275,NA,NA,NA
NA,NA,0.57,NA,2.25,1.1565,NA,NA
NA,NA,0.61,0.235,2.5085,1.232,0.519,0.612
"F",0.815,0.65,NA,NA,0.8905,NA,0.7975
NA,NA,0.105,0.035,0.014,0.0055,NA,NA
"I",NA,NA,0.06,0.0515,0.019,NA,0.036
NA,NA,0.265,NA,NA,NA,0.047,NA
NA,NA,NA,NA,NA,0.0785,0.0345,0.053
NA,NA,0.27,NA,NA,NA,NA,0.0615
NA,0.375,0.28,NA,NA,0.187,0.046,0.067
"I",NA,0.3,0.09,NA,NA,NA,0.0675
"I",NA,0.295,0.09,0.3025,0.143,0.0665,NA
NA,0.4,0.29,NA,NA,0.188,0.0455,NA
"I",NA,NA,NA,0.2815,NA,NA,0.08
NA,0.405,NA,NA,0.3425,NA,NA,0.0855
"I",NA,0.29,NA,NA,NA,NA,0.0815
NA,0.405,0.3,0.105,NA,NA,0.061,NA
NA,0.41,NA,0.095,0.2905,NA,0.063,NA
"M",0.415,0.315,NA,0.3895,0.2015,NA,NA
"I",NA,NA,0.105,NA,0.2015,NA,0.088
"I",0.43,NA,0.105,NA,0.2385,0.0745,NA
"I",NA,NA,0.105,NA,NA,NA,0.1015
"M",0.44,0.32,0.12,NA,NA,NA,NA
NA,NA,0.365,NA,0.4465,0.213,NA,0.1135
"M",0.45,NA,NA,0.4475,0.2165,NA,NA
NA,NA,NA,0.135,0.501,NA,0.0995,NA
"I",NA,0.355,0.11,0.436,NA,NA,0.125
NA,NA,0.345,0.14,0.4615,0.229,NA,NA
"I",0.47,0.35,0.125,0.4315,NA,NA,0.1175
"I",NA,NA,0.12,0.3685,0.126,NA,NA
"M",NA,0.37,0.125,NA,NA,0.136,NA
"I",0.475,0.365,NA,NA,0.2175,0.093,0.1165
"F",NA,NA,0.115,NA,0.281,0.117,0.1335
"I",0.48,NA,0.125,NA,0.2795,0.1025,NA
"I",0.485,0.38,0.12,0.4725,0.2075,NA,0.147
"M",NA,0.39,NA,NA,0.2945,0.103,NA
"M",NA,0.37,0.13,0.526,0.2485,NA,NA
"F",0.495,NA,0.12,NA,0.2655,NA,NA
"M",NA,0.385,NA,NA,NA,0.1245,NA
"F",0.505,NA,0.135,NA,NA,NA,NA
"I",NA,0.395,NA,0.556,NA,0.096,NA
NA,0.515,0.425,NA,NA,0.497,NA,0.2185
"I",0.515,NA,0.125,0.5625,NA,NA,NA
"M",NA,NA,0.125,NA,NA,NA,NA
"M",0.525,NA,NA,NA,0.3685,NA,0.1735
NA,0.53,NA,0.13,NA,NA,0.1415,0.189
"M",NA,NA,NA,0.7575,NA,NA,0.175
NA,NA,0.41,NA,NA,0.3565,NA,NA
"F",0.55,NA,NA,NA,0.375,0.218,NA
NA,NA,NA,NA,0.793,0.343,NA,NA
NA,0.56,0.43,NA,0.8745,0.453,NA,NA
NA,0.56,NA,0.15,NA,NA,NA,0.1835
NA,0.57,0.445,0.15,NA,NA,NA,0.249
"M",NA,NA,NA,1.08,0.595,0.2065,NA
NA,NA,0.46,NA,NA,0.4005,0.2465,0.2385
"F",NA,NA,0.175,NA,0.65,NA,NA
NA,0.58,0.435,0.14,0.953,0.475,0.2165,0.2095
NA,NA,NA,0.15,0.906,0.4095,0.23,0.2335
NA,0.59,0.44,0.15,0.8725,0.387,0.215,NA
NA,NA,NA,0.15,1.151,NA,0.239,NA
NA,0.59,NA,NA,NA,0.453,NA,NA
NA,0.595,NA,NA,NA,NA,NA,NA
NA,0.6,NA,0.155,NA,0.4365,NA,NA
"M",0.6,NA,NA,1.259,0.6405,0.1985,0.357
NA,0.605,0.485,0.165,NA,NA,0.193,NA
"F",0.605,NA,0.16,NA,NA,0.2875,NA
"F",0.605,NA,NA,1.289,0.6,0.2945,NA
NA,NA,0.485,0.17,NA,NA,NA,NA
NA,NA,0.475,NA,NA,NA,0.1915,0.251
"M",0.62,NA,0.155,NA,NA,0.231,NA
NA,NA,0.435,0.155,NA,NA,NA,0.275
NA,NA,0.48,0.165,1.0725,NA,0.235,0.312
NA,0.625,0.52,0.175,NA,NA,NA,NA
"M",0.625,0.47,NA,NA,NA,NA,NA
"M",0.63,0.47,0.145,NA,0.52,0.26,NA
"F",0.63,0.5,NA,NA,0.467,NA,NA
NA,NA,NA,0.15,1.1315,0.481,0.2745,NA
"M",NA,0.48,NA,1.271,NA,0.2425,NA
NA,NA,0.49,0.225,NA,0.6805,0.259,0.3245
"F",0.635,0.505,NA,1.1345,0.505,0.2655,0.315
NA,0.635,0.51,0.185,NA,0.544,0.318,0.377
NA,0.64,0.515,0.205,NA,NA,NA,0.4025
NA,NA,NA,NA,NA,0.7035,0.365,0.415
"M",NA,0.51,0.155,NA,0.6405,NA,0.43
"F",0.645,0.505,0.165,1.318,NA,NA,NA
"F",0.65,0.545,NA,1.5245,0.59,NA,0.495
NA,NA,0.515,0.175,NA,NA,0.3045,NA
"F",0.65,0.5,0.16,1.3825,NA,0.304,0.3195
"M",0.65,0.485,NA,NA,0.475,NA,0.215
"F",0.655,NA,0.215,1.5555,NA,0.296,0.444
"M",0.655,NA,NA,1.7835,NA,NA,0.4195
NA,0.66,0.505,0.165,1.374,0.589,0.351,NA
"F",0.665,0.515,NA,1.389,0.5945,NA,NA
NA,NA,NA,NA,1.7025,NA,NA,0.41
NA,NA,NA,NA,NA,0.651,NA,NA
NA,0.67,NA,0.19,NA,NA,NA,NA
"F",0.68,0.5,NA,1.741,NA,0.3255,0.4685
"M",0.68,0.515,NA,NA,NA,NA,NA
NA,0.69,0.525,0.2,1.7825,0.9165,0.3325,NA
NA,0.7,0.55,NA,NA,0.7535,0.3265,NA
NA,NA,0.555,0.2,NA,NA,0.3665,0.595
"M",NA,0.56,NA,1.675,NA,0.4095,NA
NA,NA,0.565,0.2,2.1055,1.017,NA,NA
"M",NA,NA,NA,2.21,1.351,0.413,NA
"M",NA,NA,0.18,1.8725,NA,0.427,0.446
"M",NA,NA,NA,1.893,0.942,NA,NA
NA,0.21,0.17,0.045,NA,NA,NA,0.013
NA,NA,0.21,NA,NA,0.0415,0.017,0.0335
"I",NA,NA,NA,0.121,NA,0.0155,0.0405
NA,NA,NA,0.085,NA,0.05,NA,0.0415
NA,NA,0.225,NA,NA,0.063,NA,0.0415
"I",NA,0.255,NA,0.168,NA,0.0355,NA
NA,0.35,NA,0.075,NA,NA,NA,NA
"I",NA,0.27,NA,0.1775,NA,0.0315,0.054
"I",NA,NA,0.09,0.1985,NA,NA,NA
"I",0.36,NA,0.095,NA,0.073,0.056,0.061
"I",0.36,0.275,0.075,0.2205,0.0985,0.044,NA
"I",NA,0.265,NA,NA,0.083,0.0365,NA
"I",0.365,NA,0.085,NA,0.0935,0.0525,0.066
"I",0.37,NA,NA,NA,0.097,NA,0.065
"I",0.375,0.28,0.08,NA,NA,0.0925,NA
"I",0.38,0.285,0.095,0.243,0.0895,0.0665,NA
"I",NA,0.29,NA,NA,NA,NA,NA
"I",0.385,0.29,NA,0.2365,0.1,NA,NA
"I",0.385,0.28,NA,0.257,0.119,NA,0.07
NA,NA,NA,NA,0.308,NA,NA,NA
"I",NA,NA,NA,NA,0.1065,NA,NA
"I",NA,NA,0.1,0.281,NA,0.062,NA
NA,NA,NA,NA,0.2225,0.095,0.0465,0.073
"I",0.41,NA,0.09,0.304,0.129,0.071,0.0955
"I",0.41,NA,NA,NA,NA,NA,0.075
"I",NA,NA,0.1,NA,0.139,0.0625,NA
"I",0.425,NA,0.11,0.317,0.135,NA,NA
"I",NA,NA,NA,NA,0.131,NA,NA
NA,NA,NA,NA,0.3295,0.129,NA,NA
"I",NA,0.325,NA,0.367,0.1595,0.08,0.105
"I",NA,NA,NA,0.3245,0.1385,NA,0.105
NA,NA,0.335,NA,0.4195,NA,0.085,0.1345
NA,NA,NA,0.115,NA,NA,0.0855,NA
"I",0.46,0.35,NA,NA,0.176,NA,0.1205
"I",0.46,0.355,NA,0.4255,0.2015,0.081,0.13
"I",NA,0.37,NA,NA,NA,0.0815,NA
"I",NA,0.345,NA,0.393,NA,0.0735,NA
"I",NA,0.355,0.125,0.499,NA,NA,0.155
NA,0.475,NA,0.145,NA,NA,0.137,NA
NA,NA,0.36,NA,NA,NA,0.099,0.112
"I",NA,0.36,NA,NA,0.205,NA,NA
"I",NA,NA,0.125,0.474,0.179,NA,0.175
NA,NA,0.37,NA,NA,NA,0.114,NA
"M",0.48,NA,0.16,0.464,0.221,0.106,0.239
NA,NA,NA,0.13,0.6025,NA,NA,0.16
NA,0.49,NA,NA,NA,0.204,0.0945,NA
NA,0.49,0.4,NA,0.624,NA,0.1285,0.169
"I",0.495,NA,NA,0.4715,NA,NA,0.15
NA,0.495,0.4,NA,NA,0.2505,NA,NA
"I",NA,NA,NA,NA,0.261,NA,NA
"I",0.5,0.39,NA,0.5955,NA,0.147,NA
NA,NA,NA,NA,0.559,0.2375,NA,NA
NA,NA,NA,0.13,0.6025,NA,NA,NA
NA,NA,0.375,0.11,0.6065,NA,NA,0.15
NA,NA,0.36,0.125,0.4725,NA,0.125,0.138
NA,NA,NA,0.105,NA,0.213,0.123,0.1275
NA,NA,NA,0.125,NA,NA,0.14,0.17
NA,0.515,0.39,0.125,0.5705,0.238,NA,NA
"I",NA,NA,0.145,NA,0.2965,NA,0.165
"I",NA,0.39,0.13,NA,NA,0.1095,NA
NA,NA,0.415,0.145,NA,0.3525,NA,0.2875
NA,0.525,NA,NA,NA,NA,NA,0.178
"I",0.525,0.38,0.135,NA,0.261,NA,NA
"I",NA,0.4,NA,NA,NA,NA,0.169
NA,0.525,0.4,NA,NA,0.282,NA,NA
NA,NA,0.42,NA,0.5965,NA,0.141,0.177
"I",0.53,NA,0.135,NA,NA,NA,0.2135
NA,NA,NA,NA,0.555,0.1935,0.1305,0.195
NA,0.53,0.42,0.13,NA,NA,NA,NA
"I",0.535,NA,NA,NA,0.2835,0.162,NA
NA,NA,NA,0.17,0.836,NA,0.1815,0.24
NA,NA,NA,NA,0.742,0.32,NA,NA
"I",0.54,0.43,0.14,NA,0.3935,0.1725,0.2295
"M",NA,NA,0.14,NA,NA,NA,0.269
"I",0.54,0.42,NA,NA,0.2505,NA,NA
"I",0.54,0.425,NA,0.7205,0.2955,NA,0.225
NA,0.54,NA,NA,0.686,NA,0.1545,0.213
NA,NA,NA,0.13,NA,NA,NA,0.18
NA,0.545,0.375,NA,0.543,NA,0.1155,0.1725
"I",0.545,0.42,0.125,NA,0.358,NA,NA
"M",0.55,NA,NA,NA,0.327,0.1685,NA
NA,NA,0.425,0.15,NA,0.269,NA,NA
"I",NA,NA,NA,0.816,0.3995,NA,0.23
NA,0.55,0.415,0.145,0.7815,0.373,0.16,NA
NA,0.55,0.425,0.15,0.7665,0.339,NA,NA
NA,NA,0.395,NA,NA,0.222,0.1245,NA
"I",NA,0.435,0.14,0.765,NA,0.15,NA
"I",0.555,0.46,0.145,0.9005,0.3845,NA,0.2765
"I",0.56,0.445,NA,0.8225,NA,NA,NA
NA,NA,NA,NA,0.7235,NA,NA,0.2
"M",0.56,NA,NA,0.849,0.3265,0.221,NA
"I",NA,0.42,NA,NA,0.31,NA,NA
NA,NA,0.44,NA,NA,0.435,NA,0.27
NA,NA,NA,0.125,0.802,NA,0.1825,NA
"M",NA,NA,NA,0.831,NA,NA,NA
NA,0.57,NA,NA,0.7805,NA,0.185,0.21
NA,NA,NA,NA,NA,0.3385,0.148,0.245
"I",NA,0.435,0.17,0.848,0.4,0.166,NA
NA,0.57,NA,0.145,NA,NA,NA,0.2815
NA,NA,NA,NA,0.867,0.3705,NA,0.28
"I",0.57,NA,0.145,NA,NA,NA,NA
NA,NA,NA,0.165,0.867,0.3765,0.1805,0.268
"I",0.575,0.425,0.135,NA,0.364,0.196,0.239
"F",0.575,0.47,NA,1.116,NA,NA,NA
"I",NA,NA,0.125,NA,0.3275,0.188,0.235
NA,NA,NA,0.185,NA,NA,0.2175,NA
"F",0.575,NA,0.195,NA,NA,NA,NA
"I",0.575,0.445,NA,0.8015,0.3475,NA,0.25
NA,NA,0.45,0.135,NA,NA,NA,0.254
"F",NA,NA,NA,1.0305,0.4605,0.218,NA
NA,NA,0.445,NA,NA,NA,0.198,NA
NA,0.575,NA,NA,0.9615,NA,NA,0.275
"F",0.58,NA,0.15,NA,0.428,0.1515,0.23
"M",0.58,NA,0.155,1.0335,0.469,0.2225,NA
"M",0.58,0.43,0.13,NA,NA,0.173,NA
"I",0.58,NA,0.125,NA,NA,NA,0.235
NA,NA,0.445,NA,0.913,NA,0.2205,0.253
"M",0.59,0.49,NA,1.207,0.559,0.235,NA
"I",NA,NA,NA,1.022,NA,0.268,NA
"I",NA,0.46,0.145,0.9015,0.419,0.1785,0.26
"F",0.595,0.435,0.15,0.9,NA,NA,0.265
"M",NA,0.45,0.14,0.838,0.3965,0.194,NA
"M",NA,0.45,0.145,0.959,0.463,0.2065,0.2535
NA,0.595,NA,NA,0.8335,0.377,NA,0.235
NA,0.6,NA,NA,NA,NA,0.2045,NA
NA,0.6,NA,0.15,1.13,0.575,0.196,0.305
NA,NA,0.48,NA,NA,0.4135,0.1965,0.2725
NA,NA,0.48,NA,0.9175,NA,0.2225,0.29
NA,NA,0.48,0.18,1.0645,0.4495,NA,NA
"M",NA,0.47,NA,NA,0.504,0.241,NA
NA,0.6,0.47,0.16,1.194,0.5625,NA,0.2635
"F",0.605,NA,0.145,0.9775,0.468,NA,NA
NA,NA,0.475,NA,0.884,NA,0.1905,NA
NA,0.605,0.47,NA,0.8025,NA,NA,0.22
NA,NA,NA,0.14,NA,NA,0.2345,NA
NA,NA,0.47,NA,NA,0.393,NA,NA
NA,NA,NA,0.18,NA,NA,NA,0.431
NA,NA,NA,NA,NA,0.4565,NA,NA
NA,0.61,NA,0.16,NA,NA,NA,0.28
"F",0.61,0.485,NA,1.2405,NA,0.2915,0.3085
NA,NA,0.47,NA,1.022,NA,0.2345,0.2945
NA,0.61,0.475,0.16,NA,NA,NA,0.379
NA,NA,NA,0.125,0.9225,NA,0.19,0.26
NA,NA,0.47,0.17,1.1185,NA,NA,NA
NA,NA,NA,NA,1.2795,0.5735,0.2855,0.355
"M",NA,NA,NA,NA,NA,NA,0.28
NA,0.615,0.475,NA,NA,0.6035,0.261,NA
"I",0.62,0.485,NA,NA,NA,0.256,0.315
"F",0.62,NA,NA,NA,0.6685,0.2605,0.335
"M",0.62,NA,0.175,1.221,NA,0.241,NA
NA,0.62,NA,NA,NA,NA,0.2435,NA
"I",NA,0.49,NA,NA,0.446,0.246,NA
NA,NA,NA,0.18,1.2215,NA,0.2695,NA
NA,NA,NA,NA,0.8565,0.3595,NA,NA
NA,0.62,NA,NA,0.924,0.358,NA,0.2965
NA,0.62,0.48,0.15,1.266,NA,0.2575,NA
NA,0.62,NA,NA,1.0405,NA,NA,NA
NA,NA,0.49,NA,NA,0.4895,NA,0.3325
"M",NA,NA,NA,1.0845,0.5005,NA,0.3105
"M",0.625,NA,NA,NA,0.4645,0.22,NA
"I",NA,0.47,0.155,NA,0.643,NA,0.3145
NA,NA,0.485,0.175,NA,NA,NA,0.3705
"I",NA,NA,0.15,NA,0.438,0.2865,0.278
NA,NA,NA,0.17,1.0915,NA,NA,NA
NA,NA,0.5,0.18,1.1965,NA,NA,0.3995
"M",0.63,0.49,0.17,1.1745,NA,0.273,0.339
"M",0.63,0.485,NA,1.233,0.6565,NA,0.3035
NA,NA,0.495,0.175,1.2695,0.605,0.271,0.328
"I",NA,0.5,0.165,NA,0.715,0.3445,NA
NA,NA,NA,NA,NA,0.611,0.309,NA
"F",NA,NA,0.175,NA,0.5805,0.313,0.305
"F",NA,NA,NA,NA,NA,0.2665,0.38
"F",NA,0.505,NA,1.2235,NA,0.2695,NA
NA,0.64,NA,0.18,NA,NA,NA,0.3685
NA,NA,0.525,NA,1.707,0.763,NA,0.4435
"M",NA,NA,NA,1.1605,0.519,0.2615,NA
NA,0.645,NA,NA,1.286,0.5645,NA,NA
"M",0.645,NA,0.19,NA,NA,0.3715,0.3845
"M",NA,0.51,0.19,1.4745,0.605,0.345,0.48
"M",NA,NA,0.195,1.226,0.5885,NA,0.3745
NA,0.645,NA,NA,NA,0.6665,NA,0.317
NA,NA,NA,0.16,1.2415,0.5815,NA,NA
"M",0.645,0.5,NA,NA,NA,NA,0.415
"F",0.645,0.51,NA,NA,0.573,0.362,0.36
NA,NA,0.485,0.15,NA,0.5695,NA,0.33
"F",NA,NA,NA,1.371,0.6925,NA,0.35
"F",0.65,NA,0.155,1.337,NA,0.3195,0.335
NA,0.65,0.505,0.19,1.274,0.59,NA,0.391
NA,NA,NA,0.185,NA,NA,0.337,0.378
"M",0.65,0.51,NA,1.3835,NA,NA,0.3665
NA,0.655,0.55,0.18,1.274,NA,NA,NA
"F",0.655,0.51,NA,NA,0.4795,NA,NA
"F",0.655,NA,0.19,1.3485,0.5935,NA,NA
NA,NA,0.505,0.195,1.4405,NA,NA,0.363
NA,0.66,NA,0.165,NA,NA,0.269,NA
"F",0.66,NA,NA,NA,0.711,NA,0.415
"M",NA,NA,NA,1.5505,0.6505,0.3295,0.495
NA,0.66,0.51,NA,1.6375,NA,0.3545,0.3925
NA,0.665,NA,0.175,NA,NA,NA,0.353
NA,0.665,NA,0.16,1.289,NA,0.253,NA
NA,NA,NA,NA,NA,0.631,0.2925,0.32
NA,0.665,0.52,NA,1.3725,0.606,NA,0.395
"M",NA,NA,NA,NA,0.6075,0.314,0.315
NA,NA,0.505,0.16,NA,NA,0.311,NA
NA,NA,0.52,NA,NA,NA,0.2865,NA
NA,0.67,0.52,0.19,1.32,NA,0.3095,0.4275
"F",0.67,0.55,0.155,1.566,NA,0.339,0.354
NA,0.67,NA,0.195,NA,0.74,0.3305,NA
"M",0.675,NA,0.16,NA,0.572,0.2755,0.3545
NA,0.675,0.51,NA,NA,0.6045,NA,NA
"M",0.68,NA,NA,NA,NA,0.391,NA
NA,NA,NA,0.2,1.6075,0.714,NA,0.4705
"M",0.685,0.52,0.15,NA,0.7185,NA,NA
NA,0.685,NA,0.175,NA,0.7775,0.375,0.438
NA,0.69,NA,0.2,NA,NA,NA,0.46
NA,NA,0.565,0.175,1.8565,0.8445,0.3935,NA
NA,0.7,NA,NA,1.773,NA,NA,NA
NA,NA,0.545,0.17,1.58,0.6435,NA,NA
NA,NA,0.575,NA,NA,0.9895,NA,0.502
"F",NA,0.57,0.195,1.9805,0.9925,NA,NA
"F",NA,0.54,NA,NA,NA,NA,0.435
"M",0.71,NA,0.22,2.015,0.9215,0.454,NA
"M",0.72,NA,0.2,1.8275,0.919,NA,0.485
NA,NA,NA,NA,2.125,NA,NA,0.511
"F",0.72,0.525,NA,NA,0.631,0.3215,0.435
"F",0.725,0.565,NA,2.1425,1.03,NA,NA
"F",0.73,NA,0.19,1.9425,NA,NA,0.5655
NA,0.735,0.59,NA,NA,0.7275,NA,NA
"F",0.74,0.565,NA,2.119,NA,0.5185,0.482
NA,0.75,NA,0.215,1.938,0.7735,0.4825,NA
"M",0.75,0.595,0.205,NA,1.083,NA,NA
"M",NA,0.62,0.195,NA,NA,NA,NA
NA,NA,NA,0.25,2.7795,1.3485,NA,NA
NA,NA,0.175,0.09,0.2315,NA,NA,0.0705
"I",0.375,0.245,0.1,0.394,NA,0.091,NA
NA,0.375,0.27,0.135,NA,NA,0.131,NA
NA,NA,NA,NA,NA,0.3035,0.0955,0.143
"I",0.435,0.3,NA,NA,0.259,0.139,NA
NA,0.445,0.32,0.12,NA,NA,NA,0.117
NA,NA,NA,0.105,NA,0.229,NA,0.1
NA,NA,NA,NA,0.82,NA,NA,NA
"I",0.455,0.345,0.11,NA,0.207,NA,0.1215
NA,NA,0.325,NA,NA,0.362,0.1535,NA
"M",0.465,0.36,NA,NA,0.295,0.1395,0.12
NA,0.485,NA,NA,0.5205,NA,NA,0.182
NA,0.485,0.37,0.155,NA,0.419,NA,0.2365
NA,0.485,0.345,0.16,0.869,0.3085,NA,NA
"F",0.49,0.355,0.16,0.8795,NA,NA,NA
"M",0.5,NA,NA,1.0615,NA,0.223,NA
"M",NA,0.35,0.155,0.9225,NA,NA,0.273
NA,NA,NA,NA,1.007,NA,NA,NA
"M",0.525,NA,0.17,NA,0.438,NA,NA
"M",NA,0.38,0.125,NA,NA,NA,0.159
NA,NA,NA,NA,0.7545,NA,NA,NA
NA,0.535,0.425,NA,0.771,NA,0.1815,0.1795
"I",0.535,0.385,0.18,NA,NA,NA,NA
NA,0.545,0.42,0.165,0.8935,0.4235,0.2195,NA
"F",0.545,0.415,0.2,1.358,NA,0.318,NA
"F",NA,0.385,NA,1.1185,NA,NA,0.2845
"F",0.55,NA,NA,1.205,0.543,0.294,NA
"M",NA,NA,NA,NA,0.6325,NA,NA
NA,0.57,0.455,0.175,1.02,0.4805,NA,0.29
NA,0.575,NA,NA,1.025,0.5075,NA,0.2485
NA,0.575,NA,0.13,0.8145,NA,NA,0.213
"F",NA,NA,0.17,1.48,0.6535,0.324,NA
"M",NA,0.455,0.145,0.953,0.3945,0.2685,NA
NA,NA,0.45,0.15,NA,NA,0.2035,NA
"M",0.6,NA,NA,NA,NA,NA,0.3285
"M",0.6,0.465,NA,NA,0.4975,0.2205,NA
"M",0.605,NA,0.175,1.2525,0.5575,NA,NA
NA,NA,0.475,NA,1.15,NA,NA,NA
NA,0.61,0.475,0.15,NA,NA,0.2575,0.3005
NA,NA,0.455,0.145,NA,NA,0.238,0.315
NA,0.62,NA,NA,NA,NA,0.2715,NA
NA,NA,0.495,0.175,1.254,0.5815,NA,NA
NA,0.625,0.49,NA,NA,0.5275,0.2535,NA
NA,0.635,NA,0.195,NA,NA,NA,0.3475
NA,0.635,0.475,NA,1.1845,0.533,0.307,NA
"F",NA,NA,0.14,1.0725,0.4895,NA,NA
NA,NA,0.5,0.16,1.3815,0.672,NA,0.315
"M",0.65,0.525,0.19,1.6125,NA,NA,NA
"M",0.65,0.485,0.16,1.7395,NA,NA,NA
NA,NA,0.52,NA,NA,NA,NA,0.466
NA,NA,NA,0.19,NA,0.6325,NA,0.378
"F",0.665,NA,0.185,NA,NA,0.293,NA
"F",0.675,0.53,NA,1.4465,NA,NA,0.389
NA,NA,NA,0.175,1.5845,0.7175,NA,0.4215
NA,NA,0.55,0.185,NA,0.805,NA,NA
"M",0.695,0.53,NA,NA,0.7625,0.436,NA
NA,NA,0.545,0.18,NA,0.6075,0.3675,0.4645
"F",NA,0.55,NA,2.073,NA,0.4265,0.5015
NA,0.72,0.56,0.18,NA,0.691,NA,0.4425
NA,0.73,NA,0.21,2.069,0.9285,NA,NA
NA,NA,NA,0.04,0.027,NA,NA,0.009
NA,NA,0.18,NA,0.0555,0.0235,0.013,0.018
NA,NA,NA,0.075,0.1275,NA,0.0275,NA
"I",NA,0.26,NA,NA,0.0815,0.0335,NA
"I",NA,0.265,0.08,0.2,NA,NA,NA
"I",0.365,NA,0.085,0.197,NA,NA,NA
NA,0.365,0.275,0.085,0.223,0.098,NA,0.075
"I",0.365,0.27,NA,0.2215,0.095,NA,NA
"I",NA,0.31,0.105,NA,0.1185,NA,0.081
NA,NA,0.3,NA,NA,NA,0.067,NA
NA,NA,0.315,0.095,0.2805,0.114,NA,NA
NA,NA,0.335,0.105,0.3305,0.1405,NA,NA
"I",0.415,NA,0.09,0.2815,0.1245,0.0615,NA
"I",0.415,NA,NA,NA,0.114,0.0565,0.0975
NA,NA,0.31,0.095,0.311,0.1125,NA,0.115
"I",NA,NA,NA,0.368,0.1675,NA,0.1135
NA,NA,0.34,NA,NA,0.1395,NA,NA
"I",NA,NA,0.1,0.3245,0.135,0.0785,NA
"I",NA,0.33,NA,0.38,0.1515,0.0945,NA
"I",0.435,NA,0.105,0.335,NA,0.0555,0.105
NA,0.435,NA,NA,NA,0.13,0.056,0.1185
NA,0.445,NA,0.11,NA,NA,0.067,0.1185
NA,NA,0.37,NA,0.445,0.1635,NA,0.166
"I",NA,0.375,NA,0.487,0.196,0.099,0.135
"I",NA,0.34,NA,NA,0.203,NA,NA
NA,0.485,0.385,0.13,NA,NA,0.178,0.154
"I",NA,NA,0.12,0.5155,NA,0.1025,NA
NA,NA,0.37,0.115,0.457,0.1885,NA,NA
"I",NA,NA,NA,NA,NA,0.1165,NA
NA,NA,NA,NA,0.5,NA,0.148,NA
NA,0.495,NA,NA,0.494,NA,NA,0.191
"I",NA,NA,0.11,NA,0.28,0.106,0.15
NA,NA,0.405,NA,0.599,0.2245,0.1175,NA
NA,0.505,NA,NA,0.7045,0.334,0.1425,0.207
"F",0.51,NA,0.12,NA,0.347,NA,0.195
NA,NA,NA,NA,NA,NA,NA,0.245
"I",NA,NA,0.15,NA,0.2555,NA,0.235
NA,0.515,0.385,0.11,NA,NA,0.16,NA
NA,NA,NA,0.11,0.5185,NA,NA,0.184
NA,0.52,NA,0.14,NA,NA,0.1335,0.168
"I",NA,NA,0.125,NA,NA,0.146,0.165
NA,0.52,0.38,0.115,NA,0.3285,0.17,NA
NA,NA,NA,0.115,0.581,NA,NA,NA
NA,NA,0.415,NA,0.596,0.2805,NA,0.1695
NA,NA,NA,NA,NA,0.3045,0.1535,0.21
NA,0.525,0.4,0.145,NA,NA,0.159,NA
NA,0.53,0.43,0.14,0.677,NA,NA,NA
NA,NA,NA,0.16,NA,0.321,NA,0.24
"I",0.53,0.395,0.13,NA,0.247,NA,NA
"I",NA,NA,0.12,0.632,NA,0.148,0.1875
"I",NA,NA,0.14,NA,0.53,0.1765,0.244
NA,0.54,NA,0.16,0.9455,NA,NA,0.295
NA,NA,0.395,0.135,0.6555,NA,NA,0.192
NA,0.54,0.39,0.125,NA,0.2525,0.158,0.19
"I",NA,0.425,NA,NA,NA,NA,NA
"I",0.545,0.43,0.14,NA,NA,0.1405,0.25
NA,0.55,0.435,0.14,0.7995,NA,0.1905,NA
NA,NA,NA,NA,NA,0.3375,0.1405,NA
"M",0.555,0.435,0.14,0.7495,0.341,NA,NA
NA,0.555,0.41,NA,NA,NA,NA,0.194
NA,NA,0.4,NA,0.7075,0.332,0.1585,0.18
NA,NA,NA,0.175,0.738,0.304,0.1755,NA
NA,NA,NA,NA,NA,0.382,NA,NA
"I",NA,NA,NA,NA,0.3455,NA,NA
"F",NA,0.445,0.125,NA,NA,0.1785,0.23
NA,NA,NA,NA,0.667,NA,0.1545,NA
"M",NA,NA,NA,NA,NA,NA,NA
"I",NA,NA,NA,0.8445,0.3975,0.158,NA
NA,0.565,NA,0.16,NA,0.415,NA,NA
NA,NA,NA,NA,0.8715,0.3755,NA,NA
NA,0.57,0.46,NA,1.0005,NA,0.205,NA
"M",0.57,NA,NA,NA,0.3585,0.174,NA
"M",0.57,0.44,0.175,NA,NA,0.2285,NA
NA,0.57,0.415,0.13,NA,NA,NA,0.238
NA,NA,0.44,NA,0.803,NA,0.1525,0.234
"M",0.575,NA,NA,0.785,NA,NA,0.2265
"M",0.575,0.45,NA,NA,NA,NA,0.235
NA,NA,0.435,NA,0.992,NA,NA,NA
"M",0.575,NA,NA,1.013,0.4685,NA,0.295
"M",0.575,0.445,0.145,NA,NA,0.1615,NA
"F",0.575,NA,0.175,NA,NA,0.202,NA
NA,NA,0.45,NA,0.8715,NA,NA,0.225
"I",NA,NA,0.135,0.8245,NA,NA,0.239
"F",NA,NA,NA,0.7955,NA,0.1925,NA
NA,NA,NA,NA,NA,NA,NA,0.269
NA,NA,0.45,0.195,0.8265,0.4035,0.173,0.225
NA,NA,0.5,0.165,NA,NA,0.185,0.3005
"M",0.58,0.44,NA,1.0465,0.518,0.2185,NA
"I",NA,NA,NA,NA,NA,NA,0.242
"M",NA,NA,0.16,NA,NA,NA,NA
NA,NA,NA,0.15,0.886,0.4315,0.201,0.223
"F",NA,0.47,0.135,0.97,0.4655,0.1955,0.264
"M",NA,NA,0.17,1.1805,0.456,NA,NA
"M",0.6,NA,0.15,0.99,0.386,0.2195,0.3105
"F",0.6,0.465,0.16,1.133,NA,0.2885,NA
"I",0.605,NA,0.165,1.071,NA,0.1935,NA
NA,0.605,0.455,0.145,0.862,NA,0.1985,0.3
NA,0.605,0.47,NA,1.1155,NA,0.2565,NA
NA,NA,0.48,0.14,NA,0.4375,NA,NA
NA,0.61,0.46,0.145,1.1185,NA,NA,NA
"F",0.61,NA,NA,0.957,0.4255,NA,0.265
NA,NA,NA,NA,NA,0.566,0.2785,NA
"M",0.615,NA,NA,1.0285,NA,NA,0.285
NA,NA,NA,0.15,1.0875,0.4975,NA,0.2685
"F",NA,0.495,0.16,1.255,0.5815,NA,0.3225
NA,NA,NA,0.2,1.219,NA,NA,NA
NA,0.62,0.49,0.16,NA,0.44,NA,NA
"M",0.62,0.49,NA,NA,0.4605,NA,NA
"F",0.62,NA,0.17,1.062,NA,NA,NA
NA,NA,NA,0.195,1.5145,0.579,0.346,0.5195
"M",NA,NA,NA,NA,NA,0.4405,NA
NA,0.62,0.485,NA,NA,0.425,NA,NA
NA,NA,NA,0.155,1.0485,NA,NA,NA
"M",0.625,NA,NA,NA,0.5725,NA,NA
"M",NA,0.505,NA,NA,0.52,0.2405,0.3535
NA,NA,0.445,0.16,NA,0.46,0.2965,NA
"F",NA,0.52,0.18,1.354,0.4845,NA,0.375
NA,NA,NA,0.145,NA,0.475,NA,NA
NA,0.63,0.49,NA,NA,0.63,NA,0.289
NA,NA,0.485,0.165,NA,NA,0.3065,NA
NA,0.635,NA,NA,NA,0.5065,0.296,0.412
"F",0.635,NA,NA,NA,0.594,NA,0.345
"M",0.635,NA,0.16,NA,NA,NA,NA
NA,0.635,NA,NA,1.273,NA,0.213,NA
"M",NA,0.515,0.165,NA,0.5055,NA,0.3535
NA,NA,0.53,0.165,1.1895,NA,NA,NA
"F",0.64,NA,NA,1.1145,NA,0.24,0.34
"F",NA,NA,NA,NA,0.4945,0.2555,0.41
NA,NA,0.49,NA,NA,NA,0.2505,NA
"M",0.64,NA,0.155,1.1285,NA,NA,NA
"F",0.64,0.485,NA,NA,0.6735,0.3465,NA
"F",NA,NA,0.18,1.6195,NA,0.322,NA
NA,0.645,0.49,0.175,NA,NA,NA,NA
NA,NA,0.52,NA,NA,NA,0.3655,0.474
"I",NA,NA,NA,NA,0.5495,NA,0.3305
"F",0.65,0.51,NA,NA,0.483,NA,NA
"F",NA,0.51,NA,1.375,0.531,NA,NA
NA,NA,0.515,0.18,NA,NA,NA,NA
"F",0.655,0.525,0.175,1.348,0.5855,0.2605,NA
NA,NA,NA,NA,1.1445,NA,NA,NA
"F",0.66,NA,NA,1.4415,0.5925,NA,NA
"M",0.66,0.51,0.175,NA,NA,0.303,0.37
"F",NA,NA,0.15,NA,NA,NA,0.3595
NA,NA,0.515,NA,1.2695,NA,NA,NA
NA,0.665,NA,0.18,1.429,NA,NA,0.4
NA,NA,0.53,0.205,NA,NA,NA,0.416
NA,0.675,NA,0.15,1.312,0.556,NA,NA
"F",0.675,0.51,NA,NA,NA,NA,NA
"M",NA,0.54,0.19,NA,NA,NA,NA
NA,NA,0.54,NA,1.534,NA,0.379,NA
"M",0.685,NA,NA,NA,NA,NA,0.4075
"M",0.69,0.55,NA,1.6915,NA,0.402,NA
NA,NA,0.545,NA,NA,0.6645,NA,NA
"F",NA,NA,0.205,1.773,NA,0.447,0.538
"M",0.7,0.55,0.175,NA,NA,NA,0.375
"M",NA,NA,0.195,1.6245,0.675,0.347,0.535
NA,0.705,NA,NA,NA,NA,0.3835,0.4395
NA,NA,0.575,0.18,NA,NA,0.3605,0.501
NA,NA,0.565,0.19,NA,1.0815,NA,NA
"F",0.725,0.57,0.205,NA,0.744,NA,0.488
"F",NA,NA,0.195,1.8325,0.83,0.366,NA
"M",0.76,0.605,0.215,NA,NA,NA,NA
NA,0.135,NA,NA,NA,0.0125,0.0065,0.008
NA,NA,0.11,NA,0.0195,NA,NA,0.006
"I",NA,0.15,0.055,0.0465,0.017,NA,0.015
"I",0.28,NA,0.075,0.1195,0.053,0.0265,0.03
"I",NA,0.2,0.065,0.0895,0.036,NA,0.03
"I",0.285,0.215,0.06,0.0935,NA,0.023,NA
"I",NA,0.21,NA,0.1115,0.048,0.0205,NA
NA,0.29,NA,NA,NA,NA,0.0235,0.03
"I",NA,NA,0.065,0.097,0.0375,NA,0.03
NA,NA,0.24,NA,0.133,NA,0.0255,0.041
NA,NA,0.25,NA,NA,0.0875,NA,0.04
"I",0.335,NA,NA,NA,0.0695,0.044,NA
NA,0.35,0.235,NA,0.17,0.0725,0.0465,0.0495
NA,0.35,0.25,NA,0.1605,0.0715,NA,0.046
"I",0.355,0.27,NA,NA,0.1425,0.0525,NA
NA,0.36,0.27,0.085,NA,NA,NA,NA
"I",0.36,0.27,0.085,0.196,NA,0.034,0.053
"I",NA,0.28,0.08,NA,NA,0.047,0.065
NA,0.375,NA,0.085,NA,NA,NA,0.0605
NA,0.395,0.29,0.095,0.3,NA,NA,0.078
NA,NA,0.25,0.09,0.2875,NA,NA,0.0805
"I",0.415,0.325,NA,NA,NA,NA,0.0925
NA,NA,0.315,0.095,0.3675,0.1865,NA,NA
"I",0.43,NA,0.11,NA,0.1675,0.102,0.105
"I",NA,0.325,NA,0.346,NA,NA,0.095
NA,0.45,0.33,NA,0.4955,0.2575,NA,NA
NA,NA,0.35,0.11,0.4675,0.2125,0.099,NA
NA,0.47,0.365,NA,NA,NA,0.1525,NA
NA,NA,0.375,0.105,0.441,NA,NA,0.145
"I",0.475,NA,0.12,NA,NA,0.1095,0.1365
NA,NA,0.39,0.12,0.653,0.3315,NA,0.167
"M",0.505,NA,0.135,NA,0.288,0.1315,NA
NA,0.505,NA,NA,NA,NA,0.1035,0.1535
"I",NA,NA,NA,0.6855,NA,NA,NA
"M",NA,0.4,0.14,NA,0.288,0.145,0.168
NA,NA,0.41,0.13,0.6875,0.3435,NA,0.1765
NA,0.53,0.43,NA,NA,0.325,NA,0.196
NA,NA,0.405,NA,NA,0.2635,0.1565,NA
NA,0.545,NA,NA,0.8395,0.356,NA,NA
"F",NA,0.47,0.15,0.9205,NA,0.2435,NA
"F",NA,0.41,NA,0.8215,NA,0.184,NA
"M",0.565,NA,0.145,0.9255,NA,0.212,NA
"F",NA,NA,0.15,NA,0.3875,NA,NA
NA,0.58,NA,NA,NA,NA,0.2705,NA
NA,NA,0.465,0.165,1.115,0.5165,0.273,NA
NA,0.6,0.45,0.14,0.837,0.37,0.177,0.2425
"M",0.605,0.445,NA,0.982,NA,NA,NA
NA,NA,NA,NA,1.112,NA,NA,0.341
"F",NA,0.515,NA,NA,0.5255,0.252,0.3925
NA,NA,0.515,0.195,NA,0.7345,0.353,0.386
NA,0.255,NA,0.06,0.086,0.04,0.0185,NA
NA,NA,0.195,0.065,NA,0.0475,0.0225,NA
"I",NA,NA,0.08,NA,NA,0.022,0.033
"I",NA,NA,NA,NA,0.051,0.0225,NA
NA,0.32,0.255,0.085,0.1745,0.072,0.033,NA
"I",0.325,NA,NA,NA,NA,NA,0.054
"I",NA,0.28,0.1,0.2755,0.1305,0.061,0.0725
"I",0.395,NA,NA,0.293,0.14,0.062,0.082
"F",NA,0.305,0.16,0.368,NA,NA,NA
NA,NA,NA,0.09,NA,0.138,0.06,NA
NA,0.415,0.305,0.12,NA,NA,NA,NA
"I",NA,NA,NA,0.355,NA,NA,NA
"I",NA,0.305,0.115,0.379,0.162,0.091,NA
NA,NA,NA,NA,0.378,0.152,NA,0.12
NA,NA,0.35,NA,0.4655,NA,NA,0.135
"F",0.455,0.355,1.13,NA,NA,NA,0.1335
NA,NA,NA,NA,0.4935,NA,0.1175,NA
"M",0.46,NA,NA,0.4595,NA,0.0885,NA
NA,NA,NA,NA,0.4955,0.2665,NA,0.121
"I",NA,0.355,0.09,0.4325,NA,0.074,0.1275
"F",0.475,0.38,NA,NA,0.3165,0.1315,0.1955
"I",0.48,NA,0.135,0.5465,0.2735,0.0995,0.158
NA,0.485,NA,0.135,NA,NA,0.1345,NA
"I",NA,0.37,NA,NA,NA,NA,NA
"M",NA,NA,NA,NA,NA,0.1575,0.2385
NA,NA,0.38,0.14,NA,NA,NA,0.1785
NA,NA,0.385,NA,NA,0.3135,0.149,0.1515
NA,0.525,0.385,NA,NA,0.246,NA,NA
"M",0.535,0.42,NA,NA,0.355,0.1895,NA
"F",0.535,NA,NA,0.699,NA,NA,NA
NA,NA,0.385,NA,NA,0.3265,NA,NA
NA,0.54,0.42,NA,0.7505,NA,0.1675,NA
NA,NA,0.43,0.16,NA,0.3945,0.1855,0.231
NA,NA,0.41,NA,0.8705,0.4455,0.2115,NA
NA,NA,NA,0.115,NA,NA,0.137,NA
NA,0.565,0.44,NA,NA,0.393,0.1735,NA
"M",0.58,0.45,NA,0.8685,NA,0.1475,0.2605
"F",NA,0.435,NA,0.839,NA,0.207,NA
NA,NA,NA,0.15,1.079,0.4145,0.2115,0.356
"M",0.595,NA,NA,0.919,NA,0.1765,0.262
"F",NA,NA,0.19,NA,0.492,NA,NA
NA,NA,NA,0.14,NA,0.438,0.2,NA
"M",NA,NA,NA,1.2435,0.5575,0.2675,0.372
NA,0.62,0.49,0.16,NA,NA,0.244,NA
"M",NA,0.495,0.15,1.2095,NA,0.2225,0.339
"M",NA,0.5,0.14,1.238,0.6165,NA,NA
NA,0.665,NA,NA,NA,0.818,0.3395,0.4275
"M",NA,NA,NA,NA,0.813,0.387,0.49
NA,NA,0.54,NA,1.2525,NA,NA,NA
"F",NA,NA,NA,NA,NA,0.3725,NA
"F",NA,0.5,0.15,NA,0.6835,NA,NA
NA,0.72,NA,0.22,1.914,NA,NA,0.479
"F",NA,NA,0.215,2.1,NA,0.4825,0.602
"F",0.73,NA,NA,1.6895,NA,NA,NA
NA,NA,0.57,NA,2.032,0.735,0.4755,NA
"F",0.505,NA,0.115,0.66,0.3045,NA,NA
NA,NA,NA,0.13,NA,0.2995,0.1355,NA
NA,0.505,NA,NA,NA,NA,NA,0.21
"I",NA,0.305,NA,0.2825,0.114,0.0575,NA
"M",NA,NA,NA,NA,0.1545,0.0685,0.095
"M",0.5,0.39,0.145,0.651,0.273,0.132,0.22
"M",0.425,0.33,0.08,NA,0.134,0.0825,0.125
"M",0.47,NA,0.1,0.4775,0.1885,0.0885,0.175
"F",0.4,0.31,NA,0.3465,NA,0.0695,0.115
"I",0.37,0.29,0.1,0.25,0.1025,0.0505,NA
NA,0.5,0.38,NA,0.66,NA,NA,0.215
"I",NA,0.31,NA,NA,NA,NA,0.095
NA,NA,NA,0.1,NA,0.1175,NA,0.085
NA,NA,0.385,NA,0.5395,0.2175,NA,0.165
"M",0.585,0.48,NA,NA,NA,0.265,NA
NA,0.595,NA,NA,NA,0.416,NA,0.365
"F",0.675,0.55,0.18,NA,NA,NA,NA
"M",NA,NA,0.225,NA,NA,NA,NA
NA,NA,NA,0.17,1.2105,0.5185,NA,NA
"I",NA,NA,0.055,0.166,0.076,0.051,NA
"I",0.455,0.355,NA,0.452,0.2165,0.0995,0.125
"M",0.525,0.405,0.13,NA,NA,NA,NA
"I",NA,NA,NA,0.232,NA,0.0495,0.08
"I",NA,0.095,0.035,NA,NA,NA,NA
NA,NA,0.13,0.045,NA,NA,NA,0.009
"I",0.31,0.225,NA,NA,NA,NA,0.045
"F",NA,NA,NA,NA,NA,0.0725,NA
NA,0.48,NA,0.12,NA,NA,0.1405,NA
"I",0.455,0.37,0.125,NA,0.201,NA,0.145
"M",NA,NA,0.1,0.3295,0.1365,NA,NA
"I",NA,0.36,NA,NA,NA,NA,0.145
NA,NA,NA,0.12,NA,NA,0.1,0.13
NA,NA,NA,NA,0.275,NA,NA,NA
"M",NA,0.295,NA,0.335,0.147,0.094,NA
"M",NA,0.375,NA,NA,0.1685,0.0755,0.15
NA,NA,NA,0.125,NA,NA,NA,NA
"I",NA,0.31,0.1,0.127,0.106,NA,NA
"M",0.62,0.51,0.175,NA,0.4375,NA,NA
NA,0.595,0.47,0.15,NA,0.359,0.2105,0.245
NA,NA,NA,NA,0.97,0.462,NA,NA
"M",NA,0.24,NA,NA,0.08,NA,NA
NA,0.52,NA,NA,0.6985,0.2945,0.1625,0.215
NA,NA,0.35,NA,0.4585,0.2,NA,NA
NA,0.44,0.33,0.115,NA,0.143,NA,NA
"M",0.565,NA,NA,NA,NA,0.166,0.18
"F",0.56,0.425,NA,NA,0.361,0.213,NA
"F",0.59,NA,0.175,NA,NA,0.2455,NA
NA,0.57,NA,NA,0.9995,0.405,0.277,0.295
"M",NA,NA,NA,1.496,0.5825,NA,0.465
"F",NA,NA,0.125,0.5065,NA,NA,0.16
"I",0.32,0.24,NA,NA,NA,NA,NA
NA,0.46,0.35,NA,NA,0.1685,0.0865,0.125
"M",0.47,NA,NA,0.4665,NA,0.1015,0.155
"M",NA,0.35,NA,0.401,0.1575,0.083,0.135
NA,NA,NA,NA,0.3455,0.1405,0.0765,0.11
"M",NA,0.35,0.12,NA,0.2015,NA,0.185
"M",NA,0.375,0.135,NA,NA,0.0845,0.17
NA,0.415,0.31,NA,0.3245,0.1305,NA,NA
"M",0.27,0.195,0.07,0.106,0.0465,NA,NA
"M",0.445,NA,0.11,NA,0.1805,0.1035,0.1505
NA,NA,0.585,0.19,NA,0.8435,NA,0.5855
"F",0.4,NA,0.115,NA,NA,NA,0.0935
"I",0.28,0.2,NA,0.1225,NA,0.0115,0.035
NA,NA,NA,0.135,NA,NA,0.2095,NA
NA,0.58,NA,0.165,NA,0.473,0.1965,0.435
"M",NA,NA,0.165,1.2715,0.4915,0.185,0.49
"M",0.62,NA,0.175,1.806,NA,0.3285,NA
NA,NA,0.42,NA,0.8085,NA,NA,0.285
NA,0.64,NA,NA,1.3905,0.61,NA,NA
NA,0.69,0.55,NA,NA,0.732,0.472,NA
"F",0.715,0.565,NA,NA,NA,0.465,0.885
NA,0.71,NA,NA,NA,0.785,NA,0.49
"F",NA,NA,NA,NA,NA,0.184,0.29
"M",NA,NA,0.09,NA,0.1395,0.0565,0.095
NA,NA,0.45,0.16,1.136,NA,NA,0.3
NA,NA,NA,0.085,0.2735,NA,NA,NA
"F",NA,0.275,NA,0.2405,0.104,0.0535,0.07
"M",0.335,0.235,NA,NA,0.066,0.0345,0.045
NA,NA,NA,0.015,NA,NA,0.003,NA
NA,0.285,0.21,NA,NA,NA,NA,0.04
"I",0.19,NA,NA,0.0295,0.0155,0.015,0.01
NA,0.215,0.15,NA,0.0385,0.0115,0.005,0.01
"M",0.595,NA,0.125,NA,0.3245,NA,0.23
NA,NA,0.5,NA,1.1845,0.4805,0.274,0.355
NA,0.575,0.45,NA,0.925,0.342,NA,NA
"F",NA,NA,0.17,1.098,0.414,0.187,NA
"F",0.58,0.45,NA,NA,NA,0.206,0.395
"F",NA,NA,0.2,NA,0.358,NA,0.34
"F",NA,NA,0.25,NA,NA,NA,NA
"F",0.625,0.42,0.165,NA,0.358,0.165,0.445
"M",0.535,NA,0.165,0.9195,0.3355,NA,NA
"M",0.55,NA,NA,0.9295,0.317,0.1735,NA
"M",0.495,0.4,0.155,0.8085,0.2345,NA,0.35
NA,NA,0.235,NA,0.1485,0.064,0.031,0.045
NA,NA,NA,0.12,0.4475,NA,0.1035,0.13
NA,NA,NA,0.125,NA,0.295,NA,NA
"M",0.495,NA,0.135,0.6335,NA,NA,NA
"M",NA,0.37,0.135,0.547,NA,NA,0.17
NA,0.49,NA,NA,NA,NA,0.115,0.195
"M",NA,0.47,0.165,NA,0.3215,NA,0.315
"M",0.645,0.495,0.185,NA,0.5265,NA,NA
NA,NA,0.485,NA,NA,0.419,NA,NA
NA,NA,0.17,NA,0.0605,NA,NA,NA
NA,NA,0.325,NA,0.3675,0.1355,0.0935,NA
NA,NA,NA,NA,NA,0.037,NA,NA
NA,NA,0.28,NA,NA,NA,0.0545,NA
NA,0.405,NA,0.105,0.3625,NA,0.0705,NA
NA,0.27,NA,NA,0.081,0.0265,NA,NA
NA,0.68,0.55,0.2,1.596,NA,0.4075,0.585
NA,0.65,0.515,0.195,1.4005,0.5195,0.36,0.44
NA,NA,0.49,0.215,NA,NA,0.2285,0.51
"M",NA,0.405,0.16,0.9245,NA,NA,NA
"M",NA,0.48,NA,NA,NA,0.2375,0.47
"M",0.42,NA,NA,0.43,NA,0.096,NA
"I",NA,NA,0.08,0.1365,NA,NA,0.042
"F",0.29,0.225,NA,NA,0.0515,0.0235,0.04
NA,NA,0.34,NA,0.4215,NA,NA,0.135
"F",0.625,0.525,NA,1.5765,0.5115,0.2595,0.665
"F",NA,0.465,0.18,NA,NA,NA,0.525
"M",NA,0.505,0.2,NA,0.4865,0.297,0.61
"M",NA,0.47,0.195,1.142,NA,0.258,0.35
NA,0.595,0.495,NA,1.366,0.5065,0.219,NA
NA,0.63,0.51,NA,NA,NA,NA,0.57
NA,0.43,NA,0.12,NA,NA,0.0995,NA
NA,0.455,NA,0.14,0.5725,NA,0.1325,NA
NA,NA,NA,NA,0.19,NA,NA,0.065
NA,NA,NA,NA,NA,0.276,0.196,0.25
"M",NA,0.39,NA,NA,0.3285,0.189,0.27
"F",NA,0.375,0.145,0.5885,NA,0.1155,0.19
"F",NA,NA,NA,0.7875,NA,0.2005,NA
"M",NA,NA,0.175,NA,0.401,0.1865,NA
"F",NA,0.525,NA,NA,0.4505,NA,NA
NA,NA,NA,0.18,NA,0.296,NA,0.39
"F",NA,0.425,NA,NA,NA,NA,0.265
"M",NA,0.475,NA,NA,NA,NA,NA
"I",0.355,0.28,NA,0.2235,0.0815,NA,0.08
"I",NA,0.2,0.075,NA,NA,0.019,NA
"F",0.505,0.39,0.175,NA,0.267,0.15,0.215
"M",0.37,NA,NA,NA,NA,NA,0.075
"M",NA,0.43,NA,0.7575,0.2735,NA,0.275
"F",NA,NA,0.165,0.729,0.2675,NA,0.25
"F",NA,0.445,NA,NA,0.3575,0.2045,NA
NA,NA,0.475,0.17,NA,0.419,NA,0.35
NA,0.57,0.45,NA,0.903,0.3305,NA,0.295
NA,0.6,NA,NA,NA,NA,0.2735,0.415
"F",NA,0.435,NA,1.106,NA,0.2435,NA
"M",0.585,0.465,0.19,1.171,0.3905,0.2355,NA
NA,NA,NA,0.11,0.444,0.225,0.0745,0.11
"F",0.46,0.36,NA,NA,NA,NA,NA
"M",0.415,0.315,0.125,NA,0.068,NA,NA
NA,0.435,NA,NA,0.3785,0.152,0.0915,0.125
NA,0.475,0.38,NA,NA,NA,0.07,0.185
"M",NA,0.36,NA,NA,0.2105,0.1185,NA
"I",NA,0.28,NA,NA,0.0935,NA,NA
NA,0.46,NA,NA,0.5105,0.192,NA,0.205
NA,NA,0.325,0.11,0.3105,NA,0.074,NA
"F",NA,NA,NA,NA,0.2295,NA,NA
"M",0.36,NA,NA,0.2225,NA,0.053,0.075
"F",NA,NA,NA,NA,0.345,NA,NA
"M",0.655,NA,NA,NA,0.654,NA,0.415
NA,NA,NA,0.175,NA,0.4995,0.2815,0.38
NA,0.57,0.46,0.17,1.1,0.4125,NA,0.38
"F",NA,NA,NA,NA,0.639,0.305,0.36
"M",0.65,NA,0.18,NA,0.8005,0.339,0.53
NA,NA,0.395,0.145,NA,0.216,0.1385,NA
"M",0.52,0.38,NA,0.5825,0.2505,0.1565,NA
NA,0.495,0.415,0.165,0.7485,NA,0.134,NA
NA,NA,0.335,NA,NA,NA,0.0935,NA
NA,NA,0.465,0.16,1.1005,0.506,NA,NA
NA,0.55,NA,NA,NA,0.3155,NA,0.32
"M",NA,0.43,NA,NA,0.3625,0.176,0.27
NA,0.58,NA,NA,0.9215,0.312,0.196,0.3
NA,NA,NA,NA,NA,NA,0.2875,NA
"I",NA,NA,NA,0.893,NA,0.2185,NA
"F",NA,0.575,NA,2.226,NA,0.405,0.62
"F",0.635,NA,NA,NA,NA,0.261,NA
"F",NA,NA,0.175,1.0675,NA,NA,0.42
"F",NA,NA,NA,NA,0.3465,NA,NA
NA,0.57,NA,0.16,NA,0.3725,0.2175,NA
"F",0.6,0.475,0.18,1.162,0.511,0.2675,NA
NA,0.52,NA,NA,NA,0.3735,NA,0.25
"M",NA,0.51,0.21,NA,NA,0.2835,0.58
"F",0.67,NA,0.15,NA,0.519,0.348,0.37
"M",NA,NA,NA,NA,0.751,NA,0.685
"M",NA,0.525,NA,1.259,NA,0.2215,0.445
NA,NA,0.48,0.23,NA,NA,0.245,NA
"F",0.6,NA,NA,NA,NA,NA,0.425
NA,NA,NA,NA,NA,NA,NA,0.17
"M",NA,0.405,0.135,0.7575,NA,NA,NA
"M",0.44,0.375,NA,NA,NA,0.0965,NA
"I",0.485,0.415,NA,NA,NA,NA,NA
"F",0.495,0.385,0.13,0.6905,NA,0.179,0.175
"I",0.435,NA,0.12,0.4475,NA,0.112,0.125
"I",0.405,0.315,NA,NA,NA,0.0785,0.1
NA,NA,NA,0.1,NA,NA,NA,NA
NA,NA,NA,NA,0.7145,NA,0.173,0.195
NA,0.385,0.305,0.105,0.3315,0.1365,0.0745,0.1
"I",0.33,0.265,NA,NA,0.068,NA,NA
"F",NA,NA,NA,NA,NA,NA,0.285
NA,NA,NA,NA,0.185,NA,NA,NA
"M",0.475,0.375,0.12,NA,0.2525,NA,0.185
"F",0.38,NA,NA,0.3215,0.1545,0.075,NA
"I",0.34,NA,0.09,0.179,0.076,0.0525,NA
"M",NA,0.425,0.12,0.702,NA,NA,0.22
"F",0.52,0.415,0.145,0.8045,0.3325,0.1725,NA
"F",0.535,0.45,0.135,NA,NA,NA,NA
NA,NA,NA,NA,NA,0.2825,0.12,0.17
NA,0.415,NA,0.1,NA,NA,NA,NA
"I",0.495,0.385,0.125,0.585,0.2755,0.1235,NA
NA,0.48,NA,NA,0.6375,NA,0.1445,NA
NA,NA,0.425,NA,NA,NA,NA,NA
NA,0.46,NA,NA,0.5735,NA,0.119,0.195
NA,NA,0.455,NA,0.94,NA,NA,0.265
NA,NA,0.49,0.135,NA,0.422,0.2245,NA
NA,0.55,0.415,NA,0.775,0.302,0.179,NA
NA,0.65,0.5,NA,1.1445,0.485,NA,NA
NA,0.465,NA,NA,NA,NA,NA,NA
"M",NA,0.355,0.13,0.515,NA,0.1275,0.175
NA,NA,NA,0.13,NA,0.2145,NA,NA
NA,0.435,0.35,NA,NA,NA,NA,NA
"M",NA,NA,NA,0.2965,0.1365,0.063,NA
"I",NA,NA,NA,NA,NA,0.0315,0.04
NA,0.595,NA,NA,0.991,NA,0.1505,NA
NA,NA,NA,NA,0.925,0.391,0.165,0.275
NA,0.575,NA,NA,0.805,0.293,0.1625,0.27
"M",0.535,NA,NA,0.8915,NA,NA,NA
NA,0.515,NA,NA,NA,0.2505,NA,NA
"F",0.505,NA,NA,0.6185,NA,0.1175,0.2
NA,0.505,0.395,NA,0.6515,NA,0.153,NA
NA,NA,0.31,NA,NA,NA,NA,0.095
NA,NA,NA,NA,0.5545,0.213,0.0925,0.215
NA,NA,0.435,0.135,NA,NA,0.1315,NA
"I",0.395,NA,0.105,NA,0.111,NA,0.095
"F",NA,NA,NA,1.496,0.5775,0.2815,NA
"F",NA,0.305,0.105,0.3605,0.12,NA,NA
"M",NA,NA,NA,0.3045,NA,0.055,0.12
"M",0.475,0.395,0.135,NA,0.2465,0.1645,NA
NA,0.525,0.425,NA,0.7995,NA,NA,NA
NA,NA,0.39,NA,0.5825,0.2315,0.121,NA
"I",NA,NA,0.115,0.3435,0.1515,NA,NA
"M",0.59,0.46,0.155,NA,0.327,0.1485,NA
NA,0.515,NA,0.135,0.6295,0.2815,0.127,NA
NA,NA,NA,0.22,1.5515,0.566,NA,NA
"F",NA,0.63,NA,NA,NA,0.59,NA
NA,0.61,0.49,0.15,NA,NA,NA,0.36
NA,NA,0.48,0.175,NA,NA,0.215,0.275
NA,NA,0.455,0.165,NA,NA,NA,0.245
"M",NA,NA,0.195,NA,0.6275,0.358,0.485
"M",NA,NA,NA,NA,NA,NA,0.455
"F",NA,NA,NA,0.9,NA,NA,NA
"I",NA,0.24,NA,NA,0.0605,0.0315,NA
NA,0.255,0.185,NA,NA,NA,NA,0.025
"I",0.17,0.125,NA,0.0235,0.009,NA,0.008
"M",0.67,0.55,0.17,1.247,NA,0.2455,NA
"F",NA,NA,0.195,1.7265,0.638,NA,0.565
"F",NA,0.43,NA,NA,0.313,0.1715,0.263
NA,0.505,NA,0.13,NA,NA,0.189,0.2175
NA,NA,NA,NA,NA,0.376,0.1945,0.2515
NA,NA,0.36,NA,NA,NA,NA,0.149
NA,NA,0.435,NA,0.631,0.2765,NA,0.216
"M",0.59,NA,0.16,0.9455,NA,NA,0.27
NA,NA,0.53,NA,1.3185,NA,NA,NA
NA,NA,0.56,NA,NA,NA,NA,0.525
"M",0.635,0.495,NA,NA,NA,0.242,NA
NA,NA,0.44,NA,0.9025,0.3805,NA,NA
"M",0.575,0.47,NA,NA,0.4515,0.204,NA
NA,0.585,NA,NA,NA,0.391,NA,0.25
"F",NA,0.485,0.21,NA,NA,0.2205,0.515
NA,0.645,0.525,0.2,1.449,0.601,0.2565,NA
"F",NA,NA,NA,0.7745,0.2985,0.1875,0.265
NA,0.55,0.45,NA,NA,NA,NA,0.25
NA,NA,0.525,0.205,1.3665,NA,0.291,0.41
NA,0.57,0.475,NA,1.0295,NA,NA,0.305
"F",0.6,0.47,NA,NA,0.392,NA,NA
"F",NA,NA,0.165,NA,NA,0.216,0.315
"M",0.695,0.57,NA,NA,0.8665,NA,0.5
NA,0.65,NA,0.16,NA,NA,NA,NA
NA,0.72,NA,NA,NA,0.8045,NA,NA
"I",0.56,NA,NA,0.9445,0.3545,0.2175,0.3
"I",NA,NA,NA,NA,NA,0.064,0.105
NA,NA,0.125,NA,0.023,NA,0.0055,0.01
NA,0.405,0.325,0.11,NA,NA,0.0725,0.11
NA,0.5,NA,0.15,0.5965,0.253,NA,NA
"I",0.435,0.335,0.11,0.383,NA,0.0675,NA
NA,0.34,NA,0.09,NA,0.0725,NA,NA
NA,NA,0.34,NA,NA,0.154,0.0955,0.109
NA,0.535,NA,NA,NA,NA,NA,0.1815
"I",NA,0.325,NA,0.3285,NA,0.051,0.106
NA,0.36,0.265,NA,0.2165,0.096,0.037,0.0735
"M",0.175,NA,NA,0.0305,0.011,NA,NA
"M",NA,0.115,0.025,0.024,NA,0.005,0.0075
"I",0.525,NA,0.15,0.7365,0.3225,NA,NA
"F",0.525,NA,0.135,0.6005,0.2265,0.131,0.21
NA,NA,0.345,NA,0.4285,NA,NA,0.132
"F",NA,NA,NA,NA,NA,0.117,NA
NA,0.485,NA,0.14,0.6195,NA,0.1445,0.177
"I",NA,0.35,NA,NA,NA,NA,0.1525
"I",0.515,NA,0.14,NA,0.2495,0.141,0.2215
"M",NA,NA,0.125,NA,0.165,NA,0.144
NA,NA,NA,NA,0.4485,NA,0.102,NA
"M",0.37,NA,0.09,NA,NA,NA,0.069
NA,NA,NA,0.09,0.197,NA,0.041,NA
NA,0.3,0.22,0.09,0.1425,0.057,NA,0.043
NA,0.625,0.46,NA,NA,NA,NA,NA
"I",NA,NA,NA,NA,0.4435,NA,0.32
"I",0.625,0.465,0.155,0.972,0.404,NA,NA
NA,0.635,0.505,0.19,1.3315,0.5805,NA,0.435
"I",NA,NA,NA,NA,0.3795,0.161,0.19
"F",NA,NA,0.17,NA,0.35,0.152,NA
"I",NA,NA,NA,NA,0.163,NA,NA
"F",0.585,NA,0.155,0.6985,0.3,0.146,NA
"I",0.44,NA,NA,NA,NA,NA,0.14
NA,0.29,0.225,NA,NA,NA,0.026,0.045
NA,0.555,NA,0.17,NA,NA,NA,NA
NA,NA,NA,NA,1.25,NA,NA,0.315
"F",NA,NA,0.185,NA,0.3515,0.2,0.32
NA,0.625,0.43,0.175,NA,0.572,0.297,NA
NA,0.62,NA,0.17,1.208,NA,NA,NA
"F",0.64,0.5,0.15,NA,0.371,0.2705,NA
NA,0.505,0.375,NA,NA,NA,0.12,NA
NA,NA,NA,0.12,NA,NA,NA,NA
"M",NA,0.245,0.095,0.15,NA,NA,0.048
NA,NA,0.38,NA,0.651,NA,0.19,NA
"I",NA,0.305,0.11,NA,0.094,0.0785,0.0955
"M",0.4,NA,NA,NA,0.1135,0.037,0.113
NA,NA,NA,NA,NA,0.1135,0.0565,NA
"M",NA,NA,NA,0.12,0.0415,NA,NA
"F",0.465,0.35,NA,NA,NA,NA,0.155
NA,0.465,NA,0.12,0.4765,NA,0.1125,NA
"M",NA,0.255,NA,NA,0.1,NA,NA
"I",NA,NA,0.16,0.595,NA,0.142,0.26
"F",0.475,NA,NA,NA,NA,0.114,NA
"F",0.41,0.315,0.11,NA,0.1255,0.0655,NA
"M",NA,NA,0.065,0.096,NA,NA,0.03
"I",NA,NA,0.17,0.9315,0.358,0.2145,0.26
NA,NA,0.435,NA,0.782,NA,0.168,0.285
"M",0.26,NA,0.075,0.0945,NA,0.02,NA
NA,0.53,NA,0.125,NA,0.289,0.151,0.18
"M",0.34,0.255,NA,0.213,0.081,NA,NA
"I",NA,0.38,0.14,NA,0.1775,0.115,NA
"F",0.635,0.5,NA,NA,NA,NA,0.485
"F",NA,NA,0.165,1.087,NA,NA,0.38
NA,NA,0.515,NA,NA,NA,0.3365,0.555
NA,NA,NA,NA,NA,NA,NA,0.49
NA,0.465,NA,NA,0.579,0.208,0.1095,0.22
"M",0.515,0.4,0.16,0.8175,0.2515,NA,NA
NA,NA,NA,0.095,0.17,NA,0.039,0.055
"F",0.515,NA,NA,0.796,NA,NA,0.28
NA,0.345,0.255,0.1,NA,0.071,NA,NA
NA,NA,0.355,0.125,NA,0.2025,NA,NA
NA,NA,0.415,NA,NA,0.339,NA,NA
"M",0.475,NA,0.125,NA,NA,0.107,0.145
NA,NA,NA,NA,NA,NA,0.114,NA
NA,0.5,NA,0.14,0.528,0.2125,NA,NA
NA,0.5,NA,NA,NA,0.2295,NA,0.18
NA,NA,0.435,0.17,NA,NA,0.1645,0.28
"I",NA,0.205,NA,NA,NA,0.0185,0.03
"F",NA,0.265,NA,NA,NA,0.0415,0.06
"F",0.37,0.285,0.105,0.27,0.1125,0.0585,NA
"F",NA,NA,NA,NA,0.186,0.11,NA
NA,0.35,0.26,0.09,0.198,NA,0.056,NA
NA,NA,0.305,0.105,NA,NA,0.065,0.096
NA,0.325,0.2,NA,NA,NA,NA,NA
NA,0.275,0.2,NA,NA,0.0385,NA,0.027
"I",0.235,NA,0.065,0.0625,0.023,0.014,0.022
"I",0.25,0.18,0.06,0.073,NA,NA,0.0225
"I",NA,0.185,NA,NA,NA,0.0185,NA
"I",0.2,0.145,NA,0.036,NA,NA,NA
NA,0.585,0.47,0.17,1.099,NA,NA,0.358
"M",0.445,0.35,NA,NA,NA,NA,NA
"F",0.5,0.385,NA,NA,NA,NA,NA
"M",NA,NA,0.08,0.413,NA,NA,0.13
NA,NA,NA,NA,0.8505,NA,NA,0.315
NA,NA,NA,NA,0.6915,0.276,NA,0.215
NA,0.5,0.39,0.13,0.709,0.275,0.168,NA
"M",0.425,NA,0.12,NA,NA,NA,NA
NA,0.51,NA,NA,NA,NA,NA,NA
"F",0.37,NA,0.08,NA,0.093,0.0625,0.07
"M",NA,NA,0.13,0.8245,NA,NA,0.24
"M",NA,0.475,NA,NA,NA,0.2895,NA
"M",NA,0.44,NA,1.122,0.393,NA,NA
NA,NA,0.515,NA,NA,0.6745,0.384,NA
NA,NA,0.47,0.175,1.2985,NA,0.343,0.32
"M",0.605,NA,NA,1.3,0.517,NA,0.31
NA,0.59,NA,NA,NA,0.38,NA,0.28
NA,0.645,NA,NA,NA,0.5915,NA,NA
NA,NA,0.42,NA,NA,NA,0.193,NA
NA,0.47,NA,0.18,NA,NA,NA,NA
"F",0.5,NA,NA,0.742,NA,NA,NA
NA,NA,0.425,NA,0.7,NA,NA,0.24
"M",NA,NA,0.095,NA,0.11,NA,NA
NA,0.52,NA,0.165,0.8565,0.2745,NA,0.21
NA,NA,NA,0.175,NA,NA,0.241,NA
"M",0.46,0.36,NA,0.6105,0.1955,0.107,NA
NA,NA,NA,0.09,NA,0.077,0.038,NA
"F",NA,NA,NA,0.6635,NA,0.1295,NA
"F",0.63,0.51,0.185,NA,NA,NA,0.3065
"M",0.5,NA,0.145,NA,NA,NA,0.204
"M",0.49,NA,0.135,0.592,NA,0.096,NA
NA,NA,0.325,NA,0.39,0.163,NA,0.113
NA,0.515,NA,0.165,NA,0.1905,NA,NA
NA,NA,NA,NA,0.57,0.167,0.118,NA
"I",NA,0.31,NA,NA,0.115,0.0735,NA
"M",NA,NA,NA,NA,0.096,0.0675,0.105
"M",0.45,0.36,NA,NA,0.174,0.1245,NA
NA,NA,NA,NA,0.6245,0.215,NA,NA
"M",NA,NA,NA,0.8415,0.2715,0.1775,NA
NA,NA,0.4,0.14,0.7775,NA,NA,NA
"M",NA,0.41,NA,NA,NA,NA,0.355
"F",NA,NA,0.125,NA,NA,NA,0.2
NA,NA,NA,0.08,0.2,0.0625,0.05,0.07
NA,0.285,NA,NA,NA,NA,NA,0.033
"I",0.3,0.23,NA,0.127,0.052,0.03,0.0345
"I",NA,NA,0.105,0.2885,NA,NA,NA
"I",0.34,NA,NA,0.18,0.0745,0.04,NA
"I",NA,NA,0.075,NA,NA,0.03,0.044
"I",NA,NA,NA,0.4665,NA,0.1065,0.114
NA,0.415,0.315,NA,0.33,NA,NA,NA
"I",0.415,NA,0.09,0.3625,NA,NA,0.093
"I",NA,0.32,NA,0.34,0.1745,0.05,NA
NA,NA,0.31,NA,NA,0.159,NA,NA
"M",NA,NA,0.11,NA,0.21,0.113,NA
NA,NA,NA,NA,0.6265,0.259,0.1445,NA
NA,0.47,0.37,0.11,NA,NA,NA,NA
NA,0.47,NA,NA,NA,NA,0.1455,0.135
NA,0.475,0.365,NA,NA,NA,NA,0.1625
NA,0.48,0.37,NA,0.6315,NA,0.1015,0.161
"M",0.5,0.4,0.13,NA,0.37,0.16,NA
NA,NA,0.39,0.185,NA,0.267,0.142,NA
"M",0.525,0.425,NA,NA,NA,0.1725,NA
NA,0.54,NA,0.12,0.8115,0.392,NA,NA
"M",0.545,0.45,0.15,NA,0.387,NA,NA
NA,NA,0.44,0.15,NA,0.4475,NA,0.2485
"M",0.58,0.46,NA,1.145,NA,NA,0.325
NA,NA,0.455,NA,NA,NA,NA,NA
"M",NA,NA,NA,1.262,0.5685,0.2725,NA
"M",0.595,0.49,0.185,1.185,NA,NA,0.361
NA,NA,NA,0.135,NA,NA,NA,0.3175
"F",NA,0.5,0.155,1.332,0.6235,NA,0.35
NA,0.6,0.485,NA,NA,0.587,NA,0.288
"M",0.605,0.475,0.175,NA,0.5395,NA,0.309
"F",NA,0.49,NA,1.33,NA,NA,0.33
"M",0.63,0.5,0.185,1.362,NA,NA,NA
NA,NA,NA,NA,NA,0.7225,0.331,0.471
"F",NA,NA,NA,NA,0.593,0.314,NA
"F",0.655,0.545,NA,1.6225,0.6555,0.299,0.513
"I",NA,NA,NA,1.786,0.6725,NA,0.4065
"M",0.66,NA,NA,1.791,NA,NA,NA
NA,0.675,0.555,NA,NA,0.713,NA,NA
NA,NA,NA,0.175,1.689,NA,NA,0.474
NA,0.69,0.55,NA,1.659,NA,NA,NA
NA,0.695,0.53,NA,2.0475,0.75,NA,0.6095
NA,0.7,NA,NA,NA,NA,0.365,NA
"F",0.73,NA,NA,NA,1.0685,0.418,NA
NA,NA,NA,0.065,0.04,0.02,NA,NA
"I",0.225,0.17,0.07,0.0565,NA,0.013,0.016
"I",NA,NA,0.05,0.064,0.0215,NA,NA
"I",0.275,0.195,NA,0.0875,0.0345,NA,0.0255
NA,0.28,0.21,0.055,NA,0.0415,NA,NA
"I",0.28,0.22,0.08,0.1315,0.066,NA,0.03
"I",NA,NA,NA,0.126,NA,NA,NA
"I",0.31,0.225,0.075,NA,NA,NA,0.0365
NA,NA,0.235,NA,NA,NA,0.0325,NA
"I",0.34,NA,NA,NA,NA,0.0395,NA
"I",0.37,NA,NA,NA,NA,0.0565,0.07
NA,NA,NA,NA,NA,0.115,NA,NA
NA,0.39,0.295,NA,NA,NA,0.059,0.08
"I",0.405,0.31,NA,NA,0.1575,0.066,NA
NA,NA,0.325,0.1,0.3335,0.1445,NA,NA
NA,NA,NA,NA,0.3885,NA,NA,NA
NA,NA,NA,0.115,0.545,NA,NA,0.1305
NA,0.44,NA,NA,0.4165,NA,0.0865,0.11
"I",NA,0.355,NA,NA,NA,NA,0.125
"I",0.45,NA,0.125,0.4775,0.2235,0.089,NA
NA,0.45,0.35,NA,0.468,0.2005,0.1065,0.1325
"F",NA,NA,NA,0.4555,0.1945,0.1045,NA
"F",0.46,0.35,0.115,NA,NA,0.1115,0.1165
"I",NA,0.345,0.12,NA,0.198,NA,0.107
"I",0.46,0.345,0.115,0.4215,0.1895,NA,NA
NA,0.465,NA,NA,0.474,0.23,NA,0.12
"M",0.465,NA,NA,0.486,0.231,NA,0.1225
NA,NA,NA,NA,NA,NA,NA,0.136
NA,NA,0.355,NA,NA,NA,NA,NA
"M",NA,0.37,NA,NA,NA,0.1015,NA
NA,0.5,NA,NA,0.6215,0.274,0.166,NA
"I",NA,NA,NA,0.494,NA,NA,0.1325
"I",0.505,0.385,NA,NA,NA,NA,0.185
"M",0.515,NA,NA,0.646,NA,NA,NA
"M",NA,0.415,NA,NA,NA,0.189,0.202
NA,NA,NA,0.125,0.812,0.4035,0.1705,0.195
"F",NA,NA,0.17,0.828,NA,0.208,NA
NA,NA,0.41,0.14,0.681,0.3095,NA,0.1835
NA,NA,NA,0.15,0.889,NA,0.2275,0.215
NA,0.54,0.435,NA,NA,0.33,NA,0.213
NA,NA,0.425,0.125,NA,0.5475,NA,0.215
NA,NA,NA,NA,0.963,NA,NA,NA
"F",0.57,0.445,NA,NA,0.504,0.185,0.2505
"F",0.57,NA,0.14,NA,0.3905,NA,0.2295
"M",NA,NA,0.155,0.948,NA,0.206,NA
"F",0.58,NA,0.145,NA,NA,0.1815,0.2425
NA,0.585,0.45,NA,NA,0.405,NA,NA
NA,0.59,0.465,NA,NA,0.4695,NA,0.263
"F",0.595,0.47,0.155,1.1775,0.542,0.269,0.31
"F",NA,NA,NA,1.0765,0.491,NA,0.287
NA,NA,NA,0.15,1.0255,0.412,NA,NA
NA,0.6,0.46,NA,NA,NA,0.2245,NA
"F",NA,NA,NA,NA,NA,NA,0.29
"M",0.6,NA,0.15,1.247,0.5335,0.2735,NA
NA,NA,0.48,0.15,1.1495,0.564,NA,NA
"F",0.615,0.485,0.16,NA,0.5005,NA,0.315
"F",NA,NA,0.165,NA,0.6,0.3015,0.355
NA,NA,NA,0.155,1.2,0.5085,NA,0.292
"F",0.62,0.51,0.175,1.2705,NA,NA,0.3225
NA,NA,NA,0.175,1.2155,0.545,0.253,NA
"F",0.62,0.475,NA,1.3245,0.6865,0.233,NA
"M",0.625,0.48,0.17,1.3555,NA,NA,0.3385
"F",NA,0.49,NA,NA,0.477,0.2365,0.3185
NA,0.625,NA,NA,1.1075,0.4485,NA,NA
"F",0.63,NA,NA,NA,0.659,0.336,NA
"F",NA,0.495,0.145,NA,NA,0.266,NA
NA,0.63,NA,0.165,NA,0.604,NA,NA
NA,NA,0.495,NA,NA,0.617,0.317,NA
NA,0.635,NA,0.195,NA,NA,NA,NA
"M",0.645,NA,NA,NA,0.5355,0.3345,0.3165
"M",NA,0.5,0.175,1.5105,NA,NA,0.3775
NA,0.65,0.5,NA,NA,NA,NA,NA
NA,0.67,NA,NA,NA,0.8115,NA,NA
NA,0.69,0.545,NA,NA,NA,0.429,0.498
NA,NA,0.54,NA,1.71,0.7725,0.3855,0.4325
"F",0.695,0.55,NA,1.8495,0.767,NA,0.4175
"M",NA,NA,0.175,NA,NA,0.389,0.505
"F",0.7,0.575,0.205,1.7975,NA,0.3935,0.5165
"F",NA,NA,0.205,2.381,NA,NA,0.624
NA,0.765,NA,0.18,2.398,NA,NA,NA
NA,NA,0.6,0.215,NA,NA,NA,0.584
NA,0.22,0.16,NA,0.049,NA,0.01,0.015
"I",NA,0.205,NA,NA,NA,0.019,NA
NA,NA,0.21,NA,NA,0.0415,0.022,0.035
"I",0.33,NA,NA,NA,NA,0.033,NA
NA,NA,NA,0.095,0.2275,NA,NA,0.0715
"I",0.375,0.29,NA,NA,0.0925,0.038,NA
NA,NA,NA,0.1,0.3645,NA,0.0795,0.095
NA,0.425,0.33,NA,NA,NA,NA,0.103
NA,0.425,NA,NA,NA,0.1625,NA,0.094
NA,0.43,0.32,0.1,NA,0.1635,NA,NA
NA,0.44,NA,0.1,0.407,0.209,0.0735,NA
"I",0.44,0.335,0.115,NA,0.173,0.0765,NA
NA,NA,NA,NA,0.3755,0.1525,0.058,0.125
NA,0.46,0.37,NA,NA,0.2645,NA,0.1345
"I",0.465,0.355,0.105,0.442,0.2085,0.0975,0.1185
"I",NA,NA,0.1,0.1315,0.2025,0.0875,0.123
"I",NA,NA,0.115,NA,NA,NA,NA
"I",0.485,NA,NA,NA,0.266,NA,0.157
"I",NA,NA,NA,0.5445,0.279,0.115,0.13
NA,0.49,NA,NA,0.554,0.2935,0.1005,0.15
NA,0.495,0.38,0.12,0.512,NA,NA,0.136
NA,NA,NA,0.125,0.583,0.294,0.132,0.1605
"M",NA,0.38,NA,NA,NA,NA,0.145
"M",0.505,0.4,NA,0.723,0.377,0.149,NA
NA,NA,0.395,0.155,NA,0.2465,0.1085,0.167
NA,0.51,0.385,NA,0.625,NA,0.119,NA
"I",0.515,NA,NA,NA,NA,0.1175,0.168
"I",0.52,0.395,NA,NA,0.2985,0.1295,0.175
NA,NA,NA,NA,0.832,NA,NA,0.201
NA,NA,0.42,NA,NA,NA,NA,NA
"M",NA,0.42,0.12,0.7865,0.403,NA,0.17
NA,0.545,0.4,NA,0.778,NA,NA,NA
"I",0.55,0.42,NA,0.636,NA,NA,NA
NA,0.55,0.44,0.135,NA,NA,0.1995,NA
"I",0.555,NA,NA,0.648,NA,NA,0.2105
NA,NA,NA,NA,NA,0.3495,0.1885,0.213
NA,0.57,NA,NA,0.908,NA,NA,0.255
"M",0.57,NA,0.135,1.02,NA,NA,0.25
"F",0.57,0.43,NA,NA,NA,0.159,NA
"F",NA,NA,0.15,0.897,NA,0.1905,0.248
"M",NA,NA,0.13,0.852,0.41,0.1725,NA
"F",0.585,NA,0.15,NA,NA,NA,0.225
"F",0.585,0.435,NA,NA,NA,NA,0.2245
"M",NA,0.47,NA,0.861,NA,0.164,NA
"M",0.59,NA,0.14,1.004,NA,NA,NA
"F",0.59,0.46,NA,NA,0.445,NA,0.2565
"F",NA,NA,NA,1.1005,0.5415,0.166,NA
NA,NA,NA,NA,1.108,NA,0.2325,0.3345
"M",NA,NA,NA,NA,0.4215,NA,0.227
"M",0.6,0.49,NA,NA,1.005,0.419,NA
NA,NA,NA,NA,1.079,0.4505,NA,NA
"F",NA,0.475,NA,1.055,0.543,0.246,0.2345
NA,NA,NA,NA,1.198,0.707,NA,NA
NA,0.615,NA,NA,NA,0.5885,0.209,0.246
NA,0.615,NA,NA,NA,0.4635,NA,NA
"M",0.62,NA,0.155,NA,0.505,0.2475,0.31
NA,0.62,NA,NA,1.1015,0.4965,NA,NA
NA,NA,0.495,0.185,1.3835,NA,NA,0.345
"F",0.625,NA,NA,NA,0.484,0.277,NA
NA,NA,NA,NA,NA,NA,NA,0.327
NA,NA,0.505,0.15,NA,NA,0.2465,0.37
"M",0.63,0.51,0.175,1.3415,0.6575,NA,0.375
"M",NA,NA,0.15,NA,NA,NA,NA
"M",0.645,NA,0.16,1.1845,NA,0.311,NA
NA,NA,NA,0.15,NA,NA,0.2595,0.285
"F",NA,0.52,0.18,NA,NA,NA,0.317
"M",NA,NA,0.125,NA,0.5235,NA,0.3275
"M",NA,NA,0.175,NA,NA,NA,0.336
"F",0.65,NA,NA,NA,NA,0.2765,0.344
"M",NA,NA,0.155,NA,0.7215,NA,0.335
"F",NA,0.49,NA,NA,0.545,NA,NA
"M",0.66,NA,0.165,1.4465,0.694,NA,0.3755
NA,0.665,0.505,0.165,1.349,NA,NA,0.36
NA,NA,NA,NA,1.269,NA,NA,0.351
NA,0.67,NA,0.18,1.68,0.926,0.2975,0.3935
NA,0.675,0.55,0.19,1.551,0.7105,NA,NA
"M",0.68,0.52,NA,1.4775,NA,NA,0.406
NA,NA,NA,0.18,NA,0.7635,0.3115,NA
NA,NA,0.525,NA,1.7585,0.8745,0.3615,0.47
NA,0.7,0.55,NA,1.523,NA,0.306,NA
"F",0.725,NA,NA,1.7315,NA,NA,NA
NA,0.725,NA,NA,NA,0.8735,NA,0.5085
"M",NA,NA,NA,1.88,0.9095,NA,NA
"F",0.74,NA,NA,NA,0.8915,0.5265,NA
NA,NA,NA,0.215,2.201,1.0615,NA,0.5285
"I",0.19,NA,0.03,NA,NA,NA,0.0105
"I",0.21,NA,0.045,0.04,0.0135,NA,0.0105
"I",NA,0.175,0.06,NA,NA,0.008,0.02
NA,NA,NA,NA,NA,NA,NA,0.031
NA,NA,0.25,NA,0.167,0.0675,0.0325,0.0575
"I",0.34,0.245,0.085,NA,NA,0.038,NA
NA,NA,0.255,0.095,NA,NA,NA,NA
"I",0.355,0.255,NA,NA,NA,0.0505,0.058
"I",NA,0.26,NA,0.1795,0.074,0.0315,0.06
NA,NA,0.275,0.09,0.2065,NA,NA,NA
NA,0.375,0.29,NA,NA,0.14,0.0625,0.0825
NA,0.375,0.275,0.095,0.2295,0.095,NA,0.066
NA,0.385,0.3,NA,NA,NA,0.0735,0.081
"I",NA,0.285,NA,0.244,0.1215,0.0445,0.068
NA,0.395,0.32,NA,0.3075,NA,NA,NA
NA,NA,NA,0.1,0.3415,NA,0.0625,NA
"I",0.405,NA,NA,NA,0.0965,0.061,0.091
NA,NA,NA,0.11,NA,NA,0.2075,0.0995
"I",NA,NA,NA,0.268,0.1145,NA,NA
NA,NA,NA,0.09,0.2885,NA,0.0635,0.0765
NA,0.41,0.315,NA,NA,0.124,NA,NA
NA,NA,0.325,0.11,0.326,0.1325,0.075,0.101
NA,NA,NA,NA,0.358,NA,0.067,0.105
"I",NA,NA,NA,NA,NA,NA,0.1
"I",0.42,0.315,0.11,0.4025,0.1855,0.083,NA
"I",NA,0.34,NA,NA,NA,NA,0.105
NA,0.445,0.36,0.11,NA,NA,NA,0.14
"M",NA,0.325,0.115,0.4305,0.2235,NA,NA
NA,0.45,NA,0.095,0.3505,NA,0.0625,0.1185
"I",0.455,0.34,0.115,NA,0.261,0.0655,NA
"I",NA,0.35,NA,NA,0.252,NA,0.123
NA,0.46,NA,NA,0.415,NA,NA,0.11
"I",NA,NA,NA,0.5195,NA,NA,0.1325
NA,NA,0.375,0.12,0.5895,NA,NA,0.172
NA,NA,NA,0.125,NA,NA,NA,0.16
"I",0.485,NA,NA,NA,NA,NA,NA
"I",NA,0.365,NA,0.5585,0.252,NA,0.1615
NA,NA,0.385,NA,0.596,0.245,NA,0.21
NA,NA,NA,0.135,0.5385,NA,NA,0.165
"I",0.51,NA,0.145,NA,NA,0.14,NA
"F",NA,0.395,0.135,NA,0.2015,NA,0.162
"M",0.515,0.41,NA,0.7355,NA,NA,NA
"I",0.515,NA,0.11,NA,0.2415,NA,NA
"I",0.525,0.385,NA,NA,0.2355,NA,NA
"F",0.525,0.415,NA,NA,0.329,NA,NA
NA,0.525,NA,NA,NA,NA,NA,0.2
"I",0.525,0.375,NA,NA,NA,NA,0.19
"M",NA,NA,NA,0.7845,0.3285,0.169,NA
NA,0.545,NA,0.15,NA,0.366,NA,NA
"I",0.55,NA,NA,0.712,0.3025,NA,NA
NA,0.55,0.425,NA,NA,0.4325,0.171,0.236
"I",NA,NA,0.155,0.912,0.495,0.1805,NA
NA,NA,NA,0.135,0.656,0.257,NA,NA
NA,0.55,NA,NA,0.936,NA,0.174,0.2435
"I",NA,0.435,0.145,NA,NA,NA,0.24
NA,0.555,0.445,NA,NA,NA,NA,0.2785
NA,NA,0.44,NA,0.825,0.402,0.139,NA
"I",NA,0.435,0.135,NA,NA,0.103,NA
NA,0.565,0.43,NA,NA,NA,0.1685,0.29
NA,0.57,NA,NA,NA,NA,0.2025,0.265
"F",NA,0.435,0.155,0.8975,0.4115,NA,0.23
"M",0.58,0.44,NA,NA,NA,NA,NA
"F",NA,0.465,0.145,NA,NA,0.2155,NA
NA,0.58,NA,0.15,0.844,NA,NA,NA
NA,NA,0.46,NA,NA,0.339,NA,NA
NA,0.585,NA,NA,NA,0.4025,0.1625,0.274
"I",NA,NA,0.145,0.6735,NA,0.1345,NA
NA,0.585,NA,0.13,0.8755,NA,0.2065,NA
NA,0.59,0.47,0.145,NA,NA,0.173,0.254
"M",0.59,NA,0.14,0.977,NA,0.2025,NA
NA,0.595,NA,0.14,NA,0.4925,NA,NA
"M",0.6,0.48,0.09,NA,NA,0.2685,NA
"M",NA,0.495,0.185,NA,0.5055,NA,NA
NA,0.6,NA,NA,0.877,0.4325,NA,0.24
"M",NA,0.51,NA,1.285,NA,0.2745,NA
NA,NA,0.48,NA,1.3065,0.6895,NA,0.29
"F",0.61,NA,0.13,0.8725,NA,NA,NA
"F",NA,NA,NA,1.0265,0.4935,0.201,NA
NA,0.62,0.465,NA,1.1605,0.6005,0.2195,NA
NA,NA,0.48,0.165,NA,NA,0.4365,NA
"M",0.625,NA,0.14,NA,NA,0.2165,NA
"M",NA,NA,0.165,NA,NA,NA,0.3465
NA,NA,0.505,0.175,1.221,0.555,0.252,NA
"F",0.63,NA,0.155,1.0005,0.452,0.252,0.265
NA,NA,NA,0.15,NA,NA,0.2325,0.3115
"M",0.63,NA,0.195,NA,0.4935,0.2565,NA
NA,NA,0.505,0.155,1.1955,NA,0.211,NA
NA,0.64,NA,NA,1.098,NA,NA,0.3175
NA,0.64,NA,0.17,NA,0.5395,NA,0.285
NA,NA,NA,0.17,1.2265,NA,0.377,0.2875
NA,NA,NA,NA,NA,NA,0.1755,NA
NA,0.65,NA,0.155,NA,NA,NA,0.365
"M",0.65,NA,NA,1.446,0.6485,NA,0.45
NA,NA,0.505,NA,NA,0.6255,NA,0.3745
NA,0.66,0.525,NA,1.463,0.6525,0.2995,NA
"F",NA,0.525,0.17,NA,0.8365,0.352,NA
"M",0.7,NA,0.205,1.74,NA,0.373,0.4865
"F",NA,0.54,0.205,1.757,NA,NA,NA
NA,0.71,0.565,0.2,NA,0.706,NA,0.45
"M",0.72,0.55,0.205,NA,1.1055,0.525,NA
NA,NA,NA,NA,NA,NA,0.541,0.52
"I",NA,0.17,NA,0.0545,0.0205,NA,NA
NA,NA,0.195,0.055,NA,0.0285,NA,NA
NA,0.275,0.2,0.055,0.0925,NA,NA,NA
"I",0.32,0.235,NA,NA,0.098,0.0335,0.042
"I",NA,0.24,NA,NA,0.072,0.0645,NA
"I",0.33,0.225,0.075,NA,NA,0.0395,0.0425
"I",NA,0.27,0.09,0.232,0.12,0.0435,0.056
"I",0.375,0.265,0.095,NA,NA,NA,0.0585
NA,0.375,NA,NA,NA,NA,NA,NA
"I",0.39,0.29,NA,0.2625,NA,0.054,0.077
"I",NA,0.335,NA,0.362,NA,0.0795,NA
"I",0.455,NA,0.105,NA,0.213,NA,0.1115
NA,0.46,NA,0.115,0.511,0.2365,NA,0.123
NA,NA,0.375,0.12,NA,NA,0.1215,NA
NA,NA,0.365,NA,0.5945,NA,0.1085,NA
NA,NA,0.375,NA,0.529,NA,0.123,NA
NA,NA,NA,0.105,0.872,0.4515,NA,0.1985
"I",0.52,0.395,0.145,0.77,NA,0.142,0.1895
"F",NA,0.43,NA,0.8435,0.4325,NA,NA
"M",0.535,0.405,0.14,NA,NA,0.1715,0.189
NA,NA,NA,NA,NA,0.38,NA,NA
NA,0.54,0.415,0.15,NA,0.3875,NA,0.2035
NA,NA,0.425,0.13,NA,NA,NA,0.1965
NA,NA,NA,0.14,0.8745,0.416,NA,0.25
"M",0.58,0.445,0.16,0.984,0.49,NA,0.27
"F",NA,0.445,NA,0.95,0.484,0.182,0.2325
NA,0.59,NA,NA,NA,NA,0.233,NA
NA,0.59,0.455,0.15,0.976,NA,0.2055,0.2765
"M",NA,NA,NA,1.0785,NA,0.2435,0.31
"M",NA,NA,0.16,NA,NA,NA,0.31
NA,0.6,NA,0.175,NA,0.5105,NA,NA
NA,0.6,0.45,NA,NA,NA,0.225,NA
NA,NA,0.475,0.19,NA,NA,0.247,NA
"F",NA,NA,0.17,NA,0.535,0.25,NA
NA,NA,NA,0.175,NA,NA,NA,0.337
"M",0.625,NA,NA,1.082,0.5785,0.2045,NA
NA,0.625,NA,NA,NA,NA,0.259,0.3485
NA,0.63,NA,NA,NA,NA,0.273,NA
NA,NA,0.485,NA,1.243,NA,0.275,NA
NA,NA,0.51,0.185,NA,0.526,0.295,0.4105
"F",NA,NA,0.16,1.1665,0.4935,NA,NA
"F",NA,NA,0.16,NA,NA,NA,NA
"F",0.65,0.525,NA,1.385,NA,0.3095,0.405
"F",0.655,NA,NA,NA,0.524,NA,0.385
"F",NA,NA,0.17,NA,NA,NA,0.331
"M",NA,0.515,NA,NA,NA,0.3575,0.371
"M",0.695,0.54,NA,NA,NA,NA,NA
NA,0.72,0.565,NA,1.719,0.8465,0.407,NA
"F",NA,NA,0.18,1.52,NA,0.325,0.435
NA,0.72,0.565,NA,1.613,NA,0.3255,NA
NA,NA,0.57,0.21,2.2355,NA,0.463,0.5315
NA,NA,0.595,0.19,2.3235,1.1495,NA,NA
NA,NA,NA,NA,NA,0.0505,NA,0.038
"I",NA,0.235,NA,NA,NA,0.028,0.0405
NA,0.32,0.205,NA,0.181,0.088,0.034,NA
NA,0.325,NA,0.075,0.1585,0.075,NA,0.0455
NA,NA,NA,NA,NA,NA,NA,0.056
NA,NA,0.28,0.085,0.198,0.0805,NA,NA
NA,0.37,0.27,0.09,NA,0.07,0.0425,NA
"I",NA,NA,0.085,NA,NA,0.0485,0.072
NA,0.4,0.315,NA,0.3245,NA,NA,0.088
NA,0.41,0.305,0.095,NA,NA,NA,NA
"I",NA,NA,NA,0.371,NA,NA,0.115
NA,0.435,NA,0.095,0.298,0.109,0.058,NA
NA,0.445,NA,NA,NA,0.1555,NA,0.0855
"I",NA,NA,NA,NA,NA,NA,0.16
"F",0.465,NA,NA,0.4085,NA,0.102,0.131
"I",NA,NA,NA,0.587,0.264,NA,0.174
NA,0.475,NA,NA,0.494,0.211,0.109,0.1545
"I",0.495,0.375,NA,NA,0.2855,0.1365,0.161
NA,NA,NA,0.13,0.5075,0.2115,0.104,NA
"I",0.5,NA,0.12,0.5445,0.249,NA,0.152
NA,NA,NA,0.125,NA,NA,0.1375,0.2
"I",NA,NA,NA,NA,0.2255,0.1435,0.17
"M",NA,0.365,NA,NA,NA,0.096,NA
"I",NA,0.4,NA,NA,0.231,NA,NA
NA,0.51,0.4,NA,0.5935,NA,NA,0.204
NA,0.52,NA,NA,0.597,NA,0.1155,NA
"M",0.52,0.465,NA,0.9505,0.456,0.199,NA
NA,NA,0.38,NA,0.616,0.292,NA,NA
"M",0.53,NA,0.15,NA,NA,0.187,NA
NA,0.535,NA,NA,0.8725,0.417,NA,NA
"I",NA,NA,0.13,0.8155,NA,NA,0.246
"I",NA,0.415,0.11,NA,0.2755,NA,NA
NA,0.545,NA,0.13,NA,NA,0.153,NA
"I",NA,0.43,NA,NA,0.3525,0.158,NA
NA,NA,NA,NA,NA,0.34,0.194,NA
"I",NA,0.425,NA,NA,0.2695,0.163,0.21
NA,0.55,NA,0.14,NA,NA,0.174,NA
NA,0.56,0.43,0.13,NA,0.3355,0.1435,NA
NA,0.56,0.435,NA,0.777,0.354,NA,0.222
"F",0.575,0.425,NA,0.8765,NA,NA,0.228
"I",0.575,NA,NA,NA,NA,0.195,NA
NA,NA,0.45,NA,0.9655,0.498,0.19,0.23
NA,NA,NA,0.15,NA,0.371,0.1965,0.29
NA,NA,0.46,NA,NA,NA,NA,NA
"F",NA,NA,0.17,0.9705,NA,NA,0.248
NA,0.58,NA,0.15,NA,0.393,0.212,NA
NA,NA,NA,NA,0.9525,0.4315,0.1945,0.287
NA,0.58,0.44,NA,NA,0.363,0.1955,NA
NA,NA,NA,NA,NA,0.3795,0.187,0.26
NA,NA,NA,NA,NA,NA,0.265,0.345
"I",0.59,NA,NA,0.755,0.334,0.15,0.238
"I",0.59,0.475,0.145,0.9745,NA,0.207,0.259
"M",NA,NA,0.155,1.2015,0.492,0.3865,0.265
NA,0.595,NA,0.17,NA,NA,NA,NA
NA,0.6,NA,NA,0.9205,NA,NA,NA
"F",NA,NA,0.17,NA,NA,0.2435,0.3135
NA,NA,NA,NA,1.34,NA,0.3255,0.3605
NA,NA,0.45,0.15,NA,NA,NA,0.2775
NA,0.6,NA,0.165,1.0475,0.465,NA,0.315
"F",NA,0.495,NA,NA,0.4365,NA,0.335
NA,NA,0.49,0.18,1.167,NA,NA,NA
"I",NA,NA,0.155,NA,NA,NA,0.3
"I",NA,NA,NA,NA,0.507,0.1955,NA
"F",0.61,NA,NA,NA,NA,0.3315,NA
NA,0.61,0.48,NA,1.0625,0.516,NA,0.2915
NA,NA,0.49,0.16,NA,0.5865,0.2385,NA
"F",0.615,0.475,0.175,1.194,0.559,NA,0.3165
"F",NA,NA,0.135,NA,NA,0.2305,0.29
"M",0.615,NA,NA,0.9335,0.382,NA,NA
"F",NA,0.495,0.165,NA,0.5415,0.2865,NA
"F",0.62,0.475,NA,0.9545,0.455,0.1865,0.277
"M",NA,NA,0.195,NA,0.5935,0.3365,0.3745
"M",0.625,0.495,NA,NA,NA,NA,NA
NA,NA,NA,0.165,1.217,0.667,0.2065,0.3115
NA,0.625,0.5,NA,NA,NA,0.207,NA
"F",NA,NA,NA,0.92,NA,0.1735,NA
NA,0.625,0.49,NA,NA,NA,NA,0.233
NA,0.63,0.48,NA,1.2615,NA,0.277,0.3885
"M",NA,0.53,NA,NA,NA,NA,0.315
NA,NA,NA,0.185,1.167,0.548,NA,NA
NA,0.63,0.51,0.17,1.1885,0.4915,NA,NA
NA,NA,0.485,NA,NA,NA,NA,NA
"M",NA,0.52,0.175,1.292,NA,NA,NA
"M",0.635,0.485,NA,1.1795,NA,0.2775,NA
NA,0.635,0.5,NA,1.29,NA,NA,0.352
"M",0.635,NA,0.16,1.2075,0.5385,NA,NA
"M",0.64,0.505,0.18,1.297,0.59,NA,0.363
"M",0.64,NA,NA,1.4585,0.625,0.266,0.4395
NA,0.645,0.485,0.15,NA,NA,0.2315,0.293
NA,0.645,NA,0.17,NA,0.526,0.2925,0.317
NA,0.645,0.495,0.19,NA,NA,0.408,0.445
"M",NA,0.52,NA,1.676,NA,NA,NA
NA,NA,0.565,NA,1.6645,NA,NA,NA
"F",NA,0.5,NA,1.528,0.6215,NA,0.4535
"F",0.655,NA,NA,1.494,NA,0.309,NA
NA,0.66,NA,0.16,NA,0.4975,0.319,0.394
"F",0.66,NA,NA,1.5965,NA,NA,0.3605
"F",NA,0.51,NA,NA,NA,NA,NA
"I",0.67,NA,0.175,NA,NA,0.322,NA
"F",NA,0.525,NA,NA,NA,NA,0.44
"M",0.67,NA,NA,1.4005,0.715,0.3025,NA
NA,NA,0.525,NA,NA,NA,NA,0.425
NA,NA,0.54,0.175,1.482,0.739,NA,0.365
NA,0.68,0.515,0.16,1.2345,0.618,0.2625,NA
NA,NA,0.505,0.17,1.3435,NA,NA,0.355
"M",0.685,0.505,NA,NA,0.667,0.4055,NA
"M",NA,0.515,0.18,1.8445,NA,NA,0.341
"M",0.715,NA,0.175,NA,0.938,0.3805,NA
"M",0.72,0.58,0.19,2.0885,0.9955,0.478,NA
NA,0.735,0.59,0.205,NA,NA,0.474,0.625
"M",0.745,NA,NA,1.884,NA,NA,0.495
NA,0.32,NA,NA,NA,NA,0.067,0.0885
NA,NA,0.345,NA,0.4295,0.212,NA,NA
NA,NA,NA,NA,NA,0.254,0.0825,0.097
NA,0.485,NA,NA,1.029,NA,NA,NA
"M",0.49,NA,NA,NA,0.465,0.2015,0.2505
"I",NA,NA,NA,0.5745,0.306,NA,0.141
"F",NA,NA,NA,NA,NA,0.1195,0.1515
NA,NA,0.37,NA,NA,0.508,NA,0.343
"F",NA,NA,0.135,0.7905,NA,0.198,0.177
NA,NA,0.4,0.15,NA,0.618,0.275,0.2875
NA,0.535,0.4,0.135,0.775,NA,NA,0.2055
"M",0.535,0.405,NA,NA,NA,0.3265,0.337
NA,NA,NA,0.19,NA,0.6115,NA,0.389
"M",NA,0.425,NA,NA,0.4625,NA,NA
NA,NA,NA,NA,0.9415,NA,0.2015,0.1975
NA,0.59,NA,0.14,1.007,NA,NA,NA
NA,NA,NA,NA,NA,0.5305,NA,0.276
NA,NA,0.43,NA,0.9845,NA,0.207,NA
"F",NA,NA,0.21,1.5245,0.653,0.396,NA
"M",NA,NA,NA,NA,0.409,0.261,0.322
NA,NA,0.485,NA,1.281,0.597,NA,0.33
"F",0.62,NA,0.17,1.148,NA,0.22,0.3315
"F",0.625,0.49,NA,NA,NA,NA,0.2925
NA,0.635,0.51,0.17,1.2235,NA,0.271,NA
"F",0.635,NA,0.18,1.3695,NA,NA,0.363
"M",0.64,NA,0.16,1.006,0.456,0.2245,0.2835
"M",NA,0.495,NA,NA,0.678,NA,0.266
NA,0.645,0.505,0.185,1.463,0.592,NA,NA
"F",NA,NA,NA,NA,0.6205,0.2965,0.326
NA,0.67,NA,NA,NA,NA,0.3395,0.37
"M",0.68,0.54,0.21,NA,0.8345,0.408,0.437
NA,0.7,NA,0.185,NA,NA,NA,0.3685
NA,0.73,0.585,NA,2.2305,NA,NA,NA
NA,NA,NA,NA,2.2635,0.821,NA,NA
"I",0.255,NA,NA,NA,0.0305,0.0165,0.02
"I",NA,0.26,NA,NA,0.09,NA,0.07
"I",NA,0.285,NA,0.237,0.106,NA,0.08
NA,NA,NA,NA,NA,NA,NA,0.084
"I",0.39,NA,NA,0.215,0.0845,NA,NA
"I",NA,NA,NA,NA,NA,NA,0.075
"I",NA,NA,NA,0.309,NA,0.0645,NA
"I",0.435,NA,NA,NA,NA,NA,0.1135
NA,0.435,NA,0.105,NA,0.136,NA,0.115
"I",NA,NA,0.105,0.3875,NA,0.074,NA
NA,NA,0.33,0.115,0.365,0.14,0.0825,NA
NA,0.45,NA,NA,0.4045,0.171,0.07,0.1345
NA,NA,NA,NA,NA,NA,0.0765,NA
"I",NA,NA,0.11,NA,NA,0.0855,NA
"I",0.47,0.375,0.125,0.5225,NA,0.104,NA
NA,NA,0.375,0.11,0.456,0.182,NA,NA
NA,NA,0.33,0.1,0.44,NA,NA,0.15
"I",NA,0.375,NA,NA,NA,0.103,0.15
NA,0.5,0.38,0.135,0.5285,0.226,0.123,NA
"I",NA,0.385,0.125,NA,0.237,0.1435,0.165
NA,0.52,NA,0.14,NA,0.2775,0.1555,0.196
NA,0.52,NA,0.115,0.6445,0.3155,NA,0.186
"I",0.525,NA,0.11,NA,0.3015,NA,0.18
NA,NA,0.42,0.145,0.6885,0.273,NA,NA
NA,0.535,0.41,NA,NA,0.3125,NA,0.159
NA,0.54,NA,0.19,0.6855,0.293,0.163,NA
"I",NA,NA,0.15,NA,0.3015,0.1465,0.21
NA,NA,0.445,0.145,NA,NA,NA,NA
NA,0.56,NA,NA,NA,NA,0.2095,NA
"I",NA,0.44,0.135,0.768,0.3305,0.1385,NA
NA,NA,0.45,0.145,0.95,NA,NA,0.2845
"F",NA,0.47,NA,0.871,0.385,0.211,0.2315
"M",0.575,0.47,0.15,NA,NA,0.196,NA
"I",0.575,0.43,0.13,NA,NA,NA,0.22
"M",NA,0.445,NA,NA,0.325,NA,NA
NA,0.575,0.445,0.16,0.9175,0.45,NA,0.24
NA,NA,NA,0.155,NA,NA,0.1685,0.2425
"M",0.585,NA,0.175,1.1275,0.4925,NA,0.335
NA,NA,0.435,NA,NA,0.4525,NA,0.235
NA,0.59,0.47,0.145,NA,NA,0.236,NA
NA,NA,0.405,0.15,0.853,0.326,0.2615,0.245
"M",NA,NA,0.175,0.991,NA,0.2395,0.5
NA,0.595,0.48,0.14,NA,NA,NA,0.289
"F",NA,0.46,0.16,0.921,NA,NA,0.2875
NA,0.6,0.45,0.14,NA,NA,NA,0.291
"M",0.6,0.45,NA,NA,0.3695,0.1955,NA
NA,NA,NA,0.16,1.089,0.469,NA,NA
NA,0.615,0.485,NA,NA,NA,0.176,0.29
"M",NA,NA,0.17,1.145,0.4915,0.208,NA
"I",0.62,NA,NA,NA,NA,0.167,0.3075
"F",NA,0.515,NA,NA,0.4875,NA,NA
"M",0.63,0.515,0.175,1.1955,NA,NA,0.37
NA,NA,NA,NA,1.31,0.495,0.295,0.4695
NA,NA,0.505,0.165,NA,0.577,NA,NA
NA,NA,NA,0.155,NA,0.4775,0.3035,NA
NA,NA,NA,NA,1.154,NA,NA,0.387
"F",0.64,0.485,0.145,1.1335,NA,NA,0.3015
NA,0.64,NA,NA,NA,0.559,0.231,0.3355
NA,0.65,NA,NA,NA,NA,0.3515,0.395
"M",0.65,NA,0.175,NA,0.6345,NA,0.364
"M",NA,NA,0.165,1.403,0.6955,0.2385,NA
"F",0.655,NA,0.16,NA,NA,0.2615,0.3225
"F",0.655,0.455,NA,1.2895,NA,NA,NA
"F",0.66,NA,0.18,1.5175,NA,NA,0.401
"M",NA,NA,NA,1.3575,0.5325,0.3045,0.4485
NA,0.675,NA,NA,NA,NA,NA,NA
"F",NA,0.52,0.185,NA,0.615,NA,0.406
NA,0.68,NA,0.195,NA,NA,0.3855,0.545
NA,NA,NA,NA,NA,0.686,0.3775,NA
NA,0.695,NA,0.2,NA,0.667,0.334,0.471
"F",0.7,0.555,NA,NA,0.647,0.4285,NA
"M",0.71,0.56,0.175,NA,NA,0.4575,0.4625
NA,NA,NA,NA,1.908,0.5415,0.3565,NA
NA,NA,NA,NA,NA,NA,NA,0.48
"I",NA,0.17,NA,0.0515,NA,NA,NA
"I",NA,NA,NA,NA,NA,0.013,0.016
"I",0.255,0.185,0.06,0.0925,0.039,NA,0.025
"I",NA,NA,NA,0.204,NA,NA,0.0595
"I",NA,0.31,NA,0.3075,0.139,0.0745,0.093
"I",0.425,0.32,0.085,NA,NA,0.067,0.0725
"M",NA,0.35,NA,NA,0.2,0.111,NA
NA,0.46,0.355,NA,0.491,NA,0.115,0.174
"M",0.495,0.38,0.12,0.474,NA,NA,NA
NA,NA,0.395,NA,NA,0.244,0.1335,0.188
NA,NA,NA,0.15,0.728,NA,NA,0.235
"M",NA,NA,0.13,0.622,0.2655,NA,NA
"M",0.53,0.415,0.12,NA,0.3355,NA,NA
"F",NA,0.395,NA,NA,0.249,NA,NA
"M",NA,0.435,NA,NA,NA,0.1245,NA
"F",NA,0.43,0.15,NA,0.2635,0.122,NA
NA,NA,NA,NA,0.9465,NA,NA,NA
NA,0.58,0.43,0.125,NA,NA,0.2075,NA
NA,NA,0.455,NA,0.942,0.43,NA,0.277
"M",NA,NA,0.18,NA,0.5145,0.315,NA
NA,NA,NA,NA,1.461,NA,NA,NA
NA,0.66,0.525,NA,1.489,NA,0.3795,NA
NA,0.29,NA,0.06,NA,0.053,NA,0.032
NA,NA,0.22,0.065,0.1235,NA,NA,0.0315
NA,NA,NA,0.1,0.2815,NA,0.0505,0.068
"I",0.375,NA,0.08,NA,NA,NA,NA
"I",0.38,0.29,0.085,NA,NA,0.0465,NA
"I",NA,NA,0.12,0.2995,NA,NA,NA
NA,0.41,0.325,NA,0.361,NA,NA,0.103
NA,NA,NA,NA,NA,NA,NA,0.094
NA,0.425,0.325,NA,NA,NA,NA,0.1175
"I",NA,0.34,NA,NA,NA,NA,NA
NA,0.44,NA,0.12,0.4995,0.2965,NA,0.1185
"M",NA,0.405,NA,0.7775,0.436,NA,0.1455
NA,0.47,0.36,0.1,0.4705,NA,0.089,NA
NA,NA,NA,0.145,NA,0.3295,0.1835,0.203
"F",NA,NA,0.135,NA,NA,NA,0.208
NA,NA,0.4,NA,0.6995,0.3115,0.131,NA
NA,NA,NA,NA,0.952,0.4895,NA,0.2185
NA,NA,0.42,0.15,NA,NA,NA,NA
NA,NA,0.45,NA,NA,NA,0.209,NA
NA,NA,NA,0.135,NA,NA,0.1655,0.236
"M",NA,NA,NA,NA,0.581,0.216,0.323
NA,NA,0.495,0.155,NA,NA,NA,NA
"F",NA,NA,0.155,1.1945,NA,0.271,0.352
"F",NA,NA,NA,1.1655,0.536,0.2115,0.1625
NA,0.63,NA,0.17,NA,0.4625,NA,0.3105
NA,NA,NA,0.165,NA,NA,NA,NA
"M",NA,NA,NA,1.532,NA,0.357,0.3815
NA,0.685,NA,NA,1.5105,NA,NA,NA
"F",0.485,NA,0.1,NA,0.2215,0.1155,NA
NA,0.46,0.36,0.125,NA,0.2165,NA,0.19
"M",NA,NA,NA,NA,0.1885,0.1145,0.185
NA,0.535,NA,NA,0.764,0.312,NA,NA
"M",NA,0.36,NA,0.488,0.188,NA,NA
"M",NA,0.4,NA,NA,NA,NA,NA
NA,NA,NA,0.09,NA,0.078,0.024,NA
"M",0.55,NA,NA,NA,0.2885,0.139,0.48
"I",0.18,0.135,0.08,NA,0.0145,0.007,0.01
NA,NA,0.165,0.055,0.059,0.0265,NA,0.0185
NA,NA,NA,NA,NA,0.021,NA,0.0065
"F",0.625,NA,0.2,NA,NA,NA,0.355
"M",0.55,NA,0.17,0.8465,0.336,NA,0.245
"M",NA,0.45,0.15,1.047,NA,NA,NA
NA,NA,NA,NA,NA,0.5345,0.2995,0.345
NA,0.71,0.53,0.195,1.8745,NA,NA,0.6855
"F",NA,NA,NA,1.978,0.6675,0.3125,NA
NA,0.655,NA,NA,NA,0.5835,0.3515,0.396
"F",0.665,NA,NA,1.742,NA,0.3025,NA
"F",0.47,0.375,NA,0.513,0.232,NA,0.13
"M",0.425,NA,0.1,NA,0.1755,0.092,NA
"M",NA,NA,NA,NA,0.2375,0.1065,0.175
"M",NA,0.395,0.125,NA,NA,NA,NA
NA,NA,0.44,0.165,NA,NA,0.18,0.3
NA,0.43,NA,0.09,NA,0.1575,0.089,0.12
NA,0.55,NA,NA,0.806,NA,NA,NA
"F",0.34,0.255,0.085,0.204,NA,0.021,0.05
"I",0.275,0.2,NA,0.1165,0.0565,NA,NA
"F",NA,0.22,0.07,NA,0.076,0.0365,0.05
NA,0.64,0.49,0.14,NA,0.4445,NA,0.375
NA,NA,NA,NA,NA,0.33,NA,NA
"F",0.64,0.475,0.19,NA,NA,0.281,0.3805
NA,NA,0.41,0.115,NA,NA,NA,NA
NA,NA,0.54,0.175,1.571,0.627,0.271,0.475
"M",NA,0.49,0.155,1.153,NA,0.2505,0.295
NA,0.605,NA,NA,NA,NA,NA,NA
NA,0.56,NA,NA,0.9125,NA,NA,NA
"F",NA,0.465,0.155,NA,0.3245,NA,NA
NA,0.525,NA,NA,NA,NA,0.1455,NA
NA,0.505,NA,0.18,NA,0.239,NA,0.18
"M",0.35,0.265,0.09,NA,0.0995,NA,NA
"M",NA,0.355,0.12,0.3955,NA,NA,NA
"I",NA,0.405,0.12,0.61,0.229,NA,NA
NA,NA,0.38,0.13,NA,0.229,NA,0.165
"F",NA,NA,0.135,0.657,NA,0.133,0.195
"M",0.38,0.3,NA,NA,0.106,NA,NA
NA,NA,0.195,0.07,NA,0.045,0.0135,0.034
NA,NA,NA,NA,NA,0.1165,NA,0.0835
"M",0.5,NA,0.135,0.551,0.2245,NA,NA
"M",0.645,0.505,NA,1.307,0.4335,0.262,0.52
NA,NA,0.44,0.115,0.9185,0.404,0.1785,0.29
NA,0.67,0.545,0.175,NA,NA,0.387,NA
NA,0.59,NA,NA,NA,NA,0.234,NA
NA,0.47,NA,NA,NA,0.237,0.127,0.13
NA,NA,0.385,0.135,0.632,NA,NA,0.17
"M",NA,0.575,0.23,2.2695,0.8835,0.3985,NA
NA,NA,NA,0.15,NA,NA,0.2135,NA
"I",0.2,0.145,0.025,NA,0.011,0.0075,NA
NA,NA,0.515,0.18,NA,NA,NA,0.405
NA,0.525,0.405,NA,0.72,0.3105,NA,NA
NA,0.565,0.435,0.185,1.032,NA,0.2045,NA
"F",0.61,0.47,0.16,1.017,0.426,NA,NA
NA,NA,0.405,0.175,NA,0.2585,0.207,NA
"I",NA,0.245,0.075,NA,NA,NA,0.045
"I",0.31,0.235,NA,0.1515,0.056,0.0315,0.05
"M",0.45,NA,NA,NA,0.1865,NA,NA
"F",NA,NA,NA,0.578,NA,NA,0.18
NA,0.505,0.405,NA,0.6835,NA,NA,0.215
NA,NA,NA,NA,0.2725,0.1115,0.057,0.08
NA,NA,0.485,NA,1.511,0.5095,0.284,0.51
"F",NA,NA,0.185,1.3035,0.501,0.295,NA
"F",NA,NA,0.185,NA,0.456,0.3205,0.49
"M",NA,NA,NA,NA,NA,0.0375,NA
"I",NA,0.215,0.075,NA,NA,NA,NA
NA,NA,NA,NA,NA,0.2105,0.1045,NA
"I",NA,NA,NA,0.1565,NA,NA,NA
NA,0.43,0.34,0.125,NA,0.1375,0.061,0.146
"M",NA,NA,0.14,NA,0.3785,NA,NA
"F",0.6,NA,NA,NA,0.4535,NA,NA
"F",NA,0.46,0.17,1.0835,0.3745,NA,NA
"F",0.555,NA,NA,0.868,NA,NA,NA
"F",NA,0.495,NA,1.0915,0.452,0.275,NA
"F",NA,0.485,NA,1.271,0.531,0.3075,0.37
NA,NA,0.51,NA,NA,NA,NA,NA
"M",0.425,NA,NA,NA,0.149,NA,0.125
NA,0.64,NA,0.19,1.2355,NA,0.3105,0.365
"M",NA,0.525,NA,1.402,NA,NA,0.465
NA,NA,NA,0.145,0.6025,NA,NA,0.21
"M",NA,0.305,0.09,0.2775,0.109,NA,NA
NA,NA,NA,0.195,NA,0.2985,0.2135,NA
NA,0.52,NA,0.175,0.753,0.258,NA,0.255
NA,NA,NA,NA,NA,0.44,NA,NA
NA,NA,NA,NA,0.375,0.1425,NA,NA
NA,0.42,NA,0.13,0.4135,0.1645,NA,NA
NA,NA,NA,0.135,NA,NA,NA,0.145
NA,NA,0.325,NA,0.3915,NA,0.1025,NA
NA,0.64,0.505,NA,1.2765,0.4835,0.328,NA
NA,NA,NA,0.15,0.96,0.387,NA,0.275
"M",NA,0.325,0.12,0.3745,0.158,NA,NA
"M",0.485,0.41,NA,0.696,0.2405,NA,0.265
"F",NA,NA,NA,1.2955,0.5215,NA,0.365
NA,NA,NA,0.205,NA,0.4525,0.238,0.42
"M",NA,0.535,0.155,1.383,NA,0.2565,0.485
"I",0.345,NA,NA,0.2225,NA,0.058,NA
"M",NA,NA,NA,NA,0.428,0.289,NA
"M",NA,NA,0.15,1.477,0.6375,NA,NA
"F",0.69,NA,0.185,1.5715,0.6935,0.318,0.47
"M",NA,0.435,NA,0.858,NA,0.1585,0.29
"M",0.65,NA,NA,NA,NA,NA,0.395
NA,0.635,NA,NA,1.467,NA,NA,NA
"F",0.655,NA,NA,1.092,NA,NA,0.37
NA,0.69,NA,NA,NA,NA,0.4395,0.515
"F",0.695,NA,0.16,NA,0.694,NA,0.44
NA,0.55,NA,NA,0.906,NA,0.219,NA
NA,0.61,0.495,0.19,1.213,0.464,0.306,0.365
NA,0.595,0.5,0.165,NA,NA,0.28,0.275
"M",NA,NA,NA,NA,0.0725,NA,0.05
"F",0.435,NA,NA,0.459,NA,NA,0.145
NA,0.455,0.375,0.125,NA,NA,0.106,0.185
"M",0.48,0.38,0.13,NA,NA,0.142,0.175
"I",0.43,NA,NA,NA,0.1705,NA,0.11
NA,0.435,NA,NA,NA,NA,0.1005,NA
"I",0.3,NA,0.075,0.15,NA,NA,NA
NA,0.575,0.48,0.15,0.8745,NA,0.193,NA
"M",NA,NA,0.11,0.655,NA,0.15,NA
NA,0.455,NA,0.125,0.484,0.2155,NA,NA
"M",0.64,NA,NA,1.4435,NA,0.3035,NA
"F",NA,0.435,0.125,0.8775,NA,0.2145,NA
"F",0.645,NA,0.19,NA,0.58,NA,NA
NA,NA,0.485,0.145,1.2515,0.5035,NA,0.33
"M",NA,NA,NA,NA,NA,0.197,0.29
NA,NA,0.5,NA,NA,NA,NA,0.285
"M",NA,NA,NA,0.528,0.2,0.1395,0.16
"F",0.495,NA,NA,0.6625,NA,0.1635,0.185
"F",NA,NA,0.115,0.4335,0.2105,NA,NA
"M",NA,0.31,0.125,NA,NA,0.0885,NA
NA,0.595,0.465,NA,1.107,NA,NA,0.31
NA,0.625,NA,0.13,NA,NA,0.1775,NA
"M",NA,NA,NA,0.7735,0.297,0.123,0.255
NA,NA,NA,0.125,0.4365,0.169,NA,NA
NA,0.475,0.375,NA,NA,NA,NA,NA
NA,0.5,NA,NA,NA,0.265,NA,NA
NA,NA,0.355,0.11,NA,0.215,0.082,NA
NA,NA,0.385,0.125,0.4775,0.2,NA,NA
NA,0.465,NA,NA,NA,0.213,NA,NA
"M",NA,0.415,0.16,0.6445,NA,NA,0.22
"F",NA,NA,NA,1.428,NA,NA,NA
NA,NA,NA,0.185,1.6195,0.533,NA,NA
NA,NA,0.45,0.17,NA,NA,0.157,NA
NA,0.58,NA,NA,1.0385,0.414,0.26,NA
NA,NA,NA,NA,NA,0.371,NA,0.28
"M",0.565,0.44,NA,0.868,NA,0.217,0.26
"F",NA,NA,NA,NA,0.6965,NA,NA
"F",0.62,NA,0.175,NA,NA,NA,NA
"M",0.55,0.46,NA,0.7085,0.305,NA,NA
"F",0.605,0.475,0.145,1.0185,NA,NA,NA
NA,0.535,NA,0.16,0.72,0.275,NA,0.225
"F",0.51,0.395,0.12,0.6175,0.262,NA,NA
NA,NA,0.405,0.13,0.738,NA,0.17,0.193
"F",0.495,0.375,0.15,0.597,0.2615,NA,NA
NA,NA,0.455,NA,1.156,NA,0.243,NA
"F",NA,NA,NA,1.22,NA,NA,NA
"M",0.59,NA,0.12,0.7485,NA,0.1315,0.22
NA,NA,0.485,NA,NA,0.437,NA,0.33
"M",NA,NA,NA,NA,0.524,NA,NA
NA,NA,NA,0.175,NA,NA,0.23,NA
"M",NA,NA,NA,NA,0.4325,0.27,NA
NA,0.615,NA,NA,NA,0.4445,NA,NA
"F",NA,0.525,NA,NA,NA,NA,NA
NA,NA,0.575,NA,NA,NA,0.3705,0.52
NA,NA,NA,NA,0.9285,0.302,0.1805,0.265
"F",0.57,0.435,0.14,0.8085,0.3235,NA,0.22
NA,NA,0.445,0.175,NA,NA,NA,NA
NA,NA,NA,0.115,NA,0.097,0.0515,NA
NA,0.45,NA,0.135,0.438,0.1805,NA,NA
"M",0.275,0.2,0.08,NA,NA,0.024,0.03
NA,NA,0.355,0.12,0.5085,0.21,0.122,NA
"F",0.62,NA,0.165,NA,NA,0.238,NA
NA,NA,NA,NA,NA,NA,NA,0.155
NA,NA,0.41,NA,NA,0.243,NA,NA
NA,NA,NA,0.11,0.314,NA,0.057,0.1
"I",0.45,NA,0.115,NA,0.184,NA,0.1125
"M",NA,NA,0.09,0.195,NA,0.041,NA
"M",NA,0.35,NA,0.451,NA,0.0705,0.184
"M",0.265,NA,NA,0.084,0.034,0.0105,NA
NA,0.165,NA,NA,0.0245,NA,0.0045,NA
"F",NA,0.555,0.2,NA,0.4715,NA,NA
"F",0.535,NA,NA,NA,0.302,0.1565,0.25
"I",NA,NA,0.14,NA,0.198,NA,0.175
NA,NA,0.37,NA,0.5885,0.2475,0.1505,0.1595
NA,0.395,NA,NA,0.3375,0.1435,0.0755,NA
"I",0.375,0.28,NA,0.2565,0.1165,0.0585,NA
"M",0.345,0.265,NA,NA,NA,NA,NA
NA,NA,NA,NA,0.8095,0.2985,NA,NA
"I",NA,NA,0.2,NA,0.6255,0.2595,NA
NA,0.575,NA,0.17,NA,NA,0.284,0.275
NA,NA,0.435,0.15,0.6855,NA,0.145,0.225
"F",0.385,NA,NA,0.314,NA,NA,NA
NA,NA,NA,NA,NA,NA,NA,0.2
NA,0.44,NA,0.125,0.4895,NA,NA,NA
NA,NA,0.36,0.125,NA,0.191,0.0865,NA
NA,NA,NA,NA,NA,NA,0.038,0.085
"F",NA,0.325,NA,0.382,NA,0.079,0.14
NA,0.45,NA,NA,0.4435,NA,NA,0.145
"I",0.66,0.525,NA,1.6935,0.6025,0.4005,NA
NA,0.685,0.525,0.175,NA,0.5415,NA,NA
"F",NA,NA,NA,0.8575,NA,NA,NA
NA,NA,0.435,NA,0.97,NA,NA,NA
NA,NA,NA,NA,NA,NA,NA,0.1845
"M",0.43,0.33,NA,NA,NA,0.085,0.112
NA,0.455,0.365,NA,0.385,NA,0.046,NA
"I",NA,NA,NA,0.515,NA,0.098,0.212
"F",0.48,NA,NA,NA,NA,NA,0.23
NA,0.47,NA,0.16,NA,0.1615,NA,NA
NA,0.415,NA,0.1,NA,0.1215,NA,0.104
NA,0.49,NA,NA,0.683,0.3265,0.1615,0.165
NA,0.47,0.375,0.105,NA,NA,NA,0.17
NA,NA,0.345,NA,0.4075,NA,NA,0.18
"F",0.51,NA,NA,0.584,0.224,NA,NA
NA,NA,NA,NA,0.829,0.3535,0.1685,0.205
NA,NA,NA,NA,NA,0.171,0.118,NA
"F",NA,NA,NA,NA,NA,0.098,NA
"I",0.435,NA,0.11,NA,0.1685,NA,NA
NA,NA,0.3,0.1,NA,0.1385,NA,NA
NA,0.375,0.285,0.1,0.239,0.105,NA,0.07
NA,0.285,NA,NA,NA,0.0415,NA,NA
"I",0.58,0.445,NA,NA,NA,NA,NA
NA,NA,0.44,NA,1.073,NA,NA,0.335
"M",0.41,NA,0.095,0.306,NA,NA,NA
NA,0.41,NA,NA,0.301,0.124,0.069,NA
"I",NA,0.405,NA,0.7585,0.307,NA,0.19
"M",0.33,0.245,0.085,NA,NA,0.0365,NA
NA,0.44,NA,NA,0.3625,NA,NA,0.12
"M",0.28,NA,0.065,NA,NA,NA,NA
NA,0.59,0.465,NA,1.0885,NA,NA,NA
"I",0.61,NA,0.165,NA,NA,NA,0.335
NA,NA,0.46,0.17,1.278,NA,NA,0.37
NA,NA,0.345,0.125,0.44,NA,NA,0.135
"M",NA,0.235,0.09,0.163,NA,NA,0.055
"I",NA,NA,NA,NA,0.17,NA,0.195
NA,0.54,0.405,NA,0.9715,0.3225,0.194,NA
"F",0.475,0.375,NA,0.588,NA,NA,NA
"F",NA,NA,0.15,NA,NA,0.1805,0.125
NA,NA,NA,NA,0.127,NA,NA,NA
"I",NA,0.19,0.07,NA,0.028,0.016,NA
"M",NA,0.255,0.075,NA,NA,NA,NA
"I",NA,0.21,NA,NA,0.038,NA,NA
NA,NA,0.13,0.045,NA,NA,NA,0.009
"M",NA,0.435,NA,0.9955,NA,NA,NA
NA,NA,NA,0.12,0.6605,0.2605,0.161,NA
"M",NA,0.375,0.13,NA,0.3055,0.1725,0.22
"F",0.305,0.225,NA,0.1485,0.0585,0.0335,0.045
"F",0.475,0.35,NA,0.487,NA,NA,0.125
NA,NA,0.4,NA,NA,NA,0.2535,0.26
"M",NA,0.41,0.145,NA,0.3035,0.196,0.31
NA,0.74,0.535,NA,1.65,0.734,NA,NA
"M",0.565,NA,0.15,NA,NA,NA,0.33
"M",NA,0.44,NA,NA,NA,0.2785,0.26
"M",0.545,0.42,0.125,0.9745,NA,NA,0.305
NA,NA,0.515,NA,NA,0.5835,0.3155,0.41
NA,0.575,NA,NA,1.0105,0.368,NA,0.32
NA,0.62,NA,0.16,1.0765,0.412,0.253,0.3
NA,NA,0.45,NA,1.2225,0.357,NA,0.385
NA,NA,0.475,NA,1.616,0.5495,0.332,0.34
NA,NA,NA,NA,0.559,NA,0.1215,0.1945
NA,NA,NA,0.085,0.2205,0.0855,0.0515,0.07
NA,0.46,NA,NA,0.44,0.19,NA,0.13
NA,NA,0.43,0.135,0.879,NA,0.2165,0.25
"M",0.48,NA,NA,0.6815,NA,NA,0.2495
"M",NA,0.345,0.15,0.5795,0.1685,0.125,0.215
"I",0.35,NA,0.11,0.209,0.066,0.059,NA
NA,0.37,0.28,NA,0.224,NA,NA,NA
NA,0.34,0.25,NA,0.1765,NA,NA,NA
"I",0.35,NA,NA,NA,0.082,0.04,NA
NA,0.35,0.265,NA,0.192,NA,NA,NA
"I",NA,0.315,NA,0.3095,0.147,NA,0.09
"I",NA,0.31,0.095,0.313,0.131,NA,NA
NA,0.415,NA,NA,0.3595,0.167,0.083,0.0915
"I",0.43,NA,NA,0.3855,NA,0.0745,0.1
NA,0.48,0.355,NA,0.5785,0.25,0.106,NA
"M",NA,NA,0.12,0.674,NA,NA,NA
NA,0.49,NA,NA,NA,NA,NA,NA
"F",0.56,0.465,0.16,1.0315,0.432,0.2025,0.337
NA,0.56,NA,0.14,NA,0.472,0.182,NA
"M",NA,NA,0.15,NA,NA,0.221,0.265
"F",NA,NA,0.18,1.2495,NA,NA,0.371
NA,0.59,NA,NA,1.1685,0.539,0.279,0.28
NA,NA,NA,0.165,1.148,NA,0.214,NA
NA,NA,0.475,0.15,1.089,0.5195,NA,0.292
NA,NA,0.47,NA,1.0325,0.497,NA,NA
"F",0.63,NA,NA,NA,NA,0.254,NA
NA,NA,0.51,NA,NA,0.567,NA,0.409
NA,NA,NA,NA,1.5055,0.6565,0.341,0.43
"M",NA,NA,0.2,NA,0.882,0.44,NA
"M",0.74,NA,0.2,2.4925,1.1455,NA,NA
NA,0.25,NA,NA,0.0805,0.0345,NA,NA
"I",NA,0.21,0.065,0.111,0.0425,0.0285,NA
NA,0.325,0.24,0.075,0.152,0.065,NA,NA
NA,NA,NA,0.095,NA,0.073,0.049,0.06
NA,NA,0.27,NA,0.219,0.097,NA,NA
"I",NA,0.27,NA,NA,NA,NA,NA
"I",NA,NA,0.09,NA,NA,NA,0.0645
NA,NA,0.285,NA,NA,NA,0.062,NA
"I",0.38,0.275,NA,0.2505,NA,0.0655,NA
"I",NA,0.3,NA,0.279,0.134,NA,0.075
"I",0.43,0.335,NA,0.378,NA,0.0785,0.09
NA,NA,0.35,NA,NA,0.21,0.0955,NA
NA,NA,0.37,0.1,0.5055,0.234,NA,NA
"F",0.465,0.355,0.115,NA,NA,NA,0.126
NA,NA,0.37,0.13,0.643,NA,NA,NA
"I",NA,0.37,NA,NA,0.219,NA,NA
"F",0.49,0.4,NA,NA,0.256,NA,NA
NA,0.495,0.4,0.145,0.578,0.2545,NA,NA
NA,NA,0.385,0.11,0.596,0.3015,0.104,0.151
NA,NA,NA,NA,0.5725,NA,0.1325,NA
"M",0.52,NA,NA,0.6435,NA,NA,0.161
"M",NA,0.395,0.125,0.8115,0.4035,NA,0.2
"F",NA,NA,0.125,0.7115,0.3205,NA,NA
"M",NA,NA,0.155,0.9155,NA,NA,0.25
NA,NA,NA,NA,NA,NA,0.1975,0.2155
"F",0.555,NA,0.11,NA,0.4445,NA,NA
NA,NA,0.46,0.165,NA,NA,0.2145,NA
NA,0.6,0.475,NA,1.1385,0.502,0.2295,NA
"F",0.61,0.48,NA,NA,0.598,0.238,0.315
"F",0.61,NA,0.175,1.2635,NA,NA,NA
"F",NA,0.47,NA,NA,NA,0.236,NA
NA,NA,NA,0.19,1.403,0.6715,NA,NA
NA,NA,0.485,0.165,NA,0.5235,0.2505,0.2825
"F",0.625,NA,NA,NA,0.4495,NA,NA
NA,NA,0.47,0.17,1.255,0.525,0.2415,NA
"M",0.625,0.485,NA,NA,NA,NA,0.475
"M",NA,NA,NA,NA,NA,0.2985,NA
NA,0.64,NA,NA,NA,NA,0.2345,0.353
"M",NA,NA,NA,1.4545,0.642,NA,NA
NA,0.66,0.525,NA,1.478,0.5815,0.381,NA
"F",0.665,0.52,0.165,1.6885,NA,NA,0.4265
"F",0.715,0.585,0.23,2.0725,0.8655,NA,NA
NA,NA,0.565,0.2,1.787,NA,0.385,NA
"F",0.725,NA,NA,NA,0.8045,0.3595,0.4375
NA,0.165,0.12,NA,0.021,NA,NA,0.014
NA,0.21,0.15,0.055,0.0455,0.02,0.0065,NA
NA,NA,NA,0.085,0.2435,NA,NA,0.06
NA,0.4,0.315,NA,NA,0.116,NA,NA
NA,NA,NA,0.1,NA,NA,NA,NA
"I",NA,0.3,0.11,NA,NA,NA,NA
NA,0.435,NA,NA,0.411,0.2025,NA,NA
"I",0.44,NA,0.11,NA,NA,0.079,NA
NA,NA,0.34,NA,0.4385,0.21,NA,NA
"I",NA,NA,0.105,NA,0.242,0.0345,NA
"I",NA,0.355,NA,NA,NA,0.102,NA
NA,0.47,0.355,NA,0.4155,NA,0.084,NA
NA,0.475,0.42,NA,0.7095,0.35,0.1505,NA
NA,NA,NA,0.115,0.637,0.38,NA,NA
"F",NA,NA,NA,NA,NA,0.239,NA
NA,0.51,0.405,0.13,0.599,NA,NA,NA
"I",NA,0.38,0.13,NA,0.2375,0.122,NA
NA,0.53,0.42,NA,NA,NA,0.1165,NA
"M",0.535,NA,NA,0.7465,0.348,NA,0.2185
"M",NA,NA,0.16,0.985,0.4645,0.201,0.27
"M",NA,0.44,0.145,0.85,NA,0.1685,0.23
NA,NA,0.44,NA,0.838,NA,0.146,0.23
"F",0.555,0.43,NA,0.812,0.4055,NA,0.2215
NA,0.56,NA,0.13,NA,NA,0.17,0.1955
"M",NA,NA,NA,0.87,NA,NA,0.225
"F",0.585,NA,0.145,NA,NA,0.242,0.22
"M",NA,0.46,0.145,NA,NA,0.24,NA
NA,0.595,0.47,NA,NA,NA,0.1905,NA
"M",NA,0.41,NA,NA,NA,0.196,NA
NA,0.6,NA,NA,NA,NA,NA,0.335
NA,0.61,NA,NA,NA,0.5315,NA,NA
NA,NA,0.49,NA,NA,NA,0.257,0.348
"F",0.62,0.51,0.18,NA,0.592,0.274,0.322
NA,NA,0.495,0.18,1.0815,0.4715,0.254,0.3135
NA,0.625,0.47,NA,NA,NA,NA,NA
NA,0.64,0.5,0.165,1.1635,0.554,0.239,0.32
"F",0.64,0.475,NA,1.1545,0.4865,NA,NA
NA,0.645,0.52,0.175,NA,NA,0.2665,0.355
"M",0.65,NA,0.18,1.469,0.7115,NA,NA
"M",NA,0.52,NA,1.492,0.7185,NA,0.355
"F",0.655,0.54,NA,1.5585,0.7285,0.402,0.385
"F",0.66,NA,0.175,1.3275,NA,NA,NA
"M",NA,NA,NA,NA,0.8005,NA,NA
"F",0.69,0.525,NA,NA,NA,NA,NA
NA,0.7,NA,0.2,NA,NA,0.3965,0.461
"F",0.7,NA,0.175,NA,0.8605,0.3275,0.398
"M",0.71,NA,NA,NA,0.8985,NA,NA
NA,0.715,NA,0.18,1.7405,NA,NA,NA
"F",0.72,0.545,0.185,1.7185,NA,NA,NA
"I",0.215,0.15,NA,NA,NA,0.009,0.0125
"I",0.24,NA,NA,NA,NA,5e-04,0.02
NA,0.26,0.205,NA,NA,0.0415,0.019,0.0305
"I",NA,NA,0.085,0.131,NA,0.0265,0.038
"I",NA,NA,NA,NA,0.079,0.026,0.0505
"I",NA,0.26,NA,0.192,NA,NA,0.054
NA,0.35,0.26,NA,NA,0.072,0.0355,0.0575
"I",NA,NA,0.085,NA,0.0775,0.034,NA
NA,NA,NA,0.075,NA,0.0785,NA,0.054
"I",NA,0.265,0.09,0.2055,0.096,0.037,NA
NA,NA,0.275,NA,0.2345,NA,0.051,NA
NA,0.38,0.285,0.09,0.2305,NA,NA,NA
NA,NA,NA,NA,NA,NA,0.0595,0.087
NA,0.4,NA,NA,NA,NA,NA,0.08
NA,NA,0.265,NA,NA,0.1245,0.0605,0.08
"I",0.425,NA,0.11,NA,0.1695,NA,0.1065
"I",0.43,0.325,0.105,NA,NA,0.08,NA
"M",NA,NA,NA,0.4385,0.2075,0.0715,NA
NA,NA,NA,0.12,NA,0.1775,0.081,0.125
NA,0.445,0.355,NA,0.3615,0.1415,NA,NA
"I",NA,0.35,NA,NA,0.253,0.1045,NA
NA,0.455,0.435,0.11,0.4265,NA,NA,NA
NA,0.46,0.34,NA,0.384,NA,NA,0.11
"I",0.475,0.355,NA,0.4865,NA,0.1105,0.142
"I",0.475,NA,NA,0.4355,NA,0.0925,NA
"I",0.475,NA,0.115,NA,0.2375,NA,NA
"I",NA,0.355,0.125,0.494,NA,0.0835,NA
NA,NA,0.37,NA,NA,NA,NA,NA
NA,NA,0.365,0.125,0.528,0.229,0.103,0.1645
NA,0.505,0.39,0.115,0.5585,0.2575,NA,0.1535
NA,NA,NA,NA,0.636,NA,0.1215,0.1855
"I",NA,0.39,0.105,NA,0.2875,0.1075,0.16
"I",0.53,0.405,0.13,0.6615,0.2945,NA,NA
NA,0.53,0.42,NA,0.658,NA,0.1245,NA
NA,0.535,0.415,NA,NA,0.3165,0.169,0.2365
"I",NA,NA,0.13,NA,NA,NA,0.1975
"I",NA,0.41,0.135,0.7025,0.31,NA,0.2
NA,NA,0.425,NA,NA,0.412,0.187,0.2425
NA,0.565,NA,NA,NA,0.5305,NA,NA
NA,NA,NA,NA,NA,NA,0.2315,0.277
NA,0.57,0.42,0.13,0.7745,NA,0.1505,NA
NA,NA,NA,0.16,NA,NA,NA,0.223
"I",NA,0.455,NA,NA,0.349,0.2095,NA
NA,0.575,NA,0.125,0.8515,0.4555,NA,0.1965
NA,NA,0.475,NA,0.895,NA,NA,NA
NA,NA,NA,0.155,NA,NA,NA,0.2575
"I",0.58,NA,NA,0.9265,NA,0.1845,NA
"I",0.58,NA,0.14,0.8295,NA,0.165,0.238
"I",NA,0.47,NA,NA,NA,NA,0.2445
NA,NA,0.47,0.165,1.041,0.54,NA,0.279
NA,NA,NA,NA,0.9355,NA,NA,NA
NA,NA,NA,0.165,1.058,0.486,NA,0.294
"F",NA,NA,0.145,0.7955,0.3425,NA,NA
NA,0.6,NA,0.17,NA,NA,0.2245,NA
"M",NA,0.47,NA,NA,0.4225,NA,0.275
"F",0.6,NA,NA,1.059,NA,0.19,NA
"M",0.6,NA,0.23,1.157,0.522,0.2235,NA
"F",0.6,NA,0.17,NA,0.4905,NA,0.31
"F",NA,0.485,0.145,0.776,NA,0.1585,NA
"F",NA,0.48,NA,NA,0.4835,NA,NA
"M",0.625,0.48,0.16,1.1415,0.5795,0.2145,0.29
"F",0.625,0.475,NA,1.3335,NA,NA,NA
NA,0.625,0.5,NA,NA,0.564,NA,NA
NA,NA,NA,NA,1.1835,0.517,0.2375,0.39
"M",0.625,0.485,NA,1.2135,NA,0.2235,0.302
"I",NA,0.465,0.15,NA,0.4265,0.24,NA
NA,NA,NA,NA,NA,0.657,0.3055,NA
"M",0.65,NA,NA,NA,NA,NA,0.369
NA,0.65,0.515,0.18,NA,0.658,0.3135,NA
NA,0.65,NA,0.195,1.6275,0.689,0.3905,NA
"F",0.65,0.475,NA,NA,NA,0.3485,NA
NA,NA,NA,0.16,1.46,NA,0.311,NA
NA,0.655,0.53,NA,NA,0.583,NA,NA
NA,0.66,0.5,0.155,1.3765,0.6485,NA,0.335
NA,0.66,NA,0.2,NA,0.749,0.422,NA
NA,0.675,NA,0.145,NA,0.6025,0.299,NA
"M",NA,NA,0.17,NA,0.647,NA,0.465
"M",0.715,0.52,NA,NA,0.708,0.3525,NA
NA,NA,0.555,NA,NA,1.2395,NA,NA
"I",NA,NA,0.04,NA,0.0095,NA,NA
NA,0.37,0.285,0.095,NA,NA,NA,NA
"I",NA,NA,NA,0.2855,0.1385,NA,NA
NA,0.42,NA,0.11,NA,NA,NA,NA
NA,0.455,NA,0.11,0.514,NA,NA,NA
"I",0.495,NA,NA,0.5755,NA,0.1145,NA
"F",0.51,0.375,NA,0.5805,NA,NA,NA
NA,0.515,0.39,0.14,NA,NA,NA,NA
NA,0.545,NA,0.155,0.8035,0.409,0.144,NA
"F",NA,NA,NA,0.913,NA,0.196,NA
NA,NA,NA,NA,0.8675,NA,0.221,NA
NA,NA,0.465,NA,NA,0.4635,0.24,NA
NA,NA,0.46,0.18,1.14,0.423,0.2575,NA
"F",NA,0.49,NA,NA,0.7045,0.25,0.3045
"M",NA,0.475,0.155,NA,NA,0.2585,NA
"M",NA,0.475,NA,1.4335,NA,NA,0.3285
NA,NA,NA,NA,1.304,0.5795,0.3115,NA
"M",NA,0.46,0.16,0.9505,0.4915,0.2,0.228
NA,0.63,NA,NA,1.385,NA,0.2955,0.38
"F",0.64,0.5,0.17,NA,0.4955,0.2645,NA
NA,0.64,NA,0.17,1.2645,NA,0.3375,0.315
NA,NA,0.455,NA,NA,NA,NA,NA
"M",NA,NA,NA,NA,0.6035,0.262,0.335
"M",NA,0.53,NA,NA,NA,0.3505,0.405
"F",0.665,0.5,0.175,1.4355,0.643,0.345,NA
"F",0.67,0.525,NA,NA,0.573,NA,NA
"M",NA,0.53,0.19,NA,NA,NA,NA
"M",0.715,0.525,0.2,1.89,0.95,NA,0.4305
NA,0.735,0.565,0.225,2.037,NA,0.5145,NA
"I",NA,0.205,NA,0.084,NA,0.0185,NA
"I",0.285,NA,0.07,NA,0.0425,NA,0.035
NA,NA,0.22,0.085,0.1285,NA,NA,0.0365
"I",0.3,0.225,0.075,NA,NA,0.028,0.044
NA,NA,0.22,0.065,0.1195,NA,NA,NA
NA,NA,NA,NA,0.1895,NA,NA,NA
NA,NA,NA,NA,NA,NA,0.055,NA
NA,0.39,0.29,0.09,NA,NA,NA,NA
NA,0.435,NA,NA,NA,NA,0.0835,0.105
NA,NA,NA,NA,0.344,NA,NA,0.125
NA,0.44,NA,NA,NA,NA,NA,0.1
"I",0.445,0.345,NA,0.4035,NA,NA,NA
NA,0.465,0.37,NA,0.4075,NA,NA,NA
NA,NA,NA,NA,0.4975,NA,0.099,0.14
"I",NA,0.345,NA,0.3685,NA,0.0615,NA
NA,NA,0.365,NA,NA,NA,NA,NA
NA,0.475,NA,NA,0.4425,NA,0.086,NA
NA,0.475,NA,NA,0.4225,0.1905,NA,0.1355
NA,NA,0.365,0.125,NA,0.163,NA,NA
NA,NA,NA,0.12,0.511,NA,NA,NA
NA,0.515,0.405,NA,0.573,0.213,0.134,NA
"I",NA,NA,NA,NA,0.2945,0.1405,NA
"I",0.525,NA,0.125,0.657,NA,NA,NA
NA,0.525,NA,0.14,0.8735,NA,0.182,NA
NA,NA,0.425,NA,0.781,0.3905,0.2005,NA
"I",NA,NA,0.14,0.6765,NA,NA,0.208
NA,NA,0.41,NA,NA,0.346,NA,NA
"I",0.53,NA,NA,0.6235,NA,0.108,NA
NA,0.535,0.405,0.14,NA,0.336,NA,NA
NA,NA,NA,NA,0.8075,NA,NA,0.2595
"M",0.545,0.41,NA,0.737,0.349,NA,0.212
NA,0.545,0.41,NA,0.654,0.2945,NA,NA
NA,0.55,NA,0.15,0.7915,0.3535,NA,0.236
NA,0.55,0.45,NA,NA,NA,0.1325,NA
NA,0.55,NA,0.135,0.717,0.3315,NA,NA
NA,0.555,NA,0.15,0.783,NA,NA,NA
"I",0.575,0.45,0.145,0.872,NA,0.18,NA
"I",0.575,0.44,NA,NA,NA,0.215,0.239
NA,NA,0.42,NA,NA,0.437,0.2225,0.32
"F",NA,NA,NA,0.9855,0.4325,0.2145,NA
NA,NA,NA,NA,0.7635,NA,NA,0.265
NA,NA,NA,NA,0.9895,0.4235,NA,NA
NA,0.595,NA,0.135,0.9365,NA,0.184,NA
NA,0.595,0.44,0.135,0.964,0.5005,NA,0.2575
NA,NA,0.46,0.155,1.0455,0.4565,NA,NA
NA,0.595,NA,0.165,NA,0.49,NA,NA
NA,0.6,NA,0.16,1.012,0.441,0.2015,0.305
NA,0.6,0.5,0.16,NA,NA,NA,NA
NA,0.605,0.49,0.165,1.1245,0.492,0.222,NA
NA,NA,0.49,NA,NA,NA,NA,0.35
"M",NA,NA,NA,1.0805,0.517,0.2495,NA
"F",NA,0.495,NA,NA,0.4525,0.273,0.317
"M",NA,NA,NA,1.242,0.5675,0.287,NA
"M",0.62,0.5,NA,1.3915,0.726,NA,NA
NA,NA,0.525,0.155,NA,0.454,NA,0.35
NA,NA,NA,NA,NA,0.447,0.171,NA
NA,0.62,0.48,0.165,1.0855,0.481,0.2575,0.305
"F",0.625,NA,NA,NA,0.61,0.2675,NA
NA,NA,NA,0.16,NA,NA,0.257,0.3315
NA,0.63,0.49,0.17,NA,NA,NA,NA
NA,0.63,0.505,0.195,NA,NA,NA,NA
"M",NA,0.5,0.175,NA,0.5065,0.2925,0.405
NA,NA,NA,NA,NA,0.6445,0.296,0.425
"M",0.65,NA,NA,1.3655,NA,0.2885,0.36
"M",0.65,0.495,NA,1.276,0.6215,0.2305,0.399
NA,0.65,NA,NA,1.2075,0.55,NA,0.32
NA,0.65,NA,NA,NA,NA,NA,NA
"M",0.65,NA,0.205,1.4275,NA,NA,0.4355
"M",0.65,0.51,NA,1.155,0.4955,0.2025,0.385
"F",0.65,0.51,NA,1.35,0.575,0.3155,NA
"M",0.65,0.525,0.19,1.3685,NA,NA,NA
"F",0.66,0.53,NA,1.431,0.622,NA,0.398
"M",NA,0.51,NA,NA,0.5,NA,NA
"F",NA,NA,0.195,NA,0.8505,0.3615,0.47
NA,NA,0.51,0.155,NA,NA,0.3045,0.358
"M",0.67,NA,NA,1.217,0.532,0.2735,NA
NA,0.67,NA,NA,NA,0.6435,0.328,NA
"F",NA,0.535,NA,1.5575,0.7035,NA,0.4
"M",0.675,NA,NA,1.527,0.809,0.318,NA
"F",0.675,0.53,0.195,NA,NA,NA,0.425
"M",0.685,NA,NA,NA,0.89,0.41,0.4895
NA,0.685,0.535,NA,NA,NA,NA,0.46
"M",NA,0.55,NA,1.4385,0.655,0.3255,0.462
"F",NA,NA,NA,1.564,NA,0.394,0.44
"M",0.71,NA,0.175,NA,NA,0.3725,NA
"F",NA,0.56,NA,NA,NA,NA,NA
"M",0.78,NA,NA,NA,NA,0.5745,NA
NA,0.235,NA,0.075,NA,NA,0.037,NA
NA,NA,0.25,NA,NA,NA,0.063,0.1255
NA,NA,0.25,NA,0.465,0.21,0.1055,0.128
"I",0.38,NA,0.095,0.2885,0.165,NA,0.067
"F",NA,NA,0.115,0.6475,NA,0.1325,NA
NA,NA,NA,NA,0.6485,NA,NA,NA
"I",0.465,NA,0.105,0.452,NA,0.159,NA
"I",NA,0.355,NA,NA,NA,NA,0.1325
NA,NA,NA,NA,0.9145,NA,NA,0.273
"M",0.495,NA,NA,0.976,0.45,0.2285,0.2475
"I",NA,0.395,NA,NA,0.332,0.1815,NA
NA,NA,NA,0.15,NA,NA,NA,0.185
NA,0.51,NA,0.15,0.8415,0.3845,0.156,0.255
NA,NA,NA,0.135,0.681,NA,NA,NA
NA,0.515,NA,0.115,0.6145,NA,NA,0.146
NA,NA,0.415,NA,NA,0.502,NA,NA
"F",NA,NA,NA,1.764,0.914,NA,NA
NA,NA,NA,NA,1.1215,0.533,NA,NA
NA,NA,0.505,0.165,1.167,NA,NA,0.345
"M",0.615,0.475,0.15,NA,NA,NA,0.283
NA,NA,0.48,NA,1.223,NA,NA,0.3375
NA,0.625,NA,0.15,NA,NA,0.2315,NA
NA,0.635,0.505,NA,1.2635,0.512,0.322,0.355
NA,0.65,NA,0.165,NA,NA,NA,0.3005
"F",NA,0.5,0.17,NA,NA,NA,0.3235
"F",0.67,0.525,NA,1.37,0.6065,0.2955,NA
"F",NA,NA,0.205,1.8185,0.819,0.4025,0.4525
NA,0.705,0.555,NA,1.7525,NA,NA,NA
NA,NA,NA,0.065,0.101,NA,0.021,0.034
NA,NA,NA,0.07,NA,NA,NA,0.034
"I",NA,NA,0.085,0.1865,NA,NA,NA
NA,NA,0.29,0.1,NA,0.1,NA,NA
"I",NA,NA,NA,NA,NA,0.0735,0.091
"I",NA,0.33,NA,0.32,NA,NA,NA
NA,0.435,NA,NA,NA,NA,NA,0.145
"I",0.45,0.335,NA,NA,0.195,NA,0.11
NA,NA,NA,0.135,NA,NA,0.09,NA
"I",NA,0.36,0.11,NA,0.191,0.099,NA
"I",0.485,NA,NA,NA,0.2425,0.088,NA
"I",NA,NA,0.105,0.5525,NA,0.127,NA
"I",NA,NA,0.12,NA,0.235,0.135,0.179
NA,0.52,NA,NA,0.699,0.3395,NA,NA
"I",0.525,0.4,NA,NA,0.2605,0.108,0.21
NA,0.53,0.425,NA,NA,NA,NA,0.2595
"M",0.53,0.425,NA,NA,0.2975,0.1395,0.22
"M",NA,0.42,0.135,NA,NA,NA,0.1825
"I",NA,0.395,NA,NA,NA,0.101,0.148
"I",0.53,NA,0.15,NA,0.2435,NA,NA
NA,0.535,NA,NA,0.705,NA,0.1365,0.22
"I",0.535,0.45,0.135,NA,0.2845,0.1845,0.265
NA,NA,NA,NA,NA,0.346,0.1715,NA
NA,0.555,0.46,NA,0.86,0.3345,NA,0.275
NA,NA,NA,NA,0.8875,NA,0.22,0.2695
NA,0.56,0.43,0.145,NA,0.3895,NA,NA
"I",NA,0.43,0.125,NA,0.2815,0.139,0.21
"I",0.575,0.45,0.145,NA,NA,0.1505,0.26
NA,NA,0.465,0.12,NA,0.516,0.2185,0.235
NA,NA,NA,0.15,0.927,NA,NA,NA
NA,0.58,NA,NA,0.701,NA,NA,NA
"M",NA,NA,0.155,NA,0.321,0.1975,0.2445
NA,NA,NA,0.155,NA,0.442,NA,0.2875
NA,NA,0.47,0.145,0.9565,NA,0.2365,0.265
"I",NA,NA,0.125,NA,0.437,0.1515,NA
NA,0.595,0.48,0.185,1.1785,0.526,NA,0.314
NA,0.615,0.48,NA,1.2205,0.4985,0.315,NA
NA,NA,NA,NA,NA,NA,0.182,NA
NA,NA,NA,0.175,NA,NA,0.24,NA
"I",NA,0.48,0.18,NA,0.5285,0.2655,NA
"M",0.62,NA,NA,1.2555,NA,0.374,NA
"M",0.625,0.495,0.155,1.177,NA,0.278,0.345
"M",0.625,0.5,NA,1.2425,NA,0.248,NA
NA,NA,NA,0.16,1.09,0.407,NA,NA
NA,0.63,0.475,NA,NA,0.433,0.2975,NA
NA,NA,NA,NA,1.129,0.5015,0.24,0.342
NA,NA,0.505,NA,1.2075,0.5105,0.262,0.39
NA,NA,NA,0.175,NA,NA,0.258,0.37
NA,NA,0.52,0.175,1.472,0.6275,NA,NA
NA,0.665,0.525,NA,NA,0.678,NA,NA
NA,0.67,0.52,0.175,1.4755,NA,0.379,0.374
NA,0.675,NA,0.175,NA,NA,0.278,NA
"F",NA,NA,NA,1.593,0.686,NA,0.45
NA,0.695,NA,0.2,1.8995,NA,NA,0.5295
"F",0.695,NA,0.175,NA,0.5465,NA,0.465
NA,NA,NA,NA,NA,0.607,NA,0.44
NA,NA,NA,NA,NA,NA,NA,0.488
NA,NA,NA,NA,NA,0.0235,0.011,NA
"I",0.305,NA,NA,NA,NA,NA,0.05
"I",NA,0.23,NA,NA,NA,NA,0.0355
"I",NA,0.27,NA,NA,NA,NA,0.064
NA,0.425,NA,NA,NA,0.173,NA,0.0975
"I",0.425,NA,NA,0.3505,0.1645,0.071,NA
"F",NA,0.365,0.115,0.5885,NA,0.121,0.1325
NA,NA,NA,NA,NA,0.2855,NA,0.175
NA,0.52,0.375,NA,NA,NA,NA,0.17
NA,0.525,0.4,0.125,NA,NA,NA,0.175
NA,0.555,0.445,0.13,NA,NA,0.155,0.24
NA,0.61,NA,0.17,NA,0.4605,NA,NA
"I",NA,NA,0.095,NA,NA,NA,NA
NA,0.38,0.275,0.095,NA,0.106,NA,0.21
"I",0.46,0.34,0.1,0.386,0.1805,0.0875,NA
"M",NA,NA,0.12,0.5315,0.2725,NA,NA
"M",0.475,0.385,0.12,0.562,0.289,0.0905,NA
"M",NA,0.445,0.14,0.836,NA,NA,NA
"M",0.57,0.45,NA,0.9275,NA,0.1605,0.2515
NA,0.57,NA,NA,NA,NA,NA,NA
NA,0.595,0.46,NA,1.03,0.4275,NA,NA
NA,0.605,0.48,0.175,1.1685,0.4815,0.2305,0.356
NA,NA,0.455,0.135,NA,0.4735,NA,0.274
"M",0.62,0.46,NA,1.127,NA,0.2635,NA
NA,0.625,NA,NA,NA,0.4605,NA,0.3945
NA,0.68,0.52,NA,1.541,0.5985,0.395,0.4575
NA,NA,NA,NA,NA,NA,NA,0.4285
"M",NA,0.52,NA,NA,0.7525,0.351,0.374
NA,0.71,NA,NA,1.47,NA,0.38,0.431
NA,NA,NA,0.12,0.6335,0.2305,NA,NA
NA,0.545,NA,NA,NA,NA,0.1775,0.275
"F",NA,0.365,NA,0.4485,0.165,0.083,NA
"M",0.535,0.41,NA,NA,0.345,NA,NA
NA,0.335,0.26,NA,NA,0.0855,NA,0.085
NA,NA,0.35,0.1,NA,NA,0.0755,NA
"M",0.41,0.325,0.1,NA,NA,NA,0.105
NA,0.17,0.105,NA,NA,NA,0.0085,0.005
NA,NA,NA,NA,NA,NA,0.0495,0.055
"M",0.52,NA,NA,0.79,0.372,0.205,NA
NA,0.53,0.41,NA,0.8255,0.375,NA,0.245
NA,0.5,NA,0.125,NA,0.255,0.15,0.205
NA,0.615,0.475,NA,0.9525,0.3915,0.195,0.32
"M",0.575,NA,NA,0.955,0.44,NA,0.27
NA,0.57,0.45,NA,NA,0.326,0.1895,NA
"M",NA,NA,NA,0.416,NA,NA,NA
"I",NA,NA,0.085,0.2045,NA,NA,NA
"M",0.445,NA,0.125,NA,0.2495,NA,NA
NA,NA,0.535,NA,NA,0.6175,NA,0.453
NA,0.385,NA,NA,NA,NA,0.085,NA
NA,0.375,0.295,NA,0.3005,NA,0.0575,0.1035
NA,0.56,NA,NA,NA,NA,0.202,0.285
"M",0.55,NA,0.15,0.785,NA,NA,0.275
"F",NA,NA,NA,NA,NA,0.261,NA
NA,NA,0.4,0.155,0.731,NA,NA,NA
"M",NA,NA,NA,0.4405,0.19,NA,NA
NA,0.335,NA,0.085,0.1785,0.071,0.0405,NA
NA,0.655,NA,0.2,1.373,0.443,NA,0.49
NA,0.565,NA,NA,NA,NA,NA,0.37
NA,0.57,0.44,0.19,1.018,NA,NA,NA
"F",NA,0.465,0.15,1.082,NA,NA,0.19
NA,0.63,NA,NA,NA,NA,0.3385,NA
NA,0.475,NA,0.125,0.655,NA,NA,0.185
NA,0.655,NA,0.18,NA,NA,0.314,0.445
NA,NA,0.235,NA,0.1385,NA,0.0225,NA
NA,NA,0.395,0.165,NA,NA,NA,NA
"F",0.525,NA,0.165,0.717,0.289,NA,0.195
NA,NA,0.39,0.13,NA,0.2505,0.1635,0.195
NA,0.44,0.34,0.135,0.3975,0.1505,NA,0.135
"F",NA,NA,0.16,NA,0.2455,NA,0.205
"M",0.545,NA,NA,0.744,0.2875,0.204,NA
"F",NA,NA,0.11,NA,0.203,NA,NA
NA,NA,NA,0.115,NA,0.191,NA,0.17
NA,NA,0.25,NA,NA,0.056,NA,NA
NA,NA,0.41,0.15,NA,0.274,NA,NA
"M",NA,NA,0.09,NA,0.048,0.046,0.05
"M",NA,0.45,NA,0.8615,0.2925,0.1545,NA
NA,0.645,0.5,0.225,1.626,0.587,NA,0.41
NA,0.45,NA,0.115,NA,0.18,NA,NA
NA,NA,NA,NA,1.1775,NA,NA,NA
"I",NA,NA,NA,0.286,0.1305,NA,0.09
NA,0.565,NA,NA,NA,0.439,NA,0.3
NA,NA,NA,0.16,NA,NA,NA,0.495
"M",NA,0.425,NA,NA,NA,0.153,NA
NA,0.29,0.225,0.075,NA,0.071,0.059,0.045
"I",0.41,0.33,0.105,NA,0.1525,0.074,0.11
"F",NA,NA,0.12,NA,0.2205,0.088,0.17
NA,0.56,0.44,0.155,NA,NA,NA,0.255
NA,0.575,NA,NA,NA,NA,NA,0.235
NA,0.62,0.5,NA,1.221,NA,0.263,NA
NA,NA,NA,NA,NA,NA,0.184,0.185
"F",0.56,0.46,NA,NA,0.342,NA,NA
"F",0.5,NA,0.15,0.8085,NA,NA,NA
"I",NA,NA,NA,NA,0.1535,0.074,0.165
"M",NA,0.38,0.135,0.6295,0.263,NA,NA
"F",NA,0.5,NA,NA,NA,0.192,NA
"M",0.76,0.575,0.19,1.829,NA,NA,0.56
NA,0.615,0.5,0.165,NA,NA,0.244,0.345
NA,NA,0.46,0.15,0.8765,0.3455,0.1925,0.275
NA,0.14,NA,0.035,NA,0.005,NA,NA
NA,NA,NA,0.14,NA,NA,NA,NA
"F",NA,0.43,0.125,0.813,0.3315,0.166,0.1775
"I",0.16,0.12,0.02,0.018,0.0075,0.0045,NA
NA,0.635,NA,0.235,NA,NA,0.228,0.36
NA,NA,0.47,0.165,NA,NA,0.179,NA
"M",NA,0.27,NA,0.219,NA,0.0515,NA
NA,NA,NA,NA,NA,0.0245,0.0135,NA
"I",0.48,0.39,0.15,NA,NA,NA,0.185
NA,NA,0.365,0.135,NA,0.1515,NA,0.145
NA,0.455,NA,0.125,0.458,0.1985,0.111,0.12
"M",0.455,0.355,0.135,0.4745,0.1865,NA,0.168
"I",NA,NA,NA,NA,0.083,0.037,0.075
"I",0.52,NA,NA,0.6765,NA,NA,0.205
NA,NA,0.4,0.145,0.757,NA,NA,0.215
"I",NA,NA,0.14,NA,NA,0.144,0.26
"I",0.56,0.445,0.165,1.0285,0.4535,NA,0.275
"F",NA,NA,NA,NA,NA,NA,NA
NA,NA,0.46,NA,1.066,NA,0.226,0.33
"F",NA,NA,0.19,1.3065,NA,NA,NA
"I",NA,0.43,NA,0.8545,0.321,NA,NA
"M",NA,NA,0.085,0.125,0.042,NA,NA
NA,0.375,0.28,0.095,NA,0.0875,0.043,0.08
"I",0.525,NA,0.14,NA,NA,0.16,NA
"M",0.395,0.28,0.08,NA,0.0995,NA,NA
NA,0.5,NA,0.165,0.7105,0.27,NA,0.225
NA,0.47,NA,NA,NA,0.1955,0.127,NA
NA,0.58,NA,0.16,NA,0.2725,0.19,NA
"I",0.5,0.38,0.155,NA,0.2745,NA,0.18
NA,NA,NA,0.22,NA,NA,NA,0.655
NA,0.65,0.515,NA,1.498,0.564,0.323,NA
NA,NA,0.535,0.185,NA,0.6275,NA,0.47
"I",NA,0.44,0.165,0.8605,NA,0.169,NA
NA,0.49,0.37,NA,NA,0.171,NA,0.185
NA,0.235,NA,0.06,NA,0.022,NA,NA
"I",0.235,NA,0.08,NA,0.0215,NA,NA
"M",0.52,NA,NA,NA,0.263,NA,NA
NA,0.475,0.4,0.115,0.541,NA,NA,NA
NA,0.53,0.425,NA,NA,NA,NA,NA
"F",0.35,0.275,0.065,0.205,NA,0.0465,0.07
"M",NA,0.42,0.145,0.8695,0.3075,NA,0.25
NA,0.505,NA,NA,0.6555,NA,0.18,0.19
"F",0.54,NA,NA,NA,NA,0.2295,0.355
NA,NA,0.4,0.115,0.6295,NA,NA,0.18
"M",0.55,0.45,NA,NA,0.3765,NA,0.4
"M",NA,NA,NA,0.991,NA,0.168,NA
NA,0.235,0.175,NA,0.0615,NA,0.02,0.019
"M",NA,NA,0.165,0.8005,0.2635,NA,0.25
"M",NA,NA,0.14,NA,0.202,NA,0.19
"F",0.53,0.4,0.165,NA,0.2855,NA,0.23
NA,0.525,0.415,0.15,0.7155,NA,0.171,0.27
"F",0.53,NA,NA,NA,0.2115,NA,NA
NA,0.465,NA,0.11,0.6355,0.1815,0.157,NA
NA,NA,NA,NA,NA,0.08,NA,NA
"I",NA,NA,NA,NA,0.255,NA,NA
"M",0.485,NA,0.105,0.556,NA,NA,NA
NA,0.49,0.385,0.12,0.591,0.271,0.1125,0.1775
NA,0.515,0.395,0.14,0.686,NA,0.1255,0.22
"F",NA,0.44,0.155,NA,NA,0.1855,NA
"F",0.61,0.5,0.18,1.438,0.5185,NA,0.3345
NA,0.68,NA,NA,1.807,0.8225,0.3655,NA
"M",0.69,NA,0.195,NA,NA,NA,NA
NA,NA,NA,0.205,2.173,NA,0.4665,0.496
NA,0.72,0.575,NA,NA,1.0745,0.382,NA
"I",NA,0.205,0.075,NA,0.059,NA,0.0305
"I",0.27,0.19,0.06,NA,0.0445,0.017,NA
NA,NA,0.22,0.07,0.1365,0.0575,0.0295,NA
NA,0.295,NA,NA,0.1295,NA,NA,0.035
NA,NA,0.23,NA,NA,NA,NA,NA
NA,0.375,0.29,0.095,NA,NA,NA,0.08
"I",NA,NA,NA,NA,NA,0.0625,0.082
NA,NA,NA,0.09,0.248,NA,NA,NA
"I",0.4,NA,NA,0.252,0.1105,NA,NA
NA,0.415,0.315,NA,0.4015,0.199,NA,0.097
NA,0.415,NA,0.1,NA,0.1925,0.0755,0.1025
NA,NA,NA,NA,0.409,0.2055,NA,NA
NA,0.44,NA,0.135,0.4095,NA,0.1005,NA
"I",NA,0.35,0.135,NA,NA,0.0945,0.1405
NA,NA,NA,0.12,0.4905,0.2035,NA,NA
NA,NA,NA,NA,NA,0.251,NA,NA
"M",NA,0.375,0.115,0.6245,0.282,NA,0.155
NA,NA,0.41,NA,NA,0.416,0.163,0.18
"M",0.565,NA,0.15,0.9795,NA,NA,0.275
"I",0.58,0.435,NA,0.8915,0.363,0.1925,NA
NA,0.585,0.45,NA,NA,NA,0.2075,0.225
"M",0.6,NA,0.155,1.262,NA,NA,NA
NA,NA,NA,NA,1.21,0.53,NA,0.322
NA,NA,0.525,NA,1.37,NA,0.283,NA
NA,NA,NA,NA,1.759,NA,NA,NA
NA,NA,NA,NA,1.3855,0.621,NA,NA
NA,NA,NA,0.195,NA,0.758,0.3735,NA
NA,0.67,0.51,NA,1.5945,0.6705,0.3845,NA
"M",0.685,0.51,NA,1.4545,0.6315,NA,NA
"M",NA,0.6,0.23,NA,NA,0.4045,NA
NA,0.72,NA,NA,2.2385,0.984,NA,NA
"I",NA,0.135,0.045,0.032,NA,0.0065,0.01
NA,0.245,0.175,NA,NA,NA,0.018,0.02
"I",0.315,NA,0,0.134,NA,0.0285,NA
NA,0.36,NA,NA,0.2075,0.098,0.039,0.062
"I",NA,NA,0.08,0.2235,NA,NA,0.055
NA,NA,0.31,NA,NA,0.181,0.057,NA
NA,NA,NA,NA,0.5365,NA,0.0855,NA
"I",NA,NA,NA,NA,0.352,NA,NA
NA,NA,NA,NA,0.562,NA,0.1345,0.1525
"I",0.51,NA,NA,0.597,0.293,0.1265,NA
NA,0.52,NA,NA,NA,0.2565,0.1265,NA
"F",NA,0.43,0.14,0.7545,0.3525,0.1835,0.2015
NA,NA,NA,0.15,0.98,0.4315,NA,0.247
NA,NA,0.46,0.15,NA,NA,0.2105,0.2515
"M",NA,0.455,NA,NA,0.5515,NA,0.305
NA,0.61,0.49,NA,NA,NA,0.246,NA
NA,NA,NA,0.15,1.142,0.62,NA,NA
NA,0.615,0.53,0.17,1.12,NA,NA,0.286
"F",0.62,0.465,NA,1.011,NA,NA,NA
"M",0.625,NA,NA,NA,NA,NA,0.323
"M",0.625,NA,0.175,NA,0.4865,0.259,NA
NA,0.635,NA,NA,NA,0.665,NA,NA
NA,NA,NA,NA,NA,NA,0.3115,NA
NA,NA,0.505,NA,NA,0.6775,NA,NA
NA,0.66,NA,NA,1.2275,NA,NA,NA
NA,0.66,0.515,NA,NA,0.7055,NA,0.335
NA,0.68,NA,NA,NA,NA,NA,NA
NA,NA,0.58,NA,NA,0.708,NA,0.4715
"M",NA,0.545,NA,1.7475,NA,0.383,NA
NA,0.275,0.2,0.07,0.096,NA,0.0225,NA
"I",0.33,NA,0.065,0.1445,0.058,0.032,0.0505
"I",NA,NA,NA,NA,NA,NA,NA
NA,NA,0.28,NA,0.196,NA,NA,NA
NA,0.365,NA,NA,NA,0.1005,0.049,0.0655
"I",NA,NA,0.1,NA,0.1125,0.0615,0.0925
NA,0.435,0.335,NA,0.334,NA,NA,0.0965
NA,0.435,NA,0.1,0.366,0.174,0.0725,0.109
NA,0.44,NA,0.11,0.4965,NA,NA,0.1075
NA,0.485,0.365,0.09,NA,0.3165,0.132,NA
NA,NA,0.385,NA,0.5125,0.2075,0.1155,NA
"M",NA,NA,NA,NA,0.327,0.155,0.1805
NA,NA,NA,0.14,0.5995,NA,NA,0.182
"I",NA,0.42,0.14,NA,NA,0.159,0.1985
"I",NA,0.415,NA,0.702,NA,NA,NA
"I",NA,NA,NA,0.672,NA,NA,NA
"I",0.56,0.44,NA,NA,0.3685,NA,0.235
"F",NA,0.45,NA,NA,0.447,NA,0.275
"I",0.575,NA,NA,NA,0.449,0.166,0.215
NA,0.575,0.46,0.165,0.9575,NA,0.1945,0.236
"F",0.58,NA,0.135,0.926,NA,NA,NA
NA,0.58,NA,0.155,NA,0.3615,0.249,NA
"M",NA,0.45,NA,0.998,NA,NA,NA
NA,0.6,0.46,0.155,NA,0.285,NA,NA
NA,NA,0.485,NA,1.003,0.4655,NA,0.28
NA,NA,0.495,NA,NA,NA,NA,NA
"M",NA,0.495,0.155,1.025,0.46,0.1945,0.34
NA,NA,0.495,0.175,NA,NA,0.317,0.355
NA,0.625,0.5,NA,NA,0.4615,NA,0.305
"M",0.625,NA,NA,1.7855,0.675,0.247,0.3245
NA,0.625,NA,0.165,NA,NA,0.296,0.36
NA,0.635,NA,NA,1.2565,NA,NA,0.35
"F",NA,0.5,NA,NA,0.4675,NA,NA
NA,NA,NA,0.165,1.403,NA,NA,0.4545
"F",NA,NA,0.185,NA,0.797,NA,NA
"F",NA,NA,0.185,NA,0.8195,0.331,0.437
"M",NA,NA,NA,0.6125,0.302,0.1365,0.1415
"I",NA,0.405,NA,0.658,0.327,NA,NA
"M",NA,NA,NA,0.911,NA,NA,NA
"M",0.63,0.49,NA,NA,0.5845,NA,0.3
NA,NA,0.515,0.16,NA,NA,NA,0.35
"F",0.64,NA,NA,1.36,NA,NA,0.305
NA,0.37,0.275,0.08,0.2325,NA,0.056,NA
"I",0.395,NA,NA,NA,0.153,0.0505,NA
NA,NA,NA,0.115,0.318,NA,NA,0.0935
"I",0.41,NA,NA,NA,NA,0.0655,NA
NA,NA,0.335,NA,0.4055,NA,0.092,NA
"I",0.48,NA,0.125,NA,0.246,NA,NA
"I",NA,0.375,NA,NA,0.2015,NA,NA
NA,0.5,0.36,0.12,NA,0.1875,0.1055,0.1305
"I",NA,NA,0.125,0.5805,NA,0.1075,0.19
NA,0.52,0.4,0.14,NA,0.278,NA,NA
"M",NA,0.45,0.15,0.7805,NA,NA,NA
"I",0.545,0.43,0.14,0.772,0.289,0.19,0.2615
"I",NA,NA,NA,NA,0.348,0.1585,NA
NA,NA,0.43,0.18,NA,NA,0.159,NA
"M",0.55,0.385,0.13,0.7275,0.343,NA,0.19
NA,NA,NA,0.125,NA,0.3395,NA,NA
"M",0.56,NA,0.145,0.9355,0.425,NA,0.2725
"I",NA,NA,0.15,1.1815,0.581,0.2215,0.3095
"M",0.57,0.445,NA,NA,NA,NA,NA
"F",NA,0.48,0.17,NA,0.506,NA,NA
NA,0.585,NA,NA,NA,0.639,NA,NA
"M",0.59,0.45,NA,0.874,NA,0.2135,NA
"I",0.595,NA,0.155,NA,NA,NA,0.2755
NA,0.6,0.47,0.13,NA,NA,NA,NA
"M",NA,NA,NA,1.0765,0.488,NA,NA
NA,0.615,NA,0.205,NA,0.5995,0.2815,0.37
NA,NA,NA,NA,NA,NA,0.303,0.3705
NA,0.625,0.49,0.19,1.7015,0.7465,NA,NA
NA,NA,NA,0.18,NA,NA,NA,NA
"M",0.63,0.53,0.175,NA,NA,NA,0.3555
NA,NA,NA,0.155,1.073,NA,0.1975,0.35
NA,NA,NA,NA,1.477,NA,NA,NA
NA,NA,0.5,0.18,NA,0.594,NA,0.37
NA,0.65,NA,0.16,1.3105,NA,NA,NA
"M",NA,NA,0.18,1.4915,NA,NA,0.381
"F",0.675,0.52,NA,NA,NA,0.3055,NA
NA,NA,0.51,0.15,1.1965,NA,0.304,0.386
NA,0.68,0.545,0.185,NA,0.7075,0.364,0.48
NA,NA,NA,0.215,NA,NA,NA,NA
NA,NA,NA,0.175,NA,0.8725,0.4565,NA
"F",NA,0.565,0.18,1.79,NA,NA,NA
"F",0.72,0.59,0.205,1.7495,0.7755,0.4225,0.48
"I",NA,0.305,NA,0.3415,NA,0.0775,0.086
NA,0.48,0.35,0.1,0.519,0.2365,NA,0.126
"M",0.48,NA,NA,NA,NA,0.127,0.139
NA,0.51,0.41,0.155,1.2825,NA,NA,NA
"I",NA,0.4,NA,NA,NA,0.1595,0.1785
NA,0.56,0.42,NA,1.6645,0.7755,NA,NA
NA,0.56,0.42,0.14,NA,0.414,0.214,NA
NA,NA,0.45,NA,NA,0.531,0.189,0.209
NA,0.605,NA,0.155,1.1,NA,NA,0.2585
"M",0.625,0.48,0.16,NA,NA,0.2625,NA
NA,NA,NA,0.175,NA,0.6185,0.302,0.3315
NA,NA,0.525,NA,NA,0.586,NA,0.3865
NA,0.3,NA,NA,0.1185,NA,NA,0.042
"M",0.35,NA,NA,NA,NA,0.0365,0.077
"I",NA,NA,NA,0.4725,NA,0.0745,0.15
"I",NA,0.365,NA,0.4495,NA,NA,0.15
"I",NA,NA,NA,0.557,NA,0.1335,NA
NA,0.5,0.385,NA,NA,NA,NA,NA
"I",0.54,NA,0.135,0.709,0.3195,0.174,0.185
NA,0.55,0.42,NA,0.7385,NA,0.1485,0.252
"I",NA,NA,0.11,NA,0.378,NA,NA
NA,0.555,0.435,NA,0.9205,NA,0.2275,0.255
NA,NA,NA,0.14,0.7655,0.331,0.14,NA
"M",0.58,0.45,0.14,0.824,NA,NA,NA
NA,NA,NA,0.145,NA,NA,0.1605,NA
"I",NA,NA,NA,NA,NA,0.2395,0.315
NA,0.585,0.45,0.15,0.997,0.4055,0.283,NA
NA,0.595,NA,0.14,0.914,NA,0.2225,0.271
"F",NA,0.5,0.17,1.13,0.4405,NA,0.335
"F",NA,0.495,0.155,1.0805,NA,NA,0.32
"M",NA,0.505,NA,1.105,0.492,0.226,0.325
"M",0.63,NA,NA,NA,NA,0.29,NA
"F",0.635,0.495,NA,1.2355,0.5205,NA,NA
NA,0.645,0.535,NA,1.2395,NA,NA,NA
NA,0.65,0.505,0.165,NA,0.5725,0.281,0.43
"M",0.655,0.525,0.18,NA,0.624,NA,NA
NA,0.655,0.5,NA,1.359,NA,NA,NA
"M",0.67,NA,0.19,NA,0.7465,NA,NA
NA,NA,0.525,0.2,NA,0.6205,0.297,0.657
NA,0.695,0.53,0.21,1.51,NA,NA,NA
NA,0.695,0.55,0.195,NA,NA,NA,0.445
NA,NA,0.605,NA,2.0505,NA,0.526,NA
NA,0.28,0.215,NA,NA,0.063,NA,0.03
"I",NA,0.23,0.08,0.14,0.0565,0.0365,0.046
NA,NA,0.25,0.075,0.1695,NA,0.0355,NA
NA,0.37,0.28,NA,0.218,0.0995,0.0545,0.0615
"I",0.43,NA,0.115,0.384,NA,NA,NA
NA,0.435,0.33,0.095,0.393,NA,NA,0.0885
NA,NA,NA,NA,NA,NA,0.0895,0.115
NA,NA,NA,0.11,NA,0.2185,0.107,0.146
NA,0.475,NA,0.14,0.5135,NA,0.1045,0.155
"I",0.48,NA,NA,NA,NA,0.089,0.14
"F",NA,0.44,0.135,0.8025,0.35,0.1615,NA
NA,0.585,NA,0.165,1.053,NA,NA,NA
NA,0.585,NA,NA,NA,NA,NA,NA
"M",0.385,0.255,0.1,NA,0.137,NA,NA
"I",0.39,0.31,NA,NA,NA,0.0695,0.079
"I",NA,0.29,NA,NA,NA,0.0635,NA
"I",NA,NA,NA,NA,NA,0.0505,0.088
NA,0.475,0.365,0.115,NA,NA,0.0885,0.156
"M",NA,0.38,0.125,NA,0.269,0.1265,0.1535
"F",NA,NA,NA,NA,0.2865,NA,NA
NA,0.52,0.385,0.165,0.791,NA,NA,0.1815
NA,0.55,0.43,0.13,0.8395,0.3155,0.1955,0.2405
NA,NA,0.43,0.155,NA,NA,0.172,NA
NA,0.565,NA,0.165,0.887,0.37,0.239,0.249
NA,NA,NA,0.135,0.966,0.439,NA,0.2605
"M",NA,NA,NA,1.176,0.5255,0.2875,NA
"F",NA,0.485,0.15,1.0945,0.531,NA,0.296
"M",0.71,NA,NA,1.9485,0.9455,0.3765,0.495
