con_CreditScore,cat_Geography,cat_Gender,con_Age,con_Tenure,con_Balance,con_NumOfProducts,cat_HasCrCard,cat_IsActiveMember,con_EstimatedSalary,cat_Exited
619.0,France,Female,42.0,2.0,0.0,1.9871185314713162,1.0,1.0,101348.88,1.0
608.0,Spain,Female,41.0,1.0,83807.86,1.0,0.0,1.0,112542.58,0.0
502.0,France,Female,42.0,8.0,159660.8,3.0,1.0,0.0,113931.57,1.0
699.0,France,Female,39.0,1.0,0.0,2.0,0.0,0.0,93826.63,0.0
850.0,Spain,Female,43.0,5.078904204866282,125510.82,1.0,1.0,1.0,79084.1,0.0
662.1695003864497,Spain,Male,44.0,8.0,31369.8723496723,2.0,1.0,1.0,120947.38783966046,0.0
822.0,France,Male,50.0,7.0,0.0,2.0,0.0,1.0,10062.8,0.0
376.0,Germany,Female,29.0,4.0,115046.74,4.0,1.0,0.0,119346.88,1.0
501.0,France,Male,44.0,4.0,142051.07,2.0,0.0,1.0,74940.5,0.0
684.0,France,Male,27.0,2.0,134603.88,1.0,1.0,1.0,71725.73,0.0
528.0,France,Male,31.0,6.0,32653.74159333033,2.0,0.0,0.0,80181.12,0.0
497.0,Spain,Male,35.16718790653351,3.0,37524.293568223315,2.0,1.0,0.0,76390.01,0.0
476.0,France,Female,34.0,10.0,0.0,2.0,1.0,0.0,26260.98,0.0
549.0,France,Female,25.0,5.0,0.0,2.0,0.0,0.0,190857.79,0.0
635.0,Spain,Female,35.0,7.0,0.0,2.0,1.0,1.0,65951.65,0.0
616.0,Germany,Male,45.0,3.0,143129.41,2.0,0.0,1.0,64327.26,0.0
653.0,Germany,Male,58.0,1.0,132602.88,1.0,1.0,0.0,5097.67,1.0
549.0,Spain,Female,24.0,9.0,27768.65138150241,2.0,1.0,1.0,14406.41,0.0
587.0,Spain,Male,45.0,6.0,0.0,1.0,0.0,0.0,158684.81,0.0
726.0,France,Female,24.0,6.0,0.0,2.0,1.0,1.0,54724.03,0.0
644.8036358650721,France,Male,41.0,8.0,0.0,2.0,1.0,1.0,170886.17,0.0
636.0,Spain,Female,32.0,8.0,20458.85563982157,2.0,1.0,0.0,138555.46,0.0
510.0,Spain,Female,38.0,4.0,50188.54886220147,1.0,1.0,0.0,118913.53,1.0
669.0,France,Male,46.0,3.0,0.0,2.0,0.0,1.0,8487.75,0.0
846.0,France,Female,38.0,5.0,0.0,1.0,1.0,1.0,187616.16,0.0
577.0,France,Male,25.0,3.0,0.0,2.0,0.0,1.0,124508.29,0.0
756.0,Germany,Male,36.0,2.0,136815.64,1.0,1.0,1.0,170041.95,0.0
571.0,France,Male,44.0,9.0,0.0,2.0,0.0,0.0,38433.35,0.0
574.0,Germany,Female,43.0,3.0,141349.43,1.0,1.0,1.0,100187.43,0.0
411.0,France,Male,29.0,0.0,59697.17,2.0,1.0,1.0,53483.21,0.0
591.0,Spain,Female,39.0,3.0,0.0,3.0,1.0,0.0,140469.38,1.0
533.0,France,Male,36.0,7.0,85311.7,1.0,0.0,1.0,156731.91,0.0
553.0,Germany,Male,41.0,9.0,110112.54,2.0,0.0,0.0,81898.81,0.0
520.0,Spain,Female,42.0,6.0,0.0,2.0,1.0,1.0,34410.55,0.0
722.0,Spain,Female,34.55453679144761,9.0,0.0,2.0,1.0,1.0,142033.07,0.0
475.0,France,Female,45.0,0.0,134264.04,1.0,1.0,0.0,27822.99,1.0
490.0,Spain,Male,31.0,3.0,145260.23,1.0,0.0,1.0,114066.77,0.0
804.0,Spain,Male,33.0,7.0,76548.6,1.338626725469704,1.0,1.0,98453.45,0.0
850.0,France,Male,36.0,7.0,0.0,1.0,1.0,1.0,40812.9,0.0
582.0,Germany,Male,41.0,6.0,70349.48,2.0,0.0,1.0,178074.04,0.0
472.0,Spain,Male,40.0,4.0,0.0,1.0,1.0,0.0,70154.22,0.0
465.0,France,Female,51.0,8.0,122522.32,1.0,0.0,0.0,181297.65,1.0
556.0,France,Female,61.0,2.0,117419.35,1.0,1.0,1.0,94153.83,0.0
834.0,France,Female,49.0,2.0,131394.56,1.0,0.0,0.0,194365.76,1.0
660.0,Spain,Female,61.0,5.0,155931.11,1.0,1.0,1.0,158338.39,0.0
776.0,Germany,Female,32.0,4.0,109421.13,2.0,1.0,1.0,102097.19770225808,0.0
829.0,Germany,Female,45.334386609619386,9.0,112045.67,1.5392625609150765,1.0,1.0,103922.04119061741,1.0
637.0,France,Female,50.544617018821135,9.0,67294.7133323389,1.0,1.0,0.0,117622.8,1.0
550.0,Germany,Male,38.0,2.0,103391.38,1.0,0.0,1.0,90878.13,0.0
776.0,Germany,Female,37.0,2.0,103769.22,2.0,1.0,1.0,194099.12,0.0
638.6185893977473,Germany,Male,44.0,6.925539087179381,116363.37,2.0,1.0,0.0,198059.16,0.0
632.6092827295594,Germany,Male,36.0,5.0,146050.97,2.0,0.0,0.0,86424.57,0.0
788.0,France,Female,33.0,5.0,0.0,2.0,0.0,0.0,116978.19,0.0
611.6797816707614,Germany,Male,41.0,8.0,125561.97,1.0,0.0,0.0,164040.94,1.0
601.0,Germany,Male,42.0,1.0,98495.72,1.0,1.0,0.0,95901.19521387726,1.0
619.0,France,Male,43.0,1.0,125211.92,1.0,1.0,1.0,113410.49,0.0
656.0,France,Male,45.0,5.0,127864.4,1.0,1.0,0.0,87107.57,0.0
725.0,Germany,Male,19.0,0.0,75888.2,1.0,0.0,0.0,45613.75,0.0
511.0,Spain,Female,66.0,4.0,0.0,1.0,1.0,0.0,1643.11,1.0
614.0,France,Male,51.0,4.0,40685.92,1.0,1.0,1.0,46775.28,0.0
742.0,Germany,Male,35.0,5.0,136857.0,1.0,0.0,0.0,84509.57,0.0
687.0,Germany,Female,27.0,9.0,152328.88,2.0,0.0,0.0,126494.82,0.0
555.0,Spain,Male,33.0,1.0,56084.69,2.0,0.0,0.0,178798.13,0.0
684.0,France,Male,56.0,8.0,78707.16,1.0,1.0,1.0,99398.36,0.0
603.0,Germany,Male,26.0,4.0,109166.37,1.0,1.0,1.0,92840.67,0.0
751.0,Germany,Female,36.0,4.488371317154901,169831.46,2.0,1.0,1.0,27758.36,0.0
581.0,Germany,Female,34.0,1.0,101633.04,1.0,1.0,0.0,110431.51,0.0
650.6268289632213,France,Male,43.0,10.0,35799.118103316294,2.0,1.0,1.0,196673.28,0.0
661.0,Germany,Female,35.0,5.0,150725.53,2.0,1.0,0.0,113656.85,0.0
675.0,France,Female,21.0,8.0,98373.26,1.0,1.0,0.0,18203.0,0.0
738.0,Germany,Male,44.18082111127551,3.7945557668934424,124773.61181362023,4.0,1.0,1.0,87758.0762407767,1.0
813.0,France,Male,29.0,6.0,0.0,1.0,1.0,0.0,33953.87,0.0
657.0,Spain,Female,37.0,0.0,163607.18,1.0,0.0,1.0,44203.55,0.0
604.0,Germany,Male,25.0,5.0,157780.84,2.0,1.0,1.0,91618.21459905963,0.0
519.0,France,Male,36.0,9.0,0.0,2.0,0.0,1.0,145562.4,0.0
735.0,France,Female,21.0,1.0,178718.19,2.0,1.0,0.0,22388.0,0.0
638.7925399016564,France,Male,55.0,8.0,0.0,2.0,1.0,1.0,85298.88735669118,0.0
678.0,France,Female,32.0,9.0,0.0,1.8278120554517865,1.0,1.0,148210.64,0.0
757.0,Spain,Male,36.34339541388006,5.0,77253.22,1.0,0.0,1.0,194239.63,0.0
416.0,Germany,Female,41.0,10.0,122189.66,2.0,1.0,0.0,98301.61,0.0
665.0,France,Female,34.0,1.0,96645.54,2.0,0.0,0.0,171413.66,0.0
621.5829983756316,France,Female,32.0,2.0,0.0,1.0,1.0,0.0,136458.19,1.0
543.0,France,Female,36.0,3.0,0.0,2.0,0.0,0.0,26019.59,0.0
506.0,France,Female,34.0,4.0,90307.62,1.0,1.0,1.0,159235.29,0.0
493.0,France,Female,46.0,4.0,0.0,2.0,1.0,0.0,1907.66,0.0
652.0,Spain,Female,75.0,5.504638132853387,122540.10713602057,1.3981745473342948,1.0,1.0,114675.75,0.0
750.0,Spain,Male,22.0,3.0,121681.82,1.0,1.0,0.0,128643.35,0.0
729.0,France,Male,30.0,9.0,0.0,2.0,1.0,1.0,151869.35,0.0
646.0,France,Female,46.0,4.0,0.0,3.0,1.0,0.0,93251.42,1.0
635.0,Germany,Female,28.0,3.0,81623.67,2.0,1.0,1.0,156791.36,0.0
651.4854296519427,Spain,Male,44.0,5.0,0.0,1.7307081057243385,1.0,1.0,112217.69792044493,1.0
808.0,Germany,Male,45.0,5.061829184967458,118626.55,1.7089120373705247,1.0,0.0,147132.46,0.0
524.0,France,Female,36.0,10.0,0.0,2.0,1.0,0.0,109614.57,0.0
683.2359023121325,France,Male,29.0,8.0,0.0,2.0,1.0,1.0,172290.61,0.0
730.0,Spain,Male,42.0,4.0,0.0,2.0,0.0,1.0,85982.47,0.0
628.045237219279,Spain,Male,35.0,10.0,176273.95,1.0,0.0,1.0,121277.78,0.0
773.0,France,Male,41.0,9.0,102827.44,1.19690918019727,0.0,1.0,110966.32386301464,0.0
814.0,Germany,Male,35.09922072209099,2.594375653192837,97086.4,2.0,1.0,1.0,197276.13,0.0
710.0,Spain,Male,22.0,8.0,0.0,2.0,1.0,0.0,99645.04,0.0
413.0,France,Male,34.0,9.0,0.0,2.0,0.0,0.0,6534.18,0.0
665.0,France,Female,40.0,6.0,87251.89950207817,1.0,1.0,1.0,161848.03,0.0
623.0,France,Female,44.0,6.0,0.0,2.0,0.0,0.0,167162.43,0.0
738.0,France,Male,31.0,9.0,82674.15,1.0,1.0,0.0,41970.72,0.0
528.0,Spain,Male,36.0,7.0,0.0,2.0,1.0,0.0,60536.56,0.0
670.0,Spain,Male,65.0,3.7826029244422568,0.0,1.0,1.0,1.0,177655.68,1.0
622.0,Spain,Female,46.0,4.0,107073.27,2.0,1.0,1.0,30984.59,1.0
582.0,Germany,Male,32.0,1.0,88938.62,1.0,1.0,1.0,10054.53,0.0
785.0,Germany,Female,36.0,2.0,99806.85,1.0,0.0,1.0,36976.52,0.0
648.0748672501628,Spain,Male,36.37287358843084,5.0,95127.05128197181,1.0,0.0,0.0,71862.79,0.0
479.0,France,Male,35.0,9.0,92833.89,1.0,1.0,0.0,99449.86,1.0
685.0,Germany,Male,30.0,3.0,90536.81,1.0,0.0,1.0,63082.88,0.0
538.0,Germany,Male,39.0,7.0,108055.1,2.0,1.0,0.0,27231.26,0.0
562.0,France,Male,42.0,2.0,100238.35,1.0,0.0,0.0,86797.41,0.0
675.0,Spain,Male,36.0,9.0,106190.55,1.0,0.0,1.0,97823.01223858685,0.0
631.5786558883565,Germany,Male,28.0,9.0,124158.14091501133,2.0,0.0,1.0,101300.94,1.0
628.0,Germany,Female,30.0,9.0,115763.1622613986,2.0,1.0,1.0,74169.13,0.0
668.0,Germany,Female,37.0,6.0,167864.4,1.0,1.0,0.0,115638.29,0.0
506.0,France,Female,41.0,1.0,0.0,2.0,1.0,0.0,31766.3,0.0
524.0,Germany,Female,31.0,8.0,107818.63,1.0,1.0,0.0,199725.39,1.0
699.0,Germany,Male,36.41841322185193,4.0,113614.60285051726,2.0,1.0,0.0,120834.48,0.0
828.0,France,Male,34.0,8.0,129433.34,2.0,1.0,0.0,38131.77,0.0
674.0,Spain,Male,39.0,6.0,120193.42,1.0,0.0,0.0,100130.95,0.0
656.0,France,Female,39.0,6.0,0.0,2.0,1.0,0.0,141069.88,0.0
683.2374487686917,France,Female,48.0,10.0,111065.83035803057,1.0,1.0,1.0,198129.36,0.0
625.0,France,Female,28.0,3.0,0.0,1.0,0.0,0.0,183646.41,0.0
432.0,France,Male,42.0,5.689278792555692,152603.45,1.8659390827241609,1.0,0.0,110265.24,1.0
549.0,France,Female,52.0,1.0,0.0,1.0,0.0,1.0,8636.05,1.0
625.0,Germany,Male,56.0,0.0,148507.24,1.0,1.0,0.0,46824.08,1.0
828.0,France,Female,41.0,7.0,0.0,2.0,1.0,1.0,171378.77,0.0
770.0,France,Male,24.0,9.0,101827.07,1.0,1.0,0.0,167256.35,0.0
758.0,France,Female,36.47797332378457,3.0,0.0,2.0,1.0,1.0,124226.16,0.0
795.0,Germany,Female,33.0,9.0,130862.43,1.0,1.0,0.0,114935.21,0.0
687.0,France,Male,38.0,9.0,122570.87,1.0,1.0,1.0,99937.57704798749,0.0
686.0,France,Male,25.0,1.0,0.0,2.0,0.0,1.0,16459.37,0.0
702.7338294327525,France,Male,41.89378447155385,7.0,124828.46,1.3190199875750805,1.0,1.0,125844.68714010893,0.0
589.0,Germany,Female,50.0,5.0,144895.05,2.0,1.0,1.0,98225.03490134489,0.0
461.0,Germany,Female,34.0,5.0,63663.93,1.0,0.0,1.0,167784.28,0.0
637.0,France,Male,40.0,2.0,133463.1,1.0,1.0,1.0,93165.34,0.0
584.0,Spain,Female,48.0,2.0,213146.2,1.0,1.0,0.0,75161.25,1.0
579.0,Spain,Female,35.0,1.0,129490.36,2.0,0.0,1.0,8590.83,1.0
756.0,France,Male,44.0,10.0,106041.3786142532,1.0,1.0,0.0,189543.9,0.0
654.1234862341857,France,Male,42.00505401470996,5.3777660282532835,0.0,2.0,1.0,1.0,180427.24,0.0
682.0,France,Male,43.0,5.0,125851.93,1.0,1.0,1.0,193318.33,0.0
793.0,Spain,Male,52.0,2.0,65672.54126622679,1.065893135155686,1.0,0.0,159123.82,1.0
691.0,France,Female,31.0,5.0,40915.55,1.0,1.0,0.0,126213.84,1.0
485.0,Spain,Female,21.0,5.0,113157.22,1.0,1.0,1.0,54141.5,0.0
635.0,Spain,Female,41.65431546419842,5.207328842252456,138296.94,2.0,1.0,1.0,123722.93906933702,0.0
650.0,France,Male,37.0,5.0,106967.18,1.0,0.0,0.0,24495.03,0.0
735.0,France,Male,44.0,9.0,120681.63,1.0,1.0,0.0,74836.34,0.0
416.0,France,Male,32.0,0.0,0.0,2.0,0.0,1.0,878.87,0.0
754.0,Spain,Female,32.0,7.0,0.0,2.0,1.0,0.0,89520.75,0.0
535.0,France,Female,48.0,9.0,0.0,1.0,1.0,0.0,149892.79,1.0
716.0,Spain,Male,42.0,3.764488033012833,0.0,2.0,1.0,0.0,180800.42,0.0
539.0,France,Male,37.0,2.0,127609.59,1.0,1.0,0.0,98646.22,0.0
614.0,France,Female,43.0,6.0,0.0,2.0,1.0,1.0,109041.53,0.0
652.2494597730664,Spain,Male,57.0,7.0,0.0,1.0,1.0,0.0,17941.16,1.0
758.0,France,Female,33.0,7.0,0.0,2.0,0.0,0.0,82996.47,0.0
645.7983261227942,Spain,Female,28.0,2.0,0.0,2.0,1.0,1.0,92067.35,0.0
646.0,France,Female,73.0,6.0,97259.25,1.0,0.0,1.0,104719.66,0.0
631.0,Germany,Female,33.0,4.0,123246.7,1.0,0.0,0.0,112687.57,0.0
717.0,Spain,Female,22.0,6.0,101060.25,1.0,0.0,1.0,84699.56,0.0
684.0,France,Male,30.0,2.0,0.0,2.0,1.0,0.0,83473.82,0.0
800.0,France,Female,49.0,7.0,108007.36,1.0,0.0,0.0,47125.11,0.0
721.0,Spain,Male,36.0,2.0,0.0,2.0,1.0,1.0,106977.8,0.0
683.0,Spain,Female,42.87511765897469,0.0,133702.89,1.0,1.0,0.0,55582.54,1.0
618.3508332970919,Germany,Male,39.980900109643976,9.0,125189.75,2.0,1.0,1.0,139874.43,0.0
704.0,Germany,Male,24.0,7.0,113034.22,1.0,1.0,0.0,162503.48,1.0
615.0,Spain,Female,41.0,4.929564529757694,109013.23,1.0,1.0,1.0,196499.96,0.0
667.0,Spain,Female,39.0,2.0,0.0,2.0,1.0,0.0,40721.24,1.0
682.0,Germany,Male,24.0,9.0,57929.81,2.0,1.0,1.0,53134.3,0.0
484.0,France,Female,29.0,4.0,130114.39,1.0,1.0,0.0,164017.89,0.0
628.0,Germany,Male,27.0,5.0,95826.49,2.0,1.0,0.0,155996.96,0.0
662.7814370629012,Germany,Male,44.0,3.109933366983146,129608.57,1.0,1.0,0.0,5472.7,1.0
578.0,France,Male,30.0,4.0,169462.09,1.0,1.0,0.0,112187.11,0.0
512.0,France,Male,40.0,5.0,0.0,2.0,1.0,1.0,146457.83,0.0
484.0,Spain,Female,35.0,4.259804965161774,133868.21,1.0,1.0,1.0,27286.1,0.0
510.0,France,Female,30.0,0.0,0.0,2.0,1.0,1.0,130553.47,0.0
606.0,Germany,Male,36.0,5.0,190479.48,2.0,1.0,1.0,113067.073610856,0.0
597.0,Spain,Female,40.0,8.0,101993.12,1.0,0.0,1.0,94774.12,0.0
754.0,Germany,Female,55.0,3.0,161608.81,1.0,1.0,0.0,8080.85,1.0
850.0,Spain,Female,45.0,2.0,122311.21,1.0,1.0,1.0,19482.5,0.0
510.0,France,Male,65.0,2.0,0.0,2.0,1.0,1.0,48071.61,0.0
778.0,Germany,Female,45.0,1.0,162150.42,2.0,1.0,0.0,174531.27,0.0
636.0,France,Male,42.0,2.0,0.0,2.0,1.0,1.0,55470.78,0.0
804.0,France,Female,50.0,4.0,0.0,1.0,1.0,1.0,8546.87,1.0
514.0,France,Male,32.0,8.0,0.0,2.0,1.0,0.0,95857.18,0.0
730.0,France,Male,39.0,1.0,99010.67,1.0,1.0,0.0,194945.8,0.0
525.0,Spain,Female,37.0,0.0,0.0,1.0,0.0,1.0,131521.72,0.0
655.5353883798167,Spain,Male,30.0,5.0,0.0,2.0,0.0,1.0,196108.51,0.0
687.0,Germany,Female,34.0,7.0,111388.18,2.0,1.0,0.0,148564.76,0.0
715.0,France,Female,41.0,8.0,56214.85,2.0,0.0,0.0,92982.61,1.0
512.0,France,Female,36.0,3.0,84327.77,2.0,1.0,0.0,17675.36,0.0
479.0,France,Male,40.0,1.0,0.0,2.0,0.0,0.0,114996.43,0.0
601.0,France,Male,32.0,8.0,126602.96400917422,1.2265770532226998,1.0,0.0,86957.42,0.0
580.0,Spain,Male,29.0,9.0,61710.44,2.0,1.0,0.0,128077.8,0.0
807.0,France,Male,35.0,3.0,174790.15,1.1640859483489816,1.0,1.0,600.36,0.0
616.0,Spain,Female,42.94353657584973,6.0,0.0,1.8389732637323324,1.0,1.0,43001.46,0.0
721.0,Germany,Male,36.001466934309114,3.0,107720.64,1.0,1.0,1.0,158591.12,0.0
501.0,France,Male,57.0,10.0,0.0,2.0,1.0,1.0,47847.19,0.0
610.3224017982452,France,Male,35.0,6.0,96423.84,1.0,1.0,0.0,10488.44,0.0
850.0,Spain,Male,30.0,3.5351023661789265,141040.01,1.0,1.0,1.0,5978.2,0.0
645.8811494779553,France,Male,42.0,4.0,105420.18,1.0,0.0,1.0,121409.06,0.0
516.0,Spain,Male,50.0,5.0,0.0,1.0,1.0,1.0,146145.93,1.0
693.1016780353712,France,Female,38.0,2.0,42213.867595666416,2.0,1.0,1.0,14374.86,1.0
512.0,Spain,Male,33.0,3.0,176666.62,1.0,1.0,0.0,94670.77,0.0
550.0,France,Male,37.0,3.0,0.0,1.0,1.0,1.0,179670.31,0.0
608.0,Spain,Female,41.0,3.0,89763.84,1.0,0.0,0.0,199304.74,1.0
618.0,France,Male,34.0,5.0,134954.53,1.0,1.0,1.0,151954.39,0.0
643.0,France,Male,45.0,5.0,0.0,1.0,1.0,0.0,142513.5,0.0
671.0,France,Male,45.0,2.0,106376.85,1.0,0.0,1.0,158264.62,0.0
689.0,Germany,Male,33.0,2.0,161814.64,2.0,1.0,0.0,169381.9,0.0
603.0,France,Male,31.0,8.0,0.0,2.0,1.0,1.0,169915.02,0.0
620.0,France,Female,41.0,9.0,0.0,2.0,0.0,0.0,88852.47,0.0
676.0,France,Female,34.0,1.0,63095.01,1.0,1.0,1.0,40645.81,0.0
572.0,Germany,Male,26.0,4.0,118287.01,2.0,0.0,0.0,60427.3,0.0
639.1683165290689,France,Male,47.0,5.444361024078565,82199.82953919774,1.9690300476696108,0.0,1.0,157959.02,1.0
695.0,France,Male,46.0,7.0,49512.55,1.0,1.0,0.0,133007.34,0.0
637.5781266222725,Spain,Female,34.85030157882107,9.0,0.0,2.0,1.0,0.0,176576.62,0.0
807.0,France,Female,43.0,1.0,105799.32,2.0,1.0,0.0,34888.04,1.0
592.0,France,Male,54.0,8.0,0.0,1.0,1.0,1.0,28737.71,1.0
726.0,France,Female,31.0,9.0,114722.05,2.0,1.0,1.0,98178.57,0.0
514.0,Spain,Male,30.0,7.0,0.0,1.0,0.0,1.0,125010.24,0.0
567.0,France,Male,42.0,2.0,0.0,2.0,1.0,1.0,167984.61,0.0
850.0,France,Male,33.0,10.0,0.0,1.648863766735347,1.0,0.0,4861.72,1.0
671.0,Germany,Male,45.0,6.0,99564.22,1.6429212510036488,1.0,1.0,123247.1684748928,1.0
670.0,France,Male,38.945825486085425,4.0,170557.91,2.0,1.0,0.0,198252.88,0.0
694.0,France,Female,30.0,9.0,0.0,2.0,1.0,1.0,26960.31,0.0
547.0,Germany,Male,39.0,6.0,74596.15,3.0,1.0,1.0,85746.52,1.0
751.0,Germany,Male,50.0,2.0,96888.39,1.0,1.0,0.0,86423.8735805798,1.0
594.0,Germany,Female,29.0,3.0,130830.22,1.0,1.0,0.0,61048.53,0.0
673.0,France,Male,72.0,1.0,0.0,2.0,0.0,1.0,111981.19,0.0
610.0,France,Male,40.0,0.0,0.0,2.0,1.0,0.0,62232.6,0.0
512.0,France,Female,37.0,1.0,0.0,2.0,0.0,1.0,156105.03,0.0
767.0,Germany,Male,20.0,3.0,119714.25,2.0,0.0,1.0,150135.38,0.0
585.0,France,Female,67.0,5.0,113978.97,2.0,1.0,1.0,93146.11,0.0
763.0,Germany,Male,42.0,6.0,100160.75,1.0,1.0,0.0,33462.94,1.0
712.0,France,Female,29.0,2.0,0.0,1.0,1.0,1.0,96421.57152174464,0.0
539.0,Germany,Female,43.0,3.0,121601.47369903285,3.0,1.0,0.0,55803.96,1.0
668.0,France,Female,46.0,2.0,59735.04678485295,3.0,1.0,0.0,89048.46,1.0
703.0,France,Male,28.0,2.0,81173.83,2.0,0.0,1.0,162812.16,0.0
662.0,Spain,Male,35.53727391103234,4.0,44838.94952419871,2.0,1.0,0.0,136259.65,0.0
725.0,Germany,Female,39.0,5.0,116803.8,1.0,1.0,0.0,124052.97,0.0
703.0,France,Male,39.363812750315915,8.0,105961.68,2.0,0.0,1.0,74158.8,0.0
659.0,France,Male,42.748480744706725,5.463894013488228,117411.6,1.0,1.0,1.0,45071.09,0.0
523.0,Spain,Male,34.0,7.0,0.0,2.0,1.0,0.0,92082.87043765285,0.0
635.0,France,Female,40.0,10.0,123497.58,1.567409334333522,1.0,0.0,120518.0640728847,1.0
772.0,Germany,Male,26.0,5.027356731552546,152400.51,2.0,1.0,0.0,79414.0,0.0
662.2197638883279,France,Female,26.0,1.0,0.0,2.0,1.0,1.0,199638.56,0.0
634.0,Germany,Male,34.710623968746795,8.0,103097.85,1.0,1.0,1.0,157577.29,0.0
739.0,Germany,Male,54.0,8.0,126418.14,1.0,1.0,0.0,134420.75,1.0
771.0,Germany,Female,36.0,5.0,77846.9,1.0,0.0,0.0,99805.99,0.0
587.0,Spain,Female,38.725162199497795,1.0,0.0,2.0,1.0,1.0,97932.68,0.0
665.1241565614125,France,Female,79.0,0.0,0.0,2.0,0.0,1.0,170968.99,0.0
544.0,Germany,Male,37.0,2.0,79731.91,1.0,1.0,1.0,57558.95,0.0
696.0,Spain,Male,28.0,8.0,0.0,1.849032091278915,1.0,0.0,176713.47,0.0
766.0,Spain,Male,41.0,0.0,0.0,2.0,0.0,1.0,98978.11631356382,0.0
727.0,France,Male,34.0,10.0,38628.89785648994,2.0,1.0,1.0,198637.34,0.0
644.6764165852414,Germany,Female,34.0,6.0,37266.67,2.0,0.0,0.0,156917.12,0.0
693.0,France,Female,30.0,6.0,127992.25,1.0,1.0,1.0,50457.2,0.0
850.0,Germany,Male,38.82701156746813,3.0,54901.01,1.7941846736020217,1.0,1.0,140075.55,0.0
732.0,France,Male,42.0,9.0,123253.45536322023,1.216051496201038,1.0,1.0,65323.11,0.0
726.0,Spain,Female,48.0,6.0,99906.19,1.0,1.0,0.0,64323.24,0.0
557.0,France,Female,32.0,6.0,184686.41,2.0,1.0,0.0,14956.44,0.0
682.0,France,Female,26.0,0.0,110654.02,1.2789669903306746,0.0,1.0,111879.21,0.0
738.0,France,Male,31.0,9.0,79019.8,1.0,1.0,0.0,18606.23,0.0
531.0,Spain,Female,36.0,9.0,78621.1195953182,1.0,1.0,0.0,123137.01,0.0
498.0,France,Male,34.0,2.0,0.0,2.0,1.0,1.0,148528.24,0.0
651.0,France,Male,36.0,7.0,0.0,2.0,1.0,0.0,13898.31,0.0
549.0,Spain,Female,39.0,7.0,0.0,1.0,1.0,0.0,81259.25,1.0
791.0,Germany,Female,35.0,7.0,52436.2,1.0,1.0,0.0,161051.75,0.0
650.0,Spain,Male,40.73544333394567,9.0,31480.071353382355,2.0,0.0,1.0,191599.67,0.0
733.0,Germany,Male,43.08149301422687,3.0,117102.88556967357,3.0,1.0,0.0,48559.19,1.0
811.0,Germany,Female,34.0,1.0,149297.19,2.0,1.0,1.0,186339.74,0.0
707.0,France,Male,30.0,8.0,0.0,2.0,1.0,0.0,33159.37,0.0
712.0,France,Male,28.0,4.0,145605.44,1.0,0.0,1.0,93883.53,0.0
706.0,Spain,Female,37.0,7.0,0.0,2.0,1.0,1.0,110899.3,0.0
756.0,France,Female,62.0,3.0,0.0,1.0,1.0,1.0,11199.04,1.0
777.0,France,Female,53.0,10.0,0.0,2.0,1.0,0.0,94389.1084163831,0.0
646.0,France,Male,35.0,6.0,84026.86,1.2312986254791456,0.0,1.0,164255.69,0.0
714.0,France,Male,46.0,1.0,0.0,1.0,1.0,0.0,152167.79,1.0
782.0,France,Male,39.0,8.0,0.0,2.0,1.0,1.0,33949.67,0.0
775.0,Spain,Male,51.14836166674135,10.0,119199.90049374016,1.151782589395893,1.0,1.0,68143.93,0.0
479.0,Germany,Male,35.0,4.0,138718.92,1.0,1.0,1.0,85754.960719032,1.0
807.0,France,Male,42.0,7.0,102589.36092487931,1.0,1.0,1.0,101034.77672430061,0.0
799.0,France,Female,22.0,8.0,174185.98,2.0,0.0,1.0,192633.85,0.0
675.0,France,Male,40.0,7.0,113208.86,2.0,1.0,0.0,34577.36,0.0
602.0,Spain,Male,29.0,5.0,103907.28,1.2381334632916081,1.0,0.0,161229.84,0.0
475.0,France,Female,32.0,8.0,119023.28,1.0,1.0,0.0,100816.29,0.0
744.0,Spain,Male,26.0,5.0,166297.89,1.0,1.0,1.0,181694.44,0.0
588.0,Spain,Male,34.0,10.0,0.0,2.0,1.0,0.0,79078.91,0.0
703.0,Germany,Male,42.0,9.0,63227.0,1.0,0.0,1.0,137316.32,0.0
747.0,Spain,Male,41.0,3.536871702272507,94521.17,2.0,1.0,0.0,194926.86,0.0
583.0,France,Male,27.0,7.0,0.0,1.8774484766734572,1.0,0.0,51285.49,0.0
619.774737283668,Spain,Female,34.0,9.0,112822.26,1.430589507634449,1.0,0.0,150401.53,1.0
681.0,France,Male,38.0,3.0,0.0,2.0,1.0,1.0,92425.86035689614,0.0
773.0,France,Male,25.0,2.0,135903.33,1.0,1.0,0.0,73656.38,0.0
714.0,France,Female,31.0,4.0,125169.26,1.0,1.0,1.0,106636.89,0.0
687.0,France,Male,46.648671344096094,7.0,85361.39280493456,3.0,1.0,0.0,155853.52,1.0
511.0,France,Male,58.0,0.0,149117.31,1.0,1.0,1.0,162599.51,0.0
627.0,France,Male,33.0,5.0,0.0,2.0,1.0,1.0,103737.82,0.0
694.0,France,Female,31.0,10.0,0.0,2.0,1.0,0.0,160990.27,0.0
616.0,Spain,Female,36.0,6.0,132311.71,1.0,0.0,0.0,15462.84,0.0
687.0,France,Male,36.8301362308467,6.368273350540276,0.0,2.0,1.0,0.0,10334.05,0.0
712.0,France,Female,33.0,6.0,0.0,2.0,1.0,1.0,190686.16,0.0
553.0,France,Male,33.0,4.0,118082.89,1.0,0.0,0.0,94440.45,0.0
667.0,France,Male,38.073464844054,1.0,119266.69,1.0,1.0,1.0,28257.63,0.0
731.0,France,Male,43.0,2.0,0.0,1.0,1.0,1.0,170034.95,1.0
629.0,Germany,Male,34.22088711646238,7.0,156847.29,2.0,1.0,0.0,31824.29,0.0
614.0,France,Male,50.0,4.0,137104.47,1.3241618133839195,1.0,0.0,127166.49,1.0
438.0,Germany,Male,31.0,8.0,78398.69,1.0,1.0,0.0,44937.01,0.0
652.0,France,Female,80.0,4.0,0.0,2.0,1.0,1.0,102349.34093499332,0.0
729.0,Germany,Male,30.0,6.0,63669.42,1.0,1.0,0.0,93734.68069626868,0.0
642.0,France,Male,36.24987402629177,3.0,0.0,2.0,0.0,0.0,171463.83,0.0
806.0,Germany,Female,59.0,0.0,135296.33,1.0,1.0,0.0,182822.5,0.0
744.0,Spain,Male,36.0,5.409171895118119,153804.44,1.0,1.0,1.0,97599.5574245692,0.0
474.0,Spain,Male,37.0,3.0,0.0,2.0,0.0,0.0,57175.32,0.0
660.195504508006,France,Male,49.0,5.890144137863561,147069.78,1.0,1.0,0.0,120540.83,1.0
706.0,France,Male,35.940200733601195,9.0,0.0,2.0,1.0,1.0,28714.34,0.0
628.0,Spain,Female,22.0,3.0,0.0,1.0,1.0,0.0,85426.28,0.0
429.0,France,Male,24.0,4.0,95741.75,1.0,1.0,0.0,46170.75,0.0
525.0,Spain,Female,57.0,2.0,145965.33,1.0,1.0,1.0,64448.36,0.0
680.0,France,Female,30.0,8.0,141441.75,1.0,1.0,1.0,84750.59058209595,0.0
749.0,France,Male,40.0,1.0,81938.89630320885,1.3059219360698133,1.0,0.0,182855.42,1.0
763.0,France,Female,31.0,4.0,0.0,2.0,0.0,0.0,50404.72,0.0
734.0,France,Male,30.0,3.0,0.0,2.0,1.0,0.0,107640.25,0.0
716.0,France,Male,35.0,4.0,144428.87,1.0,1.0,0.0,134132.65,0.0
594.0,France,Male,35.0,2.0,0.0,2.0,1.0,0.0,103480.69,0.0
644.0,France,Female,46.0,9.0,95441.27,1.0,1.0,0.0,108761.05,1.0
659.5228328842544,Germany,Male,35.012327659233094,1.0,144848.74,1.0,1.0,1.0,179012.3,0.0
655.6482313192224,Germany,Male,26.0,7.0,116244.14,2.0,1.0,1.0,95145.14,0.0
656.0,France,Male,50.0,7.0,0.0,2.0,0.0,1.0,72143.44,0.0
667.0,Spain,Female,40.0,1.0,146502.07,1.0774207212026599,1.0,0.0,19162.89,0.0
663.0,Germany,Male,44.0,2.0,117028.6,2.0,1.0,1.0,144680.18,0.0
584.0,Germany,Female,30.0,8.0,112013.81,1.4219727918025182,1.0,0.0,177772.03,1.0
626.0,Spain,Female,37.0,6.0,108269.37,1.0,1.0,1.0,5597.94,0.0
695.4941914220391,France,Male,29.0,7.0,182123.79,1.279895396341077,1.0,0.0,116828.51,1.0
659.0,Germany,Female,32.0,3.0,150923.74,2.0,0.0,1.0,174652.51,0.0
649.0,France,Male,33.0,2.0,0.0,2.0,1.0,0.0,2010.98,0.0
805.0,Spain,Female,39.0,5.0,165272.13,1.0,1.0,0.0,14109.85,1.0
716.0,Germany,Female,39.0,10.0,115301.31,1.0,1.0,0.0,43527.4,1.0
642.0,France,Female,40.0,6.0,129502.49,2.0,0.0,1.0,86099.23,1.0
659.0,France,Male,31.0,4.0,118342.26,1.0,0.0,0.0,161574.19,0.0
545.0,Spain,Female,47.0,5.0,0.0,2.0,1.0,1.0,38970.14,0.0
543.0,France,Male,22.0,8.0,0.0,2.0,0.0,0.0,127587.22,0.0
718.0,France,Female,25.0,7.0,0.0,2.0,1.0,0.0,30380.12,0.0
840.0,France,Male,32.13030170306777,7.0,0.0,2.0,1.0,0.0,90908.95,0.0
640.0890250154339,Germany,Female,34.0,9.0,106937.05,2.0,1.0,0.0,103287.0252379758,0.0
643.0,Germany,Male,59.0,4.5024037236544014,170331.37,1.0,1.0,1.0,32171.79,0.0
654.0,Germany,Female,32.0,1.0,114510.85,1.5026192471893762,1.0,1.0,126143.23,0.0
582.0,France,Male,39.0,5.0,0.0,2.0,1.0,1.0,129892.93,0.0
672.7764100407824,Spain,Male,32.0,3.0,107594.11,2.0,1.0,1.0,102416.84,0.0
762.0,Spain,Male,39.0,2.0,81273.13,1.0,1.0,1.0,18719.67,0.0
568.0,France,Female,32.0,7.0,169399.6,1.2853238921098613,1.0,0.0,61936.22,0.0
670.0,Spain,Male,25.0,6.0,0.0,1.7490519047233646,1.0,1.0,78358.94,0.0
613.0,France,Female,41.81108371239736,1.0,187841.99,2.0,1.0,1.0,147224.27,0.0
539.0,France,Male,30.0,0.0,0.0,2.0,1.0,0.0,160979.66,0.0
850.0,Spain,Male,57.0,8.0,126776.3,2.0,1.0,1.0,132298.49,0.0
622.7848052865907,Spain,Male,44.832387507271385,9.0,126436.29,1.0,1.0,0.0,174248.52,1.0
737.0,France,Male,41.0,1.0,89940.03443066294,1.0,1.0,1.0,123547.28,0.0
520.0,France,Male,58.0,3.0,0.0,2.0,0.0,1.0,32790.02,0.0
706.0,Spain,Male,28.0,3.0,0.0,2.0,0.0,0.0,181543.67,0.0
643.0,Germany,Female,45.0,2.0,150842.93,1.0,1.0,1.0,2319.96,1.0
682.1616613249888,France,Female,50.0,9.0,102535.57,1.0,1.0,1.0,189543.19,0.0
443.0,Germany,Female,29.0,9.0,99027.61,1.4719324241213676,1.0,0.0,10940.4,0.0
640.0,France,Male,68.0,9.0,41280.92822177225,2.0,1.0,1.0,119886.53298933264,0.0
628.0,Spain,Male,33.0,3.0,0.0,1.0,1.0,1.0,188193.25,0.0
540.0,Germany,Male,42.0,9.0,87271.41,2.0,1.0,0.0,172572.64,0.0
685.6938505224647,Germany,Female,35.0,5.550586988741371,102742.91,1.4523903269791754,1.0,1.0,189339.6,0.0
636.0,Germany,Male,34.0,2.0,40105.51,2.0,0.0,1.0,53512.16,0.0
593.0,France,Female,29.0,2.0,152265.43,1.0,1.0,0.0,34004.44,0.0
801.0,Spain,Male,42.0,4.0,141947.67,1.0,1.0,1.0,85057.69507152784,0.0
640.0,Germany,Female,75.0,3.9089424322727,106307.91,2.0,0.0,1.0,113428.77,0.0
611.0,Germany,Male,31.0,5.339850578914124,117319.29552781617,2.0,1.0,1.0,183487.98,0.0
802.0,Germany,Male,31.0,1.0,125013.72,1.0,1.0,1.0,187658.09,0.0
640.6746101411702,Germany,Male,35.0,5.071622185096743,58469.37,2.0,1.0,1.0,172459.39,0.0
769.0,France,Female,39.0,8.0,0.0,1.0,0.0,1.0,21016.0,0.0
607.0216394497189,Germany,Male,42.62401587614472,10.0,122403.7554767761,1.768976842690912,1.0,1.0,122381.02,0.0
572.0,Spain,Male,35.0,4.0,152390.26,1.0,1.0,0.0,128123.66,0.0
629.0,Spain,Female,30.0,2.0,34013.63,1.0,1.0,0.0,19570.63,0.0
687.0,Spain,Female,39.0,3.503136780702077,0.0,3.0,0.0,0.0,188150.6,1.0
659.5476022808217,France,Female,50.0,9.0,0.0,2.0,1.0,1.0,111020.24,0.0
690.0,France,Male,36.0,7.0,101583.11,2.0,1.0,0.0,123775.15,0.0
492.0,Germany,Male,30.0,10.0,77168.87,2.0,0.0,1.0,146700.22,0.0
709.0,Germany,Male,28.0,8.0,124695.72,2.0,1.0,0.0,145251.35,0.0
705.0,Germany,Male,44.0,3.0,105934.96,1.0,1.0,0.0,82463.69,0.0
560.0,France,Female,66.0,9.0,0.0,1.0,1.0,1.0,15928.49,0.0
611.0,Spain,Male,46.0,6.0,127486.28699322259,1.3093358413824967,1.0,0.0,45886.33,0.0
730.0,Spain,Male,62.0,5.4328400154987255,121300.68430906793,1.1392841940294476,1.0,1.0,186489.95,0.0
628.2496592901323,Spain,Female,45.0,2.0,0.0,2.0,0.0,1.0,162922.65,0.0
544.0,France,Female,21.0,10.0,161525.96,2.0,1.0,0.0,9262.77,0.0
712.0,Germany,Male,29.0,7.0,147199.07,1.0,1.0,1.0,84932.4,0.0
752.0,Germany,Male,38.0,3.0,183102.29,1.0,1.0,1.0,55684.89854254657,0.0
733.3108612683727,Spain,Male,46.0,9.0,118677.99911341572,1.1919139631408575,1.0,1.0,77405.95,0.0
556.0,Spain,Male,38.0,8.0,0.0,2.0,0.0,0.0,417.41,1.0
594.0,Spain,Female,24.0,0.0,97378.54,1.0,1.0,1.0,71405.17,0.0
645.0,Germany,Female,37.0,2.0,136925.09,2.0,0.0,1.0,153400.24,0.0
557.0,France,Male,33.0,3.0,54503.55,1.0,1.0,1.0,371.05,0.0
547.0,Germany,Male,32.0,8.0,155726.85,1.0,1.0,0.0,67789.99,0.0
701.0,France,Female,39.0,9.0,0.0,2.0,0.0,1.0,145894.9,0.0
623.1860293827674,France,Male,66.0,5.182617038057593,64220.78023702824,1.7392166923729597,1.0,0.0,183840.51,1.0
605.0,France,Male,52.0,1.0,63349.75,1.0,1.0,0.0,108887.44,0.0
593.0,France,Female,38.0,4.0,129499.42,1.0,1.0,1.0,154071.27,0.0
612.8964865182315,Spain,Male,52.0,8.0,27416.57921148813,2.0,1.0,1.0,179291.85,0.0
443.0,Spain,Male,36.0,6.0,70438.01,2.0,0.0,1.0,56937.43,0.0
685.0,France,Male,23.0,8.0,0.0,2.0,1.0,1.0,112239.03,0.0
718.0,France,Male,36.0,9.0,0.0,1.0,1.0,0.0,45909.87,0.0
538.0,Spain,Female,49.0,9.0,141434.04,1.0,1.0,0.0,173779.25,1.0
611.0,Spain,Female,37.0,4.0,0.0,2.0,1.0,0.0,103720.30477518939,0.0
626.8820641454031,Germany,Male,37.0,10.0,152958.29,2.0,1.0,1.0,108932.38682439605,0.0
537.0,Germany,Female,41.0,3.0,138306.34,1.0,1.0,0.0,106761.47,0.0
709.0,Spain,Male,23.0,10.0,0.0,2.0,1.0,0.0,129590.18,0.0
850.0,France,Male,38.0,1.0,0.0,2.0,1.0,1.0,101244.26158656985,0.0
745.0,Spain,Female,31.0,3.0,124328.84,1.0,1.0,1.0,140451.52,0.0
658.145494858569,France,Male,40.06552227436975,9.0,27845.138215604333,3.0,1.0,1.0,131821.6305769749,0.0
795.0,Spain,Male,35.0,8.0,0.0,2.0,1.0,0.0,85214.25277702839,0.0
632.7037753519788,Spain,Male,26.0,8.0,0.0,2.0,0.0,0.0,191420.71,0.0
487.0,Germany,Female,61.0,5.0,110368.03,1.0,0.0,0.0,11384.45,1.0
556.0,France,Male,39.0,9.0,89588.35,1.0,1.0,0.0,94898.1,0.0
643.0,France,Female,46.0,6.0,0.0,2.0,0.0,0.0,106781.59,0.0
605.0,France,Female,28.0,6.0,0.0,2.0,0.0,0.0,159508.52,0.0
634.1220505158713,Germany,Female,60.0,3.0,115924.89,1.0,1.0,0.0,93524.19,1.0
586.0,France,Female,38.0,2.0,0.0,2.0,1.0,0.0,87168.46,0.0
535.0,Germany,Male,40.0,7.0,111756.5,1.0,1.0,0.0,8128.32,1.0
678.0,France,Female,35.0,4.0,0.0,1.0,1.0,0.0,125518.32,0.0
596.0,France,Male,39.0,9.0,0.0,1.0,1.0,0.0,48963.59,0.0
648.0,France,Male,26.0,9.0,162923.85,1.0,1.0,0.0,98368.24,0.0
492.0,Germany,Male,39.0,10.0,124576.65,2.0,1.0,1.0,148584.61,0.0
702.0,France,Male,45.0,0.0,80793.58,1.0,1.0,1.0,27474.81,0.0
486.0,Germany,Female,40.0,9.0,71340.09,1.0,1.0,0.0,88014.84612569123,0.0
568.0,Germany,Male,40.0,1.0,99282.63,1.0,0.0,0.0,134600.94,1.0
619.0,Germany,Male,57.0,5.4971017891082585,137946.39,1.7158842650445048,1.0,1.0,143807.68025611463,1.0
724.0,Germany,Male,41.0,2.0,127892.57,2.0,1.0,1.0,199645.45,0.0
548.0,Germany,Female,33.0,0.0,101084.36,1.0,1.0,0.0,42749.85,0.0
545.0,Germany,Female,37.0,8.0,114754.08,1.0,1.0,0.0,136050.44,1.0
683.0,France,Male,33.0,8.0,0.0,1.0,0.0,0.0,73564.44,0.0
762.0,France,Female,51.0,3.0,99286.98,1.0,0.0,1.0,85578.63,0.0
627.0,Germany,Female,30.0,4.0,79871.02,2.0,1.0,0.0,129826.89,0.0
516.0,France,Male,35.0,10.0,104088.59,2.0,0.0,0.0,119666.0,0.0
800.0,France,Female,38.0,2.0,168190.33,1.4982972946351625,1.0,0.0,68052.08,0.0
464.0,Germany,Female,42.0,3.0,85679.25,1.0,1.0,1.0,164104.74,0.0
626.0,France,Female,35.0,3.0,0.0,1.0,0.0,0.0,80190.36,0.0
790.0,France,Female,31.0,9.0,0.0,2.0,1.0,0.0,84126.75,0.0
534.0,France,Male,34.0,7.0,121551.58,2.0,1.0,1.0,70179.0,0.0
745.0,France,Male,46.0,2.0,122220.19,1.0,1.0,1.0,118024.1,0.0
553.0,Spain,Male,47.0,3.0,69783.28487694169,1.0,0.0,0.0,145704.19,1.0
748.0,France,Female,26.0,1.0,77780.29,1.0,0.0,1.0,183049.41,0.0
722.0,France,Male,37.0,2.0,0.0,1.0,0.0,0.0,120906.83,0.0
501.0,France,Male,40.0,4.0,125832.2,1.0,1.0,1.0,100433.83,0.0
675.0,France,Female,38.0,6.0,68065.8,1.0,0.0,0.0,138777.0,1.0
778.0,France,Male,47.0,6.052546027122847,127299.34,1.207534458286691,1.0,0.0,124694.99,0.0
494.0,Germany,Female,38.0,7.0,174937.64,1.0,1.0,0.0,40084.32,0.0
850.0,France,Male,36.96740768625362,9.0,0.0,2.0,1.0,1.0,119232.33,0.0
592.0,Spain,Male,31.0,7.0,110071.1,1.0,0.0,0.0,43921.36,0.0
590.0,Spain,Female,44.0,3.0,139432.37,1.0,1.0,0.0,62222.81,0.0
758.0,France,Female,39.0,6.0,127357.76,1.0,0.0,1.0,56577.0,0.0
506.0,France,Male,36.0,5.0,0.0,2.0,1.0,0.0,164253.35,0.0
733.0,France,Male,38.53857822037279,3.0,0.0,1.0,1.0,1.0,7666.73,0.0
711.0,France,Male,38.0,3.0,0.0,2.0,1.0,0.0,68487.51,0.0
514.0,Germany,Male,40.29609221047175,1.0,95556.31,1.0,0.0,1.0,199273.98,1.0
637.0,Spain,Male,37.0,8.0,0.0,1.0,1.0,1.0,186062.36,0.0
468.0,Germany,Male,29.0,6.341698804745054,111681.98,2.0,1.0,1.0,195711.16,0.0
539.0,France,Male,39.0,3.0,0.0,2.0,1.0,0.0,36692.17,0.0
509.0,Spain,Female,25.0,3.0,108738.71,2.0,1.0,0.0,106920.57,0.0
662.0,France,Female,32.0,4.0,133950.37,1.0,1.0,1.0,48725.68,1.0
818.0,Spain,Male,26.0,4.850208521133188,0.0,2.0,1.0,1.0,167036.94,0.0
608.0,France,Male,33.0,9.0,89968.69,1.0,1.0,0.0,68777.26,0.0
850.0,Spain,Female,32.0,9.0,123792.820840455,1.1863099423684385,1.0,1.0,103696.80023142956,0.0
816.0,Germany,Female,38.0,5.0,130878.75,3.0,1.0,0.0,71905.77,1.0
536.0,France,Male,35.292947499402935,8.0,0.0,2.0,1.0,0.0,64833.28,0.0
753.0,France,Male,35.0,3.0,0.0,2.0,1.0,0.0,184843.77,0.0
647.5151506541655,France,Male,39.16406867979853,5.204048308799063,134169.62,1.0,1.0,1.0,176730.02,0.0
703.0,France,Male,37.0,1.0,149762.08,1.0,1.0,0.0,20629.4,1.0
774.0,France,Male,26.0,2.0,93844.69,1.0,1.0,0.0,28415.36,0.0
785.0,France,Male,28.0,8.0,25779.40707929017,2.0,1.0,0.0,105013.33445545164,0.0
571.0,France,Female,33.0,1.0,0.0,2.0,1.0,0.0,102750.7,0.0
633.7910821243609,Germany,Male,46.0,6.0,141078.37,1.0,0.0,0.0,34580.8,1.0
605.0,Germany,Female,31.0,1.0,117992.59,1.0,1.0,1.0,183598.77,0.0
611.0,France,Female,40.0,5.199175658245962,100812.33,2.0,1.0,0.0,147358.27,0.0
569.0,France,Male,38.0,7.0,0.0,1.0,1.0,1.0,89457.02038439647,0.0
658.0,France,Male,29.0,4.0,80262.6,1.0,1.0,1.0,20612.82,0.0
788.0,Spain,Male,53.47538517300355,7.006507660544228,112819.51535371719,1.141012148887562,1.0,1.0,90379.76425551933,0.0
525.0,France,Female,23.0,5.0,0.0,2.0,1.0,0.0,160249.1,0.0
798.0,France,Male,43.53232606094484,8.0,0.0,1.8507595956580079,0.0,1.0,110783.28,0.0
486.0,Germany,Male,32.10816509868251,9.0,115217.99,2.0,1.0,0.0,144995.33,0.0
615.0,France,Male,61.0,9.0,25340.65964941482,2.0,1.0,1.0,150227.85,0.0
730.0,France,Female,35.0,0.0,155470.55,1.0,1.0,1.0,53718.28,0.0
641.0,France,Male,37.0,7.0,0.0,2.0,1.0,0.0,75248.3,0.0
542.0,France,Male,39.0,3.0,135096.77,1.0,1.0,1.0,14353.43,1.0
692.0,France,Male,30.0,2.0,0.0,2.0,0.0,1.0,130486.57,0.0
714.0,Germany,Female,55.0,9.0,180075.22,1.0,1.0,1.0,100127.71,0.0
591.0,Spain,Male,29.0,1.0,97541.24,1.0,1.0,1.0,196356.17,0.0
710.0,France,Female,41.0,2.0,156067.05,1.0,1.0,1.0,9983.88,0.0
639.0,France,Female,38.0,4.0,81550.94,2.0,0.0,1.0,118974.77,0.0
531.0,France,Female,47.0,6.0,0.0,1.0,0.0,0.0,194998.34,1.0
673.0,France,Female,38.0,2.0,170061.92,2.0,0.0,0.0,134901.34,1.0
656.9362610418134,Germany,Male,38.35124922103861,8.0,92310.54,2.0,1.0,1.0,72924.56,0.0
622.0,France,Female,32.0,6.0,169089.38,2.0,1.0,0.0,101057.95,0.0
806.0,France,Male,40.0,5.0,80613.93,1.0,1.0,1.0,142838.64,0.0
757.0,Germany,Male,26.0,8.0,121581.56,2.0,1.0,1.0,127059.04,0.0
570.0,France,Female,58.0,8.0,88606.31225090438,1.0,0.0,1.0,116503.92,1.0
555.0,Spain,Male,32.0,4.0,0.0,2.0,1.0,1.0,54405.79,0.0
692.0,France,Male,54.0,5.0,0.0,1.8588483345504943,1.0,1.0,88721.84,0.0
774.0,France,Male,60.0,5.0,85891.55,1.0732434696162125,1.0,0.0,74135.48,1.0
638.0,Spain,Male,44.0,9.0,77637.35,2.0,1.0,1.0,111346.22,0.0
543.0,Spain,Female,41.0,4.0,0.0,1.0,0.0,0.0,194902.16,0.0
584.0,France,Male,31.0,5.0,0.0,2.0,1.0,0.0,31474.27,0.0
691.0,Germany,Male,30.0,7.0,116927.89,1.0,1.0,0.0,21198.39,0.0
636.7103894084676,Germany,Female,40.0,6.0,137326.65,1.0,1.0,0.0,186976.6,0.0
733.0,France,Male,22.0,5.0,0.0,2.0,1.0,0.0,117202.19,0.0
599.0,Spain,Female,37.0,2.0,0.0,2.0,1.0,1.0,143739.29,0.0
524.0,Germany,Female,32.93770665156152,10.0,67238.98,2.0,1.0,0.0,161811.23,0.0
632.0,Germany,Female,38.0,6.0,86569.76,2.0,1.0,0.0,98090.91,0.0
735.0,Spain,Male,34.0,5.0,0.0,2.0,0.0,0.0,71095.41,0.0
734.0,France,Male,34.0,6.0,133598.4,1.0,1.0,1.0,13107.24,0.0
605.0,Germany,Female,51.0,3.0,136188.78,1.0,1.0,1.0,67110.59,1.0
661.559742797369,Spain,Male,38.0,9.0,0.0,2.0,1.0,0.0,86841.35447272552,0.0
468.0,France,Female,56.0,10.0,44486.607463475564,3.0,0.0,1.0,62256.87,1.0
779.0,Germany,Male,37.0,4.870955567134974,120092.52,2.0,1.0,0.0,135925.72,0.0
698.0,France,Male,48.0,4.0,101238.24,2.0,0.0,1.0,177815.87,1.0
707.0,France,Male,58.0,6.0,89685.92,1.0,1.0,1.0,126471.13,0.0
850.0,France,Female,35.0,1.0,211774.31,1.0,1.0,0.0,188574.12,0.0
850.0,France,Male,56.0,7.0,131317.48,1.0,1.0,1.0,119175.45,0.0
527.0,Spain,Male,37.0,5.0,93722.73,2.0,1.0,1.0,105344.10439845113,0.0
662.8653740966246,Germany,Male,32.0,8.0,101160.99,1.0,1.0,1.0,94056.45943375911,0.0
661.0,France,Male,48.0,3.0,120320.54,1.2481993868420025,0.0,0.0,96463.25,0.0
776.0,France,Female,31.0,2.0,0.0,2.0,1.0,1.0,112349.51,0.0
701.0,France,Male,43.0,2.0,0.0,2.0,1.0,1.0,94339.70074557529,0.0
610.0,France,Male,26.0,8.0,0.0,2.0,1.0,0.0,110899.01662685903,0.0
572.0,Germany,Female,48.0,3.0,152827.99,1.0,1.0,0.0,38411.79,1.0
673.0,France,Male,30.0,1.0,64097.75,1.0,1.0,1.0,77783.35,0.0
519.0,Spain,Female,57.0,4.975017291531948,119035.35,2.0,1.0,1.0,100544.8082241936,0.0
702.0,Spain,Female,26.0,4.0,135219.57,1.0,0.0,1.0,59747.63,0.0
729.0,France,Male,32.0,6.0,93694.42,1.0,1.0,1.0,79919.13,0.0
543.0,Spain,Male,35.0,10.0,59408.63,1.0,1.0,0.0,76773.53,0.0
550.0,France,Female,40.0,7.0,114354.95,1.0,1.0,0.0,54018.93,0.0
608.0,France,Male,59.0,1.0,0.0,1.0,1.0,0.0,70649.64,1.0
639.0,Germany,Female,35.0,10.0,128173.9,2.0,1.0,0.0,103153.50180415442,0.0
674.1980303868119,Spain,Male,34.0,9.0,0.0,2.0,1.0,1.0,86396.70596515984,0.0
645.224042999098,Germany,Male,62.0,5.0,114931.35,3.0,0.0,1.0,18260.98,1.0
745.0,Germany,Female,28.0,1.0,111071.36,1.0,1.0,0.0,73275.96,1.0
638.3948125498067,Germany,Male,41.68546224468329,6.406827860391783,130303.24329431416,1.83163916331345,1.0,1.0,136129.49,0.0
622.0,France,Male,26.0,9.0,15482.781814185575,2.0,1.0,1.0,153237.59,0.0
597.0,France,Female,42.0,5.076329857174075,89329.52745589588,1.0,1.0,1.0,106841.12,0.0
721.0,Spain,Male,51.0,4.5249235137802915,169312.13,1.0,1.0,0.0,109078.35,1.0
504.0,France,Female,49.0,7.0,0.0,3.0,0.0,1.0,87822.14,1.0
842.0,Spain,Female,44.0,5.2359923286721815,112652.08,2.0,1.0,1.0,126644.98,0.0
587.0,France,Male,38.0,0.0,0.0,2.0,1.0,0.0,47414.15,0.0
479.0,Germany,Female,30.0,7.0,143964.36,2.0,1.0,0.0,41879.99,0.0
637.0766466653643,France,Male,49.0,7.0,122451.46,2.0,1.0,1.0,75808.1,0.0
749.0,France,Male,24.0,1.0,0.0,3.0,1.0,1.0,47911.03,0.0
721.0,Germany,Female,36.0,3.0,65253.07,2.0,1.0,0.0,28737.78,0.0
674.0,Germany,Male,47.0,6.0,119143.9207378559,1.0,1.0,1.0,89493.09504443144,1.0
685.0,Spain,Female,25.0,10.0,128509.63,1.0,1.0,0.0,121562.33,0.0
417.0,France,Male,34.0,7.0,0.0,2.0,1.0,0.0,55003.79,0.0
574.0,Germany,Female,33.0,3.0,129834.67,1.0,1.0,0.0,193131.42,0.0
604.2048007736317,France,Female,40.82381321040922,3.0,154962.99,3.0,1.0,1.0,191932.27,1.0
587.0,Germany,Male,41.65264338355127,6.105315504793585,130008.72905160584,2.0,1.0,1.0,159418.1,0.0
598.0,Germany,Male,41.0,3.0,91536.93,1.0,1.0,0.0,102820.00360157623,1.0
686.3319943334574,Spain,Male,53.0,3.0,8102.0709348753335,2.0,1.0,1.0,38913.68,0.0
651.8640831226612,Spain,Female,70.0,5.0,79442.63130808344,1.0,1.0,1.0,705.18,0.0
584.0,Germany,Female,29.0,7.0,105204.01,1.0,0.0,1.0,138490.03,0.0
650.0,Spain,Male,61.0,4.549194409022272,152968.73,1.0,0.0,1.0,82970.69,0.0
607.0,Spain,Male,38.00445303071166,8.0,158261.68,1.0,1.0,1.0,76744.72,0.0
509.0,France,Female,46.0,1.0,0.0,1.0,1.0,0.0,71244.59,1.0
689.0,Spain,Female,38.0,6.0,121021.05,1.0,1.0,1.0,91446.45965882827,0.0
543.0,France,Male,36.0,4.0,0.0,2.0,1.0,0.0,141210.5,0.0
438.0,Spain,Male,54.0,2.0,0.0,1.0,0.0,0.0,191763.07,1.0
687.0,Spain,Female,63.0,1.0,75897.34967265291,1.0,1.0,1.0,37938.74,0.0
737.0,Germany,Male,31.0,5.0,121192.22,2.0,1.0,1.0,74890.58,0.0
761.0,France,Male,31.0,4.604560859027232,0.0,3.0,1.0,1.0,166698.18,0.0
601.0,France,Male,44.0,1.0,100486.18,2.0,1.0,1.0,103186.76064495742,0.0
651.0,France,Male,45.0,1.0,0.0,1.0,1.0,0.0,67740.08,1.0
745.0,France,Male,35.0,9.0,92566.53,2.0,1.0,0.0,161519.77,0.0
648.0,Spain,Female,42.31304575473776,5.148631086529962,0.0,2.0,1.0,1.0,106254.63359872803,0.0
848.0,Spain,Male,40.0,3.0,110929.96,1.0,1.0,1.0,30876.84,0.0
546.0,France,Female,27.0,8.0,0.0,2.0,1.0,0.0,14858.1,0.0
439.0,Spain,Female,32.0,3.0,138901.61,1.0,1.0,0.0,75685.97,0.0
755.0,France,Male,30.0,4.0,123217.66,2.0,0.0,1.0,144183.1,0.0
593.0,France,Female,41.0,6.0,0.0,1.0,1.0,0.0,65170.66,0.0
701.0,France,Male,39.0,2.0,0.0,2.0,1.0,1.0,82526.92,0.0
701.0,Spain,Male,36.0,5.165527418655228,20379.204446690375,2.0,1.0,0.0,169161.46,0.0
607.0,Spain,Female,33.0,2.0,108431.87,1.4478241779717174,0.0,1.0,109291.39,1.0
586.0,Spain,Female,57.0,3.0,0.0,2.0,0.0,1.0,6057.81,0.0
547.0,Germany,Female,30.0,9.0,72392.41,1.0,1.0,0.0,77077.14,0.0
647.0,Germany,Female,51.0,1.0,119741.77,2.0,0.0,0.0,54954.51,1.0
760.0,France,Female,51.0,2.0,100946.71,1.0,1.0,0.0,179614.8,1.0
621.0,Spain,Male,53.0,9.0,92982.39185467093,1.3407438652244499,1.0,0.0,132565.5824598893,1.0
725.0,France,Male,44.0,5.0,96273.01668321894,1.0,1.0,1.0,117356.14,0.0
526.0,France,Male,36.0,1.0,0.0,1.0,1.0,0.0,160696.72,0.0
579.4419808047987,Spain,Female,47.0,6.0,157296.02,2.0,0.0,0.0,147278.43,1.0
713.0,Germany,Female,46.74777682146816,7.0,144606.22,1.2844776653525012,1.0,1.0,56594.36,1.0
700.0,France,Male,38.0,8.0,134811.3,1.0,1.0,0.0,1299.75,0.0
666.0,France,Female,34.0,9.0,115897.12,1.0,1.0,1.0,25095.03,0.0
630.0,Spain,Male,32.0,4.9882648133829015,82034.0,1.0,0.0,0.0,146326.45,0.0
779.0,Spain,Female,31.150722885094044,4.0,174318.13,2.0,1.0,1.0,38296.21,0.0
611.0,Germany,Female,41.0,2.0,114206.84,1.0,1.0,0.0,101092.6749204927,0.0
685.0,Spain,Male,43.0,9.0,0.0,2.0,1.0,0.0,107811.28,0.0
646.0,Germany,Male,39.0,9.0,111574.41,1.0,1.0,1.0,30838.51,0.0
683.0,Germany,Female,57.0,5.0,162448.69,1.0,1.0,0.0,9221.78,1.0
484.0,Germany,Female,34.0,4.0,148249.54,1.0,0.0,1.0,33738.27,0.0
601.0,France,Female,44.704819208869814,8.0,0.0,3.0,0.0,1.0,110916.15,1.0
762.0,Spain,Male,26.0,7.0,123709.46,2.0,1.0,1.0,169654.57,0.0
687.0,France,Female,72.0,9.0,0.0,1.0,0.0,1.0,69829.4,0.0
566.0,France,Male,30.0,5.0,0.0,1.0,1.0,0.0,54926.51,1.0
654.2422152992708,France,Male,37.0,10.0,107131.54033575954,1.0,1.0,1.0,99737.00900722151,0.0
601.0,France,Male,29.0,9.0,0.0,1.7812858438525976,1.0,1.0,80393.27,0.0
699.0,France,Male,53.0,5.2855880444329175,0.0,2.0,0.0,1.0,111307.98,0.0
584.0,France,Male,28.0,10.0,0.0,2.0,1.0,0.0,19834.32,0.0
699.0,France,Male,35.0,5.0,0.0,2.0,1.0,1.0,78397.24,0.0
698.0,Germany,Female,51.0,2.0,111018.98,1.0,1.0,0.0,86410.28,0.0
495.0,France,Male,30.0,10.0,129755.99,1.0,0.0,0.0,172749.65,0.0
650.0,France,Female,27.0,6.0,0.0,2.0,1.0,0.0,1002.39,0.0
605.0,France,Female,64.0,2.0,129555.7,1.0,1.0,1.0,13601.79,0.0
667.0,Spain,Male,38.0,1.0,108294.16900742949,1.0,1.0,1.0,77866.91,0.0
625.1191954121635,Germany,Male,26.0,8.0,146133.39,1.0,1.0,1.0,175296.76,0.0
727.0,Spain,Female,31.0,0.0,0.0,1.0,1.0,0.0,121751.04,1.0
655.5975775284818,Spain,Male,38.948291743239395,6.0,31961.67620456879,2.0,1.0,1.0,89593.26,0.0
596.7293298325626,Germany,Female,62.0,8.0,140745.33,1.231477740606713,1.0,0.0,193437.89,1.0
546.0,Spain,Male,42.0,7.0,139070.51,1.0,1.0,1.0,86945.0,0.0
642.866889662334,Spain,Female,37.0,8.0,24801.496168626614,2.0,1.0,1.0,183318.79,0.0
593.0,France,Male,35.0,9.0,114193.24,1.0,1.0,0.0,71154.1,0.0
625.0885707743283,Spain,Female,40.0,10.0,167878.5,1.0,0.0,1.0,151887.16,0.0
535.0,Germany,Female,53.0,5.0,141616.55,2.0,1.0,1.0,75888.65,0.0
660.1169124954891,Germany,Male,36.90528918862439,5.254180403089185,145747.67,2.0,0.0,1.0,89566.74,0.0
477.0,Spain,Female,48.0,2.0,129120.64,1.0,0.0,1.0,26475.79,0.0
668.8213647515126,Spain,Male,35.0,7.0,110349.82,1.2725837246210692,0.0,0.0,126355.8,0.0
427.0,France,Male,29.0,1.0,141325.56,1.0,1.0,1.0,93839.3,0.0
752.0,France,Male,49.0,2.0,78653.84,1.0,1.0,0.0,7698.6,0.0
641.6552127982159,France,Male,47.0,1.0,0.0,2.0,1.0,1.0,145593.85,0.0
799.0,Spain,Female,28.0,3.0,142253.65,1.0,1.0,0.0,45042.56,0.0
589.0,France,Female,61.0,1.0,65856.81697839581,1.0,1.0,0.0,61108.56,1.0
583.0,Germany,Female,54.0,6.0,123507.22794446348,1.0,1.0,0.0,57553.98,1.0
839.0,Spain,Female,34.451017425490804,10.0,75592.43,1.0,1.0,0.0,62674.42,0.0
540.0,Germany,Male,36.239201654724596,3.0,164113.04,2.0,1.0,1.0,12120.79,0.0
850.0,France,Male,31.0,6.0,67996.23,1.088995689622701,0.0,0.0,50129.87,1.0
696.0,Spain,Female,51.0,5.0,0.0,2.0,1.0,0.0,55022.43,0.0
660.0,Spain,Female,33.0,1.0,0.0,2.0,0.0,0.0,117834.91,0.0
682.0,France,Male,48.0,1.0,138778.15,1.0,0.0,1.0,168840.23,0.0
744.0,France,Female,43.0,10.0,147832.15,1.0,0.0,1.0,24234.11,0.0
785.0,France,Female,36.0,4.0,135438.4,1.0,0.0,0.0,125441.86581566688,0.0
647.0323938141264,France,Male,48.0,5.0,62807.59996319886,1.9216508300552448,1.0,1.0,156618.38,1.0
706.0,France,Female,29.0,5.0,112564.62,1.0,1.0,0.0,42334.38,0.0
583.0,France,Female,27.0,1.0,125406.58,1.0,1.0,1.0,110784.42,0.0
660.0,Germany,Male,39.0,5.0,135134.99,1.0,1.0,0.0,173683.0,1.0
819.0,France,Female,39.0,9.0,133102.92,1.0,1.0,0.0,27046.46,1.0
673.0,France,Female,34.0,8.0,42157.08,1.0,1.0,0.0,20598.59,1.0
752.0,France,Female,30.0,3.0,0.0,2.0,1.0,1.0,104991.28,0.0
578.0,France,Male,38.0,7.0,82259.29,1.0,1.0,0.0,8996.97,0.0
438.0,France,Female,36.0,4.0,0.0,2.0,1.0,0.0,64420.5,0.0
652.0,France,Male,38.0,6.0,0.0,1.8544965500392527,1.0,1.0,145700.22,0.0
629.0,France,Female,49.0,4.0,0.0,1.879827659111114,1.0,1.0,196335.48,0.0
720.0,France,Male,37.19249624232116,7.0,0.0,1.0,1.0,1.0,14781.12,0.0
668.0,France,Male,42.0,3.0,150461.07,1.0,1.0,0.0,108139.23,0.0
459.0,Germany,Male,48.0,4.0,133994.52,1.0,1.0,0.0,19287.06,1.0
729.0,Spain,Male,32.862995123472686,8.0,164870.81,2.0,1.0,1.0,9567.39,0.0
498.0,Germany,Male,25.0,5.346297489767889,121702.73,1.0,1.0,1.0,132210.49,0.0
549.0,Spain,Male,25.0,6.0,193858.2,1.0,0.0,1.0,21600.11,0.0
601.0,Germany,Female,54.0,1.0,131039.97,2.0,1.0,1.0,199661.5,0.0
635.0989369831761,France,Male,64.0,9.0,113829.45,1.0,1.0,1.0,124341.49,0.0
751.0,France,Female,30.0,6.0,0.0,2.0,1.0,0.0,15766.1,0.0
632.0,Germany,Female,41.0,3.0,81877.38,1.0,1.0,1.0,33642.21,0.0
682.2090609922923,Spain,Male,57.0,8.0,116326.07,1.4616210248159753,1.0,1.0,115167.2209663497,0.0
678.0,France,Male,31.0,2.0,0.0,2.0,1.0,1.0,58803.28,0.0
695.0,France,Male,46.0,4.0,0.0,2.0,1.0,1.0,137537.22,0.0
661.0,France,Female,41.0,1.0,0.0,2.0,0.0,1.0,131300.68,0.0
661.0,France,Male,33.0,9.0,0.0,2.0,1.0,1.0,84174.81,0.0
559.0,France,Female,31.0,3.0,127070.73,1.0,0.0,1.0,160941.78,0.0
503.0,France,Male,29.0,3.0,0.0,2.0,1.0,1.0,143954.99,0.0
695.0,Spain,Male,46.0,3.0,122549.64,1.0,1.0,1.0,56297.85,0.0
640.0,France,Female,42.0,5.0,176099.13,1.0,1.0,1.0,8404.73,0.0
624.0,Germany,Female,48.0,3.0,122388.38,2.0,0.0,0.0,30020.09,0.0
667.0,France,Male,42.0,9.0,0.0,2.0,0.0,1.0,58137.42,0.0
642.0,France,Male,26.0,0.0,0.0,1.0,0.0,0.0,47472.68,0.0
640.0,Spain,Female,32.0,5.268791057588799,118879.35,2.0,1.0,1.0,19131.71,0.0
529.0,Spain,Male,35.0,5.0,32196.529074733277,2.0,1.0,1.0,187288.5,0.0
563.0,France,Female,39.0,5.0,0.0,2.0,1.0,1.0,17603.81,0.0
593.0,Spain,Female,38.0,4.0,88736.44,2.0,1.0,0.0,67020.03,0.0
739.0,Germany,Male,45.0,7.0,102703.62,1.0,1.0,1.0,147802.94,1.0
788.0,Spain,Female,70.0,5.045586414575207,0.0,2.0,1.0,1.0,79989.4769250006,0.0
684.0,Spain,Female,38.0,3.0,0.0,2.0,1.0,0.0,44255.65,0.0
482.0,France,Male,55.0,5.0,97318.25,1.0,0.0,1.0,78416.14,0.0
591.0,Spain,Male,58.0,5.0,128468.69,1.2664653581176923,0.0,1.0,137254.55,0.0
651.0,Germany,Female,41.0,4.0,133432.59,1.0,0.0,1.0,151303.48,0.0
749.0,Germany,Female,40.0,8.0,141782.57,2.0,0.0,0.0,86333.63,0.0
583.0,France,Male,24.0,9.0,107935.61058460159,1.0,0.0,0.0,89801.9,0.0
661.0,Spain,Male,42.0,2.0,178820.91,1.0,1.0,0.0,79749.28029167216,1.0
715.0,France,Female,38.40836936742236,2.0,112212.14,2.0,1.0,1.0,97874.71354935793,0.0
769.0,Germany,Female,45.0,5.0,115333.9004804689,1.0,1.0,0.0,124118.71,1.0
625.0,France,Female,51.0,7.0,136294.97,1.0,1.0,0.0,38867.46,1.0
641.0,France,Female,36.0,5.0,66392.64,1.0,1.0,0.0,31106.67,0.0
716.0,Germany,Male,37.67073808136476,1.0,122552.34,2.0,1.0,1.0,67611.36,0.0
767.0,France,Male,43.0,1.0,76408.85,2.0,1.0,0.0,77837.63,0.0
745.0,Germany,Male,36.0,8.0,145071.24,1.0,0.0,1.0,6078.46,0.0
589.0,France,Male,34.0,6.0,0.0,1.855560645945342,1.0,1.0,177896.92,0.0
796.0,France,Female,45.0,2.0,109730.22,1.0,1.0,1.0,88834.13678603702,0.0
637.2695555032898,France,Male,57.0,6.0,0.0,2.0,1.0,1.0,15304.08,0.0
744.3173841881635,Spain,Male,62.0,4.471631408359834,64480.81147905373,1.329584992453334,1.0,1.0,76569.64,1.0
543.0,Germany,Female,44.8939007649238,1.0,106138.33,2.0,1.0,1.0,120657.32,1.0
746.0,Spain,Male,36.0,2.0,0.0,2.0,1.0,1.0,16436.56,0.0
742.0,Germany,Male,33.0,0.0,181656.51,1.0,1.0,1.0,107667.91,0.0
750.0,France,Female,32.0,5.0,0.0,2.0,1.0,0.0,95611.47,0.0
669.0,France,Male,30.0,7.0,95128.86,1.0,0.0,0.0,19799.26,0.0
594.0,Spain,Female,49.0,2.0,126615.94,2.0,0.0,1.0,123214.74,0.0
574.0,Spain,Male,36.0,1.0,0.0,2.0,0.0,1.0,71709.12,0.0
659.0,Germany,Male,36.0,4.946218701273062,76190.48,2.0,1.0,1.0,149066.14,0.0
639.2154336696609,France,Male,41.98967520727915,5.0,168286.81,3.0,1.0,0.0,110177.36698710862,1.0
626.0,Germany,Male,35.0,4.0,88109.81,1.0,1.0,1.0,32825.5,0.0
620.0,France,Male,42.0,4.0,0.0,2.0,1.0,0.0,6232.31,0.0
580.0,France,Female,35.0,8.0,0.0,2.0,0.0,1.0,10357.03,0.0
686.0,France,Female,34.0,3.0,123971.51,2.0,1.0,0.0,147794.63,0.0
540.0,France,Male,48.0,0.0,148116.48,1.0,0.0,0.0,116973.48,0.0
634.0,Germany,Male,35.52985461947767,6.0,116269.01,1.0,1.0,0.0,129964.94,0.0
632.0,Spain,Male,38.0,1.0,120599.21,1.0,1.0,0.0,92816.86,0.0
501.0,France,Female,41.0,3.0,144260.5,1.0,1.0,0.0,172114.67,0.0
650.0,Spain,Female,25.0,3.0,86605.5,3.0,1.0,0.0,16649.31,1.0
651.4113491100411,France,Male,34.59020663125265,9.0,0.0,2.0,1.0,0.0,144517.19,0.0
554.0,Germany,Female,37.0,4.0,58629.97,1.0,0.0,0.0,182038.6,0.0
701.0,Spain,Female,42.0,5.0,0.0,2.0,0.0,0.0,24210.56,0.0
474.0,France,Male,45.0,10.0,0.0,2.0,0.0,0.0,172175.9,0.0
621.0,France,Female,43.0,5.0,0.0,1.0,1.0,1.0,47578.45,0.0
672.0,Spain,Male,35.76760585908929,4.289076517416901,209767.31,2.0,1.0,1.0,100722.89692706244,0.0
637.5041935125129,Spain,Male,41.30339392757084,6.410827289447357,45424.07755681559,2.0,1.0,1.0,177683.02,0.0
669.0,France,Male,23.0,1.0,0.0,2.0,0.0,0.0,66088.83,0.0
776.0,France,Female,38.0,2.0,169824.46,1.0,1.0,0.0,169291.7,0.0
694.0,France,Male,39.51198426167995,3.0,97530.25,1.0,1.0,1.0,100595.77342910101,0.0
787.0,France,Female,42.0,10.0,145988.65,2.0,1.0,1.0,79510.37,0.0
650.956245563187,France,Male,37.0,9.0,0.0,2.0,0.0,1.0,77108.66,0.0
711.0,France,Female,25.0,7.0,36940.438653843514,3.0,1.0,1.0,9679.28,0.0
673.0,France,Female,40.0,5.0,137494.28,1.0,1.0,0.0,81753.92,0.0
499.0,France,Female,57.0,1.0,0.0,1.0,0.0,0.0,131372.38,1.0
591.0,France,Male,24.0,6.0,147360.0,1.0,1.0,1.0,25310.82,0.0
769.0,France,Female,25.0,10.0,0.0,2.0,0.0,0.0,187925.75,0.0
657.0,Spain,Male,31.0,3.0,125167.02,1.0,0.0,0.0,98820.39,0.0
738.0,Germany,Male,43.0,4.916504018936386,121152.05,1.7191882109222487,1.0,1.0,64166.7,1.0
545.0,Germany,Female,60.0,7.0,128981.07,1.227740061113427,0.0,1.0,176924.21,1.0
641.8251436466718,France,Male,47.0,6.0,0.0,1.0,1.0,1.0,90055.08,0.0
816.0,France,Male,36.06398644935899,6.0,151858.98,1.0,1.0,1.0,72814.31,0.0
525.0,France,Male,36.0,2.0,114628.4,1.0,0.0,1.0,99275.84243257513,0.0
725.0,France,Male,46.0,6.0,0.0,2.0,1.0,0.0,161767.38,0.0
692.0,France,Female,28.0,8.0,95059.02,2.0,1.0,0.0,44420.18,0.0
618.0,France,Female,24.0,4.654640955085971,128736.39,1.0,0.0,1.0,37147.61,0.0
546.0,France,Male,24.0,8.0,156325.38,1.0,1.0,1.0,125381.02,0.0
635.0,France,Male,29.0,5.042215501537946,92693.13231619551,1.0,1.0,1.0,149853.89,0.0
587.5422599402167,France,Female,49.0,5.454392026214835,88915.37,3.0,0.0,0.0,161435.02,1.0
650.0,France,Male,60.0,8.0,0.0,2.0,1.0,1.0,102925.76,0.0
606.0,France,Male,40.0,5.0,0.0,2.0,1.0,1.0,70899.27,0.0
844.0,France,Male,18.0,2.0,160980.03,1.0,0.0,0.0,145936.28,0.0
450.0,Spain,Female,46.0,5.0,177619.71,1.0,1.0,0.0,54227.06,0.0
727.0,Spain,Male,38.0,2.0,62276.99,1.0,1.0,1.0,59280.79,0.0
460.0,Germany,Male,40.410361661467114,4.0,127559.97,1.623646834553071,1.0,1.0,126952.5,0.0
649.0,France,Male,41.0,0.0,0.0,2.0,0.0,1.0,130567.02,0.0
637.954219159336,Germany,Male,47.0,9.0,95523.16,1.0,1.0,0.0,106058.83031193772,0.0
490.0,France,Female,35.0,7.0,107749.03,1.0,1.0,1.0,3937.37,0.0
815.0,Germany,Male,37.0,2.0,110777.26,2.0,1.0,0.0,2383.59,0.0
838.0,Spain,Female,39.0,5.0,166733.92,2.0,1.0,0.0,14279.44,0.0
803.0,France,Male,31.0,4.933328638936026,157120.86,2.0,1.0,0.0,141300.53,0.0
664.0,Germany,Female,36.0,5.141268436900328,127160.78,2.0,1.0,0.0,78140.75,0.0
736.0,Spain,Female,28.0,2.0,0.0,1.824925633772962,1.0,1.0,100465.94103669755,0.0
633.0,France,Female,36.188305998014805,9.0,156091.97,1.0,1.0,0.0,72008.61,0.0
664.1405297650538,France,Male,58.0,5.0,98668.18,1.0,1.0,1.0,60887.58,0.0
600.0,France,Female,43.0,5.0,134022.06,1.0,1.0,0.0,194764.83,0.0
693.0,France,Female,35.0,5.0,124151.09,1.0,1.0,0.0,88705.14,1.0
663.0,Germany,Female,36.0,6.0,77253.5,1.0,0.0,0.0,35817.97,1.0
742.0,Germany,Female,21.0,1.0,114292.48,1.5842791089711428,1.0,0.0,31520.4,0.0
678.4808785873546,Germany,Male,47.74622169629568,4.885575016177271,117407.94400280269,3.0,1.0,1.0,106228.67098711041,1.0
710.0,Spain,Female,27.0,2.0,135277.96,1.0,1.0,0.0,142200.15,0.0
700.0,France,Female,82.0,2.0,5868.659569902815,2.0,0.0,1.0,182055.36,0.0
720.0,France,Male,60.0,9.0,115920.62,1.2446586179745966,0.0,0.0,110618.48703957553,1.0
684.0,Spain,Male,41.0,2.0,22280.639755058935,2.0,1.0,0.0,120284.67,0.0
531.0,France,Female,63.0,1.0,114715.71,1.0,0.0,1.0,24506.95,1.0
742.0,Germany,Female,36.0,2.0,129748.54,2.0,0.0,0.0,47271.61,1.0
717.0,France,Male,31.0,4.0,129722.57,1.0,0.0,0.0,41176.6,0.0
589.0,France,Male,32.0,2.0,0.0,2.0,0.0,1.0,9468.64,0.0
767.0,France,Male,36.0,3.0,139180.2,1.0,0.0,0.0,123880.19,0.0
636.0,Germany,Male,49.0,6.0,113599.74,2.0,1.0,1.0,158887.09,1.0
648.0,France,Male,41.45790354793352,7.0,134944.0,1.0,1.0,1.0,117036.38,0.0
663.1826570563665,France,Male,58.0,7.0,65389.21226747482,1.0,1.0,0.0,120415.61,1.0
692.0,Spain,Male,28.0,9.0,90311.07781143671,1.0,0.0,0.0,16064.25,0.0
754.0,France,Male,28.0,8.0,0.0,2.0,1.0,1.0,52615.62,0.0
643.6251750186962,Spain,Female,35.0,8.0,119182.73,1.0,0.0,0.0,121210.09,0.0
639.0,France,Male,27.0,8.0,0.0,2.0,1.0,0.0,192247.35,0.0
774.0,France,Female,28.0,1.0,71264.02,2.0,0.0,1.0,68759.57,0.0
517.0,France,Male,41.0,2.0,0.0,2.0,0.0,1.0,75937.47,0.0
571.0,France,Female,35.0,8.0,0.0,2.0,0.0,0.0,84569.13,0.0
663.4357526419104,France,Male,43.66900458262929,5.772214007068358,107040.14836852057,1.0,1.0,1.0,190696.35,0.0
792.0,Spain,Male,36.0,5.0,92140.15,1.3428670380238803,1.0,1.0,121793.48654629505,0.0
688.0,France,Male,26.0,1.0,0.0,2.0,1.0,1.0,104435.94,0.0
714.0,Germany,Male,42.0,2.0,177640.09,1.0,0.0,1.0,47166.55,0.0
562.0,Spain,Female,35.0,0.0,0.0,2.0,1.0,0.0,119899.52,0.0
636.8203100575474,Spain,Male,48.0,8.0,167997.6,1.1631841744657812,1.0,1.0,173498.45,0.0
698.0,France,Male,39.50107722540875,2.0,82275.35,2.0,1.0,1.0,93249.26,0.0
611.0,France,Male,49.0,3.0,0.0,2.0,1.0,1.0,142917.54,0.0
850.0,Germany,Female,48.0,6.0,111962.99,1.5334027930566423,1.0,0.0,111755.8,0.0
743.0,Germany,Female,34.0,1.0,131736.88,1.0,1.0,1.0,108543.21,0.0
654.0,France,Male,29.0,1.0,0.0,1.0,1.0,0.0,180345.44,0.0
761.0,Germany,Male,36.0,8.0,108239.11,2.0,0.0,0.0,99444.02,0.0
702.0,France,Female,46.0,9.0,98444.19,1.0,0.0,1.0,109563.28,0.0
488.0,Germany,Male,32.0,3.0,114540.38,1.0,1.0,0.0,92568.07,0.0
683.0,France,Female,35.0,6.0,187530.66,2.0,1.0,1.0,37976.36,0.0
601.0,Germany,Female,42.0,9.0,133636.16,1.0,0.0,1.0,103315.74,0.0
605.0,France,Male,52.0,7.0,29710.217526252778,2.0,1.0,1.0,173952.5,0.0
671.0,Germany,Female,44.0,0.0,84745.03,2.0,0.0,1.0,34673.98,0.0
614.0,Germany,Female,31.0,7.0,120599.38,2.0,1.0,1.0,46163.44,0.0
511.0,Spain,Female,29.0,9.0,0.0,2.0,0.0,1.0,140676.98,0.0
850.0,Germany,Male,33.52096336329432,4.0,127771.35,2.0,0.0,1.0,151738.54,0.0
790.0,Spain,Female,46.0,9.0,0.0,1.0,1.0,0.0,14679.81,1.0
793.0,France,Female,33.0,0.0,0.0,1.0,0.0,0.0,175544.02,0.0
628.0,France,Male,69.0,5.0,33074.015482028,2.0,1.0,1.0,181964.6,0.0
598.0,Germany,Male,53.0,10.0,167772.96,1.0,1.0,1.0,136886.86,0.0
657.0,France,Female,37.0,6.0,95845.6,1.0,1.0,0.0,122218.23,0.0
618.0,France,Female,35.0,10.0,0.0,2.0,1.0,0.0,180439.75,0.0
693.8594454403263,Spain,Male,51.62379945585367,5.742793989536741,118273.27244000947,1.3000407588784086,0.0,1.0,128298.13058815409,0.0
516.0,Spain,Female,33.0,3.0,32928.976496885,2.0,1.0,1.0,58685.59,0.0
636.8657200031615,Germany,Male,28.0,8.0,122384.22,3.0,1.0,1.0,89017.38,1.0
700.0,France,Female,26.0,2.0,0.0,2.0,0.0,0.0,50051.42,0.0
745.0,France,Male,25.0,5.0,157993.15,2.0,1.0,0.0,146041.45,0.0
696.0,France,Male,29.0,8.0,0.0,2.0,1.0,0.0,191166.09,0.0
580.0,Germany,Female,42.0,2.0,123331.36,1.0,0.0,0.0,103516.08,1.0
497.0,Spain,Male,27.0,9.0,75263.16,1.0,1.0,1.0,164825.04,0.0
720.0,France,Female,43.0,6.0,137824.03,2.0,1.0,0.0,93234.52034721691,0.0
659.0,Germany,Male,38.6905868900033,4.0,117487.15144372809,1.6264402034809913,1.0,0.0,114237.56558353748,0.0
841.0,France,Female,36.0,5.0,156021.31,1.0,0.0,0.0,122662.98,0.0
642.0,Spain,Male,34.0,8.0,0.0,1.0,1.0,0.0,72085.1,0.0
671.7481103613472,Spain,Female,69.0,9.0,69926.39637089844,1.0,1.0,1.0,89187.70722009154,1.0
647.9775375324657,Spain,Male,36.0,4.0,0.0,2.0,1.0,0.0,143635.36,0.0
464.0,Germany,Male,33.0,8.0,164284.72,2.0,1.0,1.0,3710.34,0.0
680.0,France,Female,47.0,5.0,0.0,2.0,1.0,1.0,179843.33,0.0
758.0,Spain,Male,56.0,4.700001867331979,0.0,2.0,1.0,1.0,10643.38,0.0
630.0,Germany,Female,31.0,2.0,112373.49,2.0,1.0,1.0,131167.98,0.0
577.0,France,Female,39.0,10.0,0.0,2.0,1.0,0.0,10553.31,0.0
684.0,France,Female,34.0,6.0,0.0,2.0,1.0,1.0,130928.22,0.0
708.0,Spain,Female,41.0,5.0,0.0,1.0,0.0,1.0,157003.99,0.0
732.0,Germany,Female,29.0,1.0,113008.67771988873,1.0,1.0,1.0,138527.56,0.0
669.6578984660642,Germany,Male,37.0,3.0,111432.77,2.0,1.0,1.0,167032.49,0.0
633.0,France,Female,30.0,6.0,0.0,2.0,0.0,0.0,41642.29,0.0
559.0,France,Male,34.0,2.0,137390.11,2.0,1.0,0.0,9677.0,0.0
694.0,France,Male,37.0,3.0,0.0,2.0,1.0,1.0,147012.22,0.0
678.0219077998637,Germany,Female,56.0,5.0,111642.08,1.278249346351556,1.0,1.0,80553.87,1.0
685.182974532028,Spain,Female,48.0,3.0,0.0,1.0,0.0,1.0,30730.95,1.0
507.0,France,Male,36.0,4.0,83543.37,1.0,0.0,0.0,140134.43,0.0
732.0,France,Male,50.0,6.0,145338.76,1.0,0.0,1.0,91936.1,1.0
818.0,France,Female,31.0,1.0,186796.37,1.0,0.0,0.0,178252.63,0.0
660.0,Germany,Male,35.0,8.0,58641.43,1.6162692746262342,1.0,1.0,198674.08,0.0
773.0,Spain,Female,41.0,5.0,0.0,1.0,1.0,0.0,28266.9,1.0
640.0,France,Male,44.0,3.0,137148.68,1.0,1.0,0.0,92381.01,0.0
505.0,France,Male,49.0,7.0,80001.23,1.0,0.0,0.0,135180.11,0.0
714.0,Germany,Male,21.0,6.0,86402.52,2.0,1.0,0.0,27330.59,0.0
468.0,France,Female,42.0,5.0,0.0,2.0,1.0,0.0,125305.34,0.0
611.0,Spain,Male,51.0,1.0,122874.74,1.0,1.0,1.0,149648.45,0.0
705.0,France,Male,25.0,0.0,97544.29,1.0,0.0,1.0,59887.15,0.0
646.0,Germany,Male,46.0,1.0,170826.55,2.0,1.0,0.0,107380.85725288262,0.0
667.0,Germany,Female,48.0,1.0,97133.92,2.0,0.0,1.0,113316.77,1.0
511.0,Germany,Female,41.0,8.0,153895.65,1.638710408423672,1.0,1.0,39087.42,0.0
653.0,France,Female,43.0,6.0,0.0,2.0,1.0,1.0,7330.59,0.0
675.0,France,Female,38.72165230489534,8.0,0.0,2.0,0.0,1.0,95463.29,0.0
523.0,France,Male,32.0,4.0,0.0,2.0,1.0,0.0,167848.02,0.0
567.0,Germany,Female,49.0,5.0,134956.02,1.1621775841953463,1.0,0.0,93953.84,1.0
629.674995021407,Spain,Male,37.580333940204234,7.0,31042.343580149707,2.0,0.0,1.0,174227.66,0.0
456.0,Spain,Male,32.0,9.0,147506.25,1.0,1.0,1.0,135399.21,0.0
598.0,France,Male,64.0,1.0,63931.57689161167,2.0,1.0,0.0,195635.3,1.0
667.0,France,Male,40.98841538196733,8.0,190227.46,1.203135386912298,1.0,0.0,97508.04,1.0
548.0,France,Female,32.0,2.0,172448.77,1.0,1.0,1.0,188083.77,1.0
725.0,France,Male,41.0,7.0,113980.21,1.0,1.0,1.0,116704.25,0.0
717.0,France,Male,53.0,4.983029876654716,0.0,2.0,1.0,1.0,97614.87,0.0
594.0,France,Male,38.0,4.0,0.0,2.0,0.0,0.0,186884.04,0.0
678.0,Germany,Female,25.0,3.765809151613078,76968.12,2.0,0.0,1.0,131501.72,0.0
545.0,Germany,Male,38.0,1.0,88293.13,2.0,1.0,1.0,24302.95,0.0
636.0,France,Female,48.0,1.0,170833.46,1.0,1.0,0.0,110510.28,1.0
603.0,Germany,Male,44.0,6.0,125121.12739308427,1.9911882277556148,1.0,1.0,108488.33,1.0
435.0,France,Male,36.0,4.0,0.0,1.0,1.0,1.0,197015.2,0.0
535.0,France,Female,40.0,8.0,0.0,1.0,1.0,1.0,27689.77,0.0
629.0,Germany,Female,45.0,7.0,129818.39,3.0,1.0,0.0,9217.55,1.0
722.0,France,Female,35.0,2.0,163943.89,2.0,1.0,1.0,15068.18,0.0
561.0,France,Male,28.0,7.0,0.0,2.0,1.0,0.0,7797.01,0.0
645.0,Germany,Female,38.0,5.0,101430.3,2.0,0.0,1.0,102141.55673114001,0.0
501.0,France,Female,39.0,9.0,117301.66,1.0,0.0,0.0,182025.95,0.0
502.0,Germany,Female,32.0,1.0,173340.83,1.0,0.0,1.0,122763.95,0.0
652.0,Spain,Male,42.0,4.0,0.0,1.8276691383379375,1.0,1.0,38152.01,0.0
574.0,France,Female,33.0,3.0,134348.57,1.0,1.0,0.0,63163.99,0.0
518.0,France,Female,45.0,9.0,105525.65,2.0,1.0,1.0,73418.29,0.0
749.0,France,Female,60.0,6.0,69747.28551896648,1.0,1.0,0.0,17978.68,1.0
616.5474942016116,France,Female,43.0,4.0,0.0,3.0,1.0,0.0,115136.51,1.0
565.0,France,Male,36.0,6.0,106192.1,1.0,1.0,0.0,149575.59,0.0
643.0,France,Female,45.0,4.0,45144.43,1.0,1.0,0.0,60917.24,1.0
515.0,France,Male,65.0,7.0,126032.25147119178,1.2790687102207523,1.0,1.0,142548.33,0.0
521.0,France,Male,25.0,7.0,0.0,2.0,1.0,1.0,157878.67,0.0
739.0,Spain,Male,38.0,0.0,128366.44,1.0,1.0,1.0,12796.43,0.0
645.2835082347486,France,Male,42.0,2.0,0.0,2.0,1.0,1.0,18657.77,0.0
733.0,Germany,Male,74.0,3.0,106545.53,1.4359944945955216,1.0,1.0,86163.53325471444,0.0
542.0,France,Female,43.0,8.0,145618.37,1.0,0.0,1.0,10350.74,0.0
788.0,Spain,Male,37.0,8.0,141541.25,1.0,0.0,0.0,66013.27,0.0
435.0,Germany,Male,32.0,2.0,57017.06,2.0,1.0,1.0,5907.11,0.0
664.7977303485259,France,Male,42.0,5.083036035617311,0.0,1.0,1.0,0.0,74077.91,0.0
703.0,France,Female,51.0,3.0,0.0,3.0,1.0,1.0,77294.56,1.0
728.0,Germany,Female,35.0,8.0,117376.88118912253,2.0,1.0,0.0,54359.02,1.0
635.3075207627703,Germany,Male,39.210767734761994,5.496114276247442,61825.5,1.0,1.0,1.0,156124.93,0.0
669.1476618425575,France,Male,35.0,8.0,45385.05343875153,2.0,1.0,1.0,94820.85,0.0
621.0,France,Female,40.0,6.0,0.0,1.0,1.0,0.0,155155.25,0.0
523.0,France,Female,40.0,2.0,102967.41,1.0,1.0,0.0,128702.1,1.0
657.0,Germany,Male,25.0,2.0,171770.55,1.0,1.0,0.0,22745.5,0.0
727.0,Germany,Male,40.0,1.0,109593.44513082074,2.0,1.0,0.0,71865.31,1.0
643.0,France,Male,36.0,7.0,161064.64,2.0,0.0,1.0,84294.82,0.0
645.0,France,Female,48.0,7.0,82705.18316988302,1.0,1.0,1.0,149139.13,0.0
568.0,France,Male,28.0,5.0,25170.140176410878,2.0,1.0,0.0,185489.11,0.0
599.0,France,Male,58.0,5.055378557663946,0.0,1.0,0.0,0.0,176407.15,1.0
672.0,France,Female,45.0,9.0,0.0,1.0,1.0,1.0,92027.69,1.0
651.8376119684143,France,Male,33.0,6.0,174912.72,1.0,1.0,1.0,43932.54,0.0
686.4542832678993,France,Female,46.0,5.441752277216719,104947.72,1.0,1.0,0.0,115789.25,1.0
626.5769899550273,Spain,Male,38.222325483833785,10.0,135213.71,1.0,1.0,1.0,125777.28,0.0
806.0,Spain,Male,25.0,7.0,0.0,1.8126293678260672,1.0,0.0,18461.9,0.0
604.0,France,Male,36.0,6.0,116229.85,1.3122726630396386,1.0,1.0,116184.58076372903,0.0
655.1047941686188,Spain,Female,37.639248985988345,6.0,111201.41,1.0,1.0,1.0,121542.29,0.0
545.0,Spain,Female,32.0,4.0,0.0,1.0,1.0,0.0,94739.2,0.0
756.0,Germany,Male,27.0,1.0,131899.0,1.0,1.0,0.0,93302.29,0.0
569.0,France,Male,43.35897353908034,10.0,124938.53213043798,1.2789409857508918,1.0,1.0,193793.78,0.0
596.0,France,Male,47.0,6.0,0.0,1.0,1.0,0.0,74835.65,0.0
475.0,France,Male,39.0,6.0,0.0,1.0,1.0,1.0,56999.9,1.0
646.0,France,Female,45.0,3.0,47134.75,1.0,1.0,1.0,57236.44,0.0
784.0,Spain,Male,35.90489348789034,3.0,0.0,2.0,0.0,0.0,81483.64,0.0
552.0,Spain,Male,45.0,9.0,0.0,2.0,1.0,0.0,26752.56,0.0
729.0,France,Male,44.0,5.0,0.0,2.0,0.0,1.0,9200.54,0.0
658.6057792693855,Spain,Male,61.0,1.0,0.0,1.1411645637896601,1.0,0.0,22447.85,1.0
555.0,France,Male,51.0,5.0,0.0,3.0,1.0,0.0,189122.89,1.0
572.0,Germany,Female,19.0,1.0,138657.08,1.0,1.0,1.0,16161.82,0.0
785.0,France,Female,34.0,9.0,70302.48,1.0,1.0,1.0,68600.36,0.0
714.0,Germany,Female,36.0,1.0,101609.01,2.0,1.0,1.0,447.73,0.0
738.0,Spain,Male,35.0,3.0,0.0,1.0,1.0,1.0,15650.73,0.0
639.0,Germany,Male,38.0,5.0,130170.82,1.0,1.0,1.0,149599.62,0.0
520.0,Germany,Male,37.86384001314444,8.0,133802.29,2.0,1.0,1.0,90304.01,0.0
764.0,France,Female,24.0,7.0,106234.02,1.0,0.0,0.0,115676.38,0.0
661.0,Spain,Male,39.0,6.0,132628.98,1.227512037747993,0.0,0.0,38812.67,0.0
564.0,Germany,Male,42.30221642334445,9.0,103522.75,2.0,1.0,1.0,116019.84482747174,0.0
708.0,Germany,Female,33.445915423732046,8.0,115261.40155123435,2.0,1.0,0.0,823.36,0.0
512.0,Spain,Male,36.0,1.0,0.0,1.0,0.0,1.0,135482.26,1.0
592.0,Spain,Male,37.0,9.0,31384.039110195088,3.0,1.0,1.0,116798.241139157,0.0
619.0,France,Female,38.0,3.0,0.0,2.0,0.0,1.0,116467.35,0.0
775.0,Germany,Male,52.0,8.0,109922.61,1.0,1.0,1.0,99061.82792749214,1.0
647.640932907473,Germany,Female,38.29053767039243,5.0,128605.32,1.0,0.0,1.0,171096.2,0.0
577.0,France,Female,37.0,4.0,0.0,1.0,1.0,1.0,79881.39,0.0
724.0,France,Female,37.0,10.0,68598.56,1.0,1.0,0.0,157862.82,0.0
710.0,Spain,Male,35.0,1.0,106518.52,1.0,1.0,1.0,127951.81,0.0
696.0,France,Female,31.0,8.0,0.0,2.0,0.0,0.0,191074.11,0.0
376.0,France,Female,46.0,6.0,0.0,1.0,1.0,0.0,157333.69,1.0
675.0,Germany,Female,29.0,8.0,121326.42,1.0,1.0,0.0,87657.64495340567,0.0
745.0,France,Male,36.0,8.0,67226.37,1.0,1.0,0.0,130789.6,0.0
697.0,Spain,Female,25.0,5.0,82931.85,2.0,1.0,1.0,128373.88,0.0
599.0,Spain,Female,44.85425167371159,4.0,0.0,1.0,1.0,0.0,194273.2,1.0
715.0,France,Female,38.0,5.0,118590.41,1.0,1.0,1.0,5684.17,1.0
659.0,France,Male,67.0,6.463385807946819,145981.87,1.0,1.0,1.0,100667.76816609707,0.0
684.0,France,Female,48.0,3.0,73309.38,1.0,0.0,0.0,21228.34,1.0
635.0,France,Female,48.0,8.0,130796.33,2.0,1.0,1.0,43250.3,0.0
789.0,Germany,Male,33.0,8.0,151607.56,1.0,1.0,1.0,4389.4,0.0
571.0,Germany,Female,66.0,9.0,111577.01,1.0,0.0,1.0,189271.9,0.0
694.0,Spain,Male,39.0,0.0,107042.74,1.0,1.0,1.0,102284.2,0.0
665.0,France,Female,42.0,2.0,156371.61,2.0,0.0,1.0,156774.94,1.0
706.0,France,Female,44.0,4.0,129605.99,1.0,0.0,0.0,69865.49,0.0
807.0,Spain,Female,43.0,0.0,0.0,2.0,0.0,1.0,85523.24,0.0
771.0,France,Female,67.0,8.0,0.0,1.7710723458767306,1.0,1.0,51219.8,0.0
641.3219989028213,Spain,Female,27.0,8.0,132576.25,1.0,0.0,0.0,7222.92,0.0
629.0,France,Female,37.0,6.0,129101.3,1.0,1.0,1.0,23971.33,0.0
850.0,Germany,Female,31.0,1.0,108822.4,1.0,1.0,1.0,132173.31,0.0
685.0,Spain,Male,35.97425897280351,4.0,137948.51,1.2575492197708484,1.0,0.0,113639.64,0.0
653.4325187947022,Spain,Male,32.0,7.0,100433.8,1.0,1.0,1.0,39768.59,0.0
529.0,Spain,Male,63.0,5.206889993168951,78116.77731967461,3.0,1.0,0.0,109630.99556454338,1.0
683.0,Germany,Female,43.0,4.0,115888.04,1.817358039008242,1.0,1.0,117349.19,1.0
663.0,France,Female,42.0,5.0,124626.07,1.0,1.0,1.0,78004.5,0.0
563.0,France,Female,34.0,6.0,139810.34,1.0,1.0,1.0,152417.79,0.0
637.0,Spain,Female,34.0,9.0,0.0,2.0,0.0,0.0,26057.08,0.0
544.0,France,Male,37.0,3.0,84496.71,1.0,0.0,0.0,79972.09,0.0
668.6190338868948,Germany,Male,70.0,5.164277544621301,116854.71,2.0,0.0,1.0,107125.79,0.0
638.0,France,Female,43.04711308067184,10.0,138333.03,1.0,1.0,1.0,47679.14,0.0
723.0,France,Male,25.0,3.0,0.0,2.0,1.0,1.0,134509.47,0.0
635.0,Germany,Male,43.0,5.0,78992.75,2.0,0.0,0.0,153265.31,0.0
667.1273591380807,Spain,Female,38.0,7.0,97257.41,2.0,0.0,1.0,101481.3811669033,0.0
730.0,France,Male,34.0,5.0,122453.37,2.0,1.0,0.0,138882.98,0.0
750.0,Spain,Female,36.0,8.0,112940.07,1.0,0.0,1.0,93462.24071469216,0.0
586.0,France,Female,43.0,8.0,132558.26,1.0,1.0,0.0,67046.83,1.0
520.0,France,Female,38.0,4.0,0.0,2.0,1.0,0.0,56388.63,0.0
652.0,France,Female,48.0,8.0,133297.24,1.0,1.0,0.0,77764.37,0.0
550.0,France,Female,46.0,7.0,23431.961200041314,2.0,1.0,0.0,130590.35,0.0
594.0,France,Male,27.0,0.0,197041.8,1.0,0.0,0.0,102360.32697437514,0.0
749.0,Germany,Female,44.0,0.0,71497.79,2.0,0.0,0.0,151083.8,0.0
668.0,France,Male,32.0,5.494312982171904,0.0,1.9404733533338168,1.0,1.0,777.37,0.0
614.0,Germany,Female,35.0,6.0,128100.28,1.0,0.0,0.0,69454.24,1.0
773.0,France,Male,25.0,1.0,124532.78,2.0,0.0,1.0,11723.57,0.0
551.0,Germany,Male,37.53662095135068,9.0,82293.82,2.0,1.0,1.0,91565.25,0.0
566.0,France,Male,36.0,1.0,142120.91,1.0,1.0,0.0,79616.37,0.0
569.0,Spain,Male,34.0,0.0,151839.26,1.0,1.0,0.0,102299.81,1.0
659.0,Spain,Male,31.0,7.0,45541.54166679663,2.0,1.0,1.0,104533.51,0.0
660.6732342614251,France,Female,49.0,3.0,45472.49160661772,1.0,1.0,0.0,140765.57,1.0
655.0,France,Male,37.0,5.0,93147.0,2.0,1.0,0.0,66214.13,0.0
615.0,France,Female,35.0,2.0,97440.02,2.0,1.0,1.0,139816.1,0.0
752.0,Germany,Female,42.0,3.0,65046.08,2.0,0.0,1.0,140139.28,0.0
661.0,Spain,Female,28.0,7.0,95357.49,1.0,0.0,0.0,102297.15,0.0
838.0,Spain,Male,35.35618749244513,5.60446835485419,123105.88,2.0,1.0,0.0,145765.83,0.0
644.0823177497917,Spain,Male,39.78551294773413,9.0,0.0,1.8494727806115994,0.0,1.0,117583.8218332059,0.0
811.0,Spain,Male,44.0,3.0,7705.759627597219,2.0,0.0,1.0,78439.73,0.0
587.0,Spain,Male,36.95635140888441,7.0,113262.59847463359,1.1690107906745748,0.0,1.0,6776.92,0.0
811.0,Germany,Female,36.28453069673036,4.0,167738.82,2.0,1.0,1.0,9903.42,0.0
759.0,France,Female,38.0,1.0,104091.29,1.0,0.0,0.0,91561.91,0.0
636.9586020467241,Germany,Female,42.0,8.0,121980.56,2.0,1.0,0.0,4027.02,0.0
788.0,France,Female,43.0,10.0,0.0,2.0,1.0,1.0,116111.51,0.0
725.0,Germany,Male,39.0,1.0,50880.98,2.0,1.0,1.0,184023.54,0.0
646.0,France,Female,42.0,3.0,175159.9,2.0,0.0,0.0,67124.48,1.0
601.0,Germany,Female,26.0,7.0,105514.69,2.0,1.0,0.0,50070.59,0.0
521.0,Germany,Male,52.0,5.0,116497.31,1.135355727424473,0.0,0.0,53793.1,1.0
561.0,Spain,Female,33.0,6.0,0.0,2.0,1.0,0.0,45261.47,0.0
564.0,France,Male,42.0,7.0,99824.45,1.0,1.0,1.0,36721.4,0.0
444.0,France,Male,45.0,6.0,0.0,1.0,1.0,0.0,131718.96532676456,1.0
650.0,France,Male,71.0,0.0,0.0,1.7936478799734086,1.0,1.0,175380.77,0.0
724.0,France,Male,40.0,10.0,0.0,1.0,1.0,0.0,127847.25,1.0
719.0,Spain,Male,38.74147558294553,3.0,122964.88,1.0,1.0,1.0,97878.77053840834,0.0
548.0,France,Female,29.0,4.0,0.0,2.0,0.0,1.0,48673.18,0.0
635.0,Spain,Male,24.0,4.0,0.0,1.7886372235794223,1.0,1.0,70668.77,0.0
496.0,Spain,Female,43.0,3.0,0.0,2.0,0.0,1.0,199505.53,0.0
638.8115105671122,France,Female,37.0,5.0,89634.69,1.0,1.0,1.0,169583.18,0.0
541.0,Germany,Male,40.0,7.0,95710.11,1.5409220590782053,1.0,0.0,49063.42,0.0
778.0,Germany,Male,41.0,7.0,139706.31,1.0,1.0,0.0,100308.6106299145,0.0
850.0,Germany,Female,45.0,5.0,103909.86,1.0,1.0,0.0,60083.11,1.0
633.0,France,Male,31.0,1.0,0.0,1.0,1.0,0.0,48606.71,0.0
625.0,France,Male,49.0,4.748699335018365,173434.9,1.0,1.0,0.0,165580.93,1.0
485.0,Spain,Male,32.0,6.0,102238.01,2.0,1.0,1.0,194010.12,0.0
547.0,France,Female,48.0,1.0,179380.74,2.0,0.0,1.0,69263.1,0.0
642.0,France,Male,32.0,3.0,33918.96415034174,2.0,1.0,1.0,88698.83,0.0
718.0,France,Female,25.0,4.0,108691.95,1.2365702950615278,1.0,0.0,63030.97,0.0
582.0,France,Female,32.0,4.0,0.0,2.0,1.0,0.0,59668.81,0.0
628.0,France,Male,33.0,6.0,0.0,2.0,0.0,0.0,184230.23,0.0
737.0,Germany,Male,35.0,0.0,133377.8,1.0,0.0,1.0,64050.19,0.0
828.0,Spain,Male,49.07875129504539,9.0,120653.95043240467,1.2220899758200605,1.0,1.0,87420.53153399473,0.0
609.0,Spain,Male,53.0,10.0,93743.75502269337,1.0,1.0,1.0,95399.79709801705,0.0
730.0,France,Male,39.0,1.0,116537.6,1.0,0.0,1.0,145679.6,0.0
631.0,France,Female,22.0,3.0,0.0,2.0,0.0,0.0,30781.77,0.0
830.0,Spain,Male,40.0,4.0,0.0,2.0,0.0,1.0,81622.52,0.0
645.0,France,Male,29.0,1.0,130131.08,2.0,0.0,1.0,196474.35,0.0
663.0,France,Male,46.0,3.0,0.0,2.0,0.0,1.0,176276.1,0.0
678.0,Spain,Male,30.0,0.0,0.0,1.0,1.0,0.0,35113.08,0.0
521.0,France,Male,30.0,2.0,107316.09,1.0,1.0,0.0,64299.82,0.0
625.0,France,Female,24.0,1.0,0.0,2.0,1.0,1.0,180969.55,0.0
523.0,France,Male,30.0,4.898282348286195,83181.29,1.0,1.0,1.0,138176.78,0.0
714.0,France,Female,72.0,3.0,80583.70421575161,1.0,1.0,1.0,86733.61,0.0
580.0,Spain,Male,67.0,3.0,153946.14,1.3612882555507857,1.0,1.0,106769.94884920873,0.0
722.0,France,Male,30.0,5.0,14726.465020326865,2.0,1.0,0.0,166376.54,0.0
630.0,Spain,Female,39.0,7.0,135483.17,1.0,1.0,0.0,140881.2,1.0
579.0,France,Male,35.0,1.0,0.0,2.0,1.0,0.0,4460.2,0.0
670.0,France,Male,38.0,4.0,119624.54,2.0,1.0,1.0,110472.12,0.0
588.0,Spain,Male,34.0,6.0,121132.26,2.0,1.0,0.0,86460.28,0.0
807.0,Spain,Female,42.0,1.0,0.0,1.0,1.0,0.0,16500.66,1.0
726.0,France,Female,48.0,4.0,0.0,1.0,1.0,0.0,106796.566578404,1.0
812.0,Germany,Male,25.0,5.0,54817.55,1.0,1.0,0.0,131660.31,0.0
642.5040282092891,Germany,Male,40.0,3.0,107949.45,1.0,1.0,0.0,52449.62,1.0
682.0,France,Male,30.0,4.0,0.0,1.0,0.0,1.0,161465.31,0.0
625.0,Spain,Female,49.0,2.0,80816.45,1.0,1.0,1.0,20018.79,0.0
607.0,Germany,Male,38.0,3.0,98205.77,1.0,1.0,0.0,98207.21547596327,0.0
600.0,Spain,Female,50.0,6.0,94684.27,1.0,1.0,1.0,50488.91,0.0
602.0,Spain,Female,22.0,7.0,141604.76,1.0,1.0,0.0,30379.6,0.0
545.0,France,Female,74.0,3.0,0.0,2.0,1.0,1.0,161326.73,0.0
675.0,Spain,Male,33.0,3.0,0.0,2.0,1.0,0.0,45348.08,0.0
581.0,France,Female,47.0,1.0,122949.14,1.0,0.0,0.0,180251.68,1.0
640.0,Germany,Male,33.0,8.0,81677.22,2.0,0.0,0.0,34925.56,0.0
850.0,France,Male,38.0,7.0,80293.98,1.0,0.0,0.0,126555.74,0.0
490.0,Spain,Male,48.0,8.0,155413.06,1.0,1.0,0.0,187921.3,0.0
710.0,Spain,Male,38.0,4.6655557283400135,0.0,2.0,1.0,1.0,136390.88,0.0
670.1870591353554,Germany,Male,38.0,9.0,67111.65,1.2570590014452871,1.0,0.0,78566.64,1.0
812.0,France,Male,34.0,5.0,95547.225169883,1.0,1.0,1.0,166038.27,0.0
723.0,France,Female,20.0,4.0,0.0,2.0,1.0,1.0,140385.33,0.0
512.0,France,Male,36.0,4.0,152169.12,2.0,0.0,0.0,38629.3,1.0
674.514516604162,France,Female,52.0,10.0,0.0,1.0,1.0,1.0,24998.75,1.0
597.2382015494413,Germany,Male,26.0,4.0,214346.96,2.0,1.0,0.0,128815.33,0.0
594.0,France,Male,57.0,4.929827440814421,0.0,1.0,1.0,0.0,19376.56,1.0
844.0,France,Female,40.0,7.0,113348.14,1.0,1.0,0.0,31904.31,1.0
686.0,Germany,Male,44.33483605782305,5.0,117626.01397725903,1.0,1.0,0.0,173179.79,1.0
695.0,France,Male,34.00978903464569,8.0,103023.26,1.0,1.0,1.0,22485.64,0.0
624.0,Spain,Female,23.0,6.0,0.0,2.0,0.0,1.0,196668.51,0.0
503.0,Spain,Male,37.0,6.0,0.0,2.0,0.0,0.0,136506.86,0.0
535.0,France,Female,31.0,7.0,111855.04,2.0,1.0,1.0,36278.89,0.0
743.0,France,Female,32.0,6.0,140348.56,2.0,1.0,1.0,163254.39,0.0
702.0,Spain,Male,39.0,8.0,0.0,2.0,1.0,0.0,99654.13,0.0
658.0,France,Male,29.0,3.0,145512.84,1.0,1.0,0.0,20207.02,0.0
677.0,Germany,Female,35.83933949840711,3.6135316835676385,146720.98,2.0,1.0,1.0,4195.84,0.0
664.0,France,Male,32.0,5.333150051483196,107209.73,1.0,1.0,1.0,112340.2,0.0
766.0,Germany,Female,38.0,7.0,130933.74,1.0,0.0,1.0,93249.42608867772,0.0
461.0,Spain,Female,35.0,8.0,0.0,1.0,1.0,0.0,132295.95,0.0
688.0,France,Male,36.0,0.0,89772.3,1.1547597410045427,1.0,0.0,177383.68,1.0
678.0,France,Female,32.0,5.0,0.0,2.0,1.0,0.0,90284.47,0.0
796.0,France,Male,24.0,8.0,24245.07135218491,2.0,1.0,0.0,61349.37,0.0
803.0,France,Male,42.0,5.0,0.0,1.0,1.0,0.0,196466.83,1.0
712.0,France,Male,36.0,3.457802895903331,62777.93975569322,3.0,0.0,0.0,70758.37,1.0
498.0,France,Female,31.0,10.0,0.0,2.0,1.0,0.0,13892.57,0.0
850.0,Spain,Male,38.12958012577264,2.0,0.0,2.0,1.0,1.0,105698.0100996983,0.0
628.0,France,Female,51.0,3.0,123981.31,2.0,1.0,1.0,40546.15,0.0
539.0,Germany,Female,34.0,4.82369453061138,91622.42,1.0,1.0,1.0,136603.42,0.0
732.0,France,Male,36.0,7.0,126195.81,1.0,1.0,1.0,133172.48,0.0
715.0,France,Male,41.0,4.0,94267.9,1.0,0.0,1.0,152821.12,1.0
651.0,France,Male,37.92221364992479,4.0,42076.02618541607,2.0,1.0,1.0,147715.83,0.0
813.0,France,Male,34.0,0.0,0.0,2.0,1.0,1.0,43169.15,0.0
613.2879534589852,France,Male,29.0,4.0,0.0,1.0,1.0,0.0,76755.99,1.0
711.2164362386757,Germany,Female,39.0,4.223545733926286,117394.13554093288,3.0,1.0,1.0,73406.04,0.0
543.0,France,Male,36.0,6.0,0.0,2.0,1.0,0.0,176728.28,0.0
790.0,France,Female,26.0,4.0,141581.71,2.0,0.0,0.0,98309.27,0.0
494.0,Spain,Male,38.0,5.1396305630686685,0.0,2.0,1.0,1.0,6203.66,0.0
850.0,France,Female,39.0,2.0,148586.64,1.1988249318573596,1.0,1.0,176791.27,0.0
703.0,Spain,Male,34.97520838820597,9.0,0.0,2.0,1.0,0.0,89507.63803918702,0.0
432.0,Spain,Male,38.0,7.0,0.0,2.0,1.0,0.0,150580.88,0.0
512.0,Germany,Female,32.0,2.0,123403.85,2.0,1.0,1.0,80120.19,0.0
589.0,France,Male,28.0,7.0,0.0,2.0,1.0,0.0,151645.96,0.0
514.0,France,Female,46.0,3.0,106511.85,1.0,1.0,0.0,55072.32,0.0
678.0,France,Female,38.0,2.0,0.0,2.0,0.0,0.0,115068.99,0.0
420.0,Germany,Female,34.0,1.0,135549.9,1.0,0.0,0.0,149471.13,1.0
679.0,Germany,Male,36.52628729657876,7.0,110555.37,2.0,1.0,0.0,102037.22026729342,0.0
595.0,France,Male,31.0,5.216260380086056,0.0,2.0,1.0,0.0,189995.86,0.0
713.0,France,Male,52.0,0.0,102902.82265975824,1.224791142417821,1.0,1.0,46369.57,0.0
833.0,Germany,Male,59.0,1.0,130854.59,1.0,1.0,1.0,99793.9880133857,0.0
690.0,France,Female,42.0,3.0,92578.14,2.0,1.0,1.0,70810.6,0.0
731.0,Germany,Female,21.0,8.0,132312.06,1.0,1.0,0.0,106663.46,1.0
608.0,France,Female,62.0,8.0,144976.5,1.0,0.0,0.0,72412.75680521928,1.0
479.0,Spain,Male,48.0,5.0,87070.23,1.0,0.0,1.0,85646.41,0.0
519.0,France,Male,42.0,8.0,0.0,2.0,1.0,1.0,101485.72,0.0
731.0,France,Male,47.0,1.0,115414.19,3.0,0.0,1.0,107005.57599944744,1.0
660.7641873362232,France,Male,61.0,7.0,109018.54726861924,1.0,1.0,1.0,101839.77,0.0
756.0,Spain,Male,29.0,2.0,117412.19,2.0,1.0,0.0,4888.91,0.0
848.0,Germany,Male,31.0,4.0,109841.92103279343,2.0,1.0,0.0,193132.98,0.0
809.0,France,Female,24.0,4.0,0.0,2.0,1.0,0.0,193518.76,0.0
698.0,Germany,Female,56.0,1.0,112414.81,2.0,0.0,0.0,93982.02,1.0
779.0,Germany,Male,33.0,1.0,158456.76,1.0,1.0,1.0,197000.92,1.0
606.0,Spain,Male,35.0,7.0,0.0,1.0,1.0,0.0,106837.06,1.0
612.0,Germany,Female,36.637916346477816,1.0,149641.53,1.0,1.0,1.0,115161.28,0.0
663.0,Spain,Male,33.0,8.0,122528.18,1.0,1.0,0.0,196260.3,0.0
549.0,Germany,Female,45.0,3.0,114275.69491322797,2.0,1.0,1.0,96404.38,0.0
675.0,France,Female,32.0,2.0,155663.31,1.0,1.0,0.0,97658.66,0.0
669.0,France,Female,35.0,7.0,0.0,1.0,1.0,1.0,49108.23,1.0
571.0,Germany,Female,34.0,1.0,101736.66,1.0,0.0,1.0,195651.66,0.0
500.0,Spain,Male,35.87395229861667,9.0,125822.21,1.0,1.0,0.0,111698.0,0.0
628.0,France,Male,37.0,0.0,0.0,2.0,1.0,1.0,171707.93,0.0
559.0,France,Male,34.0,4.0,0.0,2.0,1.0,1.0,66721.98,0.0
769.0,France,Female,27.0,2.0,0.0,1.0,1.0,1.0,57876.05,0.0
733.0,Germany,Male,31.0,6.0,157791.07,2.0,0.0,0.0,177994.81,0.0
750.0,France,Male,22.0,5.0,0.0,2.0,0.0,1.0,105125.65,0.0
583.0,France,Female,42.0,4.0,0.0,2.0,1.0,0.0,17439.66,0.0
468.0,Germany,Male,34.93880717022195,9.0,181627.14,2.0,1.0,0.0,66730.43072150539,0.0
727.0,Spain,Female,57.0,1.0,109679.72,1.0,0.0,1.0,753.37,0.0
618.0,France,Female,37.0,5.0,96652.86,1.0,1.0,0.0,98686.4,1.0
617.0,France,Male,40.0,5.0,190008.32,2.0,1.0,1.0,107047.92,0.0
793.0,Spain,Male,41.0,9.0,0.0,2.0,1.0,0.0,152153.74,0.0
645.7672389185336,France,Male,43.0,9.0,0.0,2.0,1.0,1.0,34338.04,0.0
765.0,Germany,Male,43.74315117916395,4.0,148962.76,1.0,1.0,1.0,173878.87,1.0
634.9510012613962,France,Male,28.0,8.0,0.0,1.0,1.0,0.0,159254.29,0.0
614.0,Germany,Female,30.0,3.0,131344.52,2.0,1.0,0.0,54776.64,0.0
649.3904050308123,Germany,Female,29.0,5.0,101713.84,3.0,1.0,0.0,134594.99,0.0
613.0,Spain,Male,34.0,3.0,98878.11530312085,1.0,1.0,1.0,41724.72,0.0
655.0,France,Male,38.0,4.0,0.0,2.0,0.0,0.0,110527.71,0.0
700.0,France,Female,27.0,6.0,137963.07,1.0,0.0,0.0,8996.79,0.0
826.0,Spain,Female,36.24423198855319,4.0,129938.07,1.0,1.0,1.0,190200.53,0.0
652.0,Germany,Male,45.0,2.0,151421.44,1.0,0.0,1.0,115333.43,0.0
755.0,Germany,Female,42.62329733468965,5.3059245533278885,135643.0,1.0,0.0,0.0,143619.52,1.0
538.0,Spain,Male,39.0,2.0,122773.5,2.0,1.0,0.0,58467.08,0.0
729.0,France,Male,34.0,3.0,152303.8,1.0,1.0,0.0,12128.69,0.0
615.0,France,Male,49.0,3.0,0.0,2.0,1.0,1.0,49872.33,0.0
700.0,Spain,Male,54.0,4.451152280666203,79415.67,1.0,0.0,1.0,139735.54,0.0
434.0,Germany,Female,58.0,9.0,125801.03,2.0,1.0,0.0,60891.8,1.0
729.0,France,Male,37.0,10.0,0.0,2.0,1.0,0.0,100862.54,0.0
513.0,France,Male,35.0,8.0,0.0,1.0,1.0,0.0,76640.29,0.0
755.0,France,Male,45.716372275106266,6.0,69162.5410987954,1.0,1.0,0.0,126013.58,1.0
615.0,France,Female,30.0,9.0,0.0,1.0,1.0,0.0,94766.23280014172,0.0
747.0,Germany,Female,32.0,5.0,67495.04,2.0,0.0,1.0,77370.37,0.0
850.0,France,Female,36.0,0.0,164850.54,1.0,1.0,1.0,62722.44,0.0
712.0,Germany,Female,49.0,5.0,154776.42,2.0,0.0,0.0,196257.68,0.0
622.0,Germany,Female,28.0,1.0,143124.63,2.0,1.0,0.0,81723.8,0.0
548.0,France,Female,35.0,10.0,0.0,1.0,1.0,1.0,31299.71,0.0
607.0,France,Female,27.0,2.0,0.0,2.0,1.0,0.0,63495.86,0.0
653.0,France,Female,38.03997934060052,8.0,102133.38,1.0,1.0,1.0,166520.96,0.0
699.0,Spain,Male,26.0,6.0,79932.41,1.0,0.0,0.0,150242.44,0.0
693.0,Germany,Male,40.0,0.0,120711.73,1.0,0.0,0.0,27345.18,1.0
647.0,Germany,Female,39.91188790258554,3.0,122717.53,2.0,1.0,1.0,87000.39,0.0
478.0,Spain,Female,36.0,3.0,92363.3,2.0,1.0,0.0,44912.7,0.0
590.4011800118707,Spain,Female,40.0,5.0,203715.15,1.0,1.0,0.0,179978.68,1.0
719.0,France,Male,39.0,5.0,0.0,2.0,1.0,1.0,145759.7,0.0
726.0,France,Male,34.0,9.0,0.0,2.0,0.0,0.0,14121.61,0.0
626.0,France,Male,21.0,1.0,0.0,2.0,1.0,0.0,66232.23,0.0
627.7156781415833,France,Male,49.0,4.0,0.0,1.0,1.0,1.0,190296.76,1.0
807.0,France,Female,31.0,1.0,93460.47,2.0,0.0,0.0,172782.69,0.0
621.0,France,Male,34.0,6.0,0.0,2.0,1.0,1.0,99128.13,0.0
651.0,Germany,Female,24.0,7.0,40224.7,1.0,1.0,1.0,178341.33,0.0
673.0,France,Female,43.0,5.0,68939.73011237728,1.0,1.0,1.0,146992.24,1.0
652.0,France,Male,36.0,1.0,0.0,2.0,1.0,1.0,151314.98,0.0
584.0,Germany,Male,47.0,7.0,130538.77,1.0,1.0,0.0,92915.84,0.0
660.8831326632072,France,Male,43.09576051881349,5.271235881849607,132623.6,1.0,1.0,1.0,58974.0,0.0
692.6654970185797,France,Female,35.0,3.0,103465.02,1.189300274379817,1.0,1.0,174627.06,0.0
765.0,France,Female,50.0,9.0,126547.8,1.0,1.0,1.0,79579.94,1.0
528.0,France,Male,30.0,2.0,128262.72,2.0,1.0,0.0,50771.16,0.0
701.0,France,Male,40.0,5.0,169742.64,2.342710138014739,1.0,1.0,111900.50356015505,1.0
797.0,France,Female,29.0,1.0,31648.616585807697,2.0,1.0,1.0,132975.39,0.0
639.0,Germany,Male,27.0,3.0,150795.81,1.0,0.0,1.0,85208.93,0.0
785.0,Spain,Male,45.62551277283111,4.0,53105.38377808336,1.477883728592024,1.0,0.0,170214.82,1.0
363.0,Spain,Female,28.0,6.0,146098.43,3.0,1.0,0.0,100615.14,1.0
764.0,France,Female,24.0,7.0,0.0,2.0,1.0,0.0,103244.74336477184,0.0
676.0,France,Female,43.0,2.0,0.0,1.0,1.0,1.0,55119.53,0.0
718.0,Germany,Male,28.0,4.0,65643.3,1.0,1.0,0.0,28760.99,0.0
590.0,Spain,Female,34.0,6.0,0.0,2.0,1.0,0.0,171021.44,0.0
584.0,France,Male,38.0,9.0,96824.72657875739,1.0,1.0,0.0,176678.72,0.0
645.0,France,Male,41.0,5.181766633345301,0.0,1.0,0.0,0.0,28667.56,0.0
772.0,Germany,Male,30.0,6.0,99785.28,2.0,0.0,0.0,197238.03,0.0
627.2919097429982,Germany,Male,46.0,2.0,127655.22,1.0,1.0,0.0,139994.68,1.0
529.0,France,Male,22.0,5.0,0.0,1.0,1.0,0.0,151169.83,0.0
463.0,France,Male,35.0,2.0,101257.16,1.0,1.0,1.0,118113.64,0.0
630.0,France,Female,40.0,7.0,0.0,2.0,1.0,1.0,34453.17,0.0
780.0,France,Male,46.05939966591915,10.0,121313.88,1.3229404336734993,1.0,1.0,64872.33,0.0
639.7199963498111,Spain,Male,32.0,5.0,0.0,2.0,1.0,0.0,10956.82,0.0
752.0,Germany,Male,30.0,4.0,81523.38,1.525026661106381,1.0,1.0,36885.85,0.0
697.0,France,Female,47.0,6.0,128252.66,1.0,1.0,1.0,168053.4,0.0
850.0,France,Female,32.0,7.0,0.0,2.0,0.0,0.0,91241.48217343928,0.0
711.0,France,Male,46.864022666799485,3.9902942043853264,0.0,3.0,1.0,1.0,38409.79,1.0
452.0,France,Female,32.0,5.0,0.0,2.0,0.0,1.0,75279.39,0.0
610.0,Spain,Male,42.0,6.0,0.0,2.0,1.0,0.0,158302.59,1.0
694.0,France,Female,22.0,4.0,0.0,2.0,1.0,1.0,11525.72,0.0
664.6426008649572,Spain,Male,33.0,6.0,113356.69993953634,1.570433922762768,1.0,0.0,94993.04,1.0
745.0,Spain,Female,54.0,8.0,0.0,1.0,1.0,0.0,173912.29,1.0
572.0,France,Male,33.0,5.0,0.0,1.0,0.0,1.0,41139.05,0.0
505.0,Germany,Female,29.0,3.0,145541.56,2.0,1.0,1.0,58019.95,0.0
706.0,France,Female,23.0,5.0,0.0,1.0,0.0,0.0,164128.41,1.0
693.0,Germany,Male,44.0,5.0,115998.60065467397,2.0,1.0,1.0,46998.13,1.0
725.0,Germany,Female,33.0,7.0,115182.84,2.0,1.0,1.0,92546.54645997065,0.0
791.0,France,Male,37.0,2.0,163789.49,2.0,1.0,1.0,75832.53,0.0
536.0,France,Male,46.0,1.0,65733.41,1.0,1.0,0.0,61094.53,0.0
699.0,Spain,Male,47.0,1.0,0.0,2.0,0.0,1.0,30117.44,0.0
500.0,Spain,Female,47.0,8.0,128486.11,1.0,1.0,0.0,179227.12,0.0
707.0,Spain,Female,53.0,3.7610500829208218,109663.47,1.0,1.0,1.0,52110.45,0.0
531.0,Germany,Female,42.0,6.0,88324.31,2.0,1.0,0.0,75248.75,0.0
557.0,France,Female,28.0,7.0,27098.739221372645,2.0,1.0,0.0,184317.74,0.0
659.0,France,Female,38.0,3.0,0.0,1.764127952682902,1.0,0.0,158553.1,0.0
575.0,Spain,Female,31.0,6.0,0.0,2.0,1.0,1.0,95686.42,0.0
775.0,Germany,Male,36.0,2.0,109949.05,2.0,0.0,1.0,71682.54,0.0
772.0,Spain,Male,30.0,4.0,78653.05,1.0,1.0,0.0,1790.48,0.0
587.0,Germany,Male,46.0,9.0,107850.82,1.3834412731509502,1.0,0.0,139431.0,1.0
667.0,Germany,Female,34.64445131962738,4.0,83765.35,2.0,1.0,0.0,118358.54,0.0
771.0,France,Female,66.0,7.0,143773.07,1.060653207185385,1.0,1.0,69975.00378921731,0.0
523.0,France,Male,63.0,5.15883089922538,92396.9213743301,1.0,1.0,1.0,119404.63,0.0
662.0,Germany,Male,33.0,0.0,103471.52,1.0,1.0,1.0,162703.0,0.0
717.0,France,Male,42.0,5.0,0.0,2.0,1.0,0.0,172665.21,0.0
659.6508968242762,France,Male,24.0,3.0,137492.35,2.0,0.0,1.0,170142.09,0.0
569.0,France,Male,28.0,7.0,0.0,1.8137153337556347,1.0,0.0,73977.23,0.0
579.0,France,Male,43.06853987295515,9.0,129829.59,1.34042002495965,1.0,1.0,60906.12,0.0
519.0,France,Female,21.0,1.0,146329.57,2.0,1.0,1.0,194867.27,0.0
696.0,Germany,Male,30.0,4.0,114027.7,1.0,1.0,1.0,193716.56,0.0
693.0,Germany,Male,35.56814499570316,6.0,146580.69,1.0,1.0,1.0,14633.35,0.0
587.0,Germany,Female,38.0,0.0,132122.42,2.0,0.0,0.0,31730.32,0.0
626.0,France,Female,45.40661725617128,10.0,81553.93,1.0,1.0,0.0,20063.63,1.0
666.0,France,Female,66.0,7.0,0.0,2.0,1.0,1.0,99792.82,0.0
512.0,France,Male,24.0,6.0,0.0,2.0,1.0,0.0,37654.31,0.0
689.0,Spain,Female,28.0,3.0,0.0,2.0,1.0,1.0,192449.02,0.0
803.0,France,Female,26.0,4.0,0.0,2.0,1.0,1.0,181208.47,0.0
548.0,Germany,Male,32.0,5.314349827659209,175214.71,1.0,1.0,1.0,155165.61,0.0
588.0,Germany,Female,46.14181669991797,4.979798589029701,125534.51,1.0,1.0,0.0,121504.18,1.0
693.0,France,Male,68.0,4.0,97705.99,1.0,1.0,1.0,61569.07,0.0
499.0,Germany,Female,55.0,4.0,126817.65,2.0,1.0,0.0,123269.71,0.0
628.0,France,Female,46.0,1.0,46870.43,4.0,1.0,0.0,31272.14,1.0
624.0,Spain,Male,46.0,3.0,0.0,1.779675677127523,1.0,1.0,114032.21636820411,0.0
733.0,France,Male,42.0,9.0,120094.93,1.0,1.0,1.0,184056.45,0.0
628.0,France,Female,38.0,3.0,0.0,2.0,1.0,1.0,48924.73,0.0
633.0,France,Female,33.0,3.0,0.0,2.0,1.0,0.0,191111.02,0.0
559.0,Germany,Female,36.0,1.0,104356.94,2.0,0.0,1.0,54184.06,0.0
704.0,Germany,Male,27.0,5.0,147004.34,1.4251687372559445,1.0,0.0,64381.33,1.0
744.0,Germany,Male,33.96828514535687,6.0,73023.17,2.0,1.0,0.0,78770.86,0.0
665.0,Spain,Male,40.0,1.0,173432.55,1.0,1.0,1.0,116766.79,0.0
638.0,France,Female,42.0,7.0,165679.92,1.0,0.0,0.0,32916.29,0.0
837.0,Spain,Male,31.0,9.0,104678.62,1.0,1.0,1.0,50972.6,0.0
534.0,France,Female,55.0,5.599920187528644,116973.26,3.0,1.0,0.0,122066.5,1.0
548.0,France,Female,36.0,3.0,0.0,1.0,1.0,0.0,65996.9,0.0
837.0,Germany,Male,38.0,2.0,126732.85,1.0,1.0,1.0,79577.38,0.0
658.0,France,Female,44.0,6.0,148481.09,1.1628696075618736,1.0,0.0,130529.13,0.0
554.0,France,Female,38.0,4.0,137654.05,2.0,1.0,1.0,172629.67,0.0
724.0,Germany,Male,30.0,7.0,115315.04,1.0,1.0,0.0,15216.53,0.0
723.0,France,Male,42.0,2.0,99095.73,1.0,1.0,1.0,17512.53,0.0
585.0,Germany,Female,39.0,7.0,119625.89707686413,2.0,0.0,1.0,131852.01,0.0
474.0,France,Male,33.0,5.0,0.0,2.0,1.0,0.0,181945.52,1.0
562.0,Spain,Male,32.0,6.0,161628.66,1.3003614180437446,1.0,1.0,91482.5,0.0
719.0,France,Male,32.0,9.0,146605.27,1.0,1.0,1.0,77119.45,0.0
635.0,Germany,Male,37.0,5.0,113488.68,1.0,1.0,0.0,95611.74,1.0
678.7277261292833,France,Male,42.0,7.0,77002.2,1.285732022325248,1.0,1.0,80428.42,0.0
668.843879330745,Spain,Male,40.41988848239098,7.0,42477.94404080457,2.0,1.0,1.0,121841.3526030916,0.0
521.0,France,Female,39.0,6.0,0.0,2.0,0.0,1.0,27375.15,0.0
741.0,Spain,Male,46.149188670357994,4.0,15515.888188913827,2.0,1.0,1.0,73873.65,0.0
790.0,Spain,Male,46.0,8.0,182364.53,1.1131086187931079,0.0,0.0,139266.48,1.0
622.0,France,Male,35.0,8.0,43258.426700066964,2.0,1.0,1.0,131772.51,0.0
669.0,France,Male,35.258118149316736,7.0,149364.58,1.0,1.0,1.0,173454.07,0.0
583.0,France,Male,59.0,7.0,127450.14,1.0,0.0,1.0,67552.71,0.0
520.0,Spain,Female,42.47060216210815,5.0,162278.32,1.0,1.0,1.0,34765.33,0.0
579.0,Spain,Male,37.0,5.0,152212.88,2.0,0.0,0.0,104177.91936352948,0.0
698.0,Spain,Male,39.0,9.0,161993.89,1.0,0.0,0.0,90212.38,0.0
548.0,Spain,Male,39.0,7.0,131468.44,1.0,1.0,0.0,164975.82,0.0
672.0,Germany,Male,40.0,10.0,102980.44,1.0,1.0,0.0,1285.81,1.0
653.0,Germany,Male,31.0,9.0,143321.97,1.0,1.0,0.0,89672.36423950481,0.0
734.0,Spain,Female,37.0,2.0,130404.92,1.0,0.0,0.0,34548.74,0.0
794.0,France,Female,41.0,7.0,0.0,2.0,1.0,1.0,74275.08,0.0
641.0,France,Male,30.0,2.0,87505.47,2.0,0.0,1.0,7278.57,0.0
824.0,France,Male,30.0,0.0,133634.02,1.0,1.0,1.0,162053.92,0.0
534.0,Spain,Female,33.0,3.0,151233.62,1.0,0.0,0.0,199336.63,0.0
653.0,Spain,Male,55.0,2.0,70263.83,1.0,0.0,1.0,62347.71,0.0
498.0,France,Male,34.0,5.0,30462.989681604493,2.0,1.0,1.0,91711.66,0.0
683.0,France,Male,30.0,4.848549150579913,57657.49,1.0,0.0,0.0,79240.9,0.0
618.0,Germany,Male,42.0,8.0,153572.31,2.0,1.0,1.0,113113.25075883957,0.0
538.0,France,Male,37.0,4.6215032393367625,134752.08,1.0,1.0,0.0,162511.55,0.0
643.0,Spain,Male,34.0,3.0,83132.09,1.0,1.0,1.0,21360.88,0.0
428.0,France,Female,31.0,2.0,0.0,2.0,1.0,0.0,54487.43,0.0
593.0,Germany,Female,44.0771999946557,9.0,134096.53,2.0,1.0,0.0,53931.05,1.0
718.0,France,Female,31.0,0.0,118100.59,2.0,1.0,0.0,103165.15,0.0
629.9308651025896,France,Male,52.0,10.0,76915.4,1.0,0.0,0.0,94406.13397769064,1.0
823.0,Spain,Female,46.0,3.0,81576.75,1.3092804615078084,1.0,1.0,28370.95,1.0
645.0,Spain,Male,49.0,4.80698209575185,0.0,2.0,0.0,1.0,10023.15,0.0
710.0,Germany,Male,33.0,10.0,118327.17,2.0,1.0,1.0,90211.65889534939,0.0
591.0,Spain,Male,37.045175930056374,8.0,124857.69,2.0,0.0,0.0,50485.7,0.0
748.0,Germany,Female,27.0,2.0,90971.85,1.0,1.0,1.0,131662.47,0.0
850.0,France,Male,37.0,7.0,153147.75,1.0,1.0,1.0,152235.3,0.0
542.0,France,Male,38.0,8.0,65942.26,1.0,1.0,1.0,68093.23,1.0
809.0,France,Male,38.0,3.0,0.0,2.0,1.0,1.0,80061.31,0.0
675.0,France,Male,54.0,2.0,0.0,1.0412174059117183,1.0,0.0,149583.67,1.0
607.0,Spain,Female,27.0,5.0,100912.19,1.0,0.0,0.0,7631.27,0.0
850.0,France,Female,31.0,4.0,0.0,2.0,1.0,1.0,33082.81,0.0
789.0,France,Male,37.0,3.0,0.0,1.0,1.0,0.0,121883.87,1.0
598.0,France,Female,47.69331283248286,4.633250204747233,0.0,3.0,1.0,1.0,100722.72,1.0
756.0,Germany,Male,41.0,2.0,124439.49,2.0,0.0,1.0,47093.11,0.0
687.0,France,Female,47.0,7.0,0.0,1.7943702173644864,1.0,1.0,177624.01,0.0
724.0,France,Male,40.0,6.0,31884.775416910034,2.0,0.0,0.0,106149.48,0.0
700.0,France,Female,44.0,2.0,58781.76,1.5235946786711925,1.0,0.0,16874.92,0.0
603.1057709837634,Spain,Male,42.45370935173381,7.0,159453.64,2.0,1.0,0.0,54560.79,1.0
687.0,Germany,Male,26.0,2.0,142721.52,1.0,1.0,1.0,153605.75,0.0
613.0,France,Female,46.0,8.0,167795.6,1.0,0.0,1.0,44390.38,0.0
781.0,France,Female,38.0,3.0,128345.69,2.0,1.0,0.0,63218.85,0.0
703.0,Spain,Male,20.0,3.0,165260.98,1.0,1.0,1.0,41626.78,0.0
593.0,Germany,Male,62.0,3.0,118233.81,1.0,0.0,0.0,24765.53,1.0
743.0,France,Female,40.0,6.0,0.0,1.0,1.0,0.0,28280.8,1.0
640.0,Spain,Female,35.1472725525379,8.0,0.0,2.0,1.0,0.0,89043.19,0.0
849.0,Germany,Male,34.42274498662427,7.0,143452.74,2.0,1.0,0.0,96043.71186325767,0.0
778.0,France,Male,38.0,3.0,32229.470497711947,2.0,1.0,1.0,126702.41,0.0
539.0,Germany,Female,38.0,8.0,82407.51,1.0,1.0,0.0,13123.41,0.0
489.0,France,Male,28.0,1.0,79460.98,1.2493102105769873,1.0,1.0,167973.63,0.0
568.0,Spain,Female,43.0,9.0,0.0,1.0,1.0,0.0,125870.79,1.0
638.9894022616324,Spain,Male,36.68609759460427,5.0,126473.99,1.0,1.0,0.0,91972.49,0.0
710.0,Germany,Female,30.0,5.687853351536588,133537.1,1.4801362162095035,1.0,0.0,155593.74,0.0
625.0,France,Male,52.0,5.0,164978.01,1.0,1.0,1.0,107267.74208054031,0.0
682.0,Spain,Male,46.0,7.0,128029.72,1.2098346517941967,1.0,1.0,62615.35,0.0
727.0,Spain,Male,43.0,2.0,97403.18,1.3248343473910078,1.0,1.0,107415.02,1.0
583.8804442339565,France,Male,41.0,7.0,176845.41,3.0,1.0,0.0,166526.26,1.0
652.0,Spain,Male,71.0,4.0,99830.94006564507,1.0,1.0,1.0,120107.1,0.0
670.0,Spain,Male,42.0,3.0,81589.04,1.0,1.0,0.0,188227.8,0.0
460.0,Germany,Female,40.0,6.0,119507.58,2.0,1.0,0.0,91560.63,1.0
568.0,Spain,Female,26.0,6.0,0.0,2.0,0.0,0.0,166495.2,0.0
643.0,France,Male,30.0,5.0,94443.77,1.0,1.0,1.0,165614.4,0.0
521.0,France,Male,37.0,2.0,0.0,1.8644328794395282,1.0,1.0,86372.24,0.0
615.0,France,Male,32.0,7.0,92199.84,1.0,1.0,1.0,2755.53,0.0
575.0,Spain,Male,43.0,3.0,0.0,1.0,1.0,0.0,83594.51,0.0
717.0,France,Female,41.0,3.0,135756.96,1.0,1.0,1.0,103706.41,0.0
648.0,France,Female,54.0,9.0,120633.42,1.0,0.0,0.0,5924.38,1.0
535.0,Germany,Male,48.0,5.0,134542.73,1.0,1.0,0.0,58203.67,1.0
626.0,Spain,Male,35.07235703650913,7.0,0.0,2.0,1.0,0.0,103727.20874043478,0.0
611.0,Spain,Male,52.0,7.0,0.0,1.0,0.0,1.0,73585.18,1.0
734.0,Spain,Male,39.0,4.706716242410329,0.0,1.8474001179723278,1.0,1.0,102185.72340127303,0.0
709.0,France,Male,49.0,4.0,154344.49,2.0,1.0,1.0,113170.40514658438,0.0
591.0,France,Male,43.0,3.0,0.0,2.0,0.0,1.0,93864.40234001589,0.0
664.0,France,Male,43.0,9.0,189026.53,2.0,1.0,1.0,103033.2046269064,0.0
431.0,France,Male,37.0,0.0,120764.08,1.0,1.0,1.0,117023.08,0.0
647.0,Germany,Female,22.0,3.0,97975.82,2.0,0.0,1.0,62083.0,0.0
578.0,France,Male,32.0,4.0,0.0,2.0,1.0,1.0,141822.8,0.0
555.0,France,Male,39.60129411549029,5.7201696314007835,33683.32850930036,2.0,1.0,1.0,185387.14,0.0
775.0,Spain,Male,30.0,4.0,0.0,2.0,1.0,1.0,57461.13,0.0
850.0,Germany,Male,39.0,4.510877422421409,124548.99,2.0,1.0,1.0,114325.29724090477,0.0
625.0,Spain,Male,43.0,8.0,201696.07,1.0,1.0,0.0,115327.11937761941,1.0
645.0,Spain,Female,37.0,7.0,0.0,2.0,1.0,0.0,13589.93,0.0
668.3594581377159,Germany,Male,44.0,7.0,114203.47,1.0,1.0,1.0,103663.92666476172,1.0
689.0,Spain,Female,31.0,4.0,0.0,2.0,1.0,1.0,136610.02,0.0
637.0992928925838,Germany,Male,45.41061909181002,8.0,125437.64,1.0,1.0,1.0,17160.94,1.0
769.0,France,Female,26.0,7.0,0.0,2.0,1.0,0.0,176843.53,0.0
611.0,France,Female,43.0,5.123241121145846,64897.75,1.0,1.0,0.0,114996.33,0.0
489.0,France,Male,38.0,8.0,40633.97955566337,2.0,0.0,1.0,196990.79,0.0
528.0,Germany,Female,46.0,9.0,135555.66,1.0,1.0,0.0,133146.03,1.0
632.0,France,Male,44.0,3.0,107764.75,1.0,1.0,0.0,185667.72,0.0
429.0,France,Female,27.0,6.0,117307.44,2.0,1.0,1.0,24020.49,0.0
457.0,France,Male,41.0,5.1019155791073665,73700.12,3.0,1.0,1.0,141195.9301210002,1.0
768.0,Spain,Female,44.0,6.0,60603.4,1.0,1.0,1.0,178045.97,0.0
715.0,Spain,Female,39.45939100986663,4.0,20041.778506489132,2.0,1.0,1.0,199857.47,0.0
668.0,Germany,Female,32.0,10.0,92041.87,1.5034743076229329,1.0,1.0,43595.9,0.0
625.0,Germany,Male,26.0,3.0,120442.4280911871,1.0,1.0,0.0,122810.53,0.0
846.0,France,Female,41.0,5.0,0.0,3.0,1.0,0.0,3440.47,1.0
661.0,Spain,Female,42.0,3.0,0.0,2.0,1.0,0.0,35989.41,0.0
571.0,France,Female,23.0,10.0,151097.28,1.0,0.0,1.0,17163.75,0.0
582.0,Spain,Female,46.0,8.0,67563.31,1.0,1.0,0.0,44506.09,1.0
716.0,France,Female,35.0,8.0,112808.18,1.0,1.0,1.0,17848.3,0.0
758.0,France,Female,42.0,7.0,0.0,2.0,0.0,1.0,76209.56,0.0
725.0,France,Male,66.0,4.0,86459.8,1.0,1.0,1.0,141476.56,0.0
630.0,Germany,Female,40.0,0.0,118633.08,1.0,0.0,1.0,60032.46,1.0
627.0,France,Female,55.0,5.593430672387757,159441.27,1.580268016986947,1.0,0.0,100686.11,1.0
653.0,France,Female,27.0,9.0,0.0,2.0,1.0,0.0,96429.29,0.0
775.0,Germany,Female,38.0,3.366366490648854,118076.18692741723,2.0,1.0,0.0,15795.88,1.0
794.0,Spain,Male,42.094526195310756,8.0,88656.37,1.2886054493562042,1.0,1.0,116547.31,0.0
831.0,France,Female,32.0,2.0,146033.62,1.0,1.0,0.0,191260.74,0.0
561.0,France,Male,29.0,9.0,120268.13,1.0,1.0,1.0,173870.39,0.0
705.0,Spain,Male,46.0,5.172130005499203,20583.378725978386,2.0,1.0,0.0,117273.35,0.0
636.0,Spain,Female,43.661264952373074,0.0,0.0,1.0,1.0,0.0,92277.47,1.0
487.0,Germany,Female,46.0,4.0,135070.58,2.0,1.0,1.0,44244.49,1.0
693.0,France,Female,38.0,3.0,0.0,2.0,0.0,0.0,78133.48,1.0
517.0,Spain,Female,29.0,5.352261488253455,0.0,2.0,1.0,0.0,103402.88,0.0
684.0,France,Female,27.0,9.0,122550.05,2.0,0.0,1.0,137835.82,0.0
620.0,Spain,Female,43.0,2.0,0.0,2.0,1.0,0.0,93979.20391946791,0.0
757.0,France,Male,29.0,8.0,130306.49,1.0,1.0,0.0,77469.38,0.0
739.0,France,Female,27.0,6.0,0.0,1.0,1.0,1.0,57572.38,0.0
662.0,Spain,Female,41.0,4.0,90350.77,1.0,1.0,0.0,75884.65,1.0
359.0,France,Female,47.33239724814104,6.0,40531.74694250747,1.0,1.0,0.0,146955.71,1.0
572.0,Spain,Male,35.620911953820624,2.0,126873.52,1.0,0.0,1.0,67040.12,0.0
721.0,France,Male,69.0,6.0999486039380155,119999.13400791852,1.2609323806046722,1.0,1.0,125030.28639550088,0.0
707.0,France,Male,32.0,9.0,0.0,2.0,0.0,0.0,30807.02,0.0
444.0,France,Female,40.0,5.0,84350.07,1.0,1.0,0.0,143835.76,0.0
523.0,France,Female,73.0,7.0,0.0,2.0,0.0,0.0,130883.9,1.0
685.0,Germany,Female,30.0,4.0,84958.6,2.0,1.0,1.0,194343.72,0.0
673.0,Germany,Female,29.0,4.0,99097.36,1.0,1.0,1.0,9796.69,0.0
503.0,Germany,Male,30.0,10.0,136622.55,2.0,0.0,0.0,47310.24,0.0
485.0,Germany,Female,30.0,4.1568372982450095,156771.68,1.0,1.0,1.0,141148.21,0.0
799.0,Germany,Male,36.28824283816782,7.0,167658.33,2.0,1.0,1.0,111138.25,0.0
585.0,Spain,Female,33.0,8.0,0.0,2.0,1.0,0.0,114182.07,0.0
607.0,Germany,Female,24.0,2.0,109483.54,1.5994140207599774,0.0,1.0,127560.77,0.0
654.8242458740394,Germany,Female,40.0,9.0,134504.78,1.0,1.0,0.0,18082.06,1.0
535.0,France,Male,44.0,4.9346545550952365,114427.86,1.0,1.0,1.0,136330.26,0.0
724.0,Spain,Male,45.0,5.0,83888.54,1.0,0.0,1.0,105597.52232637766,0.0
520.0,Germany,Male,32.0,5.0,110029.77,1.0,1.0,0.0,56246.69,0.0
696.0,Spain,Male,41.0,9.0,97647.53365253535,1.0,1.0,1.0,191417.42,0.0
657.0,Germany,Male,30.0,1.0,139762.13,2.0,1.0,1.0,23317.88,0.0
603.0,Spain,Female,42.0,8.0,91611.12,1.0,0.0,0.0,144675.3,1.0
726.0,France,Female,42.0,2.0,109471.79,1.0,0.0,1.0,175161.05,0.0
591.0,France,Female,39.0,4.0,150500.64,1.0,1.0,0.0,14928.8,0.0
792.0,Germany,Female,59.0,9.0,101609.77,0.8394000104956426,0.0,0.0,161479.19,1.0
550.0,France,Male,57.0,5.0,0.0,1.0,1.0,1.0,133501.94,0.0
601.0,France,Female,26.0,8.0,78892.23,1.0,1.0,1.0,23703.52,0.0
820.0,France,Female,29.0,3.0,82344.84,1.0,0.0,1.0,115985.38,0.0
667.0,France,Male,35.00683204509449,2.0,0.0,1.0,1.0,0.0,43229.2,0.0
573.0,Spain,Female,44.0,5.118684466211216,0.0,1.0,1.0,1.0,94862.93,0.0
755.0,France,Male,62.0,5.820903070148931,127706.33,1.2562873917277648,1.0,1.0,142377.69,0.0
552.0,France,Female,41.0,9.0,124349.34,1.0,1.0,0.0,135635.25,0.0
598.0,France,Male,44.0,8.0,0.0,2.0,1.0,1.0,99506.66400493162,0.0
576.0,Germany,Male,28.0,1.0,119336.29,2.0,0.0,1.0,58976.85,0.0
670.0,France,Female,31.0,9.0,0.0,1.0,0.0,1.0,76254.83,0.0
504.0,France,Male,56.0,9.0,74629.3694031813,1.0,0.0,0.0,55857.48,1.0
778.0,France,Female,38.843398029719005,7.0,0.0,1.0,1.0,1.0,77867.23,0.0
558.0,France,Male,39.0,10.0,144757.02,1.0,1.0,0.0,22878.16,1.0
627.0,Spain,Male,44.0,6.0,102556.50547510345,1.0,1.0,1.0,114469.55,0.0
683.0,France,Male,36.343629854953065,8.0,0.0,1.0,1.0,0.0,93159.32649302378,0.0
556.0,France,Female,43.0,6.0,0.0,3.0,0.0,0.0,125154.57,1.0
583.0,France,Female,38.0,4.124422866925902,0.0,1.8773781650643027,0.0,1.0,113597.64,0.0
705.0,France,Female,24.0,7.0,100169.51,1.0,1.0,0.0,121408.55,0.0
637.0,France,Male,33.0,2.0,145731.83,1.0,0.0,1.0,109219.43,0.0
697.0,Spain,Female,56.0,5.0,110802.03,2.1648485711622385,1.0,1.0,105428.24719810535,1.0
555.0,Germany,Female,46.0,4.0,120392.99,1.0,1.0,0.0,177719.88,1.0
594.0,Germany,Female,26.0,6.0,135067.52,2.0,0.0,0.0,131211.86,0.0
632.0,Spain,Male,31.0,3.0,136556.44,1.0,1.0,0.0,82152.83,1.0
551.0,France,Female,38.0,10.0,0.0,2.0,1.0,1.0,216.27,0.0
687.0,France,Female,35.0,3.0,99587.43,1.0,1.0,1.0,1713.1,1.0
663.0874898759301,France,Female,53.0,7.0,97858.97270122096,1.0,1.0,1.0,98214.78549112867,0.0
521.0,Spain,Female,34.0,7.0,70731.07,1.058214079802848,1.0,1.0,20243.97,1.0
686.0,Germany,Male,35.0,2.0,109342.82,2.0,0.0,1.0,86043.27,0.0
639.0,Spain,Male,28.0,8.0,0.0,2.0,1.0,0.0,126561.07,0.0
850.0,France,Male,66.0,4.0,131379.50161613384,1.229758099660727,0.0,1.0,64350.8,0.0
465.0,France,Male,25.0,2.0,78247.31,2.0,1.0,1.0,10472.31,0.0
817.0,France,Female,55.0,10.0,80264.52908053566,1.0054639023597034,1.0,0.0,95941.55,1.0
578.0,France,Male,39.20507103719065,10.0,88980.32,1.0,1.0,1.0,125222.36,0.0
611.0,Spain,Male,37.82883218892007,4.0,0.0,1.8213719299029705,1.0,0.0,170950.58,0.0
616.0,Germany,Female,41.0,1.0,103560.57,1.0,1.0,0.0,236.45,1.0
517.0,France,Male,37.0,5.0,113308.84,1.0,0.0,1.0,31517.16,0.0
637.0,Spain,Female,40.77304626588425,6.0,38736.580181862424,2.0,1.0,1.0,181610.6,0.0
806.0,France,Female,32.0,3.0,63763.49,1.0,1.0,0.0,156593.09,0.0
633.0,France,Female,29.0,7.0,169988.35,1.0,1.0,0.0,111728.77308564745,0.0
624.0,Germany,Female,35.0,5.877819557220666,180303.24,1.437927123798412,1.0,0.0,163587.9,0.0
691.0,France,Male,52.0,5.158505923459482,0.0,1.7520289383780274,1.0,0.0,175843.68,0.0
819.0,France,Male,49.0,4.90218118989335,120656.86,4.0,0.0,1.0,166164.3,1.0
568.0,Germany,Female,31.0,1.0,61592.14,2.0,1.0,1.0,61796.64,0.0
806.0,France,Male,48.0,4.0,164701.68,1.0,1.0,1.0,75909.72606872159,0.0
726.0,Spain,Female,26.0,1.0,80780.16,1.0,1.0,1.0,19225.85,0.0
552.0,France,Male,36.0,8.0,0.0,2.0,0.0,0.0,132547.02,0.0
679.4714789963706,Germany,Female,30.0,6.0,154221.37,1.440653694749728,1.0,1.0,62688.55,0.0
634.0,France,Male,26.0,8.0,0.0,1.0,1.0,0.0,21760.96,0.0
756.0,France,Female,26.0,5.0,101641.14,2.0,0.0,1.0,154460.68,0.0
776.0,France,Male,37.0,5.0718650625648225,0.0,1.0,0.0,1.0,8065.0,0.0
649.0,France,Female,45.0,5.0,92786.66,1.0,1.0,0.0,173365.9,1.0
595.0,Germany,Male,40.48311218011332,8.0,131081.66,2.0,1.0,1.0,114539.85241458062,0.0
646.0,France,Male,38.261787059415134,5.0,98014.74,1.0,1.0,1.0,12757.14,0.0
592.0,France,Male,33.99777736293859,8.0,0.0,2.0,1.0,0.0,180426.2,0.0
574.0,France,Male,26.0,8.0,97460.1,1.0,1.0,1.0,43093.67,0.0
850.0,France,Male,36.0,1.0,104077.19,2.0,0.0,1.0,68594.0,0.0
850.0,Spain,Female,29.0,1.0,0.0,2.0,1.0,1.0,197996.65,0.0
475.0,France,Female,46.0,10.0,0.0,2.0,0.0,0.0,122953.0,1.0
642.0,France,Female,39.0,4.0,0.0,1.0,1.0,1.0,76821.24,0.0
642.3436388157452,Spain,Female,51.0,4.0,93656.95,1.0,0.0,0.0,141400.51,1.0
596.0,Spain,Male,46.16449472153216,6.0,121345.88,4.0,1.0,0.0,41921.75,1.0
609.0,France,Female,39.0,8.0,141675.23,1.0,0.0,0.0,98619.4971093938,0.0
797.0,France,Female,31.0,8.0,0.0,2.0,1.0,0.0,117916.63,0.0
504.0,Germany,Female,43.0,7.0,102365.49,1.0,1.0,0.0,97747.79009081952,1.0
631.5757953100559,France,Male,50.0,9.0,0.0,1.0,0.0,0.0,166677.35,1.0
680.0,Spain,Female,30.0,3.0,0.0,1.0,1.0,0.0,160131.58,0.0
449.0,France,Male,52.0,6.0,30342.565898418296,2.0,0.0,1.0,123622.0,0.0
685.0,Germany,Male,37.936477747554264,7.0,122208.70721376734,1.0,0.0,1.0,113483.96,0.0
569.0,Spain,Male,38.0,8.0,0.0,2.0,0.0,0.0,79618.79,0.0
631.0,France,Male,35.0,9.0,112392.45,2.0,1.0,0.0,24472.23,0.0
595.0,Germany,Female,25.0,7.0,106570.34,2.0,0.0,1.0,177025.79,0.0
461.0,France,Female,28.0,8.0,0.0,1.0,1.0,1.0,103349.74,0.0
630.0,France,Male,50.0,1.0,81947.76,1.0,0.0,1.0,63606.22,1.0
661.0,France,Female,31.0,7.0,144162.3,2.0,1.0,1.0,14490.79,0.0
796.0,Germany,Male,39.0,5.0,113403.7713372604,2.0,0.0,0.0,105080.53,0.0
710.0,France,Male,47.0,5.0,158623.14,1.0,0.0,0.0,83499.89,1.0
741.0,France,Male,32.0,8.0,0.0,2.0,1.0,0.0,143598.7,0.0
606.0,Germany,Male,48.0,4.0,132403.56,1.0,0.0,0.0,36091.91,1.0
747.0,France,Male,27.0,10.0,25147.08742069748,2.0,0.0,0.0,13007.89,0.0
549.0,Germany,Female,43.0,3.0,134985.66,1.0,1.0,0.0,6101.41,0.0
576.0,France,Male,38.77666738140983,6.0,0.0,2.0,1.0,1.0,48314.0,0.0
528.0,France,Male,37.0,6.0,103772.45,1.0,1.0,0.0,197111.99,0.0
646.934123503374,France,Male,33.0,2.0,133040.32,1.0,1.0,1.0,110299.78,0.0
575.0,Spain,Female,37.0,0.0,0.0,2.0,0.0,0.0,30114.32,0.0
656.0,France,Male,39.0,10.0,0.0,2.0,1.0,1.0,98894.64,0.0
440.0,France,Male,42.0,2.0,0.0,2.0,1.0,0.0,49826.68,0.0
629.7982249405894,Spain,Male,38.0,5.738553180033067,71460.67,2.0,1.0,1.0,10074.05,0.0
850.0,Spain,Male,39.0,6.0,133214.13,1.2343095914125846,0.0,1.0,113260.87241457996,0.0
646.0,France,Female,37.0,7.0,96558.66,1.0,0.0,0.0,163427.18,0.0
673.5232503015424,France,Male,54.0,5.158444143598699,93806.31,2.0,0.0,1.0,140068.77,0.0
710.0,Spain,Female,36.0,8.0,27356.748885089542,2.0,0.0,0.0,83206.19,0.0
544.0,France,Male,64.0,3.0,95870.60735143021,1.312996670811102,1.0,1.0,103327.04033590747,1.0
611.8177806773889,Germany,Male,52.0,5.0,131694.97,1.0,0.0,1.0,72455.44423858153,1.0
507.0,Spain,Female,37.15897799409416,6.0,0.0,2.0,0.0,1.0,94780.9,0.0
787.0,France,Female,35.0,1.0,106266.8,1.0,1.0,1.0,16607.15,0.0
668.0092154134654,Spain,Male,41.0,5.7706412249527,0.0,1.7792316521309135,1.0,1.0,161954.43,0.0
796.0,France,Male,51.0,6.0,0.0,2.0,0.0,1.0,194733.28,0.0
569.0,France,Female,35.87481681615314,4.0,139840.36,1.0,1.0,1.0,163524.7,0.0
711.0,France,Male,36.828877462963106,5.087396522231948,0.0,2.0,0.0,0.0,48260.19,0.0
661.0,France,Male,35.0,8.0,124098.54,1.2732368854956992,1.0,0.0,86678.48,0.0
415.0,France,Male,32.0,5.0,145807.59,1.0,1.0,1.0,3064.65,0.0
578.0,Spain,Male,23.0,8.0,0.0,2.0,1.0,0.0,112124.98,0.0
611.0,France,Female,26.0,2.0,107508.93,2.0,1.0,1.0,120801.65,0.0
600.0,France,Female,28.0,6.0,0.0,2.0,0.0,1.0,52193.23,0.0
661.0,Germany,Female,32.0,1.0,145980.23,1.0,0.0,1.0,56636.28,0.0
850.0,France,Female,37.0,3.0,212778.2,1.0,0.0,1.0,69372.88,0.0
573.0,Germany,Female,47.0,3.911747389848753,152522.47,1.0,0.0,1.0,164038.07,1.0
764.0,Spain,Female,33.0,9.0,168964.77,1.0,0.0,1.0,82737.07765309596,0.0
838.0,France,Female,34.0,8.0,0.0,2.0,1.0,0.0,27472.07,0.0
821.0,France,Male,28.0,8.0,0.0,1.0,1.0,1.0,36754.13,0.0
607.0,Spain,Female,36.0,4.0,98266.3,1.0,1.0,1.0,46416.36,0.0
558.0,France,Male,39.14782392442702,5.453796657239195,113000.92,1.0,1.0,1.0,152872.39,0.0
530.0,Germany,Female,23.0,1.0,137060.88,2.0,1.0,1.0,101725.28486766144,0.0
654.0,Germany,Male,37.0,5.0,112146.12,1.0,1.0,0.0,75927.35,0.0
530.0,France,Female,33.0,4.0,84700.73249999392,1.0,1.0,1.0,172930.28,0.0
656.0,Spain,Male,69.0,6.0,163975.09,1.0,1.0,1.0,36108.5,0.0
520.0,France,Male,43.0,7.0,0.0,2.0,1.0,1.0,36202.74,0.0
602.0,Germany,Female,42.0,6.0,158414.85,1.0,1.0,1.0,131886.46,0.0
646.8405589169744,Germany,Female,48.0,1.0,92072.68,1.0,1.0,1.0,133992.36,0.0
653.0,Spain,Female,30.0,5.383122724657585,88243.29,2.0,1.0,1.0,96658.26,0.0
668.0,France,Male,25.0,8.0,0.0,2.0,1.0,1.0,135112.09,0.0
652.0,France,Male,48.0,4.0,59486.31,1.0,1.0,0.0,163944.18,1.0
639.0,Spain,Female,54.0,4.464807323398178,0.0,2.0,1.0,1.0,53843.71,0.0
730.0,Spain,Female,52.0,7.0,0.0,2.0,0.0,1.0,122398.84,0.0
780.0,France,Male,34.0,1.0,0.0,1.0,1.0,1.0,64804.04,0.0
592.0,France,Female,38.0,8.0,119278.01,2.0,0.0,1.0,19370.73,0.0
628.0,France,Male,34.0,4.0,158741.43,2.0,1.0,0.0,126192.54,0.0
612.6717178967479,France,Female,40.0,7.0,140596.95,1.0,0.0,1.0,135459.02,1.0
850.0,Spain,Female,29.0,10.0,0.0,2.0,1.0,1.0,94815.04,0.0
515.0,France,Male,45.68832518573956,2.0,90432.92,1.0,1.0,1.0,188366.04,1.0
571.0,France,Female,35.0,1.0,104783.81,2.0,0.0,1.0,178512.52,0.0
760.0,Germany,Male,42.0,0.0,77992.97,2.0,1.0,1.0,97906.38,0.0
720.0,Germany,Female,43.0,10.0,110822.9,1.0,0.0,0.0,72861.94,0.0
632.0,Germany,Male,40.80340441225934,7.971386313408262,119624.6,2.0,1.0,1.0,195978.86,0.0
636.8756805912687,Germany,Female,31.0,6.0,109052.59,2.0,1.0,0.0,19448.93,1.0
559.0,Spain,Female,40.0,5.0,139129.44,1.0,0.0,1.0,32635.54,0.0
773.0,France,Female,42.0,8.0,152324.66,2.0,1.0,0.0,171733.22,0.0
581.0,France,Male,38.0,1.0,0.0,2.0,1.0,0.0,46176.22,0.0
617.1306382624311,Germany,Female,37.0,9.0,127480.58,2.0,1.0,0.0,179634.69,0.0
713.0,France,Male,44.04755701717546,6.0,115029.4,1.0,0.0,0.0,191521.32,1.0
676.0,France,Male,40.0,8.0,114005.78,1.0,1.0,1.0,67998.45,0.0
651.0,Germany,Female,42.0,1.0,116646.76,1.0,1.0,0.0,44731.8,1.0
717.0,Spain,Male,49.0,5.627249963039148,110864.38,1.4908565746018136,1.0,1.0,124532.9,0.0
594.0,France,Male,23.0,5.0,156267.59,1.0,1.0,0.0,160968.44,0.0
716.0,France,Female,44.0,3.0,109528.28,1.0,1.0,0.0,27341.63,1.0
668.0,France,Female,35.0,6.0,102482.76,1.0,1.0,1.0,53994.64,0.0
678.0,Germany,Male,39.72648794656446,10.0,116164.81504885595,1.0,1.0,1.0,91633.53,0.0
545.0,France,Male,23.0,2.0,0.0,2.0,1.0,0.0,189613.12,0.0
613.0,France,Male,40.0,9.0,95624.36,2.0,1.0,1.0,60706.33,0.0
687.0,Spain,Female,21.0,8.0,0.0,2.0,1.0,1.0,154767.34,0.0
715.0,France,Male,28.0,7.0,160376.61,1.0,0.0,0.0,196853.11,0.0
618.0,Germany,Male,41.0,8.0,121952.22873485452,1.7350205696158254,1.0,1.0,195775.48,0.0
721.0,France,Female,35.0,6.0,118273.83,1.0,0.0,1.0,3086.89,0.0
445.0,Germany,Female,37.34963892424931,7.0,131082.17,2.0,1.0,1.0,70618.0,0.0
690.0,France,Male,38.0,4.120318606480878,94456.0,2.0,0.0,1.0,55034.02,0.0
709.0,France,Female,43.0,8.0,0.0,2.0,0.0,0.0,168035.62,1.0
671.0,Spain,Female,42.0,3.0,30933.208975806963,2.0,1.0,1.0,128449.33,0.0
664.399352954453,France,Male,33.0,6.0,93791.38,1.0,1.0,1.0,199249.29,0.0
643.1242411511961,France,Female,33.0,4.0,0.0,2.0,1.0,0.0,149474.69,0.0
592.0,France,Female,37.0,7.0,0.0,2.0,1.0,1.0,126726.33,0.0
747.0,France,Male,61.0,4.981722573254621,155973.13,1.3694697472576256,0.0,1.0,147554.26,0.0
675.0,Germany,Male,36.23027168579168,7.0,89409.95,1.0,1.0,1.0,149399.7,0.0
647.1195783147699,Spain,Female,39.0,5.0,97854.37,2.0,1.0,0.0,93536.38,0.0
621.0,France,Male,39.0,6.0,0.0,2.0,1.0,1.0,58883.91,0.0
521.0,Spain,Male,29.0,3.0,60280.62,1.0,1.0,0.0,154271.41,0.0
591.0,Spain,Male,36.0,7.0,135216.8,1.0,1.0,0.0,122022.89,0.0
706.0,Germany,Female,28.0,6.0,124923.35,2.0,1.0,1.0,50299.14,0.0
677.0,France,Male,38.0,4.0,0.0,2.0,1.0,0.0,187800.63,0.0
769.0,France,Male,27.0,7.0,188614.07,1.3497376293913357,1.0,0.0,171344.09,0.0
771.0,France,Male,32.0,5.0,62321.62,1.0,1.0,1.0,40920.59,0.0
601.0,Germany,Female,48.0,8.0,120782.7,1.0,1.0,0.0,63940.68,1.0
670.0,France,Female,42.0,1.0,115961.58,2.0,0.0,1.0,29483.87,0.0
517.0,France,Male,28.0,2.0,115062.61,1.0,1.0,0.0,179056.23,0.0
834.0,France,Female,49.0,8.0,160602.25,2.0,1.0,0.0,90738.37906876349,0.0
571.0,France,Female,42.879186369944755,4.0,108825.34,3.0,1.0,0.0,55558.51,1.0
576.0,Germany,Female,36.0,8.0,166287.85,1.0,1.0,1.0,91830.27866927237,0.0
718.0,France,Female,31.0,1.0,152663.77,1.0,0.0,1.0,17128.64,0.0
636.0,Germany,Male,31.0,9.0,80844.69,2.0,1.0,1.0,74641.9,0.0
566.0,Germany,Female,40.0,2.0,97001.36,2.0,1.0,0.0,154486.01,0.0
711.0,France,Male,36.40749861247246,4.0,0.0,2.0,1.0,1.0,3185.67,0.0
574.0,France,Female,39.0,2.0,122524.61,2.0,1.0,0.0,88463.63,0.0
619.0,France,Female,35.0,8.0,132292.63,1.0,1.0,0.0,65682.93,0.0
588.0,France,Female,24.0,0.0,0.0,2.0,1.0,1.0,140586.08,0.0
760.0,Germany,Female,46.373121086246805,9.0,120096.4497428821,1.0,1.0,0.0,117232.9,1.0
665.0,France,Male,52.0,3.0,0.0,1.0,1.0,0.0,116137.01,1.0
739.0,Germany,Male,29.0,3.0,59385.98,2.0,1.0,1.0,105533.96,0.0
697.7383065424056,France,Male,77.0,5.096171744763796,0.0,3.0,1.0,1.0,81514.06,0.0
685.0,Germany,Female,34.72218088767078,6.0,97956.5,1.0,1.0,1.0,164966.27,0.0
594.0,France,Female,49.0,4.0,0.0,2.0,1.0,1.0,23631.55,0.0
557.0,Spain,Female,40.0,4.0,0.0,2.0,0.0,1.0,105433.53,0.0
697.0,France,Male,27.0,8.0,141223.68,2.0,1.0,0.0,90591.15,0.0
656.0,France,Male,18.0,10.0,151762.74,1.0,0.0,1.0,127014.32,0.0
712.0,Germany,Male,43.0,1.0,141749.74,2.0,0.0,1.0,90905.26,0.0
689.0,Spain,Male,38.0,5.0,75075.14,1.4263470751846115,1.0,1.0,8651.92,1.0
697.0,France,Female,25.0,4.0,165686.11,2.0,1.0,0.0,15467.98,0.0
589.0,France,Male,36.354048185484814,2.0,0.0,1.0,1.0,0.0,79915.28,0.0
525.0,Spain,Female,25.0,10.0,0.0,2.0,1.0,0.0,69361.95,0.0
680.0,France,Male,44.0,3.0,0.0,2.0,1.0,0.0,86935.08,0.0
617.0,France,Female,28.0,0.0,0.0,2.0,1.0,1.0,7597.83,1.0
680.0,France,Male,32.0,5.0,92961.61,1.0,1.0,0.0,116957.6,0.0
662.0,Spain,Female,30.0,9.0,0.0,2.0,0.0,1.0,157884.83,0.0
693.4758469951685,Germany,Male,47.041825032360585,5.0,130812.91,1.3570366572773294,1.0,0.0,86165.42581998091,1.0
639.1637667848938,Germany,Male,57.0,6.201405021826718,122792.9831333886,1.6176023962462138,1.0,1.0,126369.55,1.0
350.0,Germany,Male,54.0,1.0,152677.48,1.0,1.0,1.0,100178.36273452899,1.0
617.0,France,Male,33.99455113994214,3.0,132005.77,1.0,1.0,0.0,142940.39,0.0
562.0,France,Male,35.0,7.0,0.0,1.0,0.0,0.0,48869.67,0.0
705.0,Spain,Female,23.0,5.0,0.0,2.0,1.0,1.0,73131.73,0.0
516.0,France,Female,33.0,7.0,127305.5,1.0,1.0,1.0,94434.55327839163,0.0
573.0,France,Female,37.0,6.0,28498.503304732316,2.0,1.0,0.0,193995.37,0.0
538.0,Spain,Female,31.0,0.0,0.0,2.0,0.0,0.0,179453.66,0.0
699.0,France,Male,39.0,9.0,0.0,1.0,1.0,0.0,80963.92,0.0
504.0,Germany,Male,32.0,8.0,170291.22,2.0,0.0,1.0,15658.99,0.0
583.0,Spain,Male,47.0,5.0,102562.23,1.0,1.0,0.0,92708.1,0.0
712.0,Spain,Male,53.0,2.0,111061.01,2.0,0.0,0.0,74207.47865485566,0.0
626.0,Spain,Male,62.0,3.0,99553.89750498421,1.0,1.0,1.0,65010.74,0.0
670.6719591425655,France,Female,34.0,4.0,124379.14,1.0,1.0,0.0,106892.91,0.0
663.0,France,Female,37.0,7.0,0.0,1.0,1.0,1.0,185210.63,0.0
506.0,Germany,Female,41.0,3.0,57745.76,1.0,1.0,0.0,4035.46,0.0
570.0,Germany,Female,50.0,5.0,129293.74,1.0,1.0,0.0,177805.44,1.0
703.0,France,Male,45.0,7.0,0.0,1.8566106814065906,1.0,1.0,68831.72,0.0
698.0,Germany,Female,40.0,8.0,150777.1,1.0,1.0,0.0,114732.62,0.0
731.0,Spain,Male,41.0,4.0,0.0,2.0,1.0,0.0,22299.27,0.0
625.0,France,Male,34.0,6.0,0.0,2.0,0.0,0.0,197283.2,0.0
655.0162882860208,Spain,Male,31.0,9.0,119884.2036010107,1.2399359662980678,1.0,1.0,115016.37352311,0.0
616.0,France,Male,59.0,5.0,153861.1,1.0,1.0,1.0,93136.39810121928,0.0
645.7159048614199,France,Male,56.0,1.0,100374.58,1.0,1.0,0.0,118490.8,1.0
446.0,France,Male,32.0,8.0,0.0,2.0,0.0,0.0,133292.94,0.0
669.0,France,Female,47.0,9.0,61196.54,1.0,1.0,0.0,58170.24,0.0
581.0,Germany,Male,31.0,6.0,116891.72,1.0,1.0,0.0,107137.3,0.0
640.6339563306619,France,Male,45.80800993962541,6.0,87844.39532574527,3.0,1.0,0.0,145071.33,1.0
748.0,France,Male,44.0,4.1980302316795495,92911.52,1.0,0.0,1.0,85495.24,0.0
680.0,Spain,Male,31.0,9.0,24601.330168832057,2.0,1.0,1.0,101139.3,0.0
655.0,France,Female,37.0,7.0,111852.84,2.0,1.0,0.0,10511.13,0.0
690.0,Germany,Male,32.0,0.0,106683.52,2.0,1.0,1.0,137916.49,0.0
695.0,Germany,Male,40.0,7.0,139022.24,1.0,0.0,1.0,193383.13,0.0
700.0,Germany,Female,40.0,4.0,148571.07,1.0,1.0,0.0,189826.96,1.0
773.0,France,Male,52.0,4.0,0.0,1.0,0.0,1.0,144113.42,0.0
634.526652035962,France,Male,42.0,1.0,129776.72,2.0,1.0,1.0,143538.51,0.0
611.0,France,Female,46.0,5.0,0.0,1.0,1.0,0.0,77677.14,1.0
606.0,Spain,Female,46.0,8.0,0.0,2.0,1.0,0.0,183717.94,0.0
554.0,France,Male,24.0,10.0,106466.5171116936,1.0,0.0,0.0,92180.62,0.0
567.0,France,Female,37.0,7.0,0.0,2.0,1.0,0.0,28690.9,0.0
559.0,Spain,Male,24.0,3.0,62516.46217058185,1.0,1.0,0.0,85891.02,1.0
594.0,Germany,Male,41.0,2.0,115781.25592855886,2.0,1.0,1.0,42050.24,0.0
513.0,France,Female,37.0,6.0,0.0,2.0,1.0,0.0,110142.34,0.0
652.0,Germany,Female,26.0,1.0,131908.35,1.0,1.0,1.0,179269.79,0.0
680.0,Germany,Female,42.0,7.0,105722.69,1.242912029762932,1.0,1.0,90558.24,1.0
634.15062768347,Spain,Male,35.46789475036265,10.0,126289.2728769862,1.229580485946563,1.0,0.0,162022.47,0.0
812.0,Spain,Female,37.91441493168568,8.0,0.0,3.0,1.0,1.0,81961.97521448838,0.0
784.0,Spain,Female,40.0,8.0,0.0,2.0,1.0,0.0,108891.3,0.0
570.0,France,Female,18.0,4.0,82767.42,1.0,1.0,0.0,71811.9,0.0
712.0,France,Female,42.0,1.0,87842.98,1.0,0.0,0.0,92223.59,0.0
705.0,Spain,Male,46.49898376246147,6.0,133261.13,1.2131026621802965,1.0,1.0,78065.9,0.0
681.0,Spain,Female,32.0,3.0,0.0,2.0,1.0,1.0,59679.9,0.0
620.0,France,Male,41.0,0.0,81786.93226061983,1.0,1.0,0.0,85000.32,0.0
711.0,France,Male,52.0,5.0,0.0,1.0,1.0,1.0,159808.95,0.0
613.0,France,Female,24.0,7.0,140453.91,1.0,1.0,0.0,129001.3,0.0
613.0,Germany,Female,20.0,0.0,117356.19,1.0,0.0,0.0,113557.7,1.0
682.0,Spain,Male,36.0,5.0,33650.86218469066,2.0,1.0,1.0,147758.51,0.0
850.0,Spain,Male,37.0293894981734,4.0,137204.77,1.0,1.0,1.0,28865.59,0.0
601.0,France,Female,41.0,1.0,0.0,2.0,0.0,1.0,160607.06,0.0
595.0,Spain,Male,35.0,8.0,0.0,1.0,1.0,0.0,100015.79,1.0
675.0,Spain,Male,36.0,3.0,54098.18,2.0,0.0,1.0,54478.52,0.0
591.0,Spain,Male,31.0,8.0,0.0,1.0,1.0,1.0,90750.59666094746,0.0
602.0,France,Male,23.0,7.0,113758.48,2.0,0.0,0.0,84077.6,0.0
554.0,Spain,Female,34.0,8.0,0.0,1.0,0.0,1.0,106981.03,0.0
541.0,France,Male,37.0,9.0,118636.92,1.0,1.0,1.0,91630.18878824289,0.0
506.0,France,Male,34.0,7.0,0.0,2.0,0.0,0.0,115842.1,0.0
690.0003804525217,Germany,Male,44.0,5.042722641854885,95488.82,2.0,0.0,1.0,107013.59,0.0
683.0,France,Male,30.0,8.0,110829.52,2.0,0.0,0.0,24938.84,0.0
485.0,France,Male,51.0,7.0,144244.59,2.0,1.0,0.0,51113.14,0.0
696.0,Germany,Male,35.69157790022691,8.0,122021.92,2.0,1.0,0.0,108173.89499828516,0.0
608.0,France,Female,37.67050168978358,8.0,0.0,2.0,1.0,1.0,128875.86,0.0
703.1894412683154,France,Male,44.56295479483596,6.507364439697904,126800.60848976487,1.2843502954283066,1.0,1.0,194700.81,0.0
686.0,Spain,Male,22.0,5.0,0.0,2.0,1.0,0.0,158974.45,0.0
790.0,Germany,Male,42.0,1.0,85839.62,1.0,1.0,0.0,198182.73,0.0
654.0,France,Female,29.0,4.0,96974.97,1.0,0.0,1.0,141404.07,0.0
452.0,France,Male,35.0,4.0,148172.44,1.0,1.0,1.0,4175.68,0.0
719.0,Spain,Male,38.0,0.0,0.0,1.0,1.0,0.0,126876.47,0.0
707.0,France,Female,40.0,5.0,0.0,2.0,1.0,0.0,41052.82,0.0
699.0,France,Female,49.0,2.0,0.0,1.0,0.0,0.0,105760.01,0.0
850.0,Spain,Male,30.0,2.0,41206.295085724305,2.0,0.0,1.0,27937.12,0.0
828.0,Spain,Male,28.0,8.0,134766.85,1.0,1.0,0.0,79355.87,0.0
850.0,Germany,Male,30.0,5.0,123210.56,1.4986397339339248,1.0,1.0,120458.77578446534,0.0
712.0,France,Male,47.0,5.841722422224764,139887.01,1.0,1.0,1.0,95719.73,0.0
634.0,France,Male,44.0,9.0,149961.11,1.0,1.0,0.0,57121.51,0.0
730.0,Germany,Male,45.0,4.518782330960619,152880.97,1.0,0.0,1.0,162478.11,0.0
685.0,Germany,Male,43.0,9.0,108589.47,2.0,0.0,1.0,194808.51,0.0
809.0,Spain,Male,33.0,9.0,0.0,1.0,1.0,1.0,124045.65,0.0
707.0,Spain,Female,35.0,3.0,56674.48,1.0,1.0,0.0,17987.4,1.0
648.0,Spain,Male,32.0,8.0,96155.35311346149,1.0,1.0,0.0,133653.38,0.0
760.0,Spain,Female,57.0,1.0,0.0,2.0,1.0,1.0,49412.7535873208,0.0
805.0,Germany,Female,33.0,3.0,105663.56,2.0,0.0,1.0,33330.89,0.0
585.0,France,Female,39.0,7.0,0.0,2.0,1.0,0.0,2401.26,0.0
595.0,Spain,Female,30.0,5.0,100683.54,1.0,1.0,1.0,178361.04,0.0
630.0,France,Male,42.0,6.0,0.0,2.0,1.0,0.0,162697.93,0.0
627.0,Germany,Male,29.0,5.0,139541.58,2.0,1.0,0.0,80607.33,0.0
631.0,Germany,Female,37.0,2.0,121801.72,2.0,0.0,1.0,23146.62,0.0
776.0,Germany,Male,38.0,5.0,112281.7,1.0,1.0,1.0,89893.6,0.0
676.0,Spain,Female,36.0,4.0,0.0,1.8369227468657765,1.0,1.0,3173.31,0.0
758.0,Spain,Male,40.0,5.0,93499.82,2.0,0.0,0.0,123218.81,0.0
637.0,France,Male,33.0,4.777788629362467,132255.99,2.0,0.0,1.0,113168.88815258152,0.0
850.0,France,Male,20.0,7.0,0.0,2.0,1.0,0.0,31288.77,0.0
601.0,Spain,Female,44.0,4.0,27800.71215323747,2.0,1.0,0.0,118150.15178671123,0.0
735.0,France,Male,49.0,5.0,87411.90918030798,1.0,1.0,0.0,148804.36,0.0
614.0,Germany,Male,32.0,7.0,118719.82131202545,2.0,1.0,1.0,51117.06,0.0
672.0,France,Female,21.0,3.0,165878.76,2.0,1.0,1.0,164537.17,0.0
642.0,France,Male,30.0,8.0,117494.27,1.0,0.0,0.0,61977.82,0.0
633.0,Germany,Female,29.0,0.0,138577.34,1.0,1.0,0.0,193362.99,0.0
769.0,Spain,Male,39.0,5.233924597072716,0.0,1.0,1.0,1.0,47722.79,0.0
796.0,Spain,Male,41.0,8.0,107525.07,1.0,1.0,0.0,18510.41,0.0
715.0,Germany,Male,23.0,7.0,139224.92,2.0,1.0,0.0,65057.71,0.0
695.0,France,Female,42.0,7.0,121453.63,1.0,0.0,0.0,46374.64,0.0
747.0,France,Female,25.0,4.0,0.0,1.787873936441302,0.0,1.0,42039.67,0.0
584.0,Germany,Female,54.0,1.0,77354.37,1.0,0.0,0.0,138192.98,1.0
476.0,France,Male,40.0,6.0,0.0,1.0,1.0,1.0,22735.45,0.0
850.0,France,Female,39.0,7.0,79259.99,1.0,0.0,1.0,91342.14248534688,0.0
529.0,France,Male,30.0,2.0,116295.29,1.0,1.0,0.0,75285.47,0.0
584.0,Spain,Female,44.012602255630384,1.0,0.0,1.0,0.0,1.0,130260.11,1.0
586.0,Germany,Male,34.0,9.0,74309.81,1.0,1.0,0.0,15034.93,0.0
669.3227814440895,Germany,Male,34.0,2.0,152797.9,1.0,1.0,0.0,175709.4,1.0
552.0,France,Male,42.0,9.0,133701.07,2.0,1.0,0.0,101069.71,1.0
648.3524183131793,Germany,Female,33.0,7.0,114430.18,2.0,1.0,1.0,153012.13,0.0
541.0,France,Male,29.0,7.0,127504.57,1.0,0.0,0.0,86173.92,0.0
744.0,Germany,Male,41.0,2.0,84113.41,1.0,1.0,0.0,197548.63,0.0
595.0,Spain,Female,23.0,10.0,101126.66,2.0,0.0,0.0,37042.8,0.0
724.0,Germany,Male,33.0,5.0,103564.83,1.4849697312421632,1.0,1.0,121085.72,0.0
533.0,France,Female,43.56383469807006,7.0,0.0,1.0,0.0,1.0,194113.99,1.0
618.0,France,Male,37.0,2.0,168178.21,2.0,0.0,1.0,101273.23,0.0
523.0,Germany,Female,39.0,1.0,143903.11,1.0,1.0,1.0,118711.75,0.0
642.0,Germany,Female,30.0,5.0,129753.69,1.0,1.0,0.0,582.53,0.0
584.0,France,Male,35.0,9.0,0.0,2.0,1.0,0.0,192381.21,0.0
521.0,France,Male,38.0,5.0,110641.18,1.0,0.0,1.0,136507.69,1.0
662.0,France,Female,36.0,4.0,166909.2,2.0,1.0,0.0,138871.12,1.0
758.0,France,Female,34.0,1.0,154139.45,1.0,1.0,1.0,60728.89,0.0
717.0,France,Male,38.0,7.0,97459.06,1.0,0.0,0.0,189175.71,0.0
611.0,France,Male,40.0,1.0,0.0,2.0,1.0,1.0,102547.56,0.0
766.0,France,Male,43.0,6.0,112088.04,1.215379464239741,1.0,1.0,36706.56,0.0
636.0,France,Female,34.0,3.0,0.0,2.0,1.0,1.0,44756.25,0.0
814.0,France,Female,48.0,7.0,0.0,2.0,1.0,1.0,132870.15,0.0
760.0,Spain,Male,28.0,1.0,141038.57,2.0,0.0,0.0,16287.38,0.0
644.4038552639424,Germany,Male,39.0,2.0,84468.67,1.6609950088915701,1.0,1.0,121945.42,0.0
725.0,Spain,Female,36.0,4.0,118520.26,1.0,1.0,0.0,131173.9,1.0
600.0,France,Male,37.0,1.0,142663.46,1.0,1.0,1.0,88669.89,0.0
656.0,Germany,Male,27.0,4.0,118627.16,2.0,1.0,1.0,160835.3,0.0
640.0,Spain,Male,34.0,1.0,137523.02,1.0,0.0,0.0,24761.36,0.0
660.1785980553805,France,Male,28.0,7.0,110976.23,2.0,1.0,0.0,138526.96,0.0
549.0,France,Female,38.0,8.0,107283.4,1.0,0.0,0.0,157442.75,0.0
622.0,France,Male,38.0,5.0,0.0,2.0,1.0,0.0,105295.77,0.0
715.0,France,Male,34.0,4.0,124314.45,1.0,0.0,0.0,97782.92,0.0
657.0,France,Female,41.0,5.0,95858.37,1.0,1.0,1.0,68255.88,0.0
703.0,France,Male,36.0,2.0,0.0,2.0,1.0,0.0,108790.95,0.0
802.0,France,Male,33.0,8.0,0.0,2.0,1.0,0.0,101079.10058519982,0.0
793.0,Spain,Female,36.0,0.0,0.0,1.0,0.0,0.0,148993.47,0.0
554.0,France,Female,35.0,6.0,117707.18,2.0,0.0,0.0,95277.15,1.0
533.0,Spain,Male,38.0,1.0,135289.33,2.0,0.0,1.0,152956.33,0.0
658.0,France,Male,36.0,8.0,174060.46,1.0,1.0,1.0,94925.62,0.0
713.0,Germany,Male,47.03656747504659,4.552861242247958,114446.84,2.0,1.0,1.0,108339.57200332276,1.0
711.0,France,Male,44.55985207394316,2.0,0.0,2.0,1.0,0.0,99930.76003362326,1.0
669.0,France,Male,25.0,1.0,157848.53,1.0,0.0,0.0,37543.93,1.0
439.0,France,Female,43.0,8.0,0.0,1.0,0.0,1.0,104889.3,0.0
763.0,Spain,Female,37.0,6.0,39869.074152774716,2.0,1.0,1.0,149705.25,0.0
697.0,Germany,Female,74.0,3.0,108071.36,2.0,1.0,1.0,92612.92862462188,0.0
702.0,Spain,Female,35.0,8.0,14262.8,2.0,1.0,1.0,54689.16,0.0
686.0,Spain,Male,38.949482422877644,7.0,102749.72,1.0,0.0,1.0,194913.86,0.0
630.5774985196625,Spain,Male,36.0,1.0,161757.87,2.0,1.0,1.0,146371.72,0.0
823.0,France,Male,38.0,1.0,0.0,2.0,1.0,0.0,95657.24836432384,0.0
683.0,Germany,Female,35.0,5.0,95698.79,1.0,0.0,1.0,182566.76,0.0
555.0,France,Male,37.0,9.0,124969.13,1.0,1.0,0.0,60194.05,0.0
647.0,Germany,Male,44.0,4.0,93960.35,1.0,1.0,0.0,89070.16056346665,1.0
714.0,France,Female,51.0,4.0,53691.369916841606,3.0,0.0,0.0,5862.53,1.0
850.0,Spain,Female,39.0,10.0,43523.321086623546,2.0,1.0,1.0,143030.09,0.0
713.0,France,Female,39.44709058289506,3.0,0.0,2.0,1.0,1.0,62700.08,0.0
452.0,France,Male,30.0,7.0,112935.87,1.0,1.0,1.0,99017.34,0.0
683.0,Spain,Male,24.0,8.0,98567.1,1.0,1.0,0.0,187987.01,0.0
577.0,France,Female,26.0,1.0,180530.51,1.0,0.0,0.0,123454.62,0.0
552.0,France,Male,33.0,5.0,140931.57,1.0,0.0,1.0,10921.5,0.0
621.3205173929126,Germany,Female,31.0,7.0,148913.72,2.0,1.0,0.0,53817.23,0.0
691.0,France,Male,38.0,7.0,0.0,2.0,1.0,0.0,81617.4,0.0
818.0,France,Female,49.0,2.0,0.0,1.0,0.0,1.0,99971.25320344059,1.0
739.0,France,Male,41.0,5.0,0.0,2.0,0.0,0.0,143882.25,0.0
639.0,France,Female,50.0,6.0,115335.32,2.0,1.0,1.0,53130.41,0.0
651.0,France,Male,65.0,0.0,18485.553135711943,2.0,1.0,1.0,190454.04,0.0
779.0,France,Female,26.0,0.0,0.0,2.0,1.0,1.0,111906.0,0.0
850.0,Germany,Female,33.0,7.0,134678.13,1.0,1.0,0.0,113177.95,0.0
829.0,France,Male,38.0,9.0,0.0,2.0,1.0,0.0,30529.88,0.0
579.0,Germany,Male,31.0,4.593643276474807,90547.48,2.0,1.0,1.0,106143.7798034598,0.0
510.0,France,Male,32.0,9.0,103324.78,1.0,1.0,1.0,46127.7,0.0
531.0,France,Male,29.0,3.0,114590.58,1.0,0.0,0.0,75585.48,0.0
628.0,Germany,Female,36.0,3.0,91286.51,1.0,1.0,0.0,63085.94,0.0
647.570989070945,Spain,Male,32.0,5.0,163340.12,2.0,1.0,1.0,74415.2,0.0
672.8416682098332,Spain,Male,45.0,8.0,32619.300688198222,2.0,1.0,1.0,139889.15,0.0
604.0,Spain,Male,23.0,9.0,124577.33,1.0,1.0,1.0,7267.25,0.0
630.0,Spain,Male,35.0,1.0,0.0,2.0,0.0,0.0,186826.22,0.0
850.0,Spain,Female,39.31950117245966,4.0,91292.7,1.0,1.0,1.0,104008.57528453215,0.0
666.497839685609,France,Female,57.0,8.0,86254.20255014765,1.0,1.0,1.0,90702.08478559543,1.0
798.0,France,Female,37.0,4.0,111723.08,1.0,1.0,1.0,83478.12,0.0
770.0,Germany,Male,45.0,4.0,110765.68,1.0,1.0,0.0,26163.74,1.0
569.0,Germany,Male,25.0,4.806366543149357,173459.45,2.0,1.0,1.0,44381.06,0.0
425.0,Spain,Female,22.0,7.0,169649.73,2.0,0.0,1.0,136365.0,1.0
547.0,Spain,Female,31.0,9.0,0.0,2.0,0.0,0.0,99294.22,0.0
725.0,Germany,Male,48.28388221359046,8.0,116917.07,1.1245418388508641,0.0,0.0,173464.43,1.0
506.0,France,Male,37.0,5.0,0.0,1.8227552449287232,1.0,1.0,127543.81,0.0
632.0,France,Female,36.0,7.0,0.0,2.0,1.0,1.0,52526.65,0.0
620.0,France,Male,22.0,0.0,0.0,1.0,1.0,0.0,32589.45,0.0
663.0,Germany,Male,32.0,8.0,130627.66,1.0,1.0,0.0,47161.25,1.0
706.5500892735814,Spain,Female,46.0,5.0,115323.09304344522,1.2406222911272202,1.0,1.0,45424.13,0.0
696.0,Germany,Male,41.48777941545632,6.0,142316.14,1.7395738766487936,1.0,1.0,128472.36493623782,0.0
767.0,Spain,Male,35.741476224294566,6.0,44088.252580365115,2.0,1.0,1.0,195668.0,0.0
561.0,France,Male,56.0,7.0,30187.355310945364,2.0,1.0,0.0,133167.11,0.0
350.0,Germany,Male,39.0,0.0,109733.2,2.0,0.0,0.0,123602.11,1.0
706.0,France,Male,54.0,4.969128914226992,117444.51,1.0,1.0,1.0,186238.85,0.0
464.0,Spain,Female,34.0,5.0,76001.57,1.0,1.0,1.0,106299.059275463,0.0
501.0,France,Female,34.0,3.0,107747.57,1.0,1.0,0.0,9249.36,0.0
745.0,Spain,Female,37.4421199048484,8.0,0.0,2.0,1.0,1.0,116581.1,0.0
587.0,France,Female,36.0,1.0,134997.49,2.0,1.0,0.0,44688.08,0.0
667.0,France,Female,48.0,2.0,0.0,2.0,1.0,1.0,148608.39,0.0
737.0,France,Female,36.0,9.0,0.0,1.0,0.0,1.0,188670.9,1.0
485.0,Spain,Female,30.0,7.0,0.0,1.0,1.0,0.0,107067.37,0.0
590.0,Spain,Female,37.0,0.0,64345.21,1.0,0.0,1.0,61759.33,1.0
518.0,Germany,Female,35.0,8.0,141665.63,1.0,0.0,0.0,192776.64,0.0
581.0,Spain,Female,29.0,8.0,0.0,2.0,1.0,0.0,46735.19,0.0
785.0,France,Female,33.0,4.057683965971449,43858.99071631297,2.0,1.0,1.0,169117.74,0.0
799.0,France,Male,52.0,4.0,161209.66,1.0,1.0,1.0,90503.10012607824,0.0
657.9039545986248,Spain,Male,39.50386847923821,10.0,95010.92,1.0,1.0,1.0,105227.86,0.0
730.0,France,Female,41.0,4.0,167545.32,1.0,1.0,0.0,128246.81,0.0
740.0,Germany,Female,36.0,4.0,109044.6,1.0,0.0,0.0,94554.74,1.0
785.0,France,Female,47.0,9.0,100696.24815326599,1.0957643209884247,1.0,1.0,33823.5,1.0
646.1973811667783,Spain,Female,29.0,2.0,27755.97,1.0,1.0,0.0,97468.44,1.0
544.0,France,Female,29.0,1.0,118560.55,1.0,1.0,1.0,164137.36,0.0
705.0,France,Male,61.0,4.0,0.0,2.0,1.0,1.0,191313.7,0.0
684.0,France,Male,34.0,9.0,0.0,2.0,1.0,1.0,65257.57,0.0
639.0,Spain,Female,28.0,8.0,97840.72,1.0,1.0,1.0,178222.77,0.0
565.0,Germany,Female,38.0,4.482235271215126,158651.29,2.0,1.0,1.0,179445.28,0.0
481.0,France,Male,44.0,9.0,175303.06,1.4584946916739105,1.0,0.0,65500.53,1.0
731.0,Spain,Male,25.0,8.0,96950.21,1.0,1.0,0.0,97877.92,0.0
648.0448179568974,France,Male,45.0,7.0,123859.6,1.0,0.0,1.0,102495.47429056988,0.0
760.0,France,Male,38.30369706868161,7.0,0.0,2.0,1.0,1.0,105969.05,0.0
691.2146250406289,France,Female,70.0,5.098007837759348,0.0,1.0,1.0,1.0,122996.76,0.0
715.0,France,Female,33.0,3.0,85227.84,1.0,1.0,1.0,68087.15,0.0
666.913397270231,France,Male,37.771924859347,8.0,16690.361467523788,2.0,0.0,1.0,21478.36,0.0
652.0,Germany,Male,33.0,7.0,128135.99,1.0,1.0,0.0,158437.73,0.0
624.0,Spain,Male,33.0,6.0,0.0,2.0,0.0,0.0,76551.7,0.0
629.9283955882411,Spain,Male,36.0,2.0,85996.19,1.0,1.0,0.0,15887.68,0.0
850.0,France,Female,34.95659382243771,10.0,0.0,2.0,1.0,1.0,33741.84,0.0
659.0,Germany,Female,39.0,1.0,104502.11,1.0,1.0,0.0,20652.69,0.0
529.0,Spain,Male,35.0,5.0,95772.97,1.0,1.0,1.0,112781.5,0.0
695.2704816573374,Spain,Male,31.0,5.280386422267184,98108.79,1.258282177371051,1.0,1.0,119996.95,0.0
657.7862754899609,Germany,Male,40.9379278430243,9.0,131607.28,4.0,0.0,1.0,116243.09410105912,0.0
770.0,France,Male,44.672488707678994,5.693033178095156,128422.08456013651,1.1792310989820947,1.0,1.0,185211.28,0.0
648.0,Spain,Male,35.0,5.0334491800238546,50345.50441734518,2.0,1.0,1.0,123038.07540414705,0.0
579.0,France,Male,31.0,9.0,0.0,1.0,0.0,1.0,139048.0,0.0
589.0,Germany,Female,36.0,9.0,140355.56,2.0,1.0,0.0,136329.96,0.0
530.0,Spain,Female,36.0,2.0,0.0,2.0,1.0,1.0,14721.8,0.0
831.0,France,Male,30.0,2.0,0.0,2.0,0.0,1.0,3430.38,0.0
790.0,Germany,Male,24.0,7.0,107418.27,1.0,0.0,1.0,160450.21,0.0
656.0,France,Male,35.0,6.0,0.0,2.0,1.0,0.0,1485.27,0.0
563.0,Spain,Male,32.0,6.0,0.0,2.0,1.0,1.0,93852.61944800575,0.0
670.4462549486426,Spain,Male,39.0,7.0,167557.12,1.0,1.0,1.0,41183.02,0.0
613.0,Spain,Male,34.0,8.0,117300.02,1.0,1.0,0.0,139410.08,0.0
429.0,France,Female,60.0,7.0,0.0,2.0,1.0,1.0,163691.48,0.0
663.4521209356673,France,Female,23.0,9.0,143672.9,1.0,1.0,1.0,115147.33,0.0
731.0,France,Male,33.0,4.0,0.0,2.0,1.0,1.0,74945.11,0.0
584.0,France,Female,37.0,1.0,0.0,2.0,1.0,1.0,180363.56,0.0
634.0,Germany,Female,31.0,8.0,76798.92,1.0,0.0,0.0,196021.73,0.0
488.0,France,Male,34.0,3.0,26315.25427442358,2.0,1.0,1.0,125979.36,0.0
535.0,Spain,Male,49.0,7.0,115309.75,1.248755620156886,1.0,0.0,111421.77,0.0
776.0,France,Female,29.0,7.0,178171.04,2.0,1.0,1.0,115818.51,0.0
850.0,Spain,Female,38.0,3.0,0.0,2.0,0.0,1.0,179360.76,0.0
673.0,Spain,Female,37.0,0.0,0.0,2.0,0.0,0.0,82351.06,0.0
850.0,France,Female,45.0,5.157981546772999,40914.07560796651,1.0,1.0,0.0,192744.23,1.0
627.0,Spain,Female,30.0,6.0,0.0,1.0,1.0,1.0,113408.47,0.0
570.0,France,Female,33.0,8.0,0.0,1.0,1.0,1.0,124641.42,0.0
796.0,Spain,Male,67.0,5.0,0.0,2.0,0.0,1.0,54871.02,0.0
773.0,Spain,Female,33.0,10.0,0.0,1.0,1.0,1.0,98820.09,0.0
752.0,Spain,Male,36.0,2.0,0.0,2.0,1.0,1.0,45570.84,0.0
625.0,France,Male,69.0,4.79668802934307,107569.96,1.0,1.0,1.0,182336.45,0.0
535.0,Germany,Male,20.0,9.0,134874.4,1.0,1.0,1.0,118825.56,0.0
786.0,France,Female,29.0,4.0,0.0,2.0,1.0,0.0,103372.79,0.0
620.0,France,Female,67.0,3.0,0.0,2.0,1.0,1.0,43486.73,0.0
605.0,Spain,Male,48.0,5.432634440387194,37950.93164268484,2.0,1.0,1.0,134108.8908578867,0.0
670.0,Spain,Female,32.0,3.0,0.0,2.0,1.0,0.0,46175.7,0.0
617.0,Spain,Male,42.0,0.0,70105.87,1.0,1.0,1.0,120830.73,0.0
595.0,France,Male,41.0,9.0,0.0,2.0,1.0,0.0,5967.09,0.0
687.0,France,Female,43.91641867240622,4.0,78939.15,1.0,1.0,0.0,122134.56,1.0
757.0,Germany,Male,41.36969681213069,6.0,127452.55730660635,1.5564661963848834,1.0,1.0,62972.13,0.0
746.0,Spain,Male,31.0,2.0,113836.27,1.0,1.0,1.0,174815.54,0.0
503.0,Spain,Male,25.0,7.0,0.0,1.0,0.0,1.0,98541.84352460878,0.0
543.0,Germany,Male,48.0,1.0,100900.5,1.0,0.0,0.0,33310.72,1.0
428.0,Germany,Male,40.0,3.0,129248.11,2.0,1.0,0.0,72876.43,1.0
768.0,France,Female,28.0,3.0,109118.05,2.0,0.0,1.0,50911.41,0.0
638.2031104344445,France,Male,56.0,7.0,0.0,1.0,1.0,0.0,142400.27,1.0
591.0,France,Female,31.0,7.0,0.0,2.0,0.0,1.0,48778.46,0.0
658.0,France,Female,35.0,5.0,126397.66,1.0,1.0,0.0,156361.58,1.0
625.0,Germany,Male,45.829263020733904,9.0,108546.16,1.7172947363682323,1.0,1.0,133807.77,1.0
717.0,France,Male,36.0,2.0,148061.89,1.0,1.0,0.0,179128.69,1.0
667.0,France,Male,44.0,6.023235511590924,122277.87,1.0,1.0,1.0,102239.82793730451,0.0
804.0,France,Male,24.0,3.0,0.0,2.0,1.0,0.0,173195.33,0.0
693.0,France,Male,31.0,4.340521056937038,0.0,2.0,0.0,1.0,182270.88,0.0
729.0,France,Male,37.155294607157,8.0,126566.11623246214,1.283989252506262,1.0,0.0,177130.33,0.0
484.0,Germany,Male,54.0,4.257344914457875,134388.11,1.0,1.0,0.0,49954.79,1.0
632.0,Spain,Female,40.0,3.0,109740.62,1.0,1.0,0.0,141896.74,0.0
650.2687623556918,Germany,Male,23.0,6.0,92366.72,1.4717521839770018,1.0,0.0,120661.71,0.0
573.0,France,Male,26.0,4.0,129109.02,1.378135890699365,0.0,0.0,149814.68,1.0
691.8765790440266,Spain,Male,56.0,4.543122216249996,16014.095268482633,2.0,1.0,1.0,41782.7,0.0
666.0,Germany,Male,74.0,4.264133873271858,105102.5,1.4235275276403299,1.0,1.0,46172.47,0.0
726.0,Germany,Male,30.0,5.0,111375.32,2.0,1.0,0.0,2704.09,0.0
523.0,France,Male,39.0,3.0,0.0,2.0,1.0,0.0,6726.53,0.0
728.0,Germany,Female,33.0,9.0,150412.14,2.0,1.0,0.0,97612.52271710447,0.0
701.0,France,Male,30.0,3.0,25144.437731071666,2.0,1.0,0.0,45742.42,0.0
518.0,France,Male,38.0,3.0,90957.81,1.0,0.0,1.0,162304.59,0.0
739.0,France,Male,37.0,7.0,104960.46,1.0,0.0,1.0,80883.82,0.0
531.0,Germany,Female,31.0,7.0,117052.82,1.3166257162608648,1.0,0.0,118508.09,1.0
452.0,Spain,Male,44.0,3.0,88915.85,1.0,1.0,0.0,69697.74,0.0
684.0,France,Male,45.0,6.0,148071.39,1.0,1.0,0.0,101238.30145748473,0.0
728.0,Germany,Male,39.0,6.0,152182.83,1.0,0.0,0.0,161203.6,0.0
674.5271472185976,France,Male,39.0,9.0,26733.20357545812,2.0,1.0,0.0,143752.77,0.0
734.0,France,Male,22.0,5.0,130056.23,1.0,0.0,0.0,121894.31,1.0
648.0,Germany,Male,34.0,3.0,95039.73,2.0,1.0,1.0,147055.87,0.0
688.0,France,Male,52.0,4.586850602825561,0.0,2.0,1.0,1.0,172033.57,0.0
680.0,Spain,Male,35.0,9.0,0.0,2.0,0.0,0.0,143774.06,0.0
516.0,France,Female,37.233440649341404,2.0,112773.73,2.0,1.0,1.0,139366.58,0.0
661.322362512697,Germany,Female,37.0,10.0,123806.28,1.0,1.0,0.0,81776.84,1.0
604.0,France,Male,53.0,8.0,82791.16806475373,1.0,1.0,0.0,94684.76872300028,1.0
624.0,Germany,Male,27.0,9.0,94667.29,2.0,0.0,1.0,4470.52,0.0
623.0,France,Male,21.0,10.0,0.0,2.0,0.0,1.0,135851.3,0.0
624.0,France,Male,33.08387122563504,3.9457883188050613,174397.21,2.0,1.0,1.0,172372.63,0.0
606.2808841396785,Germany,Female,58.0,3.0,108888.24,3.0,0.0,1.0,135875.51,1.0
565.0,France,Male,49.14131753512327,5.264734113348114,86223.32880865873,2.0,1.0,1.0,128124.7,1.0
710.0,France,Male,44.504510593044685,6.0,171137.62,1.0,1.0,1.0,106626.63800985955,1.0
645.0,France,Male,42.0,6.0,0.0,1.0,0.0,0.0,149807.01,0.0
707.0,France,Male,33.0,8.0,136678.52,1.0,1.0,0.0,54290.62,0.0
638.4537147010537,Spain,Female,36.30637076679437,1.0,135515.76,1.0,1.0,0.0,86013.96,0.0
705.0,Spain,Female,24.0,5.0,177799.83,2.0,0.0,0.0,79886.06,0.0
358.0,Germany,Male,48.896982689323806,8.0,143542.36,1.2669963958149082,1.0,0.0,141959.11,1.0
578.0,Germany,Male,34.0,8.0,147487.23,2.0,1.0,0.0,66680.77,0.0
800.0,France,Female,40.0,5.0,97764.41,1.0,1.0,0.0,98640.15,1.0
612.0,France,Female,33.0,9.0,0.0,1.0,0.0,0.0,142797.5,1.0
681.0,Germany,Female,37.031481295506396,8.0,139480.18,1.0,1.0,1.0,163581.67,0.0
559.0,Spain,Male,25.0,5.0,0.0,2.0,1.0,1.0,163221.22,0.0
488.0,Spain,Female,39.0,9.0,140553.46,1.0,0.0,0.0,12440.44,0.0
717.0,France,Female,37.81876547401253,5.0,0.0,2.0,1.0,1.0,145551.6,0.0
666.0,France,Female,41.0,10.0,141162.08,1.0,1.0,0.0,50908.48,0.0
653.7879243401628,Spain,Male,26.0,4.0,65848.36,2.0,1.0,0.0,30149.21,0.0
733.0,Spain,Female,30.0,0.0,83319.28,1.0,0.0,0.0,57769.2,0.0
693.0,France,Male,41.0,4.0,0.0,2.0,0.0,0.0,156381.47,0.0
694.0,France,Female,33.0,4.0,129731.64,2.0,1.0,0.0,178123.86,0.0
643.9886310861351,France,Female,35.0,5.0,0.0,2.0,1.0,0.0,51112.8,0.0
598.0,Spain,Female,38.0,6.0,0.0,2.0,0.0,0.0,173783.38,0.0
717.0,Spain,Male,35.0,1.0,0.0,3.0,0.0,0.0,174770.14,0.0
494.0,Germany,Male,37.0,5.0,107106.33,2.0,1.0,0.0,104864.04754467926,0.0
677.5148160759358,France,Male,33.0,8.0,25936.184123190524,2.0,1.0,1.0,155294.17,0.0
679.7825122137749,France,Female,30.0,9.0,0.0,2.0,1.0,1.0,93599.97912688312,0.0
645.3312218735813,Spain,Female,69.0,1.0,105303.73,1.0,0.0,1.0,134260.34,0.0
667.0,France,Male,28.0,6.0,165798.1,1.0,1.0,0.0,147090.9,0.0
748.0,France,Female,40.0,4.0,0.0,2.0,1.0,0.0,132368.47,0.0
531.0,Spain,Female,45.0,1.0,126495.57,2.0,1.0,1.0,164741.5,0.0
639.009477723831,Spain,Male,47.0,9.0,116393.59,1.0,1.0,0.0,63051.32,1.0
845.0,Germany,Female,41.0,2.0,81733.74,2.0,0.0,0.0,199761.29,0.0
738.0,France,Male,54.0,4.0,0.0,1.0,0.0,1.0,55725.04,1.0
615.7207118184772,Spain,Female,41.60917104463027,8.0,106171.68,1.4002438770471501,1.0,0.0,163145.5,1.0
695.0,Spain,Male,28.0,0.0,96020.86,1.0,1.0,1.0,57992.49,0.0
841.0,Spain,Male,41.27418566491352,1.0,0.0,2.0,0.0,1.0,193093.77,0.0
626.0,Germany,Male,39.035254047348886,2.0,181671.16,1.7648442355292728,1.0,1.0,57531.14,0.0
613.0,France,Female,29.0,6.0,185709.28,2.0,1.0,1.0,77242.19,0.0
824.0,France,Male,50.67340862759443,6.036463703595674,103289.3542688926,1.2729421465535755,1.0,0.0,108592.0639698097,1.0
648.7093263321863,France,Female,49.0,7.0,0.0,1.0,1.0,0.0,63405.2,1.0
584.0,France,Female,44.0,5.0,95671.75,2.0,1.0,1.0,104738.08915955818,0.0
534.0,France,Male,62.0,2.0,0.0,2.0,0.0,0.0,42763.12,1.0
672.0,France,Female,34.0,4.31504834566405,142151.75,2.0,1.0,1.0,168753.34,0.0
603.0,France,Male,40.210366670319914,5.0,127823.93,1.0,1.0,1.0,19483.35,0.0
633.0,Germany,Male,35.59805888056469,3.0,144164.29,1.0,1.0,1.0,158646.46,0.0
842.0,France,Female,58.0,1.0,63492.94,1.0,1.0,1.0,83172.19,0.0
661.0,France,Female,27.0,3.0,0.0,2.0,1.0,1.0,76889.79,0.0
601.0,France,Male,74.0,2.0,0.0,2.0,0.0,1.0,51554.58,0.0
632.0,France,Male,41.0,0.0,106134.46,1.0,0.0,1.0,105570.39,0.0
684.0,Germany,Male,29.0,8.0,127269.75,1.0,0.0,1.0,79495.01,0.0
785.0,Germany,Male,32.0,4.126613512428271,124493.03,2.0,0.0,1.0,52583.79,0.0
687.0,France,Male,39.0,7.0,0.0,2.0,1.0,1.0,26848.25,0.0
705.0,Germany,Female,43.0,10.0,146547.78,1.0,0.0,1.0,10072.55,1.0
639.0,France,Male,37.98450823963648,6.0,99610.92,1.20829198697315,1.0,0.0,187296.78,0.0
729.0,Germany,Male,45.573909344514426,5.0,117837.43,1.0,1.0,0.0,104016.61,1.0
556.0,Spain,Female,48.0,8.0,168522.37,1.0,1.0,1.0,151310.16,0.0
570.0,France,Male,32.0,9.0,117337.54,2.0,0.0,0.0,62810.91,0.0
702.2614470555386,Germany,Male,74.0,4.869090409371326,108131.53,1.0,1.0,1.0,79792.83434617412,0.0
705.0,Germany,Male,37.680793084122186,4.0,136496.12,2.0,1.0,1.0,116672.02,0.0
553.0,France,Male,32.0,3.0,116324.53,1.1532899262847678,1.0,0.0,77304.49,0.0
779.0,Germany,Male,40.0,2.0,75470.23,1.0,1.0,1.0,52894.01,0.0
696.0,France,Male,28.0,4.0,172646.82,1.0,1.0,1.0,116471.43,0.0
728.0,Spain,Female,37.0,4.0,0.0,1.0,1.0,0.0,4539.38,0.0
691.0,Germany,Male,27.0,3.0,160358.68,1.4908892829109361,1.0,0.0,142367.72,0.0
706.0,France,Male,30.0,3.0,98415.37,1.0,1.0,1.0,110520.48,0.0
627.0,Germany,Female,30.0,6.0,118270.64623028458,1.0,1.0,0.0,188258.49,0.0
716.0,Germany,Female,18.0,3.0,128743.8,1.0,1.0,0.0,197322.13,0.0
501.0,Germany,Male,24.0,4.0,130806.42,2.0,1.0,0.0,80241.14,0.0
601.0,France,Male,41.0,4.889658567832039,123971.16,1.0,0.0,1.0,172814.99,0.0
545.0,Spain,Female,39.0,6.0,0.0,1.0,0.0,0.0,38410.74,1.0
634.0,France,Male,45.0,9.0,0.0,2.0,0.0,0.0,17622.82,0.0
451.0,Spain,Female,23.0,9.0,0.0,2.0,0.0,1.0,48021.71,0.0
655.0,France,Female,59.0,7.0,0.0,1.0,1.0,0.0,88958.49,1.0
458.0,France,Female,39.0,9.0,0.0,2.0,1.0,0.0,116343.09,0.0
520.0,France,Male,33.0,4.0,156297.58,2.0,1.0,1.0,166102.61,0.0
624.0,Spain,Female,28.0,2.0,0.0,2.0,0.0,1.0,104353.26,0.0
765.0,France,Male,51.0,3.0,123372.3,1.0,1.0,1.0,115429.32,0.0
667.0,Germany,Male,44.14370496639868,5.0,111527.87680260948,3.0,1.0,1.0,178106.34,1.0
665.0,Spain,Male,34.00863914973055,8.0,0.0,2.0,1.0,0.0,90749.39775610341,0.0
638.4910224563406,Germany,Male,33.481215624608225,4.0,148375.19,2.0,1.0,1.0,21521.38,0.0
583.0,France,Female,44.0,8.0,0.0,2.0,1.0,1.0,27431.62,0.0
782.0,Spain,Male,34.0,6.0,147422.44,1.0,0.0,1.0,42143.61,0.0
668.0,Spain,Female,34.22937691685053,7.0,173962.32,1.0,0.0,0.0,106457.11,0.0
621.0,France,Male,47.0,0.0,57588.68988690536,1.0,1.0,0.0,133831.37,1.0
579.0,Germany,Female,64.0,6.0,145215.43,1.0,1.0,1.0,164083.72,0.0
547.0,France,Female,38.0,5.0,167539.97,1.0,0.0,1.0,159207.34,0.0
840.0,France,Female,39.0,1.0,94968.97,1.0,1.0,0.0,84487.62,0.0
667.0,Germany,Female,27.0,3.0,106116.5,2.0,1.0,0.0,3674.71,0.0
723.0,France,Male,34.0,5.0,0.0,2.0,0.0,1.0,12092.03,0.0
487.0,France,Male,45.0,2.0,0.0,2.0,1.0,0.0,77475.73,0.0
668.0,France,Female,31.0,9.0,0.0,2.0,0.0,0.0,41291.73,0.0
640.4867648979168,Germany,Male,34.0,8.0,120018.86,2.0,1.0,1.0,343.38,0.0
549.0,France,Male,37.0,2.0,112541.54,2.0,0.0,1.0,47432.43,0.0
567.0,France,Female,35.0,5.0,166118.45,2.0,1.0,0.0,127827.18,0.0
720.0,France,Male,45.0,1.0,102882.4,2.0,1.0,1.0,35633.15,1.0
492.0,France,Female,49.0,4.671473252740851,0.0,1.0,1.0,1.0,182865.09,1.0
712.0,France,Female,37.0,1.0,106881.5,2.0,1.0,0.0,169386.81,0.0
643.1132155804368,France,Male,26.0,4.0,120727.97,1.0,0.0,1.0,149073.88,0.0
850.0,France,Male,40.40785602178176,4.642149372045726,169832.57,1.6645866372792097,0.0,0.0,184107.26,0.0
747.0,France,Male,41.0,5.0,0.0,2.0,1.0,1.0,22750.17,0.0
469.0,Germany,Male,38.0,9.0,113599.42,1.0,0.0,0.0,11950.29,0.0
539.0,Spain,Male,45.242795802924356,6.0,86114.65890559895,2.054062987372776,1.0,1.0,152880.07,1.0
743.0,France,Male,32.0,9.0,0.0,2.0,1.0,0.0,175252.78,0.0
707.0,France,Male,47.0,3.0,0.0,1.8077642360209574,1.0,0.0,174303.29,0.0
581.0,Spain,Female,39.8981841388455,4.0,0.0,2.0,1.0,1.0,80701.72,0.0
665.8618641585971,Spain,Male,38.0,6.0,146282.79,2.0,1.0,1.0,198516.2,0.0
445.0,Germany,Female,38.0,6.0,119413.62,2.0,1.0,0.0,175756.36,0.0
703.0,Germany,Female,29.0,3.0,122084.63,1.0,0.0,1.0,82824.08,0.0
588.0,Germany,Female,35.0,1.0,103060.63,1.0,1.0,0.0,179866.01,1.0
765.0,France,Male,44.0,6.0,40978.21680976992,2.0,1.0,1.0,159899.97,0.0
626.0,France,Male,33.0,8.0,0.0,2.0,1.0,0.0,138504.28,0.0
659.1756054353508,Germany,Male,37.0,9.0,110483.86,1.0,1.0,1.0,98457.06330040641,0.0
744.0,France,Male,31.0,9.0,120718.28,1.0,1.0,1.0,58961.49,0.0
658.0,Spain,Female,31.0,2.0,36566.96,1.0,1.0,0.0,103644.98,1.0
629.0,Germany,Male,28.0,8.0,108601.0,1.0,1.0,1.0,119647.7,0.0
719.0,France,Female,42.0,4.0,0.0,1.0,1.0,0.0,28465.86,1.0
686.0,Spain,Female,36.0,5.0,0.0,2.0,1.0,1.0,152979.14,0.0
743.0,France,Male,36.0,4.0,0.0,2.0,1.0,1.0,96743.3205791466,0.0
626.0,Spain,Female,48.0,5.256715051278597,0.0,2.0,1.0,1.0,95794.98,0.0
633.3158201500839,Germany,Female,44.0,1.0,141136.62,1.0,1.0,0.0,189742.78,1.0
638.4680202264954,Germany,Male,45.0,9.0,121287.83828799703,1.6556025764405506,1.0,1.0,188574.08,0.0
654.0,France,Female,40.0,6.0,0.0,1.0,0.0,0.0,183872.88,1.0
569.0,Spain,Female,34.0,6.0,144855.34,1.0,0.0,0.0,196555.32,0.0
640.0,France,Male,63.0,6.129197411575213,88347.09779612029,2.249127997084718,1.0,1.0,112503.24,1.0
562.0,France,Male,45.0,6.0,136855.24,1.0,1.0,0.0,46864.0,0.0
721.0,France,Female,55.0,3.0,44020.89,1.479039913580871,1.0,0.0,65864.4,1.0
456.0,Germany,Male,36.394387238955254,9.0,133060.63,1.0,1.0,1.0,125167.92,0.0
811.0,France,Male,41.07517154982583,7.0,131192.97418403174,1.2065577651108894,1.0,1.0,177519.39,0.0
534.0,France,Male,24.0,1.0,0.0,1.0,1.0,1.0,169653.32,0.0
423.0,France,Female,36.0,5.0,97665.61,1.0,1.0,0.0,118372.55,1.0
594.0,Germany,Male,28.0,5.0,185013.02,1.0,1.0,0.0,16481.12,0.0
725.0,Spain,Female,32.0,0.0,0.0,2.0,1.0,1.0,138525.19,0.0
716.0,France,Female,44.51662684491546,7.0,65971.61,2.0,1.0,0.0,14608.0,1.0
595.0,Germany,Female,41.0,9.0,150463.11,2.0,0.0,1.0,81548.38,0.0
679.0,France,Female,33.0,1.0,0.0,2.0,0.0,0.0,69608.48,0.0
667.0,Spain,Male,39.0,9.0,0.0,2.0,1.0,0.0,68873.8,0.0
661.0,France,Female,37.0,5.0,136425.18,1.0,1.0,0.0,81102.81,0.0
655.0,Spain,Male,46.279064379385986,3.0,62491.477175110405,3.0,1.0,1.0,113007.44673787942,1.0
555.0,France,Male,55.0,4.0,146798.81,1.0,1.0,1.0,74149.77,0.0
531.0,Spain,Male,70.0,4.952045337769733,0.0,2.0,0.0,0.0,99503.19,0.0
611.0,Germany,Female,40.0,7.0,128486.91,2.0,1.0,0.0,10109.47,0.0
600.0,France,Female,38.0,9.0,0.0,2.0,1.0,1.0,58855.85,0.0
531.0,Spain,Male,37.0,1.0,143407.29,2.0,0.0,1.0,84402.46,0.0
601.0,France,Female,43.0,2.0,0.0,1.0,1.0,0.0,49713.87,1.0
548.0,France,Male,57.0,6.0,76165.65,1.0,1.0,1.0,133537.53,0.0
759.0,France,Male,40.0,4.0,0.0,2.0,1.0,0.0,124615.59,0.0
646.5622681018953,Spain,Female,49.0,8.0,24930.487670576254,2.0,0.0,1.0,121817.94213413751,0.0
755.0,Germany,Female,33.0,5.067446549181987,90560.3,1.5351446116712468,1.0,1.0,103568.0061964226,0.0
594.0,France,Male,61.0,3.0,62391.22,1.0,1.0,1.0,192434.11,0.0
768.0,France,Male,42.0,5.0,0.0,3.0,0.0,0.0,60686.4,0.0
492.0,France,Female,31.0,7.0,0.0,2.0,1.0,1.0,49463.44,0.0
637.0,Germany,Female,55.0,1.0,123378.2,1.0,1.0,0.0,81431.99,1.0
646.0,Spain,Female,42.0,3.0,99836.47,1.0,0.0,1.0,22909.56,0.0
649.5767595885366,Germany,Male,74.0,5.036943988734229,161434.36,2.0,1.0,1.0,65532.17,0.0
683.9994528558044,Spain,Male,41.0,5.0,31291.192756413664,2.0,0.0,1.0,141053.85,0.0
722.0,France,Female,48.0,10.0,138311.76,1.064159750031892,0.0,1.0,3472.63,1.0
642.0,France,Male,25.0,7.0,0.0,2.0,1.0,0.0,102083.78,0.0
472.0,Spain,Female,28.0,4.0,0.0,2.0,1.0,0.0,1801.77,0.0
738.0,Germany,Male,34.607780629339665,6.0,101744.84,1.0,0.0,0.0,85185.44,0.0
732.0,Spain,Male,33.0,8.0,0.0,1.0,1.0,0.0,119882.7,0.0
404.0,Germany,Female,54.0,4.0,125456.07,1.0,1.0,0.0,83715.66,1.0
701.0,France,Male,44.0,5.220314808930796,0.0,2.0,1.0,0.0,23425.78,0.0
683.0,France,Male,31.0,2.0,26249.686892556605,2.0,0.0,1.0,77326.78,0.0
460.0,France,Female,27.0,7.0,0.0,2.0,1.0,0.0,156150.08,1.0
690.0,France,Male,29.0,5.0,0.0,2.0,1.0,0.0,97822.46732709308,0.0
618.0,Germany,Female,54.0,4.0,118449.21,1.0,1.0,1.0,133573.29,1.0
671.0,France,Male,30.0,2.0,0.0,1.0,0.0,1.0,102057.86,0.0
765.0,Spain,Female,32.0,9.0,178095.55,1.0,0.0,1.0,47247.56,0.0
651.0,Germany,Female,25.0,2.0,109175.14,2.0,1.0,0.0,114566.47,0.0
704.0,Germany,Male,44.488644296113954,7.0,120023.23528609253,1.3150937532735452,0.0,0.0,184464.7,1.0
544.0,France,Female,45.0,6.0,0.0,2.0,0.0,1.0,151401.33,0.0
790.0,France,Female,40.0,9.0,0.0,2.0,1.0,1.0,70607.1,0.0
710.0,Germany,Male,34.0,9.0,134260.36,2.0,1.0,0.0,147074.67,0.0
743.0,France,Male,37.0,8.0,69143.91,2.0,0.0,1.0,100817.77743050166,0.0
702.0,France,Male,35.81480303670395,4.0,100054.77,1.0,1.0,0.0,109496.45,0.0
704.0,France,Female,45.0,6.0,95387.8393704824,1.0,1.0,1.0,137739.45,0.0
614.0,France,Male,35.02859421582083,2.0,116248.88,1.0,1.0,0.0,105140.92,0.0
609.0,Spain,Female,45.10833934407817,6.0,86053.52,2.389397852185648,1.0,1.0,113276.46,1.0
688.0,France,Female,32.0,6.0,123157.95,1.0,1.0,0.0,99343.15115009276,0.0
713.0,France,Male,44.0,1.0,63438.91,1.0,1.0,0.0,64375.4,0.0
736.0,Germany,Male,57.0,9.0,116426.30457762105,1.0,1.0,0.0,28434.44,1.0
727.0,France,Male,18.0,4.0,133550.67,1.0,1.0,1.0,46941.41,0.0
850.0,France,Female,38.0,1.0,106871.81,2.0,1.0,0.0,29333.01,0.0
718.0,Spain,Male,45.0,5.706776374677254,123603.19336066733,1.2256693504326943,1.0,1.0,193724.51,0.0
643.0,France,Male,51.0,2.0,105229.53,1.0,1.0,0.0,34967.75,1.0
653.0,France,Male,41.0,8.0,102768.42,1.0,1.0,0.0,55663.85,0.0
674.0,France,Male,18.0,7.0,0.0,2.0,1.0,1.0,55753.12,1.0
690.0,France,Male,35.0,6.0,112689.95,1.0,1.0,0.0,176962.31,0.0
819.0,France,Male,38.0,3.883843106898063,122334.26,2.0,1.0,1.0,181507.44,0.0
634.0,Spain,Male,36.252703790325555,1.0,0.0,2.0,1.0,0.0,91873.48882431077,0.0
633.0,Spain,Male,33.0,4.0,137847.41,2.0,1.0,0.0,98349.13,0.0
850.0,France,Male,49.0,5.0,122486.47,1.0,0.0,1.0,59748.19,0.0
665.0,France,Male,33.0,2.0,101286.11,1.0,1.0,1.0,159840.51,0.0
630.0,Spain,Male,26.0,7.0,0.0,2.0,1.0,1.0,6656.64,0.0
664.0988749242075,Germany,Male,41.410422211165354,4.306691142942783,101247.06,1.0,1.0,1.0,37141.62,1.0
668.0,France,Male,38.0,10.0,86977.96,1.0,0.0,1.0,37094.75,0.0
753.0,France,Male,57.0,7.0,70665.26088614628,1.0,1.0,0.0,159475.08,1.0
745.0,France,Female,55.0,9.0,110123.59,1.0,0.0,0.0,90520.30043715732,1.0
693.0,France,Male,36.0,8.0,178111.82,1.0,0.0,0.0,58719.63,1.0
606.0,France,Male,45.18284558805243,10.0,32781.5464502211,3.0,0.0,0.0,123044.81392787534,1.0
660.0,France,Female,35.0,6.0,100768.77,1.0,1.0,1.0,19199.61,0.0
608.0,France,Male,42.0,5.0,0.0,2.0,1.0,0.0,178504.29,0.0
744.0,France,Female,38.4513491735731,5.124113101703984,0.0,2.0,1.0,1.0,189016.14,0.0
731.0,France,Female,39.09550057685124,7.0,118991.79,1.0,1.0,1.0,156048.64,0.0
616.6813425816971,France,Male,72.0,3.0,140997.26,1.0,0.0,1.0,52876.41,0.0
727.0,France,Male,28.0,5.0,0.0,2.0,0.0,1.0,19653.08,0.0
561.0,Germany,Male,32.0,6.0,166824.59,1.0,1.0,1.0,139451.98,0.0
700.0,France,Female,34.0,2.0,88501.88894349831,1.0,1.0,0.0,128136.29,0.0
605.0,France,Male,35.0,6.0,0.0,2.0,1.0,1.0,45206.57,0.0
672.1738787182297,France,Male,42.34610070134826,8.0,105363.04634849512,1.0,1.0,1.0,97612.91164328482,0.0
511.0,France,Male,33.0,7.0,0.0,2.0,0.0,1.0,158313.87,0.0
667.0,France,Male,40.0,9.0,0.0,1.8407541481945833,1.0,1.0,96670.2,0.0
787.0,France,Male,33.0,1.0,126588.81,2.0,1.0,1.0,62163.53,0.0
705.0,Germany,Female,56.0,2.0,143249.67,1.3056452152890645,1.0,0.0,88428.41,1.0
642.2052160715416,Germany,Male,43.0,8.0,121564.84368885792,2.0,1.0,1.0,110132.7467912371,0.0
554.0,France,Male,40.0,4.0,0.0,1.0,0.0,1.0,168780.04,0.0
605.2373252582543,France,Male,58.0,3.7992830402040667,190298.89,2.0,1.0,1.0,105039.4094686679,0.0
661.0,Germany,Male,35.0,2.0,117212.18,1.0,1.0,1.0,83052.03,0.0
698.0,France,Female,46.0,5.0541165197339835,0.0,2.0,1.0,1.0,125962.02,0.0
646.0,France,Male,26.0,4.0,139848.17,1.0,1.0,0.0,164696.27,0.0
757.0,Germany,Male,34.0,9.0,101861.36,2.0,1.0,0.0,187011.96,0.0
699.0,Spain,Male,35.0,2.0,167455.66,2.0,1.0,1.0,55324.49,0.0
667.0,France,Female,24.0,4.0,0.0,2.0,0.0,1.0,34335.55,0.0
774.0,Spain,Female,43.0,1.0,116360.07,1.0,1.0,0.0,17004.14,0.0
745.0,Spain,Male,40.0,3.0,88466.82,1.0,0.0,0.0,116331.42,0.0
649.0,France,Female,42.0,7.0,0.0,1.696369883930998,0.0,1.0,22974.01,0.0
634.0,Germany,Female,46.0,5.0,122080.40324265751,1.4271496371705104,1.0,1.0,49725.16,1.0
665.0,Spain,Male,38.0,9.0,0.0,1.0,0.0,1.0,87412.74,0.0
713.0,France,Male,38.0,9.0,72286.84,2.0,1.0,1.0,26136.89,0.0
652.0,France,Female,40.0,1.0,0.0,2.0,1.0,0.0,126554.96,0.0
690.291745283778,Spain,Male,45.040019278690416,1.0,109681.61,1.2185717039577695,1.0,1.0,193321.3,0.0
556.0,Germany,Male,35.151311893745756,9.0,145018.64,2.0,1.0,0.0,90928.02,0.0
699.0,Spain,Male,34.0,8.0,0.0,1.9186702980990373,1.0,1.0,104766.49522785546,0.0
708.0,Spain,Female,32.0,5.829421818026605,187487.63,1.0,1.0,1.0,92069.44118805604,0.0
480.0,France,Male,35.0,2.0,165692.91,1.0,1.0,1.0,197984.58,0.0
700.0,Germany,Male,47.19440325266619,5.198644532841286,122974.22566547024,1.0,1.0,0.0,102742.91021397682,1.0
525.0,Spain,Female,47.0,6.0,44631.3686526983,1.0,1.0,0.0,82522.61,1.0
845.0,France,Male,33.0,8.0,164385.53,1.3391763366185985,1.0,1.0,150664.97,0.0
613.0,France,Male,37.0,9.0,108286.5,1.27589941608869,1.0,1.0,114153.44,0.0
850.0,France,Female,34.0,2.0,44263.90249826953,2.0,1.0,1.0,171706.66,0.0
798.0,Spain,Male,58.0,9.0,0.0,2.0,0.0,1.0,119071.56,1.0
773.0,France,Male,39.990027889333405,2.0,52590.895465740534,4.0,1.0,1.0,136599.78181668965,0.0
614.0,Spain,Male,35.0,2.0,127283.78,1.0,1.0,1.0,31302.35,0.0
473.0,Spain,Male,48.0,8.0,0.0,2.0,1.0,0.0,71139.8,0.0
762.0,France,Male,29.0,6.0,141389.06,1.0,1.0,0.0,54122.89,0.0
654.6059497595473,France,Male,41.19832053534171,8.0,130091.5,1.0,1.0,1.0,120031.29,0.0
600.0,France,Male,35.0,5.498422101639715,143744.77,2.0,1.0,0.0,104076.51,0.0
850.0,Spain,Male,34.80254051315455,9.0,94450.04651090383,1.0,1.0,1.0,175853.64,0.0
613.0,Spain,Male,30.0,9.0,111927.45,1.0,1.0,1.0,175795.87,0.0
650.4674685614364,France,Male,31.0,3.0,0.0,2.0,1.0,0.0,15360.91,0.0
509.0,Spain,Male,38.0,2.0,0.0,1.0,0.0,0.0,168460.12,0.0
609.0,France,Male,34.0,1.0,0.0,1.0,1.0,1.0,181177.9,0.0
456.0,France,Female,33.0,1.0,188285.68,1.0,0.0,0.0,58363.94,0.0
728.0,France,Female,46.0,2.0,109705.52,1.0,1.0,0.0,20276.87,1.0
663.0,Spain,Male,33.0,9.0,0.0,2.0,0.0,0.0,91514.62,0.0
673.0,Germany,Female,34.0,1.0,127122.79,3.0,0.0,1.0,76703.1,0.0
717.0,France,Male,34.377583543348976,0.0,98241.04,1.0,1.0,0.0,110887.14,0.0
741.0,Germany,Female,37.0,8.0,115603.49890488782,2.0,0.0,0.0,109843.16,0.0
629.4633410797521,Germany,Female,41.0,4.0,87541.06,2.0,1.0,1.0,12577.21,1.0
850.0,France,Female,35.69043931762943,4.0,62610.96,2.0,0.0,1.0,179365.1,0.0
667.6528381659537,France,Male,36.0,9.0,0.0,2.0,1.0,1.0,65816.53,0.0
686.0,France,Female,47.0,5.0,113328.93,1.0,1.0,0.0,101795.92417914333,0.0
666.0,Spain,Male,35.0,4.813308095423015,104832.49,1.0,1.0,0.0,175015.12,0.0
645.8435137158103,Spain,Female,31.0,9.0,102289.85,1.0,1.0,1.0,115441.66,0.0
631.0,Germany,Female,34.0,6.0,125227.82,2.0,0.0,1.0,128247.03,0.0
714.0,Germany,Female,49.0,5.0,140510.89,1.0,1.0,0.0,141914.94,0.0
647.7641186512269,Germany,Female,35.0,5.645197816770928,132253.22,1.7072765619226837,1.0,0.0,115566.57,0.0
711.0,Germany,Male,43.0,2.0,39043.29,2.0,1.0,1.0,175423.69,0.0
722.0,France,Male,34.0,6.234478339836872,37397.68536454803,2.0,1.0,1.0,133447.49,0.0
650.9630973317513,Spain,Male,55.0,9.0,99685.06,1.0,1.0,0.0,114474.98,0.0
701.0,Germany,Male,38.0,3.0,125385.49,2.0,0.0,1.0,52044.66,0.0
790.0,Spain,Male,36.945097786961675,2.0,131365.37,1.2131329601026601,1.0,1.0,123856.43257809918,0.0
633.0,Spain,Male,58.0,6.0,122656.09050308727,1.3210514569873877,1.0,1.0,130355.11054984882,0.0
644.0,France,Female,37.0,8.0,0.0,2.0,1.0,0.0,20968.88,0.0
757.0,France,Male,34.72664578637022,5.0,140856.16,2.0,1.0,0.0,158735.1,0.0
696.0,France,Female,30.0,8.0,0.0,1.871673822368861,1.0,1.0,196134.44,0.0
746.0,France,Male,35.0,2.0,172274.01,1.0,1.0,0.0,22374.97,0.0
649.0,Spain,Male,35.188967496491564,8.0,0.0,2.0,1.0,0.0,94971.01481327618,0.0
565.0,Spain,Male,38.0,0.0,122447.76,1.0,0.0,0.0,67339.34,0.0
720.0,France,Female,38.0,10.0,34029.57174323736,2.0,1.0,0.0,56229.72,1.0
613.5997802994684,France,Female,42.61428099883875,6.0,157559.59,1.8503250303998955,1.0,0.0,123735.27221301591,1.0
632.0,Germany,Male,41.0,3.0,126550.7,1.0,0.0,0.0,177644.52,1.0
622.0,France,Female,30.0,2.0,158584.82,3.0,1.0,0.0,142342.55,1.0
835.0,France,Male,28.0,5.822429042475802,35253.8778702848,2.0,1.0,1.0,154559.28,0.0
493.0,France,Female,31.0,3.0,0.0,1.0,1.0,1.0,176570.28,1.0
630.8287073085631,Germany,Female,33.0,6.0,127211.45,1.0,1.0,0.0,191961.83,0.0
645.0453466993803,Germany,Male,42.0,3.0,118199.97,2.0,1.0,0.0,9452.88,1.0
621.0,Germany,Female,30.0,2.0,101014.08,2.0,1.0,1.0,165257.31,0.0
756.0,France,Male,46.7483889183482,4.747596845850747,70016.15398431182,1.9657006124908822,1.0,1.0,169763.89,1.0
515.0,France,Female,66.0,4.836183251823835,0.0,2.0,1.0,1.0,160663.11,0.0
682.1143724912683,France,Female,45.707539443218046,10.0,68913.6334671267,1.0,1.0,1.0,102084.49277070623,1.0
717.0,Spain,Male,39.0,6.0,0.0,2.0,1.0,0.0,93275.61,0.0
595.0,Germany,Female,41.0,2.0,138878.81,1.0,0.0,1.0,112269.67,0.0
539.0,Spain,Female,37.0,1.0,130922.81,2.0,0.0,0.0,2186.83,0.0
762.0,France,Male,35.0,9.0,0.0,1.802277024251688,1.0,1.0,43075.7,0.0
706.0,Spain,Male,20.0,8.0,120760.51687468238,1.2425211417979596,1.0,1.0,12368.11,0.0
677.0,Spain,Female,25.0,8.0,130866.19,1.0,1.0,0.0,42410.21,0.0
733.0,Germany,Female,33.0,7.0,187257.94,1.0,0.0,1.0,190430.81,0.0
684.0,France,Female,40.528502231816304,7.0,0.0,1.0,1.0,1.0,138394.37,0.0
679.0,France,Male,36.0,6.0,147733.64,1.0,0.0,1.0,172501.38,0.0
478.0,France,Male,43.0,1.0,0.0,2.0,1.0,1.0,197916.43,0.0
696.0,France,Male,33.0,2.0,163139.27,1.0,1.0,1.0,7035.36,0.0
686.0,France,Female,35.0,4.0,0.0,2.0,1.0,1.0,159676.55,0.0
466.0,France,Female,36.0,5.0,119540.15,1.0,0.0,1.0,80603.99,0.0
686.0,France,Female,35.75995390783019,4.0,129553.76,1.299908563967375,1.0,0.0,187599.8,0.0
576.0,France,Male,55.0,9.0,0.0,2.0,1.0,1.0,76225.99448701924,0.0
763.0,Germany,Female,61.0,1.0,66101.89,1.0,1.0,1.0,143981.27,0.0
654.7463392423076,France,Male,43.0,2.0,140431.98,1.0,1.0,0.0,26450.57,1.0
757.0,France,Female,49.0,2.0,0.0,2.0,0.0,0.0,164482.92,0.0
582.0,France,Female,29.0,0.0,0.0,1.7644205880389088,1.0,1.0,84012.81,0.0
623.0,France,Female,35.0,5.0,0.0,2.0,1.0,0.0,101192.08,0.0
617.0,Germany,Female,37.0,4.0,116471.43,2.0,1.0,0.0,175324.74,1.0
425.0,France,Male,39.0,4.0,0.0,2.0,1.0,0.0,197226.32,0.0
659.0,France,Female,56.0,9.0,123785.24,1.1803318957244122,1.0,0.0,99504.03,1.0
605.0,France,Female,33.0,4.0,0.0,2.0,0.0,1.0,83700.66,0.0
538.0,France,Female,38.0,8.0,88758.95,2.0,0.0,0.0,28226.15,1.0
665.0,Germany,Male,25.0,6.156011217603937,153611.83,2.0,1.0,0.0,35321.65,0.0
491.0,Germany,Female,57.0,4.0,112044.72,1.0,1.0,1.0,41229.73,1.0
726.0,Spain,Female,27.0,7.0,123826.07,1.0,1.0,1.0,78970.58,0.0
642.4083337239417,France,Female,65.0,5.940563528954015,106804.26,3.0,1.0,1.0,107890.69,1.0
550.0,France,Female,48.0,6.0,0.0,2.0,1.0,1.0,191870.28,0.0
542.0,France,Female,59.0,2.0,68892.77,2.0,1.0,0.0,7905.06,1.0
732.0,France,Female,43.0,6.0,0.0,2.0,1.0,0.0,65731.53,0.0
473.0,France,Female,33.0,5.0,125827.43,1.0,0.0,1.0,145698.73,0.0
745.0,Spain,Male,34.0,9.0,0.0,2.0,1.0,0.0,50046.25,0.0
732.0,France,Male,36.0,7.0,35626.83069867756,2.0,1.0,1.0,120921.9326137454,0.0
848.0,Germany,Female,40.0,5.0,148495.64,1.5209531179007365,0.0,1.0,158853.98,0.0
572.0,France,Male,37.0,1.0,133043.66,1.0,0.0,0.0,111243.09,0.0
646.3353292826906,France,Male,45.0,9.0,74989.58,1.0,1.0,1.0,171014.69,0.0
664.0,Germany,Male,39.0,7.0,60263.23,1.0,1.0,0.0,95238.01163456889,0.0
715.2883371706615,Germany,Male,50.0,5.104834213879489,129370.91,1.283078958498092,1.0,1.0,97468.28031998935,1.0
618.0,Germany,Male,44.0,5.0,157955.83,2.0,0.0,0.0,105836.71273709023,0.0
556.0,France,Male,26.0,4.0,0.0,1.0,1.0,0.0,195167.38,0.0
619.0,France,Female,30.0,7.0,70729.17,1.0,1.0,1.0,160948.87,0.0
644.0,France,Male,48.0,8.0,0.0,2.0,1.0,1.0,108336.26786214298,1.0
658.0,Spain,Male,50.0,2.0,0.0,1.7704037774689478,1.0,0.0,52137.73,0.0
598.0,Spain,Male,27.0,8.0,90721.52,2.0,1.0,0.0,109296.18,0.0
677.0,France,Male,27.0,2.0,0.0,2.0,1.0,1.0,20092.89,0.0
664.1721193854135,Spain,Female,45.0,0.0,57784.22,1.0,1.0,0.0,197804.0,1.0
591.0,France,Male,33.0,9.0,131765.72,1.0,1.0,0.0,118782.06,0.0
699.0,France,Male,40.0,4.555480817529963,0.0,1.0,0.0,1.0,152876.13,1.0
749.0,Germany,Male,47.0,9.0,119301.16086963189,1.0,1.0,1.0,135655.29,1.0
709.0,France,Female,40.0,5.220415904118962,101555.78620929646,1.0,1.0,1.0,103970.58,0.0
607.0,France,Male,61.0,2.0,164523.5,2.0,1.0,1.0,112125.7699330145,0.0
650.0,Germany,Female,25.0,2.0,114330.95,1.0,1.0,1.0,25325.07,0.0
651.0,Spain,Female,45.0,10.0,135923.16,1.0,1.0,0.0,18732.84,0.0
676.0,France,Female,61.0,8.0,0.0,2.0,1.0,1.0,118522.73,0.0
723.0,France,Female,49.0,4.0,0.0,2.0,0.0,1.0,89972.25,0.0
714.0,Spain,Male,44.23214987464951,0.0,124693.48,1.2458780041844655,0.0,1.0,187194.15,0.0
759.0,Spain,Female,35.0,4.147629340050517,147936.42,1.0,1.0,1.0,106785.7,0.0
582.0,France,Male,29.0,0.0,0.0,1.0,1.0,0.0,142516.35,0.0
697.0,France,Female,34.0,5.213201885652433,126558.92,1.0,1.0,0.0,73334.43,0.0
610.0,Germany,Male,57.0,6.0,120413.91625353368,2.0,1.0,1.0,186612.47,0.0
488.0,Germany,Female,33.0,4.0,140002.35,1.0,1.0,0.0,123613.81,0.0
599.0,Germany,Male,46.0,9.0,123444.72,1.0,1.0,1.0,31368.08,1.0
658.748544181232,France,Male,32.0,4.827729499011999,147107.91,1.0,1.0,1.0,40066.95,0.0
645.0,France,Male,19.0,5.583732285977313,117536.76924988216,1.0,0.0,0.0,175969.19,0.0
545.0,France,Female,55.0,5.0,63851.19395439916,1.0,0.0,0.0,10034.77,1.0
597.0,Germany,Female,33.73263215693759,9.0,106756.01,2.0,1.0,0.0,151167.94,0.0
561.0,Spain,Female,33.79603909927912,3.0,0.0,2.0,1.0,0.0,191387.76,0.0
662.0,France,Female,37.0,6.0,0.0,2.0,1.0,0.0,51229.17,0.0
649.0,Germany,Female,50.0,5.255442236167177,155393.32,1.0,1.0,1.0,87351.42,1.0
630.0,France,Female,36.0,2.0,110414.48,1.0,1.0,1.0,48984.95,0.0
672.0,Spain,Male,33.0,2.0,0.0,2.0,1.0,1.0,182738.0,0.0
636.0,Germany,Female,37.0,9.0,157098.52,1.0,1.0,1.0,153535.27,0.0
593.0,Germany,Female,37.40352666201583,5.0,85626.6,1.0,1.0,1.0,125079.65,0.0
545.0,Germany,Male,45.0,6.0,117246.65802659193,2.0,1.0,1.0,124187.23123811997,0.0
567.0,Spain,Female,41.0,1.0,0.0,2.0,1.0,0.0,3414.72,0.0
583.0,France,Male,51.0,6.0,34311.82821382778,2.0,1.0,0.0,165082.25,0.0
681.0,France,Female,29.0,2.0,148143.84,1.0,1.0,1.0,52021.39,0.0
622.2286714936706,Spain,Male,37.01419877449324,10.0,115545.33,2.0,1.0,1.0,148256.43,0.0
648.0,Spain,Male,35.0,7.0,0.0,2.0,1.0,0.0,122899.01,0.0
644.0,France,Male,30.0,5.0,44928.88,1.0,1.0,1.0,10771.46,0.0
706.0,Spain,Male,37.17001759745462,2.0,0.0,2.0,1.0,1.0,18255.51,0.0
645.7980408066014,France,Male,35.0,3.0,162442.35,1.0,1.0,0.0,183566.78,0.0
484.0,Spain,Female,39.0,5.0,0.0,2.0,1.0,1.0,175224.12,0.0
508.0,Germany,Male,28.0,0.0,96213.82,2.0,1.0,0.0,147913.56,0.0
439.0,France,Female,39.507479015016735,6.0,156569.43,1.0,1.0,0.0,180598.66,0.0
484.0,Spain,Male,36.0,8.0,0.0,2.0,1.0,0.0,186136.48,0.0
803.0,Spain,Female,37.0,1.0,0.0,1.7285174687751312,0.0,0.0,7455.2,0.0
640.5369374628018,Germany,Male,48.0,6.0,119653.25672752924,2.0,1.0,1.0,116951.0637106659,0.0
640.0,France,Male,33.0,7.0,154575.76,1.0,1.0,0.0,25722.28,0.0
701.0,Spain,Female,35.0,9.0,0.0,2.0,0.0,0.0,170996.86,0.0
537.0,France,Male,37.0,3.0,0.0,2.0,1.0,1.0,20603.32,0.0
651.0,Germany,Male,26.0,5.0,147037.32,1.0,0.0,0.0,141763.26,0.0
523.0,Germany,Male,41.0,0.0,119276.31,1.0,0.0,0.0,122284.38,1.0
717.0,France,Female,25.0,7.0,108664.85,2.0,1.0,0.0,99467.3807418979,0.0
593.0,Spain,Male,44.0,5.0,0.0,1.0,1.0,0.0,128046.98,0.0
706.0,Germany,Male,38.0,5.0,117145.93106985372,1.855391766497219,1.0,1.0,135662.17,0.0
714.0,Germany,Female,44.13411020197774,4.0,93059.34,1.0,1.0,0.0,7571.51,1.0
794.0,Spain,Male,36.00942217969242,9.0,179581.31,1.0,1.0,0.0,23596.24,0.0
518.0,Germany,Male,46.0,4.0,113625.93,1.0,0.0,0.0,92727.42,1.0
647.7008640669976,Germany,Male,55.0,7.0,119961.48,1.0,1.0,0.0,65156.83,1.0
824.0,France,Male,45.0,3.0,129209.48,1.25502022644227,0.0,0.0,60151.77,0.0
639.1453139018411,Germany,Female,42.0,5.0,117838.22801119338,3.0,1.0,0.0,106199.08922106045,1.0
617.0,Germany,Female,58.0,3.0,119024.75,2.0,1.0,0.0,35199.24,1.0
651.0,France,Male,35.0,5.630690277340916,74623.5,3.0,1.0,1.0,129451.29,1.0
611.2871897341416,Spain,Female,44.77493074821598,5.017933054186577,157929.45,1.0,1.0,1.0,145134.49,1.0
554.0,France,Female,26.0,7.0,92606.86,2.0,1.0,0.0,192709.69,0.0
731.0,Germany,Male,35.0,5.023740424708593,127862.93,2.0,1.0,0.0,139083.7,0.0
569.0,Spain,Female,42.0,3.5223103759417036,0.0,1.0,1.0,1.0,83629.6,1.0
625.0,Germany,Female,35.32257986750231,4.0,142711.81,1.0,1.0,0.0,35625.41,0.0
592.0,France,Female,38.0,4.0,0.0,2.0,1.0,0.0,35338.96,0.0
677.9438491125701,France,Male,43.0,1.0,163159.85,1.0,0.0,1.0,15602.8,0.0
663.0,Germany,Male,32.0,5.894298351726133,108586.86,1.0,1.0,1.0,98344.04997699322,0.0
518.0,Germany,Female,41.0,5.0,110624.99,1.0,1.0,0.0,89327.67,0.0
686.0,Germany,Female,43.0,5.0,154846.24,2.0,1.0,1.0,151903.6,0.0
709.0,Germany,Male,45.0,4.0,115891.73617631609,1.0,1.0,1.0,11.58,0.0
571.0,France,Female,33.0,9.0,0.0,2.0,0.0,1.0,77519.62,0.0
707.0,France,Female,31.0,2.0,82787.93,2.0,0.0,0.0,91423.69,0.0
701.0,Germany,Male,32.0,5.0,102500.34,1.0,0.0,0.0,106287.77,0.0
672.0,France,Male,34.0,9.0,24270.58303683066,2.0,1.0,0.0,161800.77,0.0
620.0,Germany,Male,39.0,9.0,159492.79,1.0,1.0,0.0,98472.73865121017,1.0
691.8023137980406,France,Male,48.0,6.436997499299097,29765.356645252883,2.0,1.0,1.0,136277.6123626208,0.0
648.0,Spain,Female,54.0,7.0,56616.982245321306,1.0,1.0,0.0,96955.5368487323,1.0
479.0,France,Female,35.0,5.262026431067762,113090.4,1.0,1.0,0.0,195649.79,0.0
730.0,France,Male,22.0,9.0,129908.93426499318,1.238664173434755,1.0,1.0,145792.01,0.0
737.0,Germany,Female,43.0,1.0,125537.38,1.0,1.0,0.0,138510.01,1.0
616.0,France,Male,31.0,3.0,94263.91,2.0,1.0,0.0,168895.06,0.0
639.0,Spain,Male,29.0,5.6090036859632,133434.57,1.292453870444199,1.0,0.0,110168.66055302521,0.0
815.0,Spain,Female,37.48706574934304,6.0,0.0,1.0,1.0,1.0,85167.88,0.0
786.0,Spain,Male,40.318568025818756,5.0524641929325105,0.0,2.0,1.0,1.0,90588.2432342996,0.0
549.0,France,Male,50.0,9.0,94748.76,2.0,0.0,1.0,13608.18,0.0
622.0,France,Female,38.0,4.0,98640.74,1.0,1.0,1.0,110457.99,0.0
624.0,France,Male,26.0,9.0,74681.9,2.0,0.0,0.0,31231.35,0.0
841.0,France,Male,34.0,4.745652435038682,0.0,2.0,1.0,1.0,141582.66,0.0
614.0,Spain,Female,41.0,7.0,179915.85,1.0,0.0,0.0,14666.35,1.0
676.0,France,Male,30.0,1.0,90821.52543719405,1.0,1.0,1.0,55400.17,0.0
697.0,France,Male,37.84536144546112,9.0,29681.855331667346,2.0,0.0,0.0,174667.65,0.0
732.0,France,Female,40.0,10.0,0.0,1.8550122904132758,1.0,0.0,154189.08,0.0
623.0,France,Male,27.0,4.0,120509.81,1.0,0.0,0.0,142170.44,0.0
541.0,France,Male,46.0,4.0,124547.13,2.0,1.0,1.0,94499.06,0.0
773.0,Spain,Female,39.0,4.0,0.0,2.0,1.0,1.0,182081.45,0.0
762.0,Germany,Male,34.0,4.0,88815.56,2.0,1.0,0.0,68562.26,1.0
655.0,Spain,Female,35.0,1.0,82231.51,2.0,1.0,0.0,88798.02,0.0
602.0,Germany,Male,34.6344753759267,7.0,184715.86,2.0,1.0,0.0,113781.99,0.0
850.0,France,Male,35.76260620345744,3.0,0.0,2.0,1.0,0.0,104225.63611855323,0.0
649.0,Spain,Male,37.62473621982545,4.0,0.0,1.8070070699526661,1.0,1.0,150390.57,0.0
850.0,Germany,Male,28.0,6.043279389944347,147972.19,1.0,1.0,0.0,60708.72,1.0
543.0,France,Male,43.0,9.0,20032.49047511514,2.0,1.0,1.0,78858.07,0.0
615.9049211981201,France,Male,52.0,8.0,170008.84,1.0,1.0,0.0,56407.42,1.0
600.0,France,Female,27.0,3.0,35841.610583236004,2.0,0.0,1.0,125698.97,0.0
671.0,Spain,Female,34.0,10.0,0.0,1.0,1.0,0.0,23235.38,0.0
706.0,Spain,Female,42.0,8.0,95386.82,1.0,1.0,1.0,93388.06451900776,0.0
541.0,Germany,Male,51.0,7.0,90373.28,2.0,1.0,1.0,179861.79,0.0
711.0,Germany,Male,34.0,4.0,133467.77,2.0,1.0,1.0,42976.64,0.0
630.0,Spain,Male,30.0,3.0,0.0,2.0,0.0,1.0,99530.79201097148,0.0
531.0,France,Male,31.0,3.0,96288.26,1.0,1.0,0.0,56794.73,0.0
641.0,France,Female,26.0,4.0,91547.84,2.0,0.0,1.0,28157.34,0.0
631.0,Germany,Male,37.0,8.0,138292.64,1.2614470997897484,0.0,0.0,152422.91,1.0
685.0,France,Male,35.0,5.092235526316406,0.0,1.0,1.0,0.0,167033.83,0.0
702.0,Spain,Male,32.0,8.0,71667.74,1.2830917227262142,1.0,1.0,126082.18,0.0
708.0,Germany,Female,43.0,0.0,118994.84,1.0,1.0,0.0,181499.77,1.0
653.0,France,Male,55.0,4.921533688224825,0.0,2.0,1.0,1.0,41967.03,0.0
654.0,Germany,Male,37.0,2.0,145610.07,2.0,0.0,0.0,186300.59,0.0
596.0,France,Female,33.0,1.0,138162.81,1.0,1.0,0.0,85412.54,0.0
549.0,Germany,Female,31.0,9.0,135020.21,2.0,1.0,1.0,23343.18,0.0
754.0,France,Male,38.0,2.0,0.0,2.0,1.0,0.0,180698.32,0.0
815.0,Germany,Male,25.0,8.0,135161.67,1.0,1.0,1.0,136071.05,0.0
556.0,France,Female,52.0,9.0,0.0,1.0,1.0,0.0,175149.2,1.0
706.0,France,Male,32.0,6.0,94486.47,1.2219319036919873,1.0,1.0,146949.74,0.0
850.0,France,Male,46.0,9.0,117640.39,1.0,1.0,0.0,88920.68,0.0
732.0,Spain,Female,33.0,8.0,111379.55,1.0,1.0,1.0,45098.62,0.0
628.1106521356074,France,Male,40.0,6.0,63019.947299490355,1.0,1.0,1.0,20339.79,1.0
580.0,Spain,Female,57.0,0.0,136820.99,1.0,0.0,1.0,108528.74,0.0
593.0,France,Female,46.0,7.0,98752.51,1.0,1.0,1.0,145560.38,0.0
653.0,Germany,Female,25.0,2.0,158266.42,3.0,1.0,1.0,199357.24,0.0
746.0,France,Female,29.0,4.0,105599.67,1.0,1.0,1.0,43106.17,0.0
662.0,France,Female,29.0,10.0,0.0,2.0,1.0,0.0,137508.31,0.0
573.0,France,Male,31.0,2.0,0.0,2.0,1.0,1.0,91957.39,0.0
684.0,Spain,Male,39.0,4.0,139723.9,1.0,1.0,1.0,120612.11,0.0
793.0,France,Female,41.0,3.0,141806.46,1.0,1.0,0.0,102921.17,0.0
798.0,Germany,Female,49.0,5.0,132571.67,1.0,1.0,1.0,31686.33,1.0
524.0,France,Male,40.0,2.0,180516.9,1.0,1.0,0.0,180002.42,0.0
816.0,France,Male,31.0,8.0,26747.698558795615,2.0,1.0,1.0,28407.4,0.0
742.0,Germany,Female,41.0,4.0,92805.72,1.0,1.0,1.0,97906.80802666716,0.0
540.0,France,Male,22.0,4.0,78498.79882504405,3.0,1.0,1.0,186233.26,1.0
537.0,Germany,Male,39.0,3.0,135309.36,1.0,1.0,0.0,31728.86,1.0
759.0,Spain,Female,74.0,6.0,128917.84,1.0,1.0,1.0,48244.64,0.0
774.0,France,Female,52.0,2.0,56580.93,1.0,1.0,0.0,113266.28,1.0
608.0,Germany,Male,42.0,8.0,131390.75,2.0,1.0,0.0,71178.09,0.0
704.0,Spain,Male,37.0,4.0,0.0,2.0,0.0,0.0,25684.93,0.0
581.0,France,Male,41.0,8.0,0.0,2.0,0.0,0.0,29737.14,0.0
628.0,France,Female,61.0,1.0,70383.558376056,1.0,1.0,1.0,75109.2474713861,1.0
566.0,France,Female,42.0,6.0,0.0,1.0,1.0,0.0,180702.12,1.0
701.0,Spain,Male,59.0,7.0,12866.06893280261,2.0,0.0,1.0,27597.59,0.0
735.0,Spain,Male,40.27105422614651,4.62018894958147,0.0,2.0,1.0,1.0,95025.27,0.0
680.0,France,Female,34.0,1.0,0.0,2.0,1.0,0.0,167035.07,0.0
560.0,France,Male,57.0,0.0,0.0,2.0,0.0,1.0,116781.71,0.0
663.0,Germany,Female,29.0,4.0,102714.65,2.0,0.0,0.0,21170.81,0.0
665.0,France,Female,34.0,5.0,67816.72,1.0,1.0,1.0,29641.58,0.0
758.0,France,Male,39.32949394208966,4.629131677954603,81710.46,1.0,1.0,1.0,116520.07,0.0
621.0,France,Male,26.0,2.0,75237.54,1.0,0.0,1.0,44220.4,0.0
764.0,Germany,Male,38.50788911668474,10.0,114117.70468632666,1.0,1.0,1.0,89726.59431192029,0.0
537.0,Germany,Female,46.0,5.0,100727.5,1.0,1.0,1.0,101175.9140453506,1.0
589.0,France,Female,46.0,10.0,107238.85,2.0,1.0,0.0,37024.28,0.0
555.0,France,Male,24.0,5.0,0.0,2.0,1.0,0.0,27513.47,0.0
734.0,France,Female,29.0,0.0,139994.66,1.0,1.0,0.0,17744.72,0.0
783.0,Spain,Female,36.26360103543895,9.0,69421.76513680424,1.0,1.0,1.0,4423.63,0.0
678.0,Germany,Female,51.0,1.0,145751.03,1.0,0.0,0.0,109718.44,1.0
661.0,France,Male,47.0,5.521705278788419,0.0,1.0,1.0,1.0,107243.31,0.0
607.0,Spain,Female,25.0,4.0,121166.89,1.0,0.0,1.0,115288.24,0.0
537.0,Spain,Female,38.0,1.0,0.0,2.0,0.0,1.0,41233.97,0.0
513.0,France,Male,88.0,10.0,63376.06080350009,1.0584036980504636,1.0,1.0,52952.24,0.0
576.0,France,Male,63.0,9.0,70655.48,1.0,0.0,0.0,78955.8,1.0
639.5111641514209,Germany,Male,41.0,1.0,129901.21,1.0,1.0,0.0,26025.6,1.0
663.5349241452215,France,Male,49.87404780606243,6.68082314373007,125470.81,1.3881453433449433,1.0,1.0,111057.31457002737,0.0
672.0,France,Male,53.0,3.199827800444048,169406.33,4.0,1.0,1.0,147311.47,1.0
629.0,France,Male,32.0,2.0,0.0,2.0,0.0,1.0,77965.44,0.0
583.0,Germany,Male,40.0,4.0,107041.3,1.0,1.0,1.0,5635.63,0.0
763.0,Spain,Female,32.0,10.0,95153.77,1.0,1.0,1.0,81310.1,0.0
516.0,Germany,Male,32.0,5.7280233961344225,145166.09,2.0,0.0,0.0,111421.45,0.0
617.0,France,Female,27.0,4.0,0.0,2.0,0.0,0.0,190269.21,0.0
700.0,France,Male,38.0,9.0,65962.63,1.0,1.0,1.0,100950.48,0.0
727.0,Germany,Male,46.251400121616214,6.0,140418.81,1.7309966739562639,1.0,1.0,113033.73,1.0
689.0,Spain,Male,31.0,3.0,139799.63,1.0,0.0,1.0,120663.57,0.0
666.7401272819089,France,Male,49.0,9.0,27049.311494532918,2.0,1.0,0.0,187192.23,0.0
686.0,France,Male,38.0,6.0,149238.97,1.0,1.0,1.0,97825.23,0.0
351.0,Germany,Female,57.0,4.0,163146.46,1.0,1.0,0.0,169621.69,1.0
739.0,France,Female,37.0,8.0,21540.78509703395,2.0,1.0,0.0,191557.1,0.0
627.0,France,Male,32.0,10.0,0.0,2.0,1.0,0.0,103287.62,0.0
451.0,France,Female,38.0,9.0,61482.47,1.0,1.0,1.0,167538.66,0.0
512.0,France,Female,41.0,8.0,145150.28,1.0,1.0,0.0,64869.32,1.0
774.0,France,Female,41.0,5.0,126670.37,1.0,1.0,1.0,102426.06,0.0
652.0,France,Female,40.0,8.0,84390.8,2.0,0.0,1.0,107876.2,0.0
638.0,Germany,Male,37.0,2.0,89728.86,2.0,1.0,1.0,37294.88,0.0
475.0,France,Female,57.0,1.0,0.0,2.0,1.0,0.0,89248.99,0.0
567.0,Spain,Male,34.62640187738404,4.0,118628.8,1.0,0.0,0.0,91973.63,0.0
750.0,France,Male,37.0,5.124802792462735,0.0,2.0,1.0,0.0,107049.85082579414,0.0
850.0,Spain,Male,39.0,6.0,96863.13,1.3617219809164922,1.0,1.0,121681.19,0.0
753.0,France,Female,38.0,6.0,142263.45,1.0,0.0,1.0,33730.43,0.0
683.0,Spain,Female,36.0,7.0,0.0,2.0,1.0,0.0,104786.59,0.0
710.0,France,Female,32.0,3.0,0.0,1.0,1.0,0.0,94790.34,0.0
645.0,Spain,Female,21.0,1.0,0.0,2.0,0.0,0.0,28726.07,0.0
714.0,France,Male,28.0,6.0,122724.37,1.0,1.0,1.0,67057.27,0.0
696.0,Germany,Female,35.0,4.0,174902.26,1.0,1.0,0.0,69079.85,0.0
612.0,Spain,Female,26.0,4.0,0.0,2.0,1.0,1.0,179780.74,0.0
628.0544830809107,Germany,Female,31.0,3.0,108914.17,1.0,1.0,1.0,183572.39,1.0
782.0,Spain,Male,23.0,10.0,98052.66,1.0,1.0,1.0,142587.32,0.0
673.8099518934487,France,Male,46.0,5.0,123873.19,1.0,1.0,1.0,99394.3941613672,0.0
466.0,France,Female,56.0,2.0,111920.13,3.0,1.0,0.0,85905.47450772517,1.0
567.0,France,Male,45.0,4.0,0.0,2.0,0.0,1.0,121053.19,0.0
613.0,France,Male,20.0,3.0,0.0,2.0,1.0,1.0,149613.77,0.0
718.0,France,Male,37.0,8.0,0.0,2.0,1.0,1.0,142.81,0.0
641.6342419744269,France,Female,37.0,8.0,75401.15687220007,4.0,0.0,1.0,131766.67,1.0
711.0,France,Male,38.0,10.0,0.0,2.0,0.0,0.0,53311.78,0.0
691.0,Germany,Female,38.0,5.0,114753.76,1.0,1.0,0.0,107665.02,0.0
527.0,France,Male,32.0,0.0,0.0,1.0,1.0,0.0,109523.88,0.0
665.8086624996392,France,Female,32.0,6.0,111871.93,1.0,0.0,0.0,112132.86,0.0
619.0,Spain,Female,45.0,0.0,0.0,2.0,0.0,0.0,113645.4,0.0
607.0,Germany,Female,37.0,4.0,135927.06,1.0,0.0,0.0,180890.4,0.0
695.0,Spain,Male,44.0,8.0,0.0,2.0,1.0,1.0,70974.13,0.0
653.0,France,Male,33.0,1.0,0.0,2.0,0.0,0.0,53379.52,0.0
677.0,France,Male,46.0,2.0,57037.74,1.0,1.0,1.0,158531.01,0.0
655.0,France,Female,50.0,10.0,42584.781093137586,4.0,1.0,0.0,179267.94,1.0
625.0,France,Female,52.0,2.0,79468.96,1.0,1.0,1.0,84606.03,0.0
679.0,Germany,Female,34.0,7.0,121063.85,1.0,1.0,0.0,56984.58,0.0
734.0,France,Male,51.0,1.0,118537.47,1.1798058310598714,1.0,1.0,116912.45,0.0
666.0,France,Male,39.824897215292815,10.0,32338.74133052487,2.0,1.0,0.0,102999.33,0.0
592.0,Germany,Female,26.0,4.0,105082.07,2.0,1.0,1.0,132801.57,0.0
564.0,France,Male,40.0,4.0,0.0,1.0,1.0,0.0,85455.62,1.0
814.0,France,Female,36.0,6.0,0.0,2.0,1.0,1.0,98657.01,0.0
592.0,Germany,Male,36.0,2.0,121758.6464609502,2.0,1.0,0.0,107948.72,0.0
688.8035558030853,France,Female,50.0,2.0,95813.76,1.1824850582850837,1.0,1.0,67944.09,0.0
612.0,Spain,Female,62.0,0.0,28916.428190728646,2.0,1.0,1.0,192892.05,0.0
621.7405880481292,Germany,Male,61.0,7.0,123420.28980291638,1.0,1.0,0.0,187247.56,1.0
638.0,Germany,Male,42.76038887635318,5.6118957163165,148045.45,2.0,1.0,1.0,114722.42,0.0
558.0,France,Male,35.0,1.0,0.0,2.0,0.0,0.0,111687.57,0.0
756.0,France,Female,34.58469131472183,1.0,0.0,2.0,1.0,0.0,184182.25,0.0
782.0,Spain,Male,46.5955784459165,5.189138218654353,76260.43408356284,1.449158384745899,1.0,1.0,52759.82,1.0
505.0,France,Male,34.0,10.0,104498.79,1.0,0.0,1.0,126451.14,0.0
671.0,Spain,Female,29.0,6.0,0.0,2.0,0.0,0.0,12048.67,0.0
801.0,France,Male,37.49794884585132,6.0,0.0,2.0,1.0,1.0,95804.33,0.0
604.0,France,Male,26.0,8.0,149542.52,2.0,0.0,1.0,100992.99462769784,0.0
639.1677319418537,France,Female,29.0,10.0,87946.39,1.0,1.0,1.0,182531.74,0.0
624.0,France,Female,45.0,3.0,68639.57,1.0,1.0,0.0,168002.31,1.0
644.5025234744843,Germany,Male,47.0,4.0,148826.32,1.0,1.0,1.0,79450.61,0.0
827.0,France,Female,60.0,2.0,0.0,2.0,1.0,1.0,60615.83,0.0
606.0,France,Male,61.0,5.0,108166.09,2.0,0.0,1.0,8643.21,0.0
653.9259680267477,Germany,Female,35.325656075481014,5.0,103214.71,1.0,1.0,1.0,172172.7,0.0
651.0,Germany,Male,44.378990550513386,1.0,117831.40822885651,2.0,0.0,0.0,174434.06,1.0
691.0,France,Male,58.0,3.0,0.0,1.0,0.0,1.0,194930.3,0.0
573.0,France,Female,33.0,0.0,90124.64,1.0,1.0,0.0,137476.71,0.0
723.0,Spain,Male,38.0,6.0,0.0,2.0,1.0,1.0,94415.6,0.0
584.0,Germany,Female,46.0,6.0,87361.02,2.0,1.0,0.0,120376.87,1.0
550.0,Germany,Female,45.0,8.0,111257.59,1.0,0.0,0.0,97623.42,1.0
607.2361218793733,France,Female,61.0,3.0,131583.59,4.0,1.0,1.0,66238.23,1.0
653.8313470151317,France,Male,49.87360452242371,9.0,95020.8,3.0,1.0,1.0,113670.99183614139,1.0
850.0,France,Female,24.0,1.0,0.0,2.0,0.0,1.0,69052.87,0.0
668.0,Germany,Male,34.0,5.0,80242.37,2.0,0.0,0.0,56780.97,0.0
686.0,France,Female,43.0,0.0,0.0,1.0,1.0,1.0,170072.9,0.0
660.0,France,Male,50.0,4.191600554464885,58169.8998105486,3.0,1.0,1.0,191849.15,1.0
682.0,Spain,Female,59.0,0.0,122661.39,1.0,0.0,1.0,84803.76,0.0
524.0,France,Male,50.0,4.0,0.0,2.0,1.0,1.0,31840.59,1.0
645.0,France,Female,36.0,8.0,0.0,2.0,1.0,1.0,12096.61,1.0
850.0,France,Male,42.0,0.0,0.0,2.0,1.0,0.0,44165.84,0.0
537.0,France,Female,53.0,3.0,0.0,1.0,1.0,1.0,91406.62,0.0
599.0,Spain,Female,46.0,7.0,81742.84,2.0,1.0,0.0,83282.21,0.0
698.7683257425239,France,Male,46.1754268220922,8.0,124723.12601877397,1.3424833919743626,1.0,1.0,117800.71591948108,0.0
648.6750986454724,Spain,Male,36.808352553293396,2.0,145127.85,1.0,0.0,0.0,7554.68,0.0
755.0,France,Male,38.0,9.0,148912.44,1.0,1.0,0.0,80416.16,0.0
634.0,Spain,Female,41.0,4.0,0.0,2.0,1.0,1.0,164549.74,0.0
837.0,France,Male,26.0,4.0,89900.24,2.0,1.0,1.0,175477.03,0.0
727.0,Germany,Female,30.0,8.0,119027.28,2.0,1.0,1.0,137903.54,0.0
567.0,Germany,Female,40.0,2.0,105222.86,2.0,1.0,0.0,93795.86,0.0
650.0,Spain,Female,30.0,6.0,0.0,1.0,0.0,0.0,67997.13,1.0
655.0,Spain,Male,34.0,1.0,116114.93,1.0,1.0,1.0,49492.15,0.0
763.0,France,Female,58.0,9.0,187911.55,1.0,0.0,1.0,35825.18,0.0
843.0,France,Female,27.0,5.0,0.0,2.0,1.0,1.0,67494.23,0.0
644.6653026502709,France,Female,38.0,6.0,144432.04,1.0,1.0,0.0,73963.17,1.0
705.0,France,Female,50.0,4.0,77065.9,2.0,0.0,1.0,145159.26,0.0
588.5837629790492,Germany,Female,29.0,6.0,180520.29,1.0,1.0,1.0,123850.58,0.0
553.0,France,Male,42.0,1.0,0.0,2.0,0.0,0.0,23822.04,0.0
612.0,Germany,Female,47.0,6.0,130024.87,1.0,1.0,1.0,84977.86593435046,1.0
641.0,Germany,Female,40.0,2.0,110086.69,1.0,1.0,0.0,159773.14,1.0
513.0,Spain,Female,36.63736065372925,5.0,174853.46,1.0,1.0,0.0,84238.63,0.0
679.4303342660825,France,Male,44.0,7.0,108724.98,1.2586179497913856,0.0,1.0,72330.46,0.0
682.0056140274769,France,Male,58.0,9.0,91285.13,1.1726394077541769,1.0,1.0,26767.85,0.0
689.0,Spain,Male,44.554330036544926,4.387523661198983,0.0,2.0,1.0,1.0,164768.82,0.0
665.0,Germany,Male,51.0,9.0,110610.41,2.0,0.0,1.0,1112.76,1.0
551.0,Germany,Male,54.0,5.0,102994.04,1.0,1.0,0.0,176680.16,1.0
645.0,Spain,Male,36.0,4.0,59893.85,2.0,1.0,0.0,43999.64,0.0
616.0,Germany,Male,29.0,8.0,149318.55,1.0,1.0,0.0,140746.13,0.0
582.0,France,Female,32.0,1.0,116409.55,1.0,0.0,1.0,152790.92,0.0
365.0,Germany,Male,30.0,0.0,127760.07,1.3726337782967348,1.0,0.0,81537.85,1.0
697.0,Germany,Female,38.0,3.7507701759421814,132591.36,1.5538066622144333,1.0,1.0,7387.8,1.0
704.0,France,Male,31.0,0.0,0.0,2.0,1.0,0.0,183038.33,0.0
656.0,France,Female,46.0,5.0,113402.14,1.3412338752502972,1.0,1.0,138849.06,0.0
712.0,France,Female,31.0,7.0,0.0,2.0,1.0,0.0,170333.38,0.0
748.0,France,Male,40.0,0.0,0.0,1.0,0.0,0.0,60416.76,0.0
724.0,France,Male,28.0,9.0,0.0,2.0,1.0,1.0,100240.2,0.0
691.0,France,Male,50.0,6.0,136953.47,1.0,1.0,1.0,2704.98,0.0
563.0,France,Male,33.0,8.0,0.0,2.0,1.0,1.0,68815.05,0.0
741.0,France,Male,32.0,5.0,0.0,1.0,1.0,1.0,64839.23,0.0
778.0,France,Male,44.0,8.0,123863.64,1.2539751735760711,1.0,0.0,144494.94,0.0
848.0,Spain,Male,38.09064976766906,3.7559998262323733,93645.31455013723,1.0,1.0,1.0,185510.34,0.0
634.0,Germany,Male,42.966455863186646,2.0,148430.55,1.0,1.0,1.0,56055.72,0.0
505.0,Germany,Male,40.0,6.0,47869.69,2.0,1.0,1.0,155061.97,0.0
692.0,Germany,Male,53.0,7.0,150926.99,2.0,0.0,0.0,119817.19,0.0
537.0,Germany,Female,47.0,6.0,103163.35,1.2205091288225307,1.0,0.0,16259.64,1.0
633.0,France,Male,29.0,10.0,130206.28,1.0,1.0,0.0,184654.87,0.0
833.0,France,Female,28.0,4.0,136674.51,2.0,0.0,0.0,5278.78,0.0
592.0,Spain,Female,39.388663354152065,2.0,200322.45,1.0,1.0,1.0,113244.73,0.0
587.0,Spain,Male,38.81240019401127,1.0,0.0,2.0,1.0,1.0,90107.76998998037,0.0
550.0,Spain,Male,62.0,7.0,80927.56,1.0,0.0,1.0,90360.83107921282,0.0
584.2818955620388,France,Female,42.872186349388976,10.0,0.0,3.0,1.0,0.0,154971.63,1.0
622.0,Spain,Female,41.0,5.781761435148249,33110.96209122851,2.0,1.0,1.0,155786.39,0.0
594.0,Germany,Male,28.0,0.0,142574.71,2.0,1.0,0.0,129084.82,0.0
643.0,Germany,Female,34.0,7.0,160426.07,1.0,0.0,1.0,188533.11,0.0
540.0,France,Male,25.0,5.0,116160.23,1.0,1.0,0.0,13411.67,0.0
635.0,Spain,Female,34.0,5.0,98683.47,2.0,1.0,0.0,15733.19,0.0
657.0,France,Male,32.0,3.0,118829.03,2.0,1.0,1.0,73127.61,0.0
814.0,France,Male,31.0,1.0,118870.92,1.0,1.0,0.0,101704.19,0.0
600.0,France,Male,32.0,1.0,0.0,1.0,1.0,1.0,101986.16,0.0
682.0,France,Female,46.0,2.0,0.0,1.0,1.0,1.0,114442.66,0.0
682.0,France,Male,38.0,4.0,107192.38,1.0,1.0,1.0,15669.17,0.0
566.0,France,Male,42.0,3.0,108010.78,1.0,1.0,1.0,157486.1,0.0
550.0,Spain,Male,34.0,3.0,0.0,2.0,0.0,0.0,131281.28,0.0
630.0,Germany,Male,26.0,7.0,129837.72,2.0,0.0,1.0,197001.15,0.0
652.587600443477,Germany,Male,58.0,5.033204565743762,106458.31,4.0,1.0,1.0,110321.24519903268,1.0
486.0,France,Male,63.0,4.652399810523231,97009.15,1.0,1.0,1.0,85101.0,0.0
689.7136081958372,Spain,Male,35.0,4.565670207069331,122929.42,2.0,0.0,1.0,149822.04,0.0
659.4488137022561,France,Male,45.0,5.600211623860025,99611.6819458753,4.0,1.0,1.0,131938.39556652063,1.0
498.0,France,Female,30.0,1.0,0.0,2.0,0.0,0.0,135795.53,0.0
850.0,Spain,Male,49.0,8.0,0.0,1.6365469411959488,0.0,0.0,25867.67,0.0
603.0,France,Male,35.0,4.809651219374196,128993.76,2.0,1.0,1.0,130483.56,0.0
551.0,France,Female,36.0,5.0,0.0,1.0,1.0,0.0,183479.12,0.0
627.0,Germany,Male,27.0,0.0,185267.45,2.0,1.0,1.0,77027.34,0.0
515.0,France,Female,28.0,9.0,0.0,2.0,0.0,0.0,94141.75,0.0
605.0,Spain,Female,29.0,3.0,116805.82,1.0,0.0,0.0,4092.75,0.0
567.0,France,Male,29.0,4.455869009205611,129750.68,1.0,1.0,0.0,109257.59,0.0
568.0,Germany,Female,29.0,2.0,129177.01,2.0,0.0,1.0,104617.99,0.0
571.0,Germany,Male,25.0,6.0,82506.72,2.0,1.0,0.0,167705.07,0.0
634.0,Germany,Male,48.0,2.0,122241.02107294853,1.0,1.0,1.0,89612.52386817044,1.0
768.0,Spain,Female,42.0,3.0,0.0,1.0,0.0,0.0,161242.99,1.0
554.0,Germany,Female,36.0,3.0,157780.93,2.0,1.0,0.0,6089.13,0.0
629.0,France,Male,35.0,1.0,172170.36,1.0,1.0,1.0,159777.37,0.0
638.0,Spain,Male,48.0,4.3250683239534204,0.0,2.0,1.0,1.0,7919.08,0.0
576.0,France,Male,41.0,1.0,0.0,1.7194663386352858,1.0,1.0,188274.6,0.0
661.0,Spain,Female,42.0,9.0,75361.44,1.410640328504342,1.0,0.0,27608.12,1.0
592.0,France,Female,27.0,4.0,0.0,2.0,1.0,1.0,183569.25,0.0
702.0,Spain,Male,30.0,2.0,0.0,2.0,1.0,1.0,145537.32,0.0
647.0,France,Female,29.0,0.0,98263.46,2.0,1.0,0.0,164717.95,0.0
593.0,France,Male,43.0,9.0,0.0,2.0,1.0,1.0,92633.7137369977,0.0
712.0,Germany,Male,40.0,3.0,109308.79,2.0,1.0,0.0,120158.72,0.0
625.0,Spain,Female,31.0,8.0,0.0,2.0,1.0,0.0,151843.54,0.0
538.0,Germany,Female,28.0,6.0,164365.44,1.0,0.0,1.0,5698.97,0.0
637.0,Spain,Female,22.0,5.0,98800.0,1.0,1.0,0.0,122865.55,0.0
632.0,France,Male,35.747523931703924,4.0,193125.85,1.0,1.0,1.0,152665.85,0.0
736.0,France,Male,27.0,5.0,51522.75,1.0,0.0,1.0,192131.77,0.0
755.0,France,Male,23.0,5.0,84284.48,2.0,1.0,1.0,62851.6,0.0
425.0,Spain,Male,39.0,5.0,0.0,2.0,1.0,0.0,140941.47,0.0
461.0,France,Male,51.0,9.0,119889.84,1.0,0.0,0.0,56767.67,1.0
745.0,France,Male,35.01992936048974,4.0,137910.45,1.0,1.0,1.0,177235.23,0.0
616.0,France,Female,37.0,6.0,0.0,2.0,1.0,0.0,86242.18,0.0
587.0,France,Male,33.0,5.0,90401.08752989251,1.0,1.0,0.0,34215.58,0.0
850.0,Germany,Male,40.0,4.0,166082.15,2.0,0.0,1.0,44406.17,0.0
601.0,France,Male,38.0,0.0,0.0,2.0,1.0,0.0,92792.82119448492,0.0
730.0,Spain,Male,26.0,3.0,0.0,1.0,1.0,0.0,34542.41,0.0
532.0,France,Male,44.0,3.0,148595.55,1.0,1.0,0.0,74838.64,1.0
850.0,Germany,Female,53.0,2.0,94078.97,2.0,1.0,1.0,36980.54,0.0
779.0,Spain,Female,34.0,5.0,0.0,2.0,1.0,1.0,111676.63,0.0
562.0,France,Male,39.89600975870962,9.0,0.0,1.0,1.0,1.0,25858.68,0.0
668.2260432933965,France,Male,47.219629676792465,2.0,56641.20686618835,1.42807216299157,0.0,0.0,177028.0,1.0
729.0,France,Female,62.0,4.920757563328275,70480.7237077124,1.0,1.0,0.0,30990.16,1.0
767.0,France,Female,37.42534563965088,2.0,152509.25,1.0,1.0,1.0,136915.15,0.0
742.0,France,Female,28.0,2.0,191864.51,1.0,1.0,0.0,108457.99,1.0
669.0,France,Female,44.0,5.0406648189641166,96418.09,1.0,0.0,0.0,131609.48,1.0
542.0,Spain,Male,32.0,2.0,131945.94,1.0,0.0,1.0,159737.56,0.0
586.0,France,Male,29.0,3.0,0.0,2.0,1.0,1.0,142238.54,0.0
612.0,Germany,Male,30.0,9.0,128244.24899348151,1.0,1.0,0.0,105890.55,1.0
740.0,France,Female,37.0,7.0,0.0,2.0,1.0,0.0,194270.91,0.0
584.0,France,Male,35.0,3.0,146311.58,1.0,1.0,1.0,105443.47,0.0
524.0,France,Male,52.0,5.347054677719446,54394.634993358166,1.0,1.0,0.0,173899.42,1.0
614.0,France,Female,35.233081547350075,5.0,97445.49,2.0,1.0,0.0,122823.34,0.0
598.0,France,Female,64.0,9.0,66201.46253980181,1.0,1.0,1.0,13181.37,1.0
799.0,Spain,Male,35.0,5.283811858123986,0.0,1.890144919370346,0.0,1.0,140780.8,0.0
724.0,France,Male,34.0,2.0,154485.74,2.0,0.0,0.0,78560.64,0.0
601.0,France,Male,50.0,2.0,115625.07,1.0,1.0,0.0,185855.21,0.0
804.0,France,Male,37.58353013373507,7.0,108396.67,1.0,1.0,0.0,102395.53411177982,0.0
745.0,Germany,Male,37.320919486087995,5.0,116389.25894745061,2.0,1.0,1.0,140197.42,0.0
667.0,Germany,Male,43.0,1.0,103018.45,1.0,1.0,0.0,87246.8582428247,1.0
518.0,France,Male,38.0,10.0,84764.79,1.0,1.0,1.0,162253.9,0.0
819.0,France,Female,38.0,10.0,0.0,2.0,1.0,0.0,30498.7,0.0
520.0,Spain,Female,35.0,4.0,115680.81,1.0,1.0,1.0,90280.7,0.0
625.0,France,Female,39.0,5.0,0.0,2.0,1.0,0.0,32615.21,0.0
673.0,Germany,Male,36.0,5.0,73088.06,1.6177471598748472,0.0,0.0,196142.26,0.0
630.0091607970403,Germany,Female,27.0,3.0,150905.03,2.0,1.0,0.0,100584.81110590686,0.0
850.0,Spain,Female,23.0,9.0,143054.85,1.0,0.0,0.0,62980.96,0.0
574.0,Spain,Female,28.0,7.0,20684.117290628663,2.0,0.0,0.0,185660.3,0.0
679.0,France,Male,60.0,6.0,0.0,2.0,1.0,1.0,77331.77,0.0
530.0,Germany,Female,38.961607772707616,0.0,99948.45,1.0,0.0,1.0,97338.62,0.0
508.0,France,Male,44.0,5.686749572231554,115451.05,2.0,0.0,0.0,67234.33,0.0
558.0,Germany,Male,32.0,4.0,118633.44779439355,1.0,1.0,1.0,143783.28,0.0
414.0,France,Male,38.0,8.0,0.0,1.0,0.0,1.0,77661.12,1.0
648.0,Spain,Male,42.0,2.0,98795.61,2.0,1.0,1.0,89123.99,0.0
721.0,France,Female,37.0,1.0,0.0,2.0,1.0,0.0,70810.8,0.0
751.0,France,Male,31.0,8.0,0.0,2.0,0.0,0.0,17550.49,0.0
662.0,France,Male,34.0,2.0,0.0,2.0,0.0,1.0,21497.27,0.0
628.0,Germany,Male,29.0,3.0,113146.98,2.0,0.0,1.0,124749.08,0.0
597.0,Germany,Male,39.0,8.0,162532.14,3.0,1.0,0.0,36051.46,1.0
670.5321971130627,Spain,Female,40.0,0.0,92053.44,1.0802938501241712,1.0,1.0,143681.83,0.0
723.0,France,Male,48.0,7.0,17247.42765330415,2.0,1.0,1.0,150694.58,0.0
586.0,France,Female,28.0,5.0,0.0,3.0,1.0,0.0,170487.4,1.0
633.0,Germany,Female,29.0,8.0,104944.1,1.0,1.0,1.0,97684.46,0.0
564.0,France,Male,31.0,4.0,0.0,2.0,1.0,0.0,53520.03,0.0
649.0,France,Female,31.0,2.0,0.0,2.0,1.0,0.0,15200.61,0.0
622.0,France,Female,30.0,4.0,107879.04,1.0,0.0,1.0,196894.62,0.0
459.0,Germany,Female,43.76595473106711,7.0,110356.42,1.0,1.0,0.0,4969.13,1.0
718.0,France,Male,27.0,2.0,0.0,2.0,0.0,0.0,26229.24,0.0
655.0,Spain,Female,34.0,6.025211816876277,109783.69,2.0,1.0,0.0,134034.32,0.0
696.0,France,Male,22.0,9.0,149777.0,1.0,1.0,1.0,198032.93,0.0
637.0,France,Female,38.0,3.0,104339.56,1.0,0.0,0.0,119882.86,0.0
646.6278172037787,Spain,Female,21.0,1.0,85818.18,1.0,1.0,1.0,133102.3,0.0
592.0,France,Male,37.0,4.0,212692.97,1.0,0.0,0.0,176395.02,0.0
634.0,Germany,Male,37.0,6.617105663452453,89696.84,2.0,1.0,1.0,193179.88,0.0
608.0,France,Female,39.05279550643101,9.0,0.0,2.0,1.0,1.0,125062.02,0.0
565.0,Germany,Female,32.0,9.0,68067.24,1.0,1.0,0.0,143287.58,0.0
763.0,Spain,Male,67.0,9.0,148564.66,1.0892025493923485,1.0,1.0,87236.4,0.0
665.0,France,Female,55.0,8.0,136354.16,1.0,1.0,1.0,93769.89,0.0
649.0,France,Male,38.0,1.0,122214.0,1.0,0.0,1.0,88965.46,0.0
695.0,France,Male,45.0,3.0,0.0,2.0,1.0,1.0,30793.61,0.0
669.2607449723918,Germany,Male,70.0,6.0,110616.90194667358,2.0,1.0,1.0,112323.74047919014,0.0
788.0,France,Female,39.0,3.0,135139.33,1.0,0.0,1.0,113086.08,0.0
569.0,Germany,Female,42.0,9.0,146100.75,1.0,1.0,0.0,32574.01,1.0
644.1179583230424,Germany,Male,44.09301323904858,8.0,123110.9,3.0,0.0,1.0,114840.44508917205,1.0
707.0116858281821,Germany,Female,44.0,3.0,111760.4,1.6814650300808496,1.0,1.0,108481.60463343954,0.0
544.0,France,Female,32.0,9.0,110728.39,1.0,1.0,1.0,14559.62,0.0
614.0,France,Female,41.0,8.0,121558.46,1.0,1.0,1.0,103271.65141243188,0.0
453.0,Germany,Female,38.0,8.0,120623.21,1.0,1.0,0.0,129697.99,0.0
471.0,France,Female,58.0,4.0,114713.57,1.0,1.0,1.0,36315.03,0.0
829.0,Germany,Female,37.0,3.0,103457.76,1.0,0.0,0.0,1114.12,0.0
754.0,Germany,Male,37.437977643471214,2.0,101134.87,2.0,1.0,1.0,70954.41,0.0
749.0,France,Male,46.0,5.547050531841356,30145.717030210748,2.0,1.0,1.0,136724.129164322,0.0
667.0,France,Male,23.0,1.0,0.0,2.0,1.0,1.0,91573.19,0.0
670.0,Spain,Male,30.0,3.0,133446.34,1.0,0.0,0.0,3154.95,0.0
670.0,France,Female,33.0,7.0,0.0,2.0,1.0,1.0,88187.81,0.0
644.3418456398173,Germany,Female,48.0,1.0,108076.33,1.0,1.0,0.0,118855.26,1.0
571.0,France,Male,32.0,5.0,131354.25,1.0,1.0,0.0,125256.53,0.0
641.0,Germany,Female,37.0,7.0,62974.64,2.0,0.0,1.0,39016.43,0.0
551.0,Germany,Female,30.0,2.0,143340.44,1.0,1.0,0.0,145796.49,0.0
741.0,Germany,Male,36.0,8.0,116993.43,2.0,1.0,0.0,168816.22,0.0
472.0,France,Male,31.0,4.0,58662.92,2.0,0.0,1.0,73322.0,0.0
650.0,Spain,Male,44.10013326048635,4.894349482042386,128808.65,3.0,0.0,0.0,113677.53,1.0
625.0,France,Male,45.0,7.0,137555.44,1.0,0.0,0.0,124607.7,0.0
650.0,Germany,Male,34.0,4.0,142393.11,1.4501290885148073,1.0,1.0,11276.48,0.0
535.0,France,Female,35.022643571098826,8.0,0.0,2.0,1.0,0.0,136620.64,0.0
649.0,France,Male,41.0,2.0,125785.23,1.0,1.0,1.0,70523.92,0.0
689.0,France,Male,22.0,4.0,136444.25,1.0,1.0,0.0,51980.25,1.0
694.0,Spain,Male,38.0,7.0,123605.04790079978,1.2528096498734635,1.0,0.0,113481.02,0.0
655.0,Germany,Male,52.0,9.0,144696.75,1.0,1.0,1.0,85595.61117144953,0.0
620.0,France,Male,36.0,5.140639629931038,0.0,2.0,1.0,1.0,145937.99,0.0
577.0,France,Female,35.0,10.0,0.0,2.0,1.0,1.0,25161.61,0.0
401.0,Germany,Male,48.0,8.0,125318.61968175146,1.0,1.0,0.0,175753.55,1.0
599.0,France,Male,25.0,6.0,120383.41,1.2502239176302388,1.0,1.0,24903.09,0.0
481.0,France,Female,42.741653231142834,9.0,76555.4712488002,3.0,1.0,1.0,169719.35,1.0
684.0980747096636,France,Male,43.53546771006543,6.382303122575693,38016.41195900677,2.0,1.0,1.0,133355.3426640943,0.0
698.0,Spain,Female,31.0,8.0,185078.26,1.0,0.0,0.0,115337.74,1.0
480.0,France,Female,28.0,6.0,0.0,2.0,0.0,0.0,48131.92,0.0
682.0,France,Male,42.0,0.0,0.0,1.6713726453077866,1.0,1.0,160828.98,0.0
700.0,Spain,Male,31.0,7.0,26273.100882497874,2.0,0.0,1.0,145151.96,0.0
492.0,France,Male,29.0,1.0,144591.96,1.0,1.0,1.0,196293.76,0.0
444.0,France,Female,45.0,4.0,0.0,2.0,1.0,0.0,161653.5,1.0
624.0,France,Male,36.0,6.0,0.0,2.0,0.0,0.0,84635.64,0.0
709.0,France,Male,37.0,7.0,0.0,1.0,1.0,0.0,159486.76,0.0
557.0,Germany,Male,68.0,2.0,100194.44,1.0,1.0,1.0,38596.34,0.0
646.0,France,Male,50.0,5.7338419019417275,145295.31,1.1918983913411714,1.0,1.0,27814.74,0.0
719.0,Germany,Male,28.0,3.0,106070.29,2.0,1.0,1.0,183893.31,0.0
706.0,Germany,Female,47.0,6.0,120621.89,1.0,1.0,1.0,88946.93581057874,0.0
660.0,France,Male,38.0,7.0,0.0,2.0,0.0,1.0,146585.53,0.0
667.0,France,Male,36.0,9.0,0.0,2.0,1.0,1.0,40062.29,0.0
705.0,France,Male,30.0,1.0,0.0,1.0,1.0,1.0,181300.32,0.0
598.0,Germany,Female,27.0,10.0,171283.91,1.0,1.0,1.0,84136.12,0.0
669.0,France,Male,26.0,4.0,0.0,2.0,1.0,1.0,197594.34,0.0
580.0,Germany,Female,38.0,1.0,128218.47,1.0,1.0,0.0,125953.83,1.0
676.0,France,Female,32.0,5.0,0.0,2.0,1.0,1.0,75465.41,0.0
714.0,Germany,Male,28.0,5.4433038483269796,77776.39,1.0,1.0,0.0,96242.39761492277,0.0
614.5990676040536,Germany,Female,72.0,6.0,124978.19,2.0,1.0,1.0,7144.46,0.0
559.0,France,Male,29.0,1.0,0.0,2.0,0.0,0.0,155639.76,0.0
564.0,France,Female,28.0,1.0,0.0,1.0,1.0,1.0,162428.05,0.0
850.0,Spain,Male,51.0,4.812739858248624,79949.2844640517,1.9741364281482754,1.0,1.0,125329.90892012477,1.0
689.0,France,Male,39.0,7.0,0.0,2.0,0.0,0.0,14917.09,0.0
758.0,Germany,Female,45.499920240897744,8.0,125397.21,1.28647081315846,1.0,0.0,121805.68613268415,1.0
604.0,France,Female,71.0,10.0,0.0,2.0,1.0,1.0,114973.5647291589,0.0
733.0,Germany,Male,38.0,9.0,118218.23988449867,2.0,1.0,1.0,194872.97,0.0
724.7359114066505,Spain,Male,40.0,5.323558247090612,104291.41,1.2808434629991525,1.0,1.0,117507.11,0.0
732.0,France,Male,61.0,6.064783342556938,117684.38777216579,1.1647651734102318,1.0,1.0,157527.6,0.0
646.0,France,Male,24.0,8.0,0.0,2.0,0.0,0.0,92612.88,0.0
597.0,France,Female,33.0,6.0,135703.59,2.0,0.0,0.0,74850.84,0.0
658.720665191824,Germany,Female,37.0,5.0,106453.53,2.0,1.0,1.0,127413.0,0.0
640.0,France,Male,43.0,7.0,132412.38,1.0,0.0,0.0,69584.3,1.0
639.8474810644902,Germany,Female,40.0,9.0,124401.6,1.0,1.0,0.0,198814.24,1.0
805.0,France,Male,46.0,6.0,118022.06,3.0,1.0,0.0,162643.15,1.0
540.0,Germany,Male,39.0,4.933894409994104,82531.11,1.0,1.0,0.0,114092.52,0.0
705.0,Spain,Male,44.0,4.502946117914343,184552.12,1.0,1.0,0.0,68860.3,1.0
540.0,France,Male,39.0,5.111002086480606,127278.31,1.0,1.0,1.0,16150.34,0.0
532.0,Spain,Female,66.0,4.641538922664875,0.0,1.0,1.0,1.0,77856.67422009057,0.0
535.0,France,Female,45.0,2.0,0.0,2.0,0.0,1.0,170621.55,0.0
627.0,Germany,Male,23.0,5.0,184244.86,1.6578503262043989,1.0,0.0,103099.22,0.0
631.8801284860896,France,Male,52.0,8.0,59669.43,1.0,0.0,0.0,172495.81,1.0
515.0,France,Female,25.0,7.0,79543.59,1.0,0.0,1.0,38772.82,0.0
697.0,France,Female,39.0,6.0,151553.19,1.0,1.0,1.0,44946.29,0.0
652.0,Germany,Male,27.0,2.0,166527.88,2.0,0.0,1.0,146007.7,0.0
632.0641544756186,Germany,Male,28.0,6.0,117473.39044033735,1.0,1.0,0.0,145558.42,0.0
760.0,France,Male,43.0,8.0,121911.59,1.2254811462008415,1.0,0.0,193312.33,0.0
656.5449290409206,France,Male,35.72037606103998,5.394767051633867,156773.78,2.0,1.0,0.0,40257.79,0.0
648.0539378284541,Spain,Male,40.256916390225214,8.0,127864.26,1.0,1.0,1.0,46677.9,0.0
774.0,France,Male,53.0,5.33029279196754,113709.28,1.0,1.0,1.0,153887.93,1.0
705.0,Germany,Female,43.0,7.0,79974.55,1.0,1.0,1.0,103108.33,0.0
648.0,France,Female,44.0,2.0,0.0,2.0,1.0,1.0,58652.23,0.0
688.0,France,Female,51.0,5.0,0.0,1.0,1.0,0.0,91624.11,1.0
592.0,Spain,Male,38.0,0.0,0.0,1.0,1.0,0.0,65986.48,1.0
705.0,France,Male,35.516651450937864,3.0,144427.96,1.185729831212357,1.0,0.0,113845.19,0.0
654.0,France,Male,42.0,7.0,99263.09,1.0,1.0,1.0,96495.66357778209,0.0
624.0,France,Female,32.0,2.0,79368.87,2.0,1.0,1.0,145471.94,0.0
669.228356319316,France,Female,30.0,10.0,0.0,2.0,1.0,1.0,124071.71,0.0
695.0,Spain,Female,34.0,9.0,0.0,2.0,1.0,1.0,67502.12,0.0
703.016886209357,France,Male,28.0,4.8442305888802295,0.0,3.0,1.0,1.0,91439.84061880203,0.0
587.5945915189889,Germany,Female,52.0,7.0,125095.94,1.0,1.0,0.0,171189.83,1.0
610.1332751162328,Germany,Female,40.0,2.0,162485.8,2.0,1.0,0.0,149381.32,0.0
694.0,Germany,Male,37.0,1.0,95668.82,2.0,1.0,0.0,100335.55,0.0
683.0,France,Male,25.0,4.0,0.0,1.801745174478232,1.0,1.0,152698.24,0.0
538.0,Spain,Female,30.0,8.0,0.0,2.0,1.0,1.0,41192.95,0.0
669.0,France,Male,34.41559747517589,4.0,0.0,1.0,1.0,0.0,132540.33,0.0
730.0,France,Female,34.0,5.0,74197.38,2.0,1.0,0.0,96875.52,0.0
622.0,France,Female,31.0,1.0,89688.94,1.0,1.0,1.0,152305.47,0.0
714.0,Spain,Female,33.0,10.0,103121.33,2.0,1.0,1.0,49672.01,0.0
569.0,Spain,Female,34.0,3.0,0.0,1.0,1.0,0.0,133997.53,0.0
668.0,Germany,Female,59.0,5.0,128104.74431602424,1.0,0.0,1.0,50454.8,0.0
628.0,France,Male,32.0,9.0,120599.55997686481,1.1845969528067972,1.0,1.0,16402.11,0.0
600.0,France,Male,39.079998053449145,1.0,141136.79,1.0,1.0,1.0,67803.83,0.0
693.0,France,Female,43.0,4.0,152341.55,1.0,1.0,0.0,9241.78,0.0
704.0,France,Male,36.0,7.0,120026.98,2.0,0.0,1.0,100601.73,0.0
527.0,Spain,Male,33.0,9.0,93066.48888804702,1.0,0.0,0.0,98734.15,0.0
553.0,Germany,Male,43.0,5.672206154893253,116989.68087136153,2.0,1.0,1.0,160574.09,0.0
575.0,Spain,Male,53.0,1.0,29710.57126636753,2.0,0.0,1.0,26015.8,0.0
626.0,France,Female,32.0,0.0,0.0,2.0,0.0,0.0,187172.54,0.0
582.0,France,Male,20.0,4.0,0.0,1.0,1.0,1.0,55763.66,0.0
683.0,Spain,Male,40.0,8.0,0.0,1.0,1.0,1.0,75848.22,0.0
850.0,France,Male,30.0,9.0,121535.18,1.0,0.0,0.0,40313.47,0.0
653.0,Spain,Male,35.0,6.0,116662.96,2.0,1.0,1.0,23864.21,0.0
679.0,France,Male,60.0,8.0,0.0,2.0,1.0,1.0,95160.46816892858,0.0
549.0,Germany,Female,49.0,6.0,124829.16,1.0,0.0,1.0,93551.36,0.0
850.0,Spain,Female,36.0,2.0,155180.56,2.0,0.0,0.0,169415.54,0.0
558.0,Germany,Female,32.0,1.0,108262.87,1.0,1.0,1.0,6935.31,0.0
528.0,Spain,Male,40.0,4.0,0.0,2.0,1.0,0.0,25399.7,0.0
801.0,France,Male,34.182043307957365,5.0,0.0,2.0,1.0,0.0,66256.27,0.0
513.0,Spain,Male,48.0,2.0,0.0,1.0,1.0,1.0,114709.13,1.0
635.414786275956,Germany,Male,38.0,6.0,119258.47427928394,2.0,1.0,1.0,158357.97,0.0
606.0,France,Male,35.0,2.0,132164.26,1.0,0.0,1.0,164815.59,0.0
662.7259612292361,Germany,Male,45.0,10.0,103583.05,1.0,1.0,1.0,132127.69,0.0
544.0,Germany,Male,39.0,4.0,142406.43,2.0,1.0,0.0,146637.45,0.0
529.0,Spain,Male,44.52699197891787,7.0,99842.5,2.0,1.0,0.0,90256.06,1.0
850.0,France,Female,41.0,5.0,0.0,2.0,1.0,1.0,34827.43,0.0
497.0,France,Male,41.0,9.0,0.0,1.0,0.0,0.0,22074.48,0.0
764.0,France,Female,39.0,5.019749440120399,81042.42,1.0,0.0,1.0,109805.17,0.0
603.0,France,Female,48.0,5.0,0.0,1.0,1.0,0.0,100478.6,1.0
609.0,France,Male,39.707126900044884,6.0,0.0,2.0,1.0,1.0,97416.34,0.0
487.0,France,Female,53.0,4.0,199689.49,1.0,1.0,1.0,24207.86,1.0
748.0,France,Male,33.0,1.0,142645.43,1.0,0.0,0.0,69132.66,0.0
710.0,Spain,Female,75.0,5.0,19952.61008146956,2.0,1.0,1.0,94873.3519808395,0.0
432.0,Germany,Female,45.0,3.0,110219.14,1.0,1.0,0.0,43046.7,1.0
534.0,Spain,Male,51.0,3.0,0.0,2.0,1.0,1.0,20856.31,0.0
607.0,France,Male,25.0,3.0,0.0,2.0,0.0,0.0,187048.72,0.0
551.0,Spain,Male,32.0,4.0,0.0,2.0,1.0,0.0,53420.53,0.0
674.0,France,Male,45.0,5.73417803136248,142072.02,1.0,1.0,0.0,37013.29,0.0
525.0,France,Female,25.0,6.0,0.0,2.0,1.0,0.0,101651.11367327005,0.0
625.5131109405452,Germany,Male,37.265353071662595,8.0,149564.61,1.0,0.0,0.0,101233.64445491541,0.0
755.0,France,Female,43.0,9.0,0.0,2.0,1.0,0.0,18066.69,0.0
663.9004878594467,France,Male,37.0,8.0,153366.13,1.0,1.0,1.0,100928.26122266181,0.0
715.0,France,Male,39.06897149391893,6.0,76467.16,1.2943751958093372,1.0,1.0,173511.72,0.0
727.0,France,Female,40.03863864507654,9.0,121508.28,1.0,1.0,1.0,102499.77564788042,0.0
559.0,Spain,Female,27.0,1.0,0.0,1.7302672328771098,0.0,1.0,123520.27397167913,0.0
545.0,Spain,Male,47.98015544421109,4.454782773523345,73211.12,1.836313950182632,1.0,1.0,89587.34,1.0
524.0,France,Male,22.0,9.0,0.0,2.0,1.0,0.0,74405.34,0.0
707.0,France,Female,55.0,1.0,0.0,2.0,0.0,1.0,54409.48,0.0
671.0,Spain,Male,38.0,0.0,16044.680045099405,2.0,1.0,0.0,3647.57,0.0
643.9967064166583,France,Male,52.0,3.0,62286.77882887923,4.0,1.0,0.0,198874.52,1.0
667.0,Germany,Female,36.0,5.031059241828939,114391.62,1.0,1.0,1.0,53412.54,0.0
632.2015960642133,Germany,Male,35.49592727378164,9.0,122144.19867551561,1.0,1.0,0.0,109760.75761859756,0.0
545.0,Spain,Female,33.0,7.0,173331.52,1.0,1.0,0.0,150452.88,0.0
604.0,Spain,Female,35.0,7.0,147285.52,1.0,1.0,1.0,57807.05,0.0
717.7744137653926,Spain,Male,67.0,5.0,119785.47,1.4415568912273065,1.0,1.0,107534.32,0.0
487.0,Spain,Female,36.0,1.0,140137.15,1.0,1.0,0.0,194073.33,0.0
645.1428913729388,Germany,Male,52.0,6.0,107467.56,1.5949385221394856,1.0,1.0,126233.18,1.0
715.5173065128183,Germany,Female,37.0,5.049961675347439,119507.9827013204,1.6453655878533422,1.0,1.0,182354.46,0.0
711.0,Germany,Female,35.0,2.0,133607.75,1.0,1.0,1.0,120586.32,0.0
551.0,France,Male,37.0,3.0,0.0,2.0,1.0,1.0,50578.4,0.0
559.0,France,Female,38.0,8.0,95139.41,1.0,1.0,1.0,86575.46,0.0
620.0,France,Female,29.0,3.0,0.0,2.0,0.0,1.0,153392.28,0.0
660.0,Spain,Male,42.0,5.0,0.0,2.0,1.0,0.0,115509.59,0.0
449.0,France,Female,37.0,6.0,0.0,2.0,1.0,0.0,82176.48,0.0
703.0,Germany,Female,26.0,1.0,97331.19,1.0,1.0,0.0,63717.49,0.0
795.0,Germany,Male,37.0,3.964640085183107,139265.63,2.0,1.0,1.0,198745.94,0.0
594.0,France,Female,31.0,9.0,0.0,1.0,0.0,1.0,5719.11,0.0
586.0,Spain,Male,34.0,5.553276568313399,168094.01,1.0,0.0,0.0,20058.61,0.0
613.0,Germany,Female,30.0,5.0,131563.88,2.0,1.0,0.0,170638.98,0.0
601.0,France,Male,44.0,3.0,0.0,2.0,1.0,0.0,30607.11,0.0
657.0,France,Male,50.0,9.0,0.0,2.0,0.0,0.0,37171.46,0.0
531.0,France,Male,31.0,3.0,0.0,1.0,1.0,1.0,42589.33,0.0
660.5317405126722,Germany,Male,37.453503800370314,7.0,107363.29,1.0,1.0,1.0,66799.28,0.0
782.0,France,Female,33.0,2.0,94493.03,1.0,0.0,1.0,101866.39,0.0
528.0,Germany,Female,29.0,9.0,170214.23,2.0,1.0,0.0,49284.0,0.0
696.0,France,Male,52.0,6.0,139781.06,1.0,1.0,0.0,27445.4,1.0
586.0,France,Female,35.0,7.0,0.0,2.0,1.0,0.0,70760.69,0.0
611.0236369899197,Spain,Female,44.78346703903562,8.0,148610.41,3.0,1.0,1.0,104502.02,1.0
498.0,France,Male,73.0,2.4870260314101413,170241.7,2.0,1.0,1.0,165407.96,0.0
691.0,France,Female,33.0,1.0,128306.83,1.0,1.0,1.0,113580.79,0.0
568.0,France,Female,47.0,7.0,0.0,2.0,1.0,1.0,45978.39,0.0
715.0,France,Female,35.0,3.0,0.0,1.0,1.0,1.0,152012.36,0.0
680.0,France,Male,32.0,7.0,175454.0,1.0,0.0,1.0,77349.92,0.0
647.7549352783783,Spain,Male,41.0,6.0,0.0,2.0,1.0,0.0,47322.05,0.0
539.0,France,Female,22.0,0.0,100885.93,2.0,1.0,1.0,38772.65,0.0
494.0,France,Male,69.0,9.0,93320.8,1.0,1.0,1.0,24489.44,0.0
594.0,Germany,Male,38.0,6.0,63176.44,2.0,1.0,1.0,14466.08,0.0
596.0,France,Male,33.0,2.0,139451.67,1.0,0.0,0.0,63142.12,0.0
649.0,France,Female,52.0,8.0,49113.75,1.0,1.0,0.0,41858.43,0.0
699.0,Germany,Male,36.44267085642977,1.0,123906.22,3.0,1.0,1.0,127443.82,0.0
787.0,France,Male,40.0,6.0,0.0,2.0,1.0,1.0,84151.98,0.0
604.0,France,Male,28.0,7.0,0.0,2.0,0.0,0.0,58595.64,0.0
489.0,Germany,Female,52.0,1.0,129370.98816500747,1.0,1.0,0.0,37240.11,1.0
651.0,France,Female,56.0,2.0,0.0,1.0,1.0,0.0,77608.08710133658,1.0
698.0,France,Male,57.0,5.463706649945947,93368.65992034177,2.0,1.0,1.0,119412.56901023819,1.0
578.0,Germany,Female,38.0,5.701483791556246,113150.44,2.0,1.0,0.0,176712.59,1.0
538.0,Spain,Female,42.0,9.0,0.0,1.0,0.0,0.0,152855.96,0.0
696.0,France,Female,33.0,4.0,0.0,2.0,1.0,1.0,73371.65,0.0
658.7415902770719,Germany,Female,46.0,8.0,121138.99537733335,1.0,1.0,1.0,70323.68,0.0
685.0,Spain,Male,34.0,6.0,83264.28,1.2051371179896044,0.0,0.0,9663.28,0.0
705.0,Germany,Male,41.0,4.0,72252.64,2.0,1.0,1.0,96074.73185201519,0.0
499.0,Germany,Female,29.0,6.0,148051.52,1.0,1.0,0.0,118623.94,0.0
648.3202050746538,France,Female,76.0,9.0,138489.66,1.0,1.0,1.0,68400.14,0.0
510.0,France,Male,63.0,4.442134424263454,0.0,2.0,1.0,1.0,115291.86,0.0
632.0,France,Male,32.0,6.0,111589.33,1.3160081721044687,1.0,1.0,170382.99,0.0
668.0,Germany,Female,39.0,0.0,122104.79,1.0,1.0,0.0,112946.67,1.0
744.0,Germany,Male,38.57492890256772,4.0,96106.83,1.6396102198539022,1.0,1.0,79812.77,0.0
663.0,Germany,Male,42.0,7.0,115930.87,1.0,1.0,1.0,19862.78,0.0
638.0,Germany,Female,35.41759476400808,7.0,124513.66,2.0,1.0,0.0,158610.89,0.0
688.0,France,Female,54.0,9.0,0.0,1.0777549851422916,1.0,0.0,191212.63,1.0
588.0,Spain,Male,35.79751648754998,8.0,0.0,1.0,1.0,0.0,61931.21,0.0
631.0,France,Male,33.0,7.0,0.0,1.0,1.0,1.0,58043.02,1.0
687.0,Spain,Male,35.0,8.0,100988.39,2.0,1.0,0.0,22247.27,0.0
655.785102095816,France,Male,44.0,10.0,118577.24,1.0,1.0,1.0,31448.52,0.0
718.0,Spain,Male,34.264966205558345,6.0,22363.617700598876,2.0,1.0,0.0,146875.86,0.0
730.0,France,Male,27.0,5.0,0.0,2.0,1.0,1.0,116081.93,0.0
533.0,France,Female,39.0,2.0,0.0,1.0,0.0,1.0,73669.94,1.0
654.1275531632184,Spain,Female,28.0,5.0,0.0,2.0,1.0,1.0,93959.96,0.0
555.0,Spain,Female,37.87260976510409,9.0,0.0,1.7340651432107572,1.0,1.0,158918.03,0.0
850.0,France,Male,42.0,9.0,113311.11,1.0,1.0,1.0,198193.75,0.0
678.0,France,Female,41.0,9.0,0.0,1.0,0.0,0.0,13160.03,0.0
576.0,France,Male,32.0,7.0,17207.181072918087,2.0,1.0,0.0,4660.91,0.0
835.0,Germany,Male,20.0,4.0,124365.42,1.0,1.0,0.0,180197.74,1.0
592.0,France,Male,42.0,1.0,147249.29,2.0,1.0,1.0,63023.02,0.0
774.0,France,Male,36.0,4.613948105269823,103688.19,1.0,0.0,1.0,118971.74,0.0
620.0,France,Female,29.0,1.0,138740.24,2.0,0.0,0.0,154700.61,0.0
519.0,Spain,Male,37.90766402147853,4.0,111900.14,1.0,1.0,1.0,97577.17,0.0
734.0,Spain,Male,37.0,0.0,152760.24,1.0,1.0,1.0,48990.5,0.0
763.0,France,Male,41.943692756801404,7.0,143966.3,2.0,1.0,1.0,140262.96,0.0
733.0,France,Male,51.0,10.0,141556.96,1.0,1.0,1.0,130189.53,0.0
650.0,France,Female,43.0,6.0,0.0,2.0,1.0,1.0,16301.91,0.0
538.0,France,Female,33.0,5.0,0.0,2.0,1.0,0.0,126962.41,0.0
577.0,France,Female,46.0,1.0,0.0,1.0,1.0,1.0,158750.53,0.0
792.0,France,Male,30.0,8.0,23784.20356987413,2.0,1.0,1.0,199644.2,0.0
686.0,France,Female,41.0,10.0,0.0,1.0,1.0,1.0,144272.71,1.0
589.0,France,Male,29.0,2.0,0.0,2.0,0.0,1.0,98320.27,0.0
530.0,France,Male,25.0,9.0,162560.32,1.0,1.0,0.0,64129.03,0.0
778.0,Germany,Male,29.0,3.756833757562108,123229.46,1.0,1.0,1.0,181221.09,0.0
616.0,Germany,Male,38.97693391392249,7.0,76665.71,2.0,1.0,1.0,109588.84524383106,0.0
564.8380656127107,Germany,Male,46.89356356632626,9.0,140278.99,3.0,1.0,1.0,171457.06,1.0
655.0,France,Female,51.0,3.0,0.0,2.0,0.0,1.0,15801.02,0.0
721.0,France,Male,46.0,1.0,115764.32,2.0,0.0,0.0,102950.79,0.0
499.0,Germany,Male,36.0,5.0,131142.53,2.0,1.0,0.0,174918.46,0.0
511.0,France,Male,45.0,5.0,63319.531276939866,1.0,1.0,0.0,193160.25,1.0
579.0,Germany,Female,39.0,4.612166948929893,117833.3,3.0,1.0,0.0,5831.0,1.0
696.0,Spain,Female,36.0,7.0,0.0,2.0,1.0,1.0,82298.59,0.0
681.0,France,Male,34.0,7.0,0.0,2.0,0.0,0.0,130686.59,0.0
815.0,France,Male,45.0,7.0,0.0,1.0,1.0,0.0,52885.23,1.0
681.0,Spain,Male,30.0,2.0,111093.01,1.0,1.0,0.0,68985.99,0.0
641.0,Spain,Male,42.0,9.0,132657.55,1.0,1.0,0.0,35367.19,0.0
677.8559556619374,France,Female,46.52371272409576,9.0,70412.25982769646,1.0,1.0,1.0,99329.97502069751,1.0
565.0,Germany,Male,59.0,9.0,69129.59,1.5496382557176929,1.0,1.0,170705.53,0.0
487.0,France,Male,37.0,6.0,0.0,2.0,1.0,1.0,126477.41,0.0
729.0,France,Male,39.0,4.0,121404.64,1.2807225034632628,1.0,1.0,159618.17,0.0
581.914397012849,Spain,Male,46.98487275630856,9.0,131355.3,3.0,1.0,0.0,195395.33,1.0
580.0,France,Female,35.0,1.0,102097.33,1.0,0.0,1.0,168285.85,0.0
642.0,France,Male,40.0,1.0,154863.15,1.0,1.0,1.0,138052.51,0.0
850.0,Spain,Female,41.0,3.0,99945.93,2.0,1.0,0.0,71179.31,0.0
616.0,Germany,Male,39.0,2.0,121704.32,2.0,1.0,0.0,55556.3,0.0
646.0364801477269,Spain,Female,43.0,3.0,0.0,2.0,1.0,0.0,31705.19,0.0
523.0,Germany,Male,44.15423244531835,8.0,138782.76,1.7132195853896752,1.0,1.0,186118.93,0.0
663.0,France,Male,35.0,9.0,0.0,2.0,1.0,1.0,195580.28,0.0
840.0,France,Male,30.0,8.0,136291.71,1.0,1.0,0.0,54113.38,0.0
570.0,Germany,Male,42.0,0.0,107856.57,2.0,1.0,0.0,127528.84,0.0
676.0,Germany,Female,26.0,1.0,108348.66,1.0,0.0,0.0,60231.74,1.0
689.0,France,Male,47.0,1.0,93871.95,3.0,1.0,0.0,156878.42,1.0
703.0,Spain,Female,45.0,1.0,0.0,1.391965242741019,1.0,0.0,182784.11,1.0
491.0,France,Male,19.0,2.0,125860.2,1.0,0.0,0.0,129690.5,0.0
584.0,France,Male,49.0,8.0,172713.44,1.2180938454088335,1.0,0.0,113860.81,0.0
810.0,France,Female,51.0,5.0,0.0,2.0,0.0,1.0,184524.74,0.0
745.0,Spain,Female,59.0,3.9387942139134346,0.0,1.0,1.0,1.0,62917.25735009172,1.0
625.0,France,Female,39.0,3.0,130786.92,1.0,0.0,1.0,121316.07,0.0
535.0,France,Female,29.0,2.0,112367.34,1.0,1.0,1.0,185630.76,0.0
729.0,Spain,Female,45.0,7.0,91091.06,2.0,1.0,0.0,71133.12,0.0
655.0,France,Female,26.0,7.0,106198.5,1.0,0.0,1.0,32020.42,0.0
751.0,France,Male,35.82317956453102,5.689366371879109,31295.564140550057,2.0,1.0,0.0,162760.96,0.0
646.2866321587844,France,Male,33.0,1.0,112833.35,1.0,0.0,1.0,175178.56,0.0
532.0,France,Female,40.0,5.0,0.0,2.0,0.0,1.0,177099.71,0.0
696.0,Spain,Female,43.0,4.0,0.0,2.0,1.0,1.0,66406.37,0.0
786.0,Germany,Female,32.0,2.0,104336.43,2.0,0.0,1.0,59559.81,0.0
580.0,France,Male,55.0,6.0,104305.74,1.0,0.0,1.0,74657.72235530053,0.0
645.4138271360251,Germany,Male,47.0,5.0,140187.1,1.565541198733735,1.0,1.0,174311.3,0.0
683.0,France,Male,39.0,4.0,0.0,2.0,1.0,0.0,171716.81,0.0
747.0,Germany,Female,45.0,1.0,114959.12,1.0,1.0,0.0,189362.39,1.0
602.0,France,Male,33.0,5.0,164704.38,1.0,0.0,1.0,180716.1,0.0
657.0018059041462,France,Male,62.0,10.0,119096.55,1.3564131199879965,1.0,1.0,116977.89,0.0
551.0,France,Male,31.0,1.0,0.0,2.0,1.0,1.0,185105.44,0.0
666.0,France,Male,47.0,2.0,0.0,1.37257150834034,1.0,0.0,35046.97,1.0
526.0,Spain,Male,35.02221369509758,8.0,0.0,1.0,1.0,0.0,36251.0,0.0
849.0,France,Female,41.0,9.0,115465.28,1.0,1.0,0.0,103174.5,0.0
471.0,France,Female,27.0,4.0,0.0,2.0,1.0,0.0,122642.09,0.0
628.0,France,Male,43.0,3.0,97970.91089128672,1.0,1.0,0.0,122937.57,0.0
674.0,Germany,Male,35.27727890132601,8.0,103705.03854132196,2.0,1.0,0.0,8757.39,0.0
797.0,France,Male,32.0,4.467545105614055,114084.6,1.0,0.0,1.0,125782.29,0.0
590.0,France,Female,29.0,2.0,166930.76,2.0,1.0,0.0,122487.73,0.0
588.0,France,Female,27.0,8.0,0.0,1.0,1.0,0.0,20066.38,0.0
577.0,France,Male,29.0,7.0,0.0,2.0,1.0,1.0,88881.91951225496,0.0
571.0,France,Female,38.0,6.0,107193.82,2.0,0.0,0.0,38962.94,0.0
680.0,France,Male,36.0,3.0,101074.63530919033,1.0,1.0,1.0,63795.8,0.0
648.0,France,Female,27.0,7.0,0.0,2.0,1.0,0.0,99982.4365689418,0.0
618.0,France,Male,39.0,2.0,91068.56,1.0,1.0,0.0,26578.69,0.0
648.0,Germany,Male,41.0,5.0,123049.21,1.0,0.0,1.0,5066.76,0.0
759.0,France,Male,39.0,6.0,0.0,2.0,1.0,1.0,140497.67,0.0
585.0,France,Male,34.153175709803506,7.0,0.0,2.0,0.0,0.0,146156.98,0.0
774.0,France,Female,42.0,3.0,137781.65,1.0,0.0,0.0,199316.19,0.0
697.0,Germany,Male,48.0,5.0112849965197,108128.96,2.0,1.0,1.0,103944.37,0.0
631.6075872646504,Spain,Male,39.0,10.0,105317.73,2.0,1.0,1.0,138021.36,0.0
676.0,France,Male,20.0,1.0,80569.73,1.0,0.0,0.0,68621.98,0.0
678.0,France,Female,22.0,4.0,174852.89,1.0,1.0,1.0,28149.06,0.0
495.0,Spain,Female,45.0,3.0,89158.94,3.0,1.0,0.0,135169.76,1.0
787.0,France,Male,44.24841042127565,10.0,35768.96897733398,2.0,1.0,1.0,116537.96,0.0
770.0,France,Male,36.0,2.0,89800.14,1.0,1.0,1.0,105922.69,0.0
817.0,Germany,Male,45.088488871995956,4.868269970631275,101207.75,1.0,1.0,0.0,88211.12,1.0
692.5010102911676,France,Male,43.0,1.0,106086.42,2.0,1.0,0.0,26900.63,0.0
693.0,France,Male,21.0,1.0,0.0,2.0,1.0,1.0,3494.02,0.0
744.0,France,Male,47.0,9.0,0.0,2.0,1.0,0.0,113163.17,0.0
829.0,Spain,Female,40.46735340933382,8.0,34955.670090345426,2.0,1.0,1.0,110473.569079569,0.0
716.0,France,Male,38.0,4.0,27179.40738552411,2.0,1.0,0.0,189678.7,0.0
671.0,France,Male,35.53666034672347,7.0,106603.74,2.0,1.0,1.0,26387.71,0.0
835.0,Germany,Female,29.0,10.0,130420.2,1.4054166529289513,0.0,0.0,106276.55,0.0
636.0,France,Female,38.0,1.0,0.0,1.0,1.0,0.0,45015.38,0.0
649.0,Spain,Male,29.0,2.0,45022.23,1.0,1.0,1.0,173495.77,0.0
621.0,Germany,Male,27.0,1.0,74298.43,1.0,1.0,1.0,97203.04952655111,0.0
658.0,Germany,Female,31.0,3.878932572989588,133003.03,1.0,0.0,1.0,146339.27,0.0
637.3253852966267,France,Male,40.83572660228779,7.0,0.0,1.880978317249917,1.0,1.0,182609.97,0.0
783.0,Spain,Female,37.0,4.01743514729773,136689.66,1.0,1.0,0.0,197890.65,0.0
633.920060204901,France,Male,32.0,4.0,0.0,2.0,1.0,1.0,6225.63,0.0
791.0,France,Male,45.02886464522338,5.0,63220.44373908424,2.0,1.0,1.0,123977.86,1.0
762.0,France,Male,53.0,1.0,102520.37,1.1388152700632583,1.0,1.0,170195.4,0.0
607.0,France,Male,35.0,2.0,0.0,2.0,1.0,1.0,114190.3,0.0
601.0,France,Female,34.0,5.0,0.0,2.0,1.0,0.0,27022.57,0.0
540.0,Spain,Male,67.0,1.0,88382.01,1.1063637751529716,0.0,1.0,59457.0,0.0
812.0,Germany,Male,38.64022197536975,4.0,115049.15,2.0,1.0,1.0,112510.99963758206,0.0
685.0,France,Male,58.0,1.0,104796.54,1.0,1.0,1.0,154181.41,0.0
680.0,France,Male,33.0,1.0,123082.08,1.0,1.0,0.0,134960.98,0.0
680.0,Spain,Male,58.0,8.0,19191.581479305878,2.0,1.0,1.0,65708.5,0.0
631.0,France,Female,33.0,8.0,0.0,2.0,0.0,0.0,117374.22,0.0
569.0,France,Female,43.0,7.0,0.0,2.0,1.0,1.0,77703.19,0.0
584.0,Germany,Male,33.0,3.0,88311.48,1.5039499496217548,1.0,1.0,177651.38,0.0
676.6661794367823,France,Female,40.0,9.0,0.0,3.0,1.0,1.0,60954.45,0.0
609.0,France,Male,32.0,7.0,71872.19,1.0,1.0,1.0,151924.9,0.0
506.0,Spain,Male,35.0,6.0,110046.93,2.0,1.0,1.0,26318.73,0.0
503.0,France,Male,42.0,8.0,104430.08,1.0,1.0,1.0,91955.65726169427,0.0
503.0,France,Female,28.0,5.0,0.0,2.0,1.0,0.0,125918.17,0.0
806.0,France,Male,31.0,10.0,138653.51,1.1223425356962724,1.0,0.0,190803.37,0.0
653.0,France,Female,31.0,7.0,102575.04,1.0,1.0,1.0,11043.54,0.0
666.0,France,Male,43.44793068094726,7.0,40143.10516463613,2.0,1.0,1.0,119100.05,0.0
674.0,Spain,Male,32.0,2.0,0.0,2.0,1.0,0.0,140579.17,0.0
798.0,France,Male,32.0,7.0,0.0,2.0,0.0,1.0,37731.95,0.0
740.0,France,Female,30.0,8.0,105209.54,1.0,1.0,0.0,1852.58,0.0
531.0,Germany,Female,32.0,0.0,109570.21,2.0,1.0,1.0,172049.84,0.0
614.0,Germany,Female,44.0,6.0,118715.86,1.0,1.0,0.0,133591.11,1.0
556.0,France,Male,35.0,10.0,31248.97039812329,2.0,1.0,1.0,192751.18,0.0
704.9203807994635,Germany,Female,37.02374845129877,2.0,114455.59952943858,2.0,1.0,1.0,193828.27,0.0
587.0,Germany,Male,33.0,6.0,132603.36,1.0,1.0,0.0,55775.72,0.0
527.0,Spain,Female,36.0,6.0,0.0,2.0,1.0,1.0,102280.29,0.0
757.0,Germany,Female,34.0,1.0,129398.01,2.0,0.0,0.0,44965.44,0.0
468.0,Spain,Male,28.0,3.0,0.0,2.0,1.0,0.0,170661.02,0.0
693.0,France,Male,29.0,2.0,151352.74,1.0,0.0,0.0,197145.89,0.0
483.0,France,Female,44.0,5.0,136836.49,1.0,1.0,0.0,192359.9,1.0
466.0,France,Male,40.0,4.0,91592.06,1.0,1.0,0.0,141210.18,1.0
770.0,France,Female,30.0,8.0,0.0,2.0,1.0,0.0,100557.03,0.0
734.0,France,Male,54.0,3.0,0.0,1.0,1.0,0.0,130805.54,1.0
716.0,France,Male,22.0,8.0,0.0,2.0,1.0,1.0,92606.98,0.0
667.1610672956629,France,Male,36.0,2.0,46045.562979278264,2.0,1.0,1.0,123956.83,0.0
538.0,Germany,Male,25.0,5.0,62482.95,1.0,1.0,1.0,102758.43,0.0
743.0,France,Male,40.0,8.0,100480.05053760658,1.0,1.0,0.0,94876.65,0.0
734.0,Spain,Female,43.0,3.7307111421539094,45517.69802077965,2.0,1.0,1.0,94811.85,1.0
656.0,France,Male,37.0,2.0,39974.72050739021,2.0,0.0,1.0,67840.81,0.0
666.0,France,Female,31.0,2.0,79589.43,1.0,0.0,0.0,4050.57,0.0
627.0,Spain,Male,41.0,5.0,100880.76,1.0,0.0,1.0,102707.8212629084,0.0
480.0,Germany,Female,25.0,3.0,174330.35,1.4387147588765654,0.0,0.0,181647.13,0.0
792.0,France,Male,19.0,7.0,143390.51,1.0,1.0,0.0,33282.84,0.0
613.0,Germany,Male,59.0,8.0,91415.76,1.0,0.0,0.0,27965.0,1.0
476.0,Germany,Male,30.0,3.0,134366.42,1.0,1.0,0.0,68343.53,0.0
539.0,France,Female,24.0,3.0,0.0,2.0,1.0,1.0,198161.07,0.0
696.0,Spain,Male,60.0,5.101782620848978,88786.81,2.3327464689430473,1.0,1.0,101316.70142831652,1.0
810.0,France,Male,35.0,3.0,117528.98588106503,1.3114384205644638,1.0,1.0,120511.03,0.0
763.0,Germany,Male,32.0,9.0,160680.41,1.5504784034255448,1.0,0.0,30886.35,0.0
640.0,France,Female,29.0,3.0,0.0,2.0,1.0,0.0,2743.69,0.0
655.0,France,Male,47.0,10.0,0.0,2.0,1.0,0.0,167778.62,0.0
526.0,Germany,Male,31.0,5.0,145537.21,1.0,1.0,0.0,132404.64,0.0
678.0,France,Female,28.0,4.0,0.0,2.0,1.0,1.0,144423.17,1.0
554.0,France,Female,45.0,6.0,25984.266797383134,2.0,1.0,1.0,181204.5,0.0
633.9519058035519,Spain,Female,30.0,2.0,119370.11,1.0,1.0,1.0,182726.22,1.0
560.0,Spain,Female,28.0,1.0,0.0,2.0,1.0,1.0,120880.72,0.0
850.0,Germany,Female,47.81127071285564,5.316213530960254,134381.52,1.0,0.0,0.0,26812.89,1.0
645.9649200832001,Germany,Male,74.0,8.0,117259.22970389521,2.0,1.0,1.0,91619.86930539791,1.0
623.0,Germany,Male,35.964755853762334,1.0,149332.48,2.0,1.0,0.0,100834.22,0.0
698.0,France,Female,40.0,7.0,105061.74,3.0,1.0,0.0,107815.31,1.0
620.0,France,Male,32.0,7.0,0.0,2.0,1.0,1.0,34665.79,0.0
619.0,France,Female,45.558968439317596,10.0,36278.7787466744,1.907748411257649,1.0,1.0,147093.84,1.0
561.0,France,Male,21.0,4.139644685901749,0.0,1.0,1.0,1.0,36942.35,0.0
753.0,France,Female,39.0,7.0,155062.8,1.0,1.0,1.0,16460.77,0.0
721.0,Spain,Male,43.0,3.0,88798.34,1.0,0.0,0.0,45610.63,0.0
451.0,France,Male,33.0,6.0,0.0,2.0,1.0,0.0,184954.11,0.0
680.0,Germany,Female,51.0,5.0,143139.87,1.0,0.0,0.0,47795.43,1.0
590.0,Spain,Female,23.0,7.0,0.0,2.0,1.0,0.0,196789.9,0.0
634.0,Germany,Male,27.0,3.0,107027.52,1.0,1.0,0.0,173425.68,0.0
676.0,France,Male,29.0,4.0,140720.93,1.0,1.0,0.0,36221.18,0.0
642.0,France,Male,30.0,8.0,80964.57,2.0,1.0,0.0,174738.2,0.0
642.9649565297635,France,Male,41.18048627012538,6.0,178585.46,1.0,1.0,0.0,98211.3002787779,1.0
736.0,Spain,Female,26.0,4.0,135889.13,1.195197311666779,1.0,1.0,98598.45114827836,0.0
656.0,France,Male,43.0,7.0,134919.85,1.0,1.0,0.0,194691.95,0.0
776.0,Germany,Male,33.0,8.0,115130.34,1.0,0.0,0.0,129525.5,1.0
832.0,Spain,Female,36.99416361968925,6.0,138190.13,2.0,1.0,1.0,146511.2,0.0
631.0,Germany,Male,37.0,9.0,131519.49,2.0,1.0,1.0,114442.61328536828,0.0
795.0,Spain,Female,56.0,5.0,0.0,1.0,1.0,0.0,60118.76348689546,1.0
648.0,Germany,Female,39.0,3.0,126935.98,2.0,0.0,1.0,57995.74,0.0
615.0,France,Male,39.0,4.0,133707.09,1.0,1.0,1.0,108152.75,0.0
682.0,France,Female,27.0,1.0,97893.2,1.0,1.0,0.0,166144.98,0.0
694.0,France,Male,34.0,5.0,127900.03,1.0,1.0,0.0,101737.8,0.0
694.0,France,Male,37.0,10.0,143835.47,1.0,1.0,1.0,94659.0673093388,0.0
607.0,France,Male,44.0,0.0,0.0,2.0,1.0,1.0,81140.09,0.0
664.0,France,Male,48.0,10.0,0.0,1.0,1.0,0.0,140173.17,1.0
631.270356145984,France,Male,60.0,4.983360994853923,0.0,1.0,1.0,0.0,166513.49,1.0
645.0,France,Female,40.0,3.0,129596.77,1.0,1.0,1.0,103232.6,0.0
653.0,Spain,Male,30.0,4.0,0.0,2.0,1.0,0.0,120736.04,0.0
628.9242097977678,Germany,Female,24.0,2.0,110407.44,2.0,0.0,0.0,15832.43,1.0
697.0,France,Female,76.0,3.652931582634127,18135.29458487867,2.0,1.0,1.0,188772.45,0.0
619.0,Germany,Male,41.0,8.0,142015.76,2.0,1.0,0.0,114323.66,0.0
648.0,Spain,Male,37.30102609298879,1.0,81370.07,1.0,0.0,1.0,181534.04,0.0
482.0,Germany,Female,48.0,2.0,69329.47,1.0,0.0,0.0,102640.52,1.0
548.0,France,Female,28.0,8.0,116755.5,2.0,1.0,1.0,158585.17,1.0
752.0,France,Male,34.60805939406902,6.0,83870.33,1.0,1.0,0.0,178722.24,0.0
648.0,France,Male,39.0,6.0,130694.89,2.0,1.0,1.0,153955.38,0.0
650.286924139962,Spain,Female,34.0,8.0,117451.47,1.0,1.0,0.0,101433.73157121909,0.0
573.0,Germany,Male,35.0,4.726977705611224,206868.78,2.0,0.0,1.0,102986.15,0.0
686.0,France,Female,39.0,3.0,111695.62,1.0,0.0,0.0,136643.84,0.0
644.0,France,Male,48.05332587436504,9.0,137285.26,1.1737338295595172,1.0,0.0,77063.63,1.0
702.0,France,Female,29.0,6.0,149218.39,1.0,1.0,1.0,9633.01,0.0
652.0,France,Male,51.0,7.0,0.0,2.0,0.0,1.0,43496.36,0.0
641.0,Spain,Male,32.0,7.0,0.0,2.0,1.0,1.0,24267.28,0.0
692.0,Germany,Male,41.0,8.0,120536.48411752506,1.0,1.0,0.0,59354.24,1.0
574.0,Spain,Male,34.0,5.0,0.0,2.0,0.0,0.0,28269.86,0.0
643.0,France,Female,38.95942707386964,3.0,167949.48,1.0,1.0,0.0,143162.34,0.0
834.0,France,Male,23.0,4.0,131254.81,1.0,1.0,0.0,20199.3,0.0
591.0,France,Male,28.0,5.0,0.0,2.0,1.0,1.0,48606.92,0.0
470.0,Spain,Male,34.0,9.0,0.0,2.0,0.0,1.0,89013.67,0.0
608.0,Spain,Male,34.0,7.0,86656.13,1.0,0.0,1.0,59890.29,0.0
655.0985987595047,Germany,Female,37.0,8.0,114737.26,1.0,1.0,1.0,106655.88,1.0
665.0,France,Female,38.0,5.0,0.0,2.0,1.0,0.0,156439.56,0.0
651.0,France,Female,39.0,6.0,0.0,1.0,1.0,0.0,24176.44,0.0
555.0,Germany,Male,62.0,4.0,118532.11158844492,1.0,0.0,1.0,68756.98437352666,1.0
637.0,France,Female,48.0,5.423477015764486,130806.99,2.0,1.0,1.0,111388.31134486257,1.0
675.0,France,Female,49.0,0.0,0.0,1.0,1.0,1.0,80496.71,1.0
677.0,Spain,Male,37.451551844741545,4.8183696654378245,29408.411639731796,2.0,1.0,0.0,88947.56,0.0
850.0,Germany,Female,35.0,2.0,80931.75,1.0,0.0,0.0,12639.67,1.0
815.0,France,Male,41.02165208626692,3.0,0.0,3.0,1.0,1.0,94248.16,0.0
665.0,Germany,Male,32.0,1.0,132178.67,1.0,0.0,0.0,11865.76,0.0
485.0,France,Female,27.0,3.0,0.0,2.0,1.0,0.0,100288.53849026683,0.0
577.0,Spain,Male,43.0,5.274106578116966,0.0,2.0,1.0,1.0,149457.81,0.0
586.0,France,Female,35.0,7.0,164769.02,3.0,1.0,0.0,119814.25,1.0
722.0,Germany,Male,29.0,5.222958011336771,107233.85,2.0,1.0,0.0,24924.92,0.0
528.0,France,Female,27.0,7.0,176227.07,2.0,0.0,1.0,139481.53,0.0
542.0,Germany,Female,39.0,4.0,109949.39,2.0,1.0,1.0,41268.65,0.0
552.0,France,Female,34.0,5.0,0.0,2.0,1.0,1.0,1351.41,0.0
678.0,France,Female,60.0,4.739040780585801,65886.61996026576,1.0,1.0,0.0,147489.76,1.0
575.0,Spain,Female,37.0,9.0,133292.45,1.0,1.0,0.0,111175.09,0.0
669.0,France,Female,43.0,6.3516540495415885,160474.59,1.0,1.0,1.0,95963.14,0.0
656.4772311847687,France,Male,43.0,6.0,0.0,1.7985922804326002,1.0,0.0,43128.95,0.0
651.6424436327608,France,Male,55.0,5.5628000776233755,64197.25801773399,1.0,1.0,0.0,137674.96,1.0
652.0,Germany,Female,43.694610250632024,9.0,110827.49,1.0,1.0,0.0,153383.54,1.0
637.0,Germany,Male,36.0,10.0,145750.45,1.5013742052512777,1.0,1.0,96660.76,0.0
516.0,Spain,Female,45.0,8.0,109044.3,1.0,0.0,1.0,115818.16,0.0
801.0,France,Female,32.0,4.0,75170.54,1.0,1.0,1.0,37898.5,0.0
692.0,France,Female,42.0,2.0,0.0,2.0,1.0,0.0,100139.70782245183,0.0
585.0,France,Female,28.0,6.0,105795.9,1.283440186699254,1.0,1.0,41219.09,0.0
590.0,France,Male,32.0,5.0,0.0,2.0,1.0,0.0,59249.83,0.0
554.0,Spain,Male,44.16028271043787,8.0,129425.28285990347,1.3306027023612288,1.0,1.0,116747.62,0.0
659.0,France,Female,49.0,1.0,0.0,1.0,1.0,0.0,116249.72,1.0
690.0,France,Female,26.0,3.0,118097.87,1.0,1.0,0.0,61257.83,0.0
697.0,Germany,Male,29.0,0.0,172693.54,1.0,0.0,0.0,141798.98,0.0
610.0,France,Male,35.75088602258218,4.0,129440.3,2.0,1.0,0.0,102638.35,0.0
599.0,Spain,Male,36.0,4.0,0.0,2.0,0.0,0.0,99025.21143019958,0.0
544.0,France,Male,23.0,1.0,96471.2,1.0,1.0,0.0,35550.97,0.0
548.0,France,Female,46.0,1.0,0.0,1.0,1.0,1.0,104469.06,1.0
644.0018227942669,Spain,Male,24.0,4.0,97034.92425606473,1.0,1.0,1.0,142935.83,0.0
722.0,France,Male,20.0,6.0,0.0,2.0,1.0,0.0,195486.28,0.0
564.0,France,Female,33.0,4.0,135946.26,1.0,1.0,0.0,63170.0,0.0
719.0,France,Male,39.303456576443,3.0,0.0,2.0,1.0,1.0,58320.06,0.0
547.0,France,Male,50.0,5.056413609834811,81290.02,3.0,1.0,1.0,177747.03,1.0
850.0,France,Female,39.857687649432535,8.0,0.0,1.0,1.0,0.0,19632.64,1.0
515.0,Germany,Male,60.0,9.0,113715.36,1.0,1.0,0.0,18424.24,1.0
667.0,Spain,Male,56.0,2.0,168883.08,1.0,0.0,1.0,18897.78,0.0
607.0,Germany,Male,35.328242628304984,8.0,143421.74,1.0,1.0,0.0,97879.02,0.0
525.0,France,Male,36.190887387471626,7.0,153644.39,1.0,1.0,1.0,96131.81761737113,0.0
606.0,Spain,Female,53.0,1.0,109330.06,1.0,1.0,1.0,75860.01,0.0
686.0,Germany,Female,27.0,1.0,115095.88,2.0,0.0,0.0,78622.46,0.0
645.922611335854,France,Male,35.0,10.0,0.0,1.0,1.0,1.0,23598.23,1.0
827.0,France,Male,46.0,1.0,183276.32,1.0,1.0,1.0,13460.27,0.0
572.0,France,Male,33.0,9.0,68193.72,1.0,1.0,1.0,19998.31,0.0
726.0,France,Female,32.0,8.0,0.0,2.0,0.0,0.0,185075.63,0.0
579.0,Germany,Male,31.0,6.0,139729.54,1.0,0.0,1.0,135815.38,0.0
598.0,Spain,Female,56.0,4.0,99589.13966894841,1.0,1.0,1.0,44251.33,0.0
663.0,France,Male,36.0,10.0,0.0,2.0,1.0,0.0,136349.55,0.0
505.0,Germany,Female,37.0,10.0,122453.97,2.0,1.0,1.0,99359.2635744413,0.0
644.88483684921,Germany,Male,30.0,7.0,132174.41,2.0,0.0,0.0,93767.03,0.0
555.0,Spain,Female,24.0,2.0,0.0,2.0,0.0,1.0,197866.55,0.0
524.0,France,Male,30.0,1.0,0.0,2.0,1.0,0.0,126812.85,0.0
776.0,Spain,Male,39.0,2.0,104349.45,1.0,0.0,1.0,79503.05,0.0
645.0,Germany,Female,41.0,2.0,138881.04,1.2565479132189978,1.0,0.0,129936.53,1.0
850.0,Germany,Female,32.0,0.0,116968.91,1.0,0.0,0.0,175094.62,0.0
603.0,Germany,Male,35.0,1.0,105346.03,2.0,1.0,1.0,130379.5,0.0
691.0,France,Male,26.0,9.0,136623.19,1.0,1.0,0.0,153228.0,0.0
583.0,France,Female,41.39998880348608,10.0,0.0,2.0,1.0,1.0,111285.85,0.0
584.0,France,Female,66.0,5.0,0.0,1.0,1.0,0.0,49553.38,1.0
679.0,France,Female,33.0,6.0,0.0,2.0,1.0,0.0,98015.85,0.0
646.0,France,Male,36.0,6.0,124445.52,1.0,1.0,0.0,88481.32,0.0
559.0,France,Female,34.0,5.0,68999.66,2.0,1.0,1.0,66879.27,0.0
595.0,Spain,Male,36.0,6.0,85768.42,1.0,1.0,1.0,24802.77,0.0
527.0,France,Male,47.0,1.0,0.0,1.0,1.0,0.0,21312.16,1.0
694.3486561689308,Spain,Male,41.22477351911709,9.0,128146.43238662457,1.2336972156624664,1.0,1.0,190263.78,0.0
673.0,Spain,Female,32.0,0.0,0.0,1.0,1.0,1.0,72873.33,0.0
802.0,France,Male,37.15180338985851,7.0,0.0,2.0,1.0,1.0,57764.65,0.0
675.0,France,Male,54.0,6.0,0.0,1.0,1.0,0.0,110273.84,1.0
762.0,Spain,Female,19.0,6.0,0.0,2.0,1.0,0.0,55500.17,0.0
580.0,France,Male,50.0,0.0,125647.36,1.4547923802234255,1.0,0.0,57541.08,1.0
621.0,Germany,Male,31.0,8.0,121155.49026281868,1.0,1.0,1.0,90384.26,0.0
411.0,France,Female,36.0,10.0,75784.98341215192,1.0,0.0,0.0,120694.35,0.0
815.0,France,Male,24.0,7.0,171922.72,1.0,0.0,1.0,178028.96,0.0
631.0,Germany,Female,32.0,2.0,146810.99,2.0,1.0,1.0,180990.29,0.0
514.0,Germany,Female,45.0,3.8573156087717164,109032.23,1.0,0.0,1.0,155407.21,1.0
638.0,France,Male,57.0,6.0,0.0,1.0,1.0,0.0,33676.48,1.0
791.0,Spain,Male,25.0,7.0,0.0,1.0,1.0,0.0,89666.28,0.0
516.0,France,Male,35.0,5.154873402513531,89664.5982161764,1.0,1.0,0.0,127558.26,0.0
734.0,France,Male,37.0,3.0,80387.81,1.0,0.0,1.0,77272.62,0.0
611.0,France,Male,58.0,8.0,0.0,2.0,0.0,1.0,89866.83185722838,1.0
850.0,Germany,Male,43.0,0.0,119286.9475393214,3.0,1.0,0.0,65504.64518965729,1.0
641.0,France,Male,35.42791483698701,10.0,155978.17,1.0,1.0,0.0,91510.71,0.0
585.0,France,Female,38.0,5.0,0.0,1.0,1.0,1.0,87363.56,0.0
682.6398798967249,Germany,Male,50.0,5.484704170496838,122818.35184883108,1.0,1.0,0.0,117505.07,1.0
507.0,France,Female,29.0,4.0,89349.47,2.0,0.0,0.0,180626.68,0.0
669.0101912253135,Spain,Male,38.0,7.0,36867.68403812642,2.0,0.0,0.0,111335.81660314642,0.0
707.0,France,Female,58.0,3.0,102346.86,1.0,1.0,1.0,114672.64,0.0
698.0,Germany,Female,36.0,7.0,121263.62,1.5390912652250754,1.0,1.0,13387.88,0.0
841.0,France,Male,31.0,2.0,0.0,1.8592192379816372,1.0,0.0,173240.52,0.0
688.0,Spain,Female,33.0,2.0,0.0,1.0,0.0,0.0,27557.18,1.0
614.0,France,Male,51.0,3.0,0.0,2.0,1.0,1.0,5552.37,0.0
511.0,Germany,Male,48.0,6.0,149726.08,1.0,0.0,0.0,88307.87,1.0
447.0,France,Male,43.0,2.0,0.0,2.0,1.0,0.0,33879.26,1.0
738.0,France,Male,35.0,5.0,161274.05,2.0,1.0,0.0,181429.87,0.0
422.0,France,Female,33.0,2.0,0.0,2.0,1.0,0.0,102655.31,0.0
537.0,Spain,Male,30.0,1.0,103138.17,1.0,1.0,1.0,96555.42,0.0
707.0,Germany,Female,40.0,3.0,109628.44,1.0,1.0,0.0,189366.03,1.0
690.0,France,Male,54.0,5.0,0.0,1.0,1.0,0.0,113834.50304850625,1.0
644.310279547331,Germany,Male,33.0,7.0,97286.16,2.0,1.0,0.0,143433.33,0.0
850.0,France,Female,33.0,7.0,118004.26,1.0,1.0,1.0,183983.82,0.0
584.0,Spain,Male,32.0,9.0,85534.83,1.0,0.0,0.0,106283.59059078571,0.0
728.0,France,Male,59.0,4.0,0.0,1.0,1.0,1.0,163365.85,1.0
560.0,Spain,Female,43.0,5.783718084430626,95140.44,1.7684403107136295,1.0,0.0,123181.44,1.0
629.0,France,Female,45.31407936875439,6.0,0.0,1.0,1.0,1.0,16447.6,1.0
658.0,France,Male,25.0,3.0,0.0,2.0,0.0,1.0,173948.4,0.0
794.0,France,Female,54.0,4.948846335989112,78619.63786175965,1.0,1.0,1.0,192154.66,0.0
790.0,France,Female,41.0,2.0,126619.27,1.0,1.0,0.0,198224.38,0.0
640.0,France,Male,44.0,7.0,111833.47,1.0,1.0,0.0,67202.74,0.0
652.0,Spain,Male,37.0,7.0,0.0,2.0,1.0,0.0,68789.93,0.0
583.0,France,Female,57.0,4.134970400600738,79952.62750471583,1.0,0.0,1.0,147964.99,1.0
775.0,France,Male,32.0,2.0,108698.96,2.0,1.0,1.0,161069.73,0.0
584.0,France,Female,39.0,2.0,112687.69,1.0,1.0,1.0,127749.61,0.0
674.199274117233,Germany,Female,48.0,4.0,81556.89,2.0,1.0,0.0,191914.37,0.0
814.0,France,Male,48.0,9.0,100514.6292910102,1.0,1.0,1.0,84049.29718119784,0.0
735.0,Germany,Female,43.0,4.152528426923276,98807.45,1.0,0.0,0.0,184570.04,1.0
678.0,France,Female,31.0,1.0,0.0,2.0,0.0,1.0,130446.65,0.0
693.0,France,Male,37.0,1.0,0.0,2.0,1.0,1.0,82867.55,0.0
640.0,France,Male,30.0,6.0,107499.7,1.0,1.0,1.0,187632.22,0.0
773.0,Spain,Female,23.0,8.0,0.0,2.0,1.0,0.0,56759.79,0.0
736.0,France,Female,30.0,9.0,0.0,2.0,1.0,0.0,34180.33,0.0
693.0,France,Female,28.0,8.0,0.0,2.0,1.0,1.0,158545.25,0.0
496.0,France,Female,41.0,1.0,176024.05,2.0,1.0,0.0,182337.98,0.0
751.0,France,Female,39.0,3.0,0.0,2.0,1.0,1.0,84175.34,0.0
528.0,Germany,Male,39.0,0.0,127631.62,1.0,0.0,1.0,22197.8,1.0
754.0,Spain,Female,19.0,9.0,0.0,1.0,1.0,0.0,189641.11,0.0
568.0,Germany,Female,26.0,10.0,109819.16,2.0,1.0,0.0,154491.39,0.0
592.0,Spain,Female,41.0,2.0,138734.94,1.0,1.0,0.0,90020.74,0.0
558.0,Germany,Male,35.90169233937224,10.0,111363.1,2.0,1.0,0.0,197264.35,0.0
825.0,France,Male,34.0,9.0,0.0,2.0,1.0,1.0,68830.06826691327,0.0
677.0,Germany,Male,28.0,0.0,143988.0,2.0,1.0,0.0,8755.69,1.0
653.0,France,Male,34.0,5.0,118838.75,1.0,1.0,1.0,99205.07362727408,0.0
593.0,Spain,Male,35.0,4.0,161637.75,1.0,1.0,1.0,20008.46,0.0
632.0,France,Female,44.0,3.0,133793.89,1.0,1.0,1.0,34607.14,0.0
601.0,France,Male,35.0,8.0,71553.83,1.0,1.0,0.0,177384.45,0.0
786.0,France,Male,62.0,8.0,0.0,1.0,1.0,1.0,165702.64,0.0
654.0,France,Female,40.0,5.554346473391995,0.0,2.0,1.0,0.0,167889.1,0.0
572.0,France,Female,38.0,4.90525170798591,0.0,2.0,1.0,1.0,133122.62,0.0
813.0,France,Female,62.0,10.0,64667.95,2.0,1.0,1.0,140454.14,0.0
523.0,France,Female,28.0,2.0,121164.11,1.0,1.0,1.0,59938.81,0.0
506.0,Spain,Male,50.0,3.0,0.0,1.759656249826338,1.0,0.0,12016.79,0.0
644.5905046136337,Spain,Male,72.0,3.0,98903.06,1.0,1.0,1.0,81251.24,0.0
664.0,France,Female,31.0,7.0,104158.84,1.0,1.0,0.0,134169.85,0.0
669.7239145970309,France,Male,54.0,6.4405261006550365,29287.780669978925,2.0,1.0,1.0,94888.6,0.0
639.6576476762306,France,Male,47.045173336310015,5.373615283315827,86066.25704309471,2.305926757021661,1.0,1.0,175696.16,1.0
527.0,France,Female,25.0,6.0,0.0,2.0,0.0,1.0,96758.58,0.0
666.0,France,Male,53.0,5.0,64646.7,1.0,1.0,0.0,128019.48,1.0
696.7536385290196,France,Male,71.0,3.0,23004.03318192122,2.0,1.0,1.0,117675.60194869793,0.0
629.0,France,Female,40.0,6.0,0.0,2.0,1.0,1.0,139356.3,0.0
430.0,France,Male,35.0,1.0,118894.22,1.0,0.0,0.0,2923.61,0.0
712.0,France,Male,24.0,2.0,103902.24467383335,1.0,0.0,1.0,121232.51,0.0
682.0,France,Male,30.0,9.0,0.0,2.0,1.0,1.0,2053.42,0.0
634.0,France,Female,41.0,8.0,68213.99,1.0,1.0,1.0,6382.46,0.0
487.0,Spain,Female,31.0,1.0,0.0,2.0,1.0,0.0,158750.13,0.0
654.6820835141641,France,Male,40.3062705591044,8.0,139196.0,1.0,0.0,1.0,74028.36,0.0
659.2267324268959,France,Female,32.0,7.0,0.0,2.0,1.0,1.0,44099.75,0.0
637.0,Germany,Male,50.0,4.0,126345.55,1.0,1.0,1.0,17323.0,1.0
802.0,Spain,Male,40.0,5.0,27533.59427668393,2.0,1.0,1.0,175043.69,0.0
529.0,France,Female,38.0,2.0,0.0,1.0,1.0,0.0,146388.85,1.0
850.0,France,Female,43.0,3.0,0.0,2.0,0.0,0.0,2465.8,0.0
656.5219475207098,France,Male,18.0,4.0,24813.80256117162,2.0,1.0,1.0,47799.15,0.0
817.0,France,Male,34.0,4.626375190619339,129278.43,1.0,0.0,0.0,165562.84,0.0
735.0,France,Male,31.0,3.0,119558.35,1.0,0.0,0.0,72927.68,0.0
619.0,Germany,Female,41.0,5.0,92467.58,1.0,1.0,0.0,38270.47,0.0
671.0,France,Male,35.842316367169424,5.0,0.0,2.0,0.0,0.0,120893.07,0.0
581.0,Spain,Female,31.0,6.0,0.0,2.0,1.0,0.0,188377.21,0.0
690.0,France,Male,36.0,10.0,0.0,2.0,1.0,0.0,55902.93,0.0
579.0,Spain,Male,56.0,3.592428485724293,99340.83,1.0,0.0,0.0,4523.74,1.0
688.0,Spain,Female,24.0,3.0,0.0,2.0,1.0,1.0,102195.16,0.0
599.0,Spain,Female,28.0,4.0,126833.79,2.0,1.0,0.0,60843.09,1.0
729.0,Germany,Male,29.0,5.0,109676.52,1.0,1.0,1.0,25548.47,0.0
718.0,France,Female,29.0,3.0,0.0,1.0,0.0,1.0,134462.29,0.0
712.0,Germany,Male,53.0,6.0,121036.51934332868,1.6933042846542008,1.0,1.0,120533.49274089272,0.0
474.0,France,Male,37.0,3.0,98431.37,1.0,0.0,0.0,75698.44,0.0
565.0,Germany,Male,33.0,8.0,120741.7289628929,2.0,1.0,0.0,105642.43,0.0
658.0,France,Female,31.0,7.0,123974.96,1.0,1.0,0.0,102153.75,0.0
714.0,France,Male,63.0,4.0,138082.16,1.0,0.0,1.0,86728.84665715043,0.0
725.0,France,Male,45.0,1.0,129855.32,1.0,0.0,0.0,24218.65,0.0
825.0,France,Male,40.0,6.0,132308.22,1.0,0.0,0.0,117122.5,0.0
665.0,Germany,Male,45.0,5.0,155447.65,2.0,1.0,0.0,51871.95,0.0
670.0,Spain,Male,35.0,5.070359249927947,124268.64,2.0,1.0,1.0,112569.29934815092,0.0
474.0,Germany,Female,34.0,9.0,119460.0493867972,1.0,1.0,1.0,160213.27,0.0
591.0,France,Male,40.0,2.0,99886.42,2.0,1.0,1.0,88695.19,0.0
508.0,France,Female,31.0,7.0,0.0,2.0,1.0,1.0,6123.15,0.0
695.0,France,Female,39.413464554253416,2.0,38832.15133473252,2.0,0.0,1.0,167749.54,0.0
654.8099526471294,Germany,Male,24.0,5.0,85089.3,1.0,1.0,1.0,71638.0,0.0
687.0,Germany,Male,41.0,6.149547446355556,120750.78646135975,1.7676326798691169,1.0,1.0,198064.52,0.0
658.0,Germany,Male,29.0,5.0,75395.53,2.0,0.0,1.0,54914.92,0.0
705.0,Germany,Female,33.0,5.0,116765.7,1.0,0.0,0.0,190659.17,1.0
739.0,France,Male,60.0,4.0,0.0,1.0,1.0,1.0,51637.67,0.0
844.0,France,Male,40.25844472127749,7.0,111501.66,1.0,1.0,1.0,119333.38,0.0
602.0,Germany,Female,48.0,7.0,76595.08,2.0,0.0,0.0,127095.14,0.0
759.0,France,Female,33.0,9.0,160541.36,2.0,0.0,0.0,93541.14,0.0
747.0,Germany,Male,38.0,2.0,129728.6,1.0,1.0,1.0,89289.54,0.0
673.0,France,Male,47.0,1.0,0.0,2.0,0.0,0.0,108762.16,0.0
671.0,Spain,Male,34.0,5.0,130929.02,4.0,1.0,1.0,93457.5166766947,1.0
640.0,Germany,Female,74.0,2.0,116800.25,1.0,1.0,1.0,34130.43,0.0
581.0,Germany,Male,40.0,0.0,101016.53,1.0,0.0,1.0,7926.35,1.0
630.0,France,Male,67.0,5.0,0.0,2.0,1.0,1.0,27330.27,0.0
703.0,France,Female,33.0,8.0,190566.65,1.0,1.0,1.0,79997.14,0.0
698.0,Spain,Female,47.0,6.0,0.0,1.0,1.0,0.0,50213.81,1.0
742.0,Germany,Female,43.0,6.0,97067.69,1.0,0.0,1.0,60920.03,1.0
609.4407679556398,France,Female,37.0,4.0,92208.54,1.0,0.0,1.0,197699.8,1.0
644.0,France,Male,32.55047408970064,5.2275072898660255,186347.97,2.0,1.0,0.0,92809.73,0.0
647.2775626009319,Spain,Male,55.0,2.0,103176.62,1.0,1.0,1.0,82685.30442575793,0.0
777.0,France,Female,58.0,4.0,0.0,1.0,1.0,1.0,62449.07,1.0
644.0,Germany,Female,40.0,4.0,120474.77056325565,1.7803310005086896,1.0,1.0,117563.02881185673,1.0
665.0,Germany,Female,37.0,3.0,111911.63,1.0,1.0,1.0,110359.68,1.0
529.0,Germany,Male,72.0,4.884330947818264,94216.05,1.0,1.0,1.0,78695.68,0.0
677.5187559208294,Spain,Female,43.89976684153315,7.0,122346.50636883575,1.3115545921009317,1.0,1.0,128378.04,0.0
604.0,Spain,Female,26.0,3.0,0.0,2.0,1.0,0.0,155248.62,0.0
738.0,France,Male,49.0,6.0,106770.82,1.0,1.0,0.0,123499.27,0.0
685.2933510968436,France,Male,72.0,5.0,30231.893813439907,2.0,1.0,1.0,99920.41,0.0
698.0,Germany,Male,39.0,9.0,133191.19,2.0,1.0,1.0,53289.49,0.0
775.0,France,Female,66.0,9.0,29295.989794707686,2.0,1.0,1.0,67622.34,0.0
735.0,France,Male,41.0,7.0,74135.85,1.0,1.0,1.0,11783.1,1.0
766.0,Spain,Male,41.0,6.0,20653.593993845112,2.0,1.0,0.0,62402.38,0.0
537.0,Germany,Male,84.0,8.0,92242.34,1.0,1.0,1.0,186235.98,0.0
599.0,Germany,Male,25.0,7.0,108380.72,1.0,1.0,1.0,79005.95,0.0
420.0,Spain,Female,55.0,4.0,91893.32,1.0,1.0,0.0,144870.28,1.0
674.0,France,Female,32.0,7.0,85757.93,1.0,1.0,1.0,95481.0,0.0
570.0,France,Female,46.0,3.0,0.0,2.0,0.0,0.0,820.46,0.0
623.0,Germany,Male,33.0,8.0,96759.42,1.0,1.0,1.0,174777.98,0.0
710.0,France,Male,30.0,6.0,0.0,2.0,1.0,1.0,8991.17,0.0
466.0,France,Male,29.0,6.0,0.0,2.0,1.0,1.0,2797.27,0.0
759.0,France,Female,22.0,5.0,0.0,1.0,1.0,0.0,22303.17,0.0
581.0,France,Male,71.0,4.0,0.0,2.0,1.0,1.0,81553.22051485465,0.0
820.0,France,Male,33.0,3.22502810717275,132150.26,2.0,1.0,1.0,23067.97,0.0
759.0,France,Male,41.0,9.0,34977.42791936566,2.0,1.0,1.0,190294.12,0.0
628.0,France,Female,31.0,6.0,175443.75,1.0,1.0,0.0,113167.17,1.0
676.0,France,Male,31.0,3.0,78990.15,1.2949749309016259,1.0,1.0,124777.14,0.0
591.0,France,Female,33.0,4.0,113743.37,1.0,1.0,0.0,124625.08,0.0
690.0,France,Female,26.0,5.0,157624.84,1.0,1.0,1.0,49599.27,0.0
624.0,Germany,Female,41.18458743478441,5.685788254993513,125163.62,2.0,1.0,1.0,151411.5,0.0
573.0,France,Female,23.0,2.0,0.0,1.0,1.0,0.0,122964.18,0.0
694.0,France,Male,60.0,9.0,0.0,1.909534567740192,1.0,1.0,57088.97,0.0
632.0,Spain,Female,29.0,7.0,80922.75,1.0,1.0,0.0,7820.78,0.0
632.0,France,Male,40.0,3.0,193354.86,2.0,1.0,1.0,149188.41,0.0
684.847995141385,France,Female,41.927663007335084,9.0,32426.04017071857,2.0,1.0,1.0,134638.97,0.0
598.0,Germany,Female,46.0,7.0,131769.04,1.0,0.0,0.0,184980.23,1.0
430.0,Germany,Male,36.0,1.0,138992.48,2.0,0.0,0.0,122373.42,0.0
711.0,France,Female,37.0,8.0,113899.92,1.0,0.0,0.0,80215.2,0.0
582.0,Germany,Male,26.0,6.0,114450.32,1.0,1.0,1.0,107499.36876789862,0.0
605.0,France,Male,39.0,3.0,0.0,2.0,1.0,0.0,199390.45,0.0
657.0,France,Female,37.0,2.0,0.0,2.0,1.0,1.0,7667.48,0.0
578.0,Spain,Male,40.0,6.0,63609.92,1.0,0.0,0.0,74965.61,1.0
532.0,France,Male,38.0,9.0,0.0,2.0,0.0,0.0,30583.95,0.0
612.0,France,Female,42.0,10.0,75497.51,1.0,0.0,0.0,149682.78,0.0
792.0,France,Female,42.0,2.0,0.0,2.0,1.0,0.0,92664.09,0.0
674.0,France,Female,26.0,10.0,25502.219981446422,2.0,1.0,1.0,85155.75285819221,0.0
680.0,France,Male,31.0,1.0,0.0,2.0,1.0,1.0,3148.2,0.0
593.0,France,Female,39.0,5.0911752727156285,117704.73,1.0,1.0,0.0,197933.5,0.0
679.0,Germany,Male,39.421244507566556,1.0,130463.55,2.0,1.0,1.0,37341.17,0.0
493.0,Spain,Male,32.0,8.0,46161.18,1.0,1.0,1.0,79577.4,0.0
688.0,Spain,Male,42.0,5.0,0.0,2.0,1.0,0.0,197602.29,0.0
769.0,Spain,Male,43.0,4.0,27970.42175888536,2.0,1.0,1.0,119275.81609280156,0.0
581.0,Spain,Male,49.0,10.0,0.0,2.0,0.0,0.0,90113.18230748677,0.0
465.0,France,Male,41.0,9.0,117221.15,1.0,1.0,0.0,168280.95,0.0
641.0,France,Female,35.0,4.0,0.0,2.0,0.0,0.0,125986.18,0.0
731.0,Germany,Female,43.0,9.0,79120.27,1.0,0.0,0.0,548.52,1.0
625.0,France,Male,40.88237692425294,4.772296880213376,177069.24,2.0,1.0,1.0,141248.3637967646,0.0
468.0,France,Male,36.0,3.0,61636.97,1.0,0.0,0.0,107787.42,0.0
790.0,France,Male,26.0,5.0,0.0,1.0,1.0,0.0,20510.79,0.0
641.7998639250392,Germany,Female,37.0,6.0,104414.03,1.0,1.0,0.0,192026.02,0.0
692.0,France,Male,66.0,4.0,159732.02,1.4276967137543433,1.0,1.0,118188.15,0.0
676.0,Germany,Female,34.0,4.0,89437.03,1.0,1.0,1.0,189540.95,0.0
571.0,France,Male,41.0,8.0,0.0,1.0,1.0,1.0,63736.17,0.0
700.0,France,Female,32.0,3.0,0.0,1.0,0.0,0.0,95740.37,0.0
445.0,France,Female,30.0,3.0,0.0,2.0,1.0,1.0,127939.19,0.0
746.0,France,Male,39.62042013141206,7.0,142400.77,1.2875093503940078,1.0,1.0,193438.69,0.0
722.0,France,Female,47.0,2.0,88011.4,1.0,1.0,1.0,90655.94,1.0
596.0,France,Male,36.0,2.0,0.0,2.0,1.0,1.0,12067.39,0.0
850.0,Germany,Female,30.0,8.0,154870.28,1.0,1.0,1.0,54191.38,0.0
597.0,Spain,Female,46.0,4.0,0.0,2.0,1.0,0.0,58667.16,1.0
436.0,Spain,Male,43.0,5.0,12969.989300949348,2.0,1.0,1.0,35687.43,0.0
660.0,Germany,Male,36.58454815399183,1.0,118402.25,2.0,1.0,1.0,14288.93,0.0
649.0,France,Male,37.0,5.323569431569693,87374.88,2.0,1.0,1.0,247.36,0.0
646.0,Germany,Male,32.0,8.0,105397.8,1.0,1.0,0.0,78111.84,1.0
560.0,Spain,Female,31.0,5.0,125341.69,1.0,1.0,0.0,79547.39,0.0
710.0,France,Male,49.0,10.0,129164.88,1.0,1.0,0.0,193266.72,0.0
513.0,France,Male,40.0,3.0,141004.46,1.0,1.0,0.0,105028.46,0.0
607.0,France,Female,21.0,0.0,0.0,2.0,1.0,0.0,116106.52,0.0
757.0,France,Male,57.0,3.0,89079.41,1.0,1.0,1.0,53179.21,1.0
619.0,Germany,Male,40.0,9.0,103604.31,2.0,0.0,0.0,140947.05,0.0
612.0,France,Male,24.0,1.0,83361.49830516348,1.0,1.0,1.0,171837.06,0.0
842.0,France,Male,29.0,8.0,0.0,1.7907226224686554,1.0,1.0,123437.05,0.0
713.0,France,Male,33.0,6.0,94598.48,1.0,1.0,0.0,197519.66,1.0
624.083335920469,France,Male,36.0,4.362901657871076,188241.05,2.0,1.0,0.0,183058.51,1.0
770.0,France,Female,37.0,9.0,0.0,2.0,0.0,0.0,22710.72,0.0
773.0,France,Female,40.0,10.0,0.0,2.0,0.0,1.0,69303.15,0.0
470.0,Germany,Male,39.0,5.0,117469.91,2.0,0.0,0.0,63705.9,0.0
781.0,Spain,Male,35.0,4.0,80790.74,1.0,1.0,0.0,98098.72289860663,0.0
428.0,France,Female,62.0,1.0,107735.93,1.0,0.0,1.0,58381.77,0.0
600.0,Germany,Male,43.0,8.0,115788.53231084636,1.6826342119417146,1.0,1.0,177378.66,0.0
697.0,Spain,Female,37.0,7.0,168066.87,1.0,1.0,0.0,35450.53,0.0
692.0,Germany,Female,43.0,2.0,69014.49,2.0,0.0,0.0,164621.43,0.0
791.0,France,Male,28.0,4.0,0.0,1.0,1.0,0.0,174435.48,0.0
538.0,Germany,Female,42.0,1.0,98548.62,2.0,0.0,1.0,94047.75,0.0
820.0,France,Female,49.0,1.0,21545.985792298074,2.0,1.0,1.0,119087.25,0.0
679.0,Spain,Female,26.0,3.0,76554.06,1.0,1.0,1.0,184800.27,0.0
649.0,France,Female,36.0,2.0,0.0,2.0,0.0,1.0,75035.48,0.0
632.0,France,Male,27.0,3.0,107375.82,1.0,1.0,1.0,62703.38,0.0
594.0,Germany,Male,40.0,9.0,122417.17,2.0,0.0,1.0,190882.69,0.0
682.0,France,Female,42.0,0.0,0.0,1.0,0.0,1.0,91981.85,1.0
720.0,Spain,Male,33.0,6.0,97188.62,1.0,0.0,0.0,91881.29,0.0
769.0,France,Male,31.0,3.653270573824738,61297.05,2.0,1.0,1.0,7118.02,0.0
746.0,Spain,Male,30.0,1.0,112666.67,1.0,0.0,0.0,11710.4,1.0
623.0,Spain,Female,40.0,7.0,0.0,1.0,1.0,1.0,25904.12,0.0
537.0,France,Male,28.0,3.0,157842.07,1.0,1.0,0.0,86911.49,0.0
630.2990653338449,France,Male,46.0,7.0,91443.75,1.0,1.0,0.0,10958.18,0.0
588.0,Germany,Female,30.0,0.0,110148.49,1.0,1.0,0.0,5790.9,1.0
729.0,Spain,Female,34.0,9.0,22014.60887793058,2.0,1.0,1.0,42855.97,0.0
543.0,Spain,Male,37.0,5.407166717193926,0.0,2.0,1.0,1.0,78915.68,0.0
499.0,Spain,Male,38.320990781286916,6.0,0.0,2.0,1.0,1.0,81409.0,0.0
784.0,Germany,Male,38.49311474964768,3.581692342078741,70233.74,2.0,1.0,1.0,179252.73,0.0
604.0,France,Male,33.0,3.0,0.0,1.0,1.0,0.0,42171.13,1.0
614.0,Spain,Female,36.72358149044656,10.0,75212.28,1.3261212072789914,1.0,0.0,58965.04,0.0
671.0,France,Female,31.0,7.0,41299.03,1.0,0.0,1.0,102681.32,0.0
637.0842943286592,Spain,Female,35.0,3.0,83286.56,1.0,1.0,0.0,125553.52,0.0
593.0,Spain,Male,43.0,4.907309387675274,0.0,2.0,0.0,0.0,53478.02,0.0
453.0,France,Male,29.0,6.0,0.0,1.0,0.0,0.0,198376.02,1.0
570.0,Germany,Male,35.0,6.0,85668.59,1.0,1.0,0.0,104984.70386492617,0.0
655.0,France,Female,45.0,7.0,57327.04,1.0,0.0,1.0,47349.0,0.0
632.0,Spain,Male,47.0,3.0,0.0,2.0,1.0,0.0,178822.32,0.0
681.0,France,Female,37.0,7.0,69609.85,1.0,1.0,1.0,72127.83,0.0
591.0,Germany,Male,46.0,4.0,129269.27,1.0,1.0,0.0,163504.33,0.0
779.0,France,Male,42.40222501276797,1.0,0.0,2.0,1.0,1.0,190623.02,0.0
456.0,France,Female,63.0,1.0,165350.61,2.0,0.0,0.0,140758.07,1.0
686.0,France,Male,41.0,4.834311865506875,152105.57,2.0,0.0,1.0,132374.41,0.0
617.0,France,Male,74.0,10.0,0.0,2.0,1.0,1.0,53949.98,0.0
850.0,France,Female,32.0,5.0,106290.64,1.0,1.0,0.0,121982.73,0.0
646.0,Germany,Female,30.0,10.0,119875.43203313983,1.506821822368059,0.0,0.0,116823.38234006739,0.0
735.0,Germany,Male,46.0,2.0,106344.95,1.0,1.0,0.0,114371.33,1.0
543.0,France,Male,35.0,5.0,137482.19,1.0,0.0,0.0,62389.35,0.0
490.0,France,Female,37.0,3.0,116465.53,1.0,0.0,1.0,24435.77,0.0
640.0,France,Male,45.0,1.0,0.0,1.0,1.0,1.0,10908.33,0.0
445.0,Spain,Male,45.0,10.0,0.0,2.0,0.0,1.0,90977.48,0.0
761.0,France,Male,36.0,9.0,127637.92,1.0,1.0,1.0,81062.93,0.0
426.0,France,Female,34.0,3.0,0.0,2.0,1.0,1.0,61230.83,0.0
777.0,France,Male,37.0,1.0,0.0,1.0,1.0,1.0,126837.72,0.0
534.0,France,Male,35.0,2.0,81951.74,2.0,1.0,0.0,115668.53,0.0
777.0,France,Female,42.0,5.0,147531.82,1.2941623989665874,1.0,1.0,38819.45,0.0
683.4712690717209,Spain,Male,18.0,3.0,0.0,2.0,1.0,1.0,86994.54,0.0
790.0,France,Female,33.0,10.0,135120.72,1.0,0.0,0.0,195204.99,0.0
643.0,Spain,Female,32.0,2.0,0.0,1.0,0.0,0.0,131301.74,0.0
584.0,Spain,Male,37.0,8.0,0.0,2.0,0.0,1.0,100835.19,0.0
674.1465070155253,France,Female,34.0,7.0,0.0,1.8396257899041608,1.0,1.0,198969.78,0.0
771.0,Spain,Male,18.0,1.0,0.0,2.0,0.0,0.0,41542.95,0.0
600.0,France,Female,39.0,5.0,0.0,2.0,0.0,0.0,118272.07,0.0
661.0,Spain,Female,41.0,5.0,28082.95,1.0,1.0,0.0,69586.27,1.0
554.0,France,Female,43.0,10.0,0.0,2.0,1.0,0.0,149629.13,1.0
627.0,Spain,Male,49.0,4.0,111087.5,1.0,0.0,1.0,146680.25,0.0
659.0,France,Female,36.55432060722178,9.0,0.0,2.0,1.0,1.0,132809.18,0.0
835.0,France,Male,35.0,6.0,127120.07,1.0,1.0,1.0,28707.69,0.0
763.0,France,Female,35.0,5.057126928390101,115651.6,2.0,1.0,1.0,104706.29,0.0
625.0,Germany,Male,31.0,4.0,77743.01,2.0,1.0,0.0,75335.68,0.0
799.0,France,Female,30.0,9.0,23744.96441053385,2.0,1.0,0.0,136827.96,0.0
849.0,France,Male,69.0,7.0,71996.09,1.2453383484427856,1.0,1.0,139065.94,0.0
692.0,France,Male,28.0,5.0,61581.97,1.0,1.0,1.0,70179.91,0.0
623.0,France,Male,24.0,5.178966484906381,0.0,2.0,1.0,0.0,116160.04,0.0
453.0,Spain,Female,42.0,5.0,0.0,3.0,1.0,0.0,134417.22875306747,1.0
408.0,France,Female,84.0,8.0,87873.39,1.1731187969751042,0.0,0.0,188484.52,1.0
778.0,Germany,Female,37.0,0.0,105617.73,2.0,1.0,1.0,66481.45948972553,1.0
695.0,France,Female,42.0,5.0,80547.68974095625,1.0,1.0,1.0,72172.13,1.0
677.0,Germany,Female,44.0,4.0,109079.96960908329,2.0,1.0,1.0,88043.90693452356,0.0
662.0,Spain,Male,37.0,5.0,94901.09,1.0,1.0,1.0,48233.75,0.0
534.0,France,Male,29.0,7.0,174851.9,1.0,1.0,1.0,79178.31,0.0
602.0,France,Male,59.0,5.270323811730063,0.0,2.0,1.0,1.0,110377.45160888213,0.0
554.0,Germany,Female,43.0,2.0,120847.11,1.0,1.0,0.0,7611.61,1.0
667.0,France,Male,42.0,6.0,104312.06194976618,1.0,1.0,0.0,88890.05,0.0
672.0,France,Male,43.0,5.0,0.0,1.0,0.0,0.0,63833.09,0.0
838.0,Spain,Female,67.0,4.0,103267.8,1.0,1.0,1.0,78310.04,0.0
692.0,Spain,Female,34.0,4.0,109699.08,1.0,1.0,1.0,37898.91,0.0
595.6739378617709,France,Male,49.0,8.0,135133.39,1.0,0.0,1.0,179521.24,1.0
731.0,Spain,Male,33.0,1.0,0.0,1.0,1.0,0.0,130726.96,0.0
468.0,France,Female,32.0,8.0,137649.47,1.0,0.0,0.0,198714.29,0.0
542.0,Spain,Male,43.0,6.0,113567.94,1.0,1.0,0.0,89543.25,0.0
662.0,Spain,Female,35.0,6.0,0.0,2.0,0.0,0.0,2423.9,1.0
770.0,Germany,Male,37.0,5.0,119408.0631576723,2.0,0.0,1.0,180326.83,0.0
617.857481228455,France,Female,61.0,5.0,62055.17,3.0,1.0,0.0,93255.18967703701,1.0
647.0,Germany,Male,51.0,4.0,131156.76,1.0,1.0,0.0,29883.63,0.0
604.0,France,Male,31.0,6.0,134837.58,1.0,1.0,0.0,192029.19,0.0
833.0,France,Female,39.0,3.0,0.0,2.0,1.0,0.0,1710.89,0.0
741.0,Spain,Male,40.0,4.0,104784.23,1.2752815624438343,1.0,0.0,92725.07747021106,1.0
658.0,Spain,Male,36.0,1.0,0.0,2.0,0.0,1.0,84927.42,0.0
528.0,France,Female,36.0,1.0,156948.41,1.0,1.0,1.0,149912.28,1.0
590.0,France,Female,60.0,6.0,147751.75,1.0,1.0,0.0,88206.04,1.0
675.0,France,Male,34.0,1.0,124619.33,2.0,0.0,1.0,163667.56,0.0
765.0,France,Male,41.0,4.0,124182.21,1.3349873214989652,0.0,0.0,135046.84508807518,0.0
672.5428298021365,France,Female,64.0,7.0,142028.36,1.0,1.0,0.0,32275.09,1.0
817.0,France,Male,44.0,8.0,0.0,1.0,0.0,0.0,65501.91,1.0
699.0,Germany,Female,31.0,10.0,125837.86,1.3441215716696397,1.0,0.0,189392.66,0.0
495.0,Germany,Female,34.0,9.0,115444.85685046099,1.0,1.0,1.0,116069.24,1.0
491.0,Spain,Female,61.0,8.0,0.0,2.0,0.0,1.0,139861.53,0.0
847.0,France,Male,51.0,5.0,97565.74,1.0,0.0,0.0,101592.05810048315,1.0
676.0,Spain,Female,30.0,5.0,0.0,2.0,0.0,1.0,157888.5,0.0
746.0,Spain,Female,25.0,3.0,104833.79,1.0,0.0,0.0,71911.3,0.0
470.0,Spain,Female,31.0,2.0,101675.22,2.0,1.0,0.0,45033.75,0.0
714.0,Spain,Male,36.88008834039355,3.0,0.0,2.0,1.0,1.0,150465.93,0.0
695.0,France,Female,50.0,8.0,0.0,1.0,1.0,0.0,126381.6,1.0
674.0,France,Male,46.0,6.391164840174965,174701.05,1.0,1.0,0.0,90189.72,1.0
664.0,Germany,Male,36.0,6.0,71142.77,2.0,1.0,0.0,122433.09,0.0
697.0,Germany,Male,31.0,3.0,108805.42,1.5829185685530205,1.0,1.0,123825.83,0.0
670.0,France,Male,68.0,4.0,13450.956089082933,2.0,1.0,1.0,11426.7,0.0
541.0,France,Female,32.0,4.0,0.0,1.0,1.0,1.0,114951.42,0.0
640.0,France,Female,66.0,9.0,82704.1052680009,1.0,0.0,1.0,184636.05,0.0
647.0,France,Male,28.0,8.0,0.0,2.0,1.0,1.0,91055.27,0.0
757.0,France,Male,23.0,2.0,80673.96,2.0,1.0,0.0,103961.30375872314,0.0
704.0,Germany,Female,39.0,1.0,124640.51,1.0,1.0,0.0,116511.12,1.0
647.6958527664578,Germany,Male,31.0,9.0,182275.23,1.5506247720448738,1.0,1.0,93672.13962452441,0.0
639.0,France,Male,41.0,5.0,98635.77,1.0,1.0,0.0,199970.74,0.0
637.0,France,Male,33.0,5.0,0.0,2.0,1.0,0.0,139947.17,0.0
686.0,France,Male,35.0,4.0,0.0,1.0,1.0,0.0,8816.37,0.0
577.0,Spain,Male,43.0,8.0,79757.21,1.0,1.0,0.0,135650.72,1.0
506.0,Germany,Male,28.0,8.0,53053.76,1.0,0.0,1.0,24577.34,0.0
757.0,France,Male,43.97814743624748,7.0,120911.75,1.3463644562377928,1.0,1.0,131249.46,0.0
826.0,France,Male,55.0,4.0,100001.21324149752,1.0,1.0,0.0,140126.17,0.0
721.0,France,Male,41.0,2.0,0.0,2.0,1.0,0.0,168219.75,0.0
489.0,Spain,Male,40.0,3.0,221532.8,1.0,1.0,0.0,171867.08,0.0
446.0,France,Female,51.0,4.0,105056.13,1.0,0.0,0.0,70613.52,0.0
677.0,France,Male,37.0,3.0,88363.03,1.0,0.0,1.0,117946.3,0.0
769.0,France,Male,35.691579242010405,2.0,123757.52,2.0,1.0,0.0,84872.66,0.0
649.020823457735,Spain,Male,56.0,5.470403033458475,123959.97,2.7993089096727326,1.0,1.0,111044.2621497223,1.0
555.0,Germany,Female,62.0,10.0,114822.64,1.0,0.0,1.0,8444.5,0.0
652.0,Germany,Female,37.0,9.0,145219.3,1.0,1.0,0.0,159132.83,0.0
722.0,Germany,Female,32.0,5.0,106807.64,1.0,1.0,1.0,76998.69,0.0
643.0,France,Male,36.0,0.0,148159.71,1.0,0.0,0.0,55835.66,0.0
796.0,Germany,Female,40.0,1.0,99745.95,1.0,1.0,0.0,177524.19,0.0
720.0,Germany,Female,37.0,8.0,156282.79,1.0,1.0,0.0,45985.52,0.0
613.0,France,Male,41.0,7.0,0.0,2.0,1.0,0.0,60297.72,0.0
506.0,France,Female,57.0,6.0,96998.68316382404,2.0,1.0,1.0,194421.12,1.0
652.9856589001907,France,Male,50.0,6.0,0.0,1.0,1.0,0.0,100156.474677936,1.0
667.0,Spain,Male,77.0,4.387857621778707,0.0,1.0,1.0,1.0,34702.92,0.0
750.0,France,Male,47.0,7.0,121376.15,2.0,1.0,0.0,54473.6,1.0
610.0,France,Male,33.0,4.0,111582.11,1.0,0.0,0.0,113943.17,0.0
588.0,Germany,Female,35.27353940470307,10.0,129417.82,1.0,1.0,0.0,153727.32,0.0
479.0,France,Female,26.0,1.0,0.0,2.0,1.0,1.0,19116.97,0.0
682.0,France,Male,37.0,5.0,0.0,2.0,0.0,1.0,112554.68,0.0
677.0,France,Female,36.0,7.0,0.0,1.0,1.0,0.0,47318.75,0.0
850.0,Germany,Male,40.0,6.0,121766.39479771088,1.0,1.0,1.0,86818.12549021257,0.0
580.0,Germany,Female,56.0,1.0,131368.3,1.0,1.0,0.0,90782.06641893422,1.0
746.0,France,Female,21.0,8.0,166883.07,2.0,0.0,1.0,194563.65,0.0
635.0,Spain,Female,37.0,3.0,0.0,2.0,1.0,0.0,91086.73,0.0
625.1629886802792,Germany,Male,25.0,4.9620061935584125,172812.72,2.0,1.0,1.0,108008.65,0.0
558.0,Germany,Female,36.0,4.181668296615056,126606.63,2.0,1.0,1.0,172363.52,0.0
415.0,France,Male,46.0,9.0,32723.430877417486,3.0,0.0,0.0,178587.36,1.0
798.0,France,Female,60.0,6.0,73044.61523621438,1.0,1.0,0.0,31907.44,1.0
792.0,Germany,Female,29.0,4.0,107601.79,1.0,1.0,0.0,18922.18,1.0
489.0,Germany,Female,46.0,8.0,92060.06,1.0,1.0,0.0,93954.08736784251,1.0
730.0,France,Male,33.0,0.0,0.0,2.0,1.0,0.0,1474.79,0.0
773.0,France,Male,41.0,4.0,0.0,2.0,1.0,1.0,24924.92,0.0
711.0,France,Male,36.0,9.0,137688.71,1.0,1.0,1.0,46884.1,0.0
592.0,Spain,Male,55.0,5.122457909242035,85845.43,2.0,1.0,1.0,128918.42,0.0
695.0,Germany,Male,27.0,5.058849728958204,125552.96,1.0,1.0,0.0,105291.26,0.0
640.0,France,Female,33.0,1.0,167298.42,1.0,0.0,1.0,145381.65,0.0
654.159637067819,Spain,Male,31.0,4.0,55732.92,2.0,1.0,1.0,103792.53,0.0
789.0,Germany,Female,45.350915160623444,5.301509392262116,119225.73894694213,1.0,1.0,1.0,71121.04,1.0
604.0,Spain,Female,39.0,7.0,98544.11,1.0,1.0,1.0,92788.3023806533,0.0
628.5629743561452,Germany,Female,35.0,8.0,178317.6,1.0,0.0,0.0,197428.64,0.0
671.0,France,Female,48.0,8.0,115713.84,2.0,0.0,1.0,83210.84,0.0
656.0,France,Male,46.0,9.0,143267.14,2.0,0.0,0.0,193099.43,0.0
739.0,France,Male,19.0,5.0,89750.21,1.0,1.0,0.0,193008.52,0.0
646.2019773750139,Spain,Female,26.0,3.0,116576.45,1.0,1.0,0.0,157567.37,0.0
827.0,Germany,Female,47.0,8.0,143001.5,2.0,1.0,0.0,108977.5,0.0
681.0,France,Male,23.0,7.0,157761.56,1.0,0.0,0.0,147759.84,0.0
740.0,France,Female,37.0,5.0,0.0,2.0,1.0,1.0,27528.4,0.0
663.0,Spain,Male,31.0,4.0,103430.11,2.0,1.0,1.0,36479.27,0.0
845.0,Spain,Female,52.0,0.0,0.0,1.0,1.0,0.0,31726.76,1.0
555.0,Spain,Male,27.0,5.0,0.0,2.0,0.0,0.0,96398.51,0.0
680.0,Germany,Female,48.0,8.0,115115.38,1.0,1.0,0.0,139558.6,1.0
638.0,Germany,Female,39.0,0.0,122501.28,2.0,1.0,1.0,95007.8,0.0
640.0,Spain,Male,62.0,5.319329916256433,0.0,1.0,1.0,1.0,101663.47,0.0
778.0,France,Male,42.0,5.02374301674599,0.0,2.0,1.0,1.0,106197.44,0.0
679.0,France,Male,45.0,3.0,146758.24,1.0,1.0,0.0,48466.89,0.0
593.0,France,Female,32.0,3.0,0.0,2.0,1.0,1.0,151978.36,0.0
788.0,France,Male,55.0,3.0,0.0,1.0,0.0,1.0,13288.46,1.0
670.1957040056056,France,Female,70.0,9.0,110738.89,1.6467517851767959,1.0,1.0,124097.77832105508,1.0
619.232241797204,France,Male,67.0,4.752491327629388,94203.8,1.0,0.0,1.0,102391.06,0.0
545.0,Germany,Male,47.0,8.0,105792.49,1.0,0.0,1.0,67830.2,1.0
597.0,France,Male,42.55537424375145,4.0,153198.23,1.0,1.0,1.0,92090.36,0.0
537.0,France,Male,38.0,3.0,0.0,2.0,0.0,0.0,141023.01,0.0
634.4830930517397,France,Male,79.0,5.127954473963806,77556.78819387256,1.0,1.0,1.0,115169.86244660283,0.0
542.0,France,Male,34.0,8.0,101116.06,1.0,1.0,1.0,92510.63711082547,0.0
688.0,Germany,Female,46.0,0.0,74458.25,1.0,0.0,1.0,6866.31,0.0
542.0,Germany,Male,33.0,8.0,142871.27,2.0,0.0,0.0,77737.86,0.0
754.0,Germany,Male,35.0,6.0,98585.94,2.0,0.0,1.0,106116.84,0.0
750.0,France,Male,45.3378194400471,6.0,0.0,1.0,1.0,1.0,117948.0,1.0
731.0,France,Male,30.0,7.0,0.0,2.0,1.0,1.0,184581.68,0.0
699.0,France,Female,43.0,3.0,80764.03,1.0,1.0,0.0,199378.58,1.0
534.0,France,Female,42.0,9.0,144801.97,1.0,0.0,1.0,12483.39,1.0
494.0,Spain,Male,27.0,2.0,0.0,2.0,1.0,0.0,22404.64,0.0
497.0,Germany,Male,35.0,7.0,110053.62,2.0,1.0,1.0,92887.06,0.0
632.0,France,Female,28.0,5.0,118890.81,1.0,0.0,1.0,145157.97,0.0
724.0,France,Male,31.0,5.0,0.0,1.0,1.0,0.0,134889.95,1.0
654.9497180463455,Germany,Female,37.0,0.0,151218.98,1.4633801551110543,1.0,1.0,109309.29,0.0
733.0,France,Male,36.577338777527885,9.0,150507.21,1.0,0.0,1.0,169964.12,0.0
701.0,France,Female,36.18941559892947,9.0,0.0,2.0,1.0,1.0,26327.42,0.0
525.0,Germany,Male,33.0,4.0,131023.76,2.0,0.0,0.0,55072.93,0.0
666.0,Germany,Female,44.0,2.0,122314.5,1.0,0.0,0.0,68574.88,1.0
653.0,France,Male,29.0,2.0,0.0,2.0,1.0,1.0,41671.81,0.0
850.0,France,Male,28.0,5.449707294796011,0.0,2.0,1.0,1.0,12409.01,0.0
646.0,Germany,Female,52.0,5.1757968402552414,111739.4,2.0,1.0,1.0,68367.18,0.0
750.0,France,Male,43.0,6.0,113882.31,1.2467855633832048,1.0,1.0,74564.41,0.0
764.0,France,Male,24.0,7.0,98148.61,1.0,1.0,0.0,26843.76,0.0
658.0,France,Female,32.0,9.0,0.0,2.0,1.0,0.0,156774.75,0.0
727.0,France,Male,32.0,1.0,59271.82,1.0,1.0,1.0,46019.43,0.0
687.0,France,Male,31.0,2.0,0.0,2.0,0.0,1.0,145411.39,0.0
631.0,Spain,Male,37.31819045448728,2.0,0.0,1.803147181679997,1.0,1.0,158268.84,0.0
797.0,France,Male,30.0,10.0,69413.44,1.0,1.0,1.0,74637.57,0.0
650.0,Spain,Male,25.0,7.0,160599.06,2.0,1.0,1.0,28391.52,0.0
850.0,Spain,Male,22.0,3.0,0.0,1.0,1.0,1.0,144385.54,0.0
676.0,France,Female,40.0,2.0,147803.48,1.0,1.0,0.0,95181.06,1.0
620.0,Spain,Male,44.0,8.0,0.0,2.0,1.0,1.0,15627.51,0.0
576.0,France,Female,52.0,9.0,53015.016286365746,2.0,0.0,0.0,148477.57,1.0
482.0,France,Female,35.0,2.0,133111.73,1.0,0.0,1.0,79957.95,0.0
695.0,Spain,Female,39.0,5.0,0.0,2.0,0.0,0.0,102763.69,0.0
706.0,France,Male,18.0,2.0,176139.5,2.0,1.0,0.0,70294.33095466046,0.0
673.1887261885414,France,Female,32.0,2.0,0.0,2.0,1.0,1.0,40652.33,0.0
679.0,Germany,Male,35.0,1.0,118667.5141933648,1.0,1.0,1.0,178291.09,0.0
703.0,France,Female,35.24264373851219,5.0,0.0,2.0,1.0,0.0,131906.44,0.0
666.3134655458814,Spain,Male,40.037040571669834,5.736335795163636,103574.42927238422,1.0,1.0,1.0,118607.4,0.0
590.0,France,Female,76.0,5.0,160979.68,1.0,0.0,1.0,13848.58,0.0
684.2135126288248,Spain,Male,35.0,4.0,123557.65,2.0,0.0,1.0,170903.4,0.0
742.0,France,Female,60.0,4.0,0.0,1.0,1.0,1.0,13161.66,1.0
608.0,France,Female,33.0,4.0,0.0,1.0,1.0,0.0,79304.38,1.0
571.0,France,Male,40.0,10.0,112896.86,1.0,1.0,1.0,121402.53,0.0
595.0,France,Female,39.0,7.0,120962.13,1.0,0.0,0.0,23305.01,0.0
669.2103375907918,Germany,Male,48.0,5.336338897294148,96048.55,1.0,1.0,0.0,74510.65,0.0
589.0,France,Female,21.0,3.0,0.0,2.0,0.0,1.0,55601.44,0.0
749.0,France,Male,34.72493029986351,10.0,185063.7,2.0,1.0,1.0,76136.64596783785,0.0
678.0,France,Male,22.0,6.0,118064.93,2.0,1.0,1.0,195424.01,0.0
603.0,France,Male,46.0,2.0,0.0,2.0,1.0,1.0,59563.49,0.0
504.0,France,Female,73.0,8.0,0.0,1.0,1.0,1.0,34595.58,0.0
739.0,Germany,Male,42.26882538553166,5.0,149131.03,3.0,1.0,0.0,60036.99,1.0
604.0,France,Female,34.0,7.0,0.0,2.0,1.0,0.0,193021.49,0.0
612.0,France,Female,35.0,3.0,0.0,1.0,1.0,1.0,48108.72,0.0
629.0,Spain,Female,44.0,6.0,125512.98,2.0,0.0,0.0,79082.76,0.0
628.1666776106983,Spain,Female,42.0,3.0,83492.07,2.0,1.0,0.0,37914.12,0.0
565.0,France,Male,34.0,7.0,0.0,1.0,0.0,0.0,74593.84,0.0
707.0,France,Female,49.0,10.0,82769.17103691249,1.0,1.0,0.0,82967.97,1.0
645.0,France,Male,30.0,1.0,125739.26,1.0,1.0,1.0,193441.23,0.0
762.0,Germany,Female,34.0,8.0,123304.87412541275,1.0,0.0,0.0,97020.63610169286,1.0
636.6265030193614,Spain,Female,39.0,1.0,141789.15,1.0,1.0,0.0,92455.96,0.0
709.0,Germany,Male,22.0,6.950384396464742,112949.71,1.0,0.0,0.0,155231.55,0.0
823.0,France,Male,35.92086922624232,3.0,105057.33,1.0,1.0,0.0,9217.92,0.0
817.0,France,Female,46.0,0.0,89087.89,1.0,0.0,1.0,87941.85,1.0
665.0,Germany,Female,27.0,2.0,147435.96,1.0,0.0,0.0,187508.06,0.0
646.0,Germany,Male,39.0,5.2260270922651735,154439.86,1.0,1.0,0.0,171519.06,0.0
568.0,France,Male,30.0,8.0,73054.37,2.0,1.0,1.0,27012.0,0.0
850.0,France,Female,62.0,1.0,124678.35,1.0,1.0,0.0,65907.26947081258,1.0
473.0,Germany,Male,40.0,8.0,152576.25,2.0,1.0,0.0,73073.68,0.0
677.2443567209541,France,Female,41.0,9.0,152243.57,1.0,1.0,1.0,88783.59,0.0
619.0,France,Male,25.0,4.0,0.0,1.0,1.0,0.0,145524.36,0.0
715.0,Germany,Male,42.0,2.0,88120.97,2.0,1.0,1.0,88850.97157173189,0.0
772.0,France,Female,51.0,9.0,143930.92,1.0,0.0,1.0,82686.45511378211,1.0
686.0,France,Female,31.0,1.0,0.0,2.0,1.0,0.0,4802.25,0.0
749.0,France,Male,29.0,7.0,137059.05,1.1670963712543958,1.0,0.0,102975.72,1.0
781.0,France,Female,27.0,5.041375777933433,186558.55,1.0,1.0,1.0,127581.21122045345,1.0
675.0,Spain,Male,66.0,6.107264141475332,29512.677138409075,2.0,1.0,1.0,118551.82535458186,0.0
730.0,Spain,Male,29.0,2.0,0.0,2.0,1.0,0.0,14174.09,0.0
683.0,Spain,Male,38.0,3.0,126152.84,1.0,0.0,0.0,15378.75,0.0
615.722156394247,Germany,Female,51.0,7.0,105701.91,1.0,0.0,1.0,179797.79,1.0
722.0,France,Male,46.0,6.0,0.0,1.0,1.0,0.0,93917.68,1.0
689.0,France,Male,43.64126187003936,6.085225361389854,157094.78,1.0,1.0,1.0,99490.01,0.0
796.0,Germany,Male,36.221846597199146,2.0,113228.38,2.0,1.0,1.0,46415.09,0.0
447.0,France,Female,32.0,10.0,0.0,1.0,1.0,1.0,151815.76,0.0
498.0,Germany,Male,37.0,8.0,108432.88,2.0,1.0,1.0,14865.05,0.0
663.0,Spain,Male,38.141924482312845,8.0,0.0,1.0,1.0,1.0,97121.7728885005,0.0
498.0,Germany,Female,44.0,2.0,120702.67,2.0,1.0,1.0,98175.74,0.0
627.0,France,Female,32.0,1.0,0.0,1.0,1.0,0.0,106851.7,0.0
649.0,France,Male,45.0,7.0,0.0,2.0,0.0,1.0,75204.21,0.0
738.0,Germany,Female,43.00449573588053,9.0,139106.19,1.0,1.0,0.0,141872.05,1.0
587.0,Germany,Female,39.0,6.0,101851.8,2.0,1.0,0.0,7103.71,0.0
655.0,Germany,Female,32.0,6.0,130935.56,1.0,1.0,0.0,9241.83,1.0
647.0,Germany,Male,44.64733158508639,3.0,113024.40684917166,1.0,1.0,1.0,149517.71,1.0
776.0,Germany,Female,35.07599062808275,1.0,93124.04,1.481262201854532,1.0,1.0,196079.32,0.0
688.0,Germany,Male,35.0,5.0,111578.18,1.0,0.0,0.0,166165.93,1.0
605.0,France,Male,32.0,9.0,24706.569991945442,2.0,1.0,1.0,55724.24,0.0
596.0,France,Female,39.0,10.0,86546.29,1.0,0.0,1.0,96595.41243130101,0.0
427.0,France,Male,33.0,8.0,0.0,1.0,1.0,1.0,13858.95,0.0
629.0,France,Male,39.0,2.0,129669.32,2.0,1.0,0.0,82774.07,0.0
496.0,Spain,Male,29.0,2.0,0.0,2.0,1.0,0.0,91403.51786530064,0.0
717.0,Spain,Female,36.0,2.0,164557.95,1.0,0.0,1.0,82336.73,0.0
777.0,France,Male,23.0,6.0,0.0,2.0,1.0,1.0,163225.48,0.0
535.0,France,Male,35.0,8.0,118989.92,1.2483305941477962,1.0,1.0,135536.72,0.0
744.0,France,Male,29.0,1.0,0.0,1.0,0.0,0.0,82422.97,0.0
755.0,France,Male,31.0,5.0,0.0,2.0,0.0,1.0,194660.78,0.0
593.0,Spain,Female,45.0,6.0,79259.75,1.0,1.0,0.0,55347.28,1.0
514.0,France,Male,38.0,4.0,112230.38,1.0,1.0,0.0,16717.11,1.0
721.0,France,Male,40.0,9.0,118129.87,1.0,1.0,1.0,160277.65,0.0
835.0,Spain,Male,38.0,7.0,94471.22432485112,1.0,0.0,0.0,175905.97,0.0
682.0,France,Female,64.0,10.0,128306.7,1.0,0.0,1.0,90059.05511967829,0.0
590.0,Germany,Female,40.0,2.0,117641.43,2.0,0.0,0.0,92198.05,0.0
630.3862058869479,Germany,Female,37.0,3.0,125734.2,1.3547646279436614,1.0,0.0,134625.09,1.0
837.0,France,Male,49.0,8.0,103302.37,1.0,1.0,1.0,50974.57,0.0
841.0,France,Male,27.0,8.0,0.0,1.0,1.0,0.0,171922.72,0.0
584.0,Spain,Male,36.0,4.0,82696.09,2.0,0.0,0.0,83058.14,0.0
769.0,France,Male,29.0,4.0,145471.37,1.0,1.0,0.0,188382.77,0.0
599.0,France,Male,34.0,2.0,101506.66,1.0,0.0,0.0,198030.24,0.0
698.0,France,Male,47.0,5.0,156265.31,2.0,0.0,0.0,1055.66,0.0
477.0,France,Male,27.0,1.0,128554.98,1.0,1.0,1.0,133173.19,0.0
615.839721486804,Germany,Male,41.02165901450256,8.0,139959.55,2.0,1.0,1.0,189875.83,0.0
745.0,Spain,Male,34.0,3.699591220383433,132944.53,1.0,1.0,1.0,31802.92,0.0
749.0,France,Female,37.1961102339833,3.0,0.0,3.0,1.0,1.0,132649.85,0.0
618.8290525373901,France,Male,61.0,1.0,0.0,1.0,1.0,0.0,53067.83,1.0
528.0,Germany,Male,22.0,5.0,93547.23,2.0,0.0,1.0,961.57,0.0
750.0,France,Male,33.0,2.0,152302.72,1.0,1.0,0.0,71333.44,0.0
543.0,France,Female,31.0,2.0,147674.26,1.0,1.0,1.0,16658.76,0.0
579.0,Spain,Female,59.0,3.0,148021.12,1.0,1.0,1.0,74878.22,0.0
624.0,France,Male,37.0,0.0,0.0,2.0,0.0,0.0,112104.55,0.0
595.0,Germany,Female,46.0,5.0,142360.62,2.0,1.0,0.0,48421.4,1.0
596.0,Germany,Female,27.0,2.0,151027.56,1.645106191714903,1.0,0.0,170320.58,0.0
431.0,Germany,Female,44.0,2.0,138843.7,1.0,1.0,0.0,37688.31,1.0
647.0,Spain,Female,42.616732065157755,8.0,109958.15,1.0,1.0,1.0,136592.24,1.0
640.0,France,Female,31.0,9.0,138857.59,1.0,1.0,0.0,48640.77,0.0
752.0,Germany,Female,45.0,3.0,105426.5,2.0,0.0,1.0,89773.45,0.0
618.7669429962581,France,Female,41.0,9.0,79617.1758668256,2.0,1.0,0.0,42131.26,1.0
646.4387341508772,Germany,Male,47.920576646749154,4.0,121319.44998804493,1.0,1.0,1.0,82356.62560231479,1.0
660.0,Germany,Male,28.0,4.537738329152448,170890.05,2.0,1.0,0.0,41758.9,0.0
609.0,France,Male,45.0,4.0,89122.3,1.0,1.0,1.0,199256.98,0.0
650.7202602216413,Spain,Female,54.0,0.0,78126.28,1.0,1.0,1.0,94276.76417072382,0.0
705.0,France,Female,34.80824494297545,3.0,123894.43,1.0,1.0,0.0,21177.1,0.0
444.0,France,Male,36.0,7.0,0.0,2.0,0.0,1.0,138743.86,0.0
727.0,Germany,Male,58.0,5.0,106913.43,1.0,1.0,0.0,25881.0,1.0
496.0,France,Male,32.0,4.0,104378.03547992736,1.0,1.0,0.0,66469.2,0.0
554.0,France,Female,22.0,8.0,0.0,2.0,0.0,1.0,142670.61,0.0
537.0,France,Male,26.0,7.0,106397.75,1.0,0.0,0.0,103563.23,0.0
839.0,France,Female,49.55191963320841,3.0,0.0,1.0,1.0,1.0,69101.23,1.0
700.0,Spain,Female,43.0,0.0,0.0,2.0,1.0,0.0,59475.35,0.0
458.0,Spain,Female,35.0,5.0,166492.48,1.0,1.0,0.0,135287.74,0.0
850.0,France,Female,28.0,2.0,0.0,2.0,1.0,1.0,38773.74,0.0
699.0,Spain,Male,31.0,6.0,114493.68,1.0,1.0,0.0,138396.32,0.0
615.0,Germany,Female,44.0,9.0,121783.53598002267,2.0,0.0,1.0,110718.02,0.0
850.0,Germany,Male,51.0,4.0,124425.99,1.3828854885655477,1.0,0.0,99339.97219569501,1.0
604.0,France,Female,40.0,1.0,0.0,2.0,1.0,0.0,123207.17,0.0
668.0,Spain,Male,34.0,0.0,0.0,1.0,0.0,0.0,99984.86,0.0
594.0,Spain,Female,38.0,10.0,0.0,2.0,1.0,0.0,58332.91,0.0
649.6252611188074,France,Male,30.0,3.0,101140.76,1.0,1.0,1.0,50906.65,0.0
701.0,Germany,Male,41.0,0.0,150844.94,1.0,0.0,1.0,127623.36,0.0
664.0,Spain,Male,35.0,1.0,115024.5,1.0,0.0,1.0,169665.79,0.0
477.0,France,Female,30.0,6.0,131286.46,1.0,1.0,0.0,103869.45411243795,0.0
756.0,France,Female,42.0,9.0,0.0,2.0,1.0,0.0,35673.42,0.0
625.0,France,Female,40.0,7.0,141267.67,1.0,0.0,1.0,177397.49,0.0
703.0,Spain,Male,73.0,5.495136284745499,137761.55,1.3217984066482378,1.0,1.0,111352.20927874125,0.0
646.0,France,Male,30.0,7.0,0.0,2.0,1.0,0.0,153566.97,0.0
650.0,France,Male,33.0,0.0,98064.97,1.0,1.0,0.0,52411.99,0.0
664.0,France,Female,31.0,9.0,114519.57,2.0,0.0,1.0,98289.8584309757,0.0
682.0,Germany,Female,29.0,6.0,101012.77,1.0,0.0,0.0,32589.89,1.0
725.0,France,Female,44.0,10.0,99814.8244868352,1.0,0.0,1.0,93777.61,0.0
653.6146185864081,Germany,Female,46.0,4.901823245992762,82291.1,1.0,1.0,0.0,112549.99,1.0
576.0,France,Male,39.0,9.0,84719.98,1.0,0.0,0.0,191063.36,0.0
608.0,Spain,Female,56.0,5.0,0.0,2.0,1.0,1.0,153810.41,0.0
850.0,France,Female,39.0,0.0,104386.53,1.0,1.0,0.0,105886.77,0.0
627.0,France,Male,31.0,8.0,128131.73,1.0,1.0,0.0,96131.47,0.0
667.0,France,Male,44.0,2.0,122806.95,1.0,0.0,0.0,15120.86,0.0
548.0,Spain,Male,44.0,8.0,0.0,1.0,1.0,0.0,16989.77,0.0
774.0,France,Male,76.0,4.0,112510.89,1.0,1.0,1.0,78240.21740179052,0.0
794.0,Germany,Male,45.40498123715545,3.0,117056.46,1.0,1.0,0.0,93336.93,1.0
639.2659900439206,Germany,Female,55.0,7.0,131778.66,1.0,1.0,1.0,9972.64,1.0
587.0,France,Female,36.0,1.0,70784.27,1.0,1.0,0.0,30579.82,0.0
850.0,France,Female,29.0,10.0,0.0,1.8325757856598481,1.0,1.0,199775.67,0.0
722.0,France,Male,46.0,5.0,26089.484833478633,2.0,1.0,0.0,179908.71,0.0
555.0,Spain,Female,35.0,1.0,0.0,2.0,1.0,0.0,101667.0,0.0
643.9109928948933,Germany,Male,38.0,6.0,140752.06,2.0,0.0,1.0,171430.16,0.0
734.0,Spain,Female,39.0,6.0,92126.26,2.0,0.0,0.0,112973.34,0.0
627.9410963485522,Germany,Female,39.0,7.0,93148.74,2.0,1.0,1.0,190746.38,0.0
650.1759546201587,Germany,Female,43.15844191796576,5.0,110132.55,1.438513743090853,1.0,1.0,187689.91,1.0
598.0,Spain,Female,23.0,6.0,0.0,2.0,1.0,0.0,153229.19,0.0
628.0,Germany,Male,50.0,4.0,122227.71,1.0,0.0,1.0,14217.77,1.0
645.2251691458866,Germany,Male,45.70836216853465,4.827444886628271,121647.54,2.0,1.0,1.0,64849.74,1.0
739.0,Germany,Male,58.0,1.0,110597.76,1.0,1.0,1.0,160122.66,1.0
653.0,France,Female,60.0,5.742605705741486,120731.39,2.033648538336289,1.0,1.0,106422.53636630514,1.0
711.0,France,Male,28.0,8.0,0.0,2.0,1.0,1.0,64286.39,0.0
682.8973297986179,France,Male,38.0,1.0,32223.795039814697,3.0,1.0,1.0,122758.6559554825,0.0
681.0,France,Male,38.0,6.0,153722.47,1.0,1.0,1.0,99688.47396125746,0.0
712.0,France,Male,36.78259592096835,8.0,114088.32,1.0,1.0,0.0,92794.61,0.0
554.0,France,Female,48.0,7.0,0.0,2.0,1.0,1.0,63708.07,0.0
611.0,France,Female,37.0,6.0,0.0,2.0,1.0,0.0,110782.88,0.0
640.1849556788061,Germany,Male,41.0,4.0,152532.3,1.0,0.0,0.0,10779.69,0.0
646.0,Spain,Male,32.0,1.0,24422.72083548603,2.0,1.0,0.0,183289.22,0.0
680.0,France,Male,34.0,3.0,143292.95,1.0,1.0,0.0,66526.01,0.0
631.0,France,Male,26.0,1.0,149144.61,1.0,0.0,1.0,123697.95,0.0
655.7782356874436,France,Male,36.0,9.0,127157.04,1.0,1.0,1.0,99400.16087885067,0.0
631.5781194281873,Germany,Male,36.187777884716276,9.0,84673.17,2.0,0.0,1.0,82081.35,0.0
687.0,France,Male,33.0,9.0,135962.4,1.1980772254248981,1.0,0.0,126181.03822374078,0.0
708.0,Germany,Male,32.0,4.405231330669867,151691.44,2.0,1.0,1.0,172810.51,0.0
679.0,Germany,Female,32.0,0.0,88335.05,1.0,0.0,0.0,159584.81,0.0
636.0,France,Male,45.0,7.0,139859.23,1.19806340319875,1.0,1.0,108402.54,0.0
695.0,France,Male,45.0,9.0,43134.65,1.0,0.0,1.0,77330.35,0.0
677.0,France,Male,42.0,5.0,93277.3282181869,1.0,1.0,0.0,21007.96,0.0
720.0,France,Female,34.47890462263042,6.0,110717.38,1.0,1.0,1.0,9398.45,0.0
780.0,France,Female,37.0,4.077853059415437,0.0,2.0,0.0,0.0,182156.81,0.0
653.0,Spain,Female,36.0,3.0,0.0,2.0,0.0,0.0,110525.6,0.0
674.0,France,Female,28.0,3.0,0.0,1.0,1.0,0.0,51536.99,0.0
620.0,Germany,Male,40.0,5.0,108197.11,2.0,1.0,0.0,116926.81964970776,0.0
623.0,France,Male,40.0,6.0,34659.46118536394,2.0,1.0,1.0,66119.07,0.0
547.0,France,Female,29.0,6.0,104450.86,1.0,1.0,1.0,37160.28,0.0
530.0,France,Male,39.0,2.0,0.0,2.0,1.0,0.0,197923.05,0.0
746.0,France,Female,34.0,4.0,0.0,1.0,0.0,1.0,65166.6,0.0
512.0,France,Female,31.0,7.0,0.0,2.0,0.0,0.0,49326.07,0.0
630.0,France,Male,40.61676202975639,8.0,0.0,2.0,1.0,1.0,42495.81,0.0
650.2470447102651,Spain,Male,21.0,7.0,105698.37784003258,1.0,1.0,1.0,148087.62,0.0
605.0,France,Male,39.0,6.0,111169.91,1.0,0.0,0.0,9641.4,0.0
530.0,Spain,Male,38.96697415426497,4.929125070700053,0.0,2.0,1.0,1.0,164844.37,0.0
813.0,Germany,Female,25.0,5.0,123616.43,1.0,0.0,0.0,132959.33,0.0
704.0,Spain,Female,37.0,9.0,155619.58,1.2167276341968785,1.0,1.0,135088.58,0.0
565.0,Germany,Male,31.0,2.0,89558.39,2.0,1.0,1.0,92854.96003747392,0.0
645.0,Spain,Male,45.0,4.0,0.0,1.0,0.0,1.0,174916.85,0.0
526.0,Germany,Female,32.0,6.0,131938.92,2.0,1.0,1.0,1795.93,0.0
778.0,France,Female,33.0,9.0,151772.63,2.0,1.0,0.0,180249.94,1.0
643.4889240328905,France,Female,72.0,8.0,0.0,2.0,1.0,1.0,153604.44,0.0
588.0,France,Female,64.0,3.0,0.0,1.0,1.0,1.0,189703.65,0.0
488.0,France,Female,22.0,6.0,0.0,2.0,1.0,1.0,66393.89,0.0
519.0,France,Male,39.0,1.0,97700.02,1.0,1.0,1.0,30709.03,0.0
709.0,France,Male,31.0,6.0,0.0,2.0,1.0,1.0,71009.84,0.0
642.0,France,Male,56.0,6.0,103244.86,1.9276468892859506,1.0,1.0,143049.72,1.0
710.0,Germany,Male,34.0,8.0,147833.3,2.0,0.0,1.0,1561.58,0.0
653.0,France,Female,46.0,5.0,0.0,2.0,1.0,0.0,49707.85,0.0
743.0,France,Male,71.0,3.8610392105802958,0.0,2.0,0.0,1.0,29837.65,0.0
418.0,France,Female,39.0,2.0,0.0,2.0,0.0,0.0,9041.71,0.0
670.0,Germany,Female,33.0,4.335849417313215,84521.48,2.0,0.0,1.0,198017.05,0.0
723.0,Germany,Female,28.0,5.0,91938.31,1.0,1.0,0.0,143481.85,0.0
549.0,Germany,Male,45.0,6.0,124240.93,1.661940996049241,1.0,1.0,126109.18428742775,0.0
543.0,France,Female,42.0,5.0,0.0,2.0,0.0,0.0,101905.34,0.0
595.0,Spain,Male,37.0,2.0,157084.99,1.0,1.0,0.0,134767.13,0.0
648.861371811795,Germany,Female,25.0,3.0,108244.82,2.0,1.0,1.0,103573.96,0.0
741.0,France,Female,21.0,9.0,0.0,2.0,0.0,1.0,139259.54,0.0
508.0,Germany,Female,41.0,5.0,123214.55995408034,2.0,1.0,0.0,187776.49,0.0
662.0,Germany,Male,41.879101555204905,2.0,104568.41,1.0,1.0,0.0,8059.44,1.0
752.0,France,Female,36.0,5.961047539427234,119912.46,1.2856306691576154,1.0,0.0,124354.92,0.0
809.0,France,Male,36.0,9.0,68881.59,2.0,0.0,1.0,109135.11,0.0
647.8065712785622,France,Male,30.0,2.0,0.0,2.0,1.0,1.0,82222.86,0.0
597.0615672681041,Spain,Female,40.0,1.0,86376.29,1.0,0.0,1.0,136767.16,1.0
617.4350020110975,Spain,Male,45.0,9.0,150840.03,2.0,1.0,0.0,155516.35,0.0
647.2142285215424,Germany,Male,37.17736916924341,8.0,155059.1,2.0,1.0,1.0,144584.29,0.0
496.0,France,Female,29.0,4.0,0.0,2.0,1.0,0.0,164806.89,0.0
597.0,France,Male,44.0,8.0,78128.13,2.0,0.0,1.0,109153.04,0.0
603.0,Germany,Male,46.0,4.736817423117,98899.76,2.0,1.0,1.0,86190.34,0.0
655.0,Spain,Male,37.0,1.0,103951.03399088341,1.0,1.0,1.0,106040.97,0.0
431.0,France,Male,63.0,6.0,118228.26641904272,1.24234706714785,1.0,1.0,168008.17,0.0
620.0,France,Female,70.0,3.0,87926.24,2.0,1.0,0.0,33350.26,1.0
782.0,France,Female,35.0,4.0,0.0,1.0,1.0,1.0,119565.34,0.0
581.0,Spain,Male,46.0,2.0,79385.21,2.0,0.0,0.0,188492.82,0.0
553.0,Spain,Male,53.0,5.0,92716.79779487383,1.5261499617348273,1.0,0.0,124858.47944844466,1.0
658.0,France,Male,44.0,2.0,168396.34,1.2678749695893592,1.0,1.0,14178.73,0.0
686.0,Germany,Male,39.27820748903757,2.0,118865.65771523933,1.0,1.0,1.0,100887.55567901494,0.0
539.0,Spain,Male,36.0,6.0,0.0,1.7938223918456406,1.0,1.0,118959.64,0.0
685.0,France,Male,50.0,4.235420039372221,94238.75,2.0,1.0,1.0,50664.07,1.0
850.0,France,Male,29.0,1.0,0.0,2.0,0.0,0.0,152996.89,0.0
763.0,Spain,Female,39.0,7.0,0.0,2.0,1.0,0.0,19458.75,0.0
634.0,Germany,Male,43.0,3.0,212696.32,1.0,1.0,0.0,115268.86,0.0
567.0,France,Male,59.0,3.0,0.0,2.0,1.0,0.0,25843.7,1.0
539.0,France,Male,39.0,3.0,139153.68,1.1770279317022385,1.0,0.0,147662.33,0.0
764.0,France,Male,41.0,7.0,0.0,2.0,0.0,0.0,92390.60181534254,0.0
653.0,France,Female,40.0,5.236065949565119,0.0,2.0,1.0,0.0,35795.85,0.0
566.0,Spain,Male,44.0,5.0,0.0,2.0,1.0,0.0,66462.79,0.0
714.0,Germany,Male,29.0,6.0,92887.13,1.4675157976529494,1.0,1.0,69578.49,0.0
580.0,Spain,Female,65.0,1.0,0.0,2.0,0.0,1.0,103182.46,0.0
548.0,France,Male,29.0,5.0,83442.98,1.0,0.0,1.0,177017.39,0.0
646.0,Germany,Female,36.0,6.0,144773.29,2.0,1.0,0.0,53217.3,0.0
622.0,Germany,Male,52.0,9.0,118705.50151824948,1.0,1.0,0.0,162756.29,1.0
706.0,France,Female,35.0,8.0,178032.53,1.0,0.0,1.0,42181.68,0.0
680.0,France,Male,23.0,5.0,140007.19,1.1353768764749448,0.0,1.0,31714.08,0.0
698.0,France,Male,37.0,5.0,98400.61,2.0,0.0,0.0,25017.28,0.0
581.0,Spain,Female,46.0,1.0,0.0,2.0,1.0,0.0,104272.04,0.0
728.0,Germany,Male,47.725402516869366,3.0,108924.33,2.0,1.0,0.0,84300.4,1.0
707.0,Spain,Female,32.0,4.0,132835.56,1.0,0.0,0.0,136877.24,0.0
761.0,France,Female,26.0,1.0,0.0,2.0,1.0,1.0,199409.19,0.0
483.0,Germany,Male,41.0,1.0,118334.44,1.0,0.0,0.0,163147.99,1.0
736.0,Germany,Female,25.0,9.0,81732.88,2.0,1.0,0.0,136497.28,0.0
716.0,Germany,Male,66.0,5.252724925283323,121411.9,1.0,0.0,0.0,10070.4,1.0
654.0,France,Male,32.0,9.0,121455.65,1.4377623951261331,1.0,1.0,190068.53,1.0
649.0,Spain,Male,20.0,5.0,0.0,2.0,1.0,1.0,58309.54,0.0
649.0,France,Male,46.0,5.0,0.0,2.0,1.0,1.0,76946.6,0.0
612.0,France,Female,39.72908401216667,8.0,117989.76,1.0,1.0,1.0,54129.86,0.0
661.2268521644102,Spain,Male,40.0,10.0,0.0,2.0,1.0,1.0,100018.35345002123,0.0
511.0,France,Female,31.0,5.0,137411.29,1.0,0.0,1.0,99739.34257010817,0.0
682.0,France,Male,61.0,10.0,73688.2,1.2976486108047183,1.0,1.0,172141.33,0.0
748.0,Spain,Male,58.0,5.013406500529646,25866.441255309313,2.0,1.0,1.0,124429.19,0.0
554.0,Germany,Male,43.0,5.0,99906.89,1.0,0.0,0.0,24983.39,0.0
794.0,Spain,Female,28.0,5.17450494816994,0.0,2.0,0.0,1.0,86699.98,0.0
807.0,France,Female,47.0,9.0,167664.83,1.0,0.0,0.0,125440.11,1.0
594.0,France,Female,34.0,7.0,141525.55,1.0,0.0,0.0,9443.15,0.0
652.0,Spain,Female,33.0,3.0,114359.4413790414,1.2528801814507082,1.0,0.0,195877.06,0.0
729.0,France,Female,34.0,4.009973259626065,132121.71,1.0,0.0,1.0,97514.99506286129,0.0
625.0,France,Male,39.0,2.0,0.0,2.0,1.0,0.0,100403.05,0.0
597.0,Germany,Female,60.0,0.0,78539.84,1.0,0.0,1.0,48502.88,0.0
657.0,Germany,Female,38.0,5.0,123770.46,1.0,1.0,0.0,47019.66,1.0
633.0,France,Male,43.0,5.0,0.0,2.0,1.0,1.0,48249.88,0.0
684.8719875075296,Germany,Male,51.89410561142881,5.799915669739655,116150.65,1.6724060952217394,1.0,1.0,131726.46838715524,1.0
535.0,France,Male,47.0,0.0,160729.1,1.0,0.0,1.0,145986.35,0.0
702.0,France,Female,29.0,10.0,88378.6,1.0,1.0,0.0,88550.28,0.0
712.0,France,Male,33.0,2.0,182888.08,1.0,1.0,0.0,3061.0,0.0
607.0,France,Male,31.0,8.0,0.0,2.0,1.0,1.0,43196.5,0.0
476.0,France,Male,37.0,4.0,0.0,1.0,1.0,1.0,55775.84,1.0
748.0,Spain,Female,23.0,5.011426063653454,85600.08,1.0,0.0,0.0,134077.71,0.0
815.0,France,Male,35.0,4.0,0.0,2.0,0.0,1.0,198490.33,0.0
602.0,France,Male,41.60504306110422,10.0,0.0,2.0,1.0,1.0,116052.92,0.0
649.0,Germany,Male,40.0,4.0,95001.33,1.0,0.0,1.0,123202.99,0.0
551.0,Spain,Male,45.69152989039309,2.0,113873.22,1.0,1.0,1.0,85129.77,1.0
509.0,France,Male,30.0,6.0,0.0,2.0,1.0,0.0,180598.86,0.0
685.0,Spain,Male,34.022483917733204,7.0,74896.92,1.0,1.0,0.0,198694.2,0.0
536.0,France,Female,22.0,5.0,89492.62,1.0,0.0,0.0,42934.43,0.0
711.0,France,Male,38.0,3.0,128718.78,1.0,0.0,0.0,114793.45,0.0
761.0,Spain,Male,27.0,8.0,0.0,2.0,1.0,0.0,63297.7,0.0
535.0,France,Female,49.0,3.0,0.0,1.0,0.0,0.0,61820.41,1.0
566.0,France,Male,22.0,7.0,144954.75,2.0,1.0,0.0,102246.0,0.0
620.0,Spain,Male,21.0,9.0,0.0,2.0,1.0,0.0,154882.79,0.0
837.0,France,Male,37.0,6.0,94001.61,2.0,1.0,0.0,140723.05,0.0
685.0,France,Female,40.0,7.0,0.0,1.0,1.0,0.0,72852.74,1.0
673.0,France,Male,65.0,0.0,0.0,1.0,1.0,1.0,85733.33,0.0
638.0,France,Male,24.0,1.0,0.0,2.0,0.0,1.0,162597.15,0.0
614.0,France,Male,46.0,4.0,0.0,1.0,1.0,0.0,74379.57,1.0
626.0,France,Female,44.0,2.0,0.0,1.0,0.0,1.0,173117.22,1.0
834.0,Spain,Male,38.428368198088755,8.0,0.0,1.7577173963669073,1.0,1.0,66485.26,0.0
691.0,France,Male,24.0,6.0,0.0,2.0,1.0,1.0,92811.2,0.0
706.0,Spain,Male,38.0,8.0,0.0,2.0,0.0,1.0,84365.26422880254,0.0
633.0,France,Male,37.0,7.0,141546.35,1.0,1.0,1.0,124830.11,0.0
668.1519085626803,France,Male,32.0,8.0,141528.88,1.1668183844283975,1.0,1.0,167087.34,0.0
666.0,France,Male,30.0,7.0,109805.3,1.0,0.0,1.0,163625.56,0.0
708.0,France,Male,32.0,10.0,86614.06,2.0,1.0,1.0,93417.59325662539,0.0
496.0,Germany,Female,34.447199931358114,7.0,91680.1,2.0,1.0,0.0,105457.5809124783,0.0
730.0,Germany,Male,38.0,0.0,38848.19,2.0,0.0,0.0,94003.11,0.0
696.0,Spain,Male,37.97442085538759,3.0,153639.11,1.2819359685964449,1.0,1.0,112192.89356326677,0.0
680.2857143378084,France,Male,80.0,8.0,8128.303505820694,2.0,1.0,1.0,34164.05,0.0
701.0,Spain,Male,33.0,7.0,123870.07,1.0,1.0,0.0,97794.71,0.0
604.0,France,Male,30.0,5.0,0.0,2.0,1.0,0.0,75786.55,0.0
665.0,France,Male,39.0,10.0,46323.57,1.0,1.0,0.0,136812.02,0.0
639.0,France,Female,60.0,5.0,162039.78,1.0,1.0,1.0,77849.14937575272,0.0
696.0,France,Male,19.0,1.0,110928.51,1.0,1.0,1.0,2766.63,0.0
520.0,France,Male,38.0,5.0,0.0,2.0,1.0,0.0,163185.76,0.0
545.0,Germany,Male,53.0,5.0,114421.55,1.0,1.0,0.0,88576.9096311436,1.0
634.0,Germany,Female,29.0,8.0,130036.21,2.0,0.0,1.0,69849.55,0.0
750.0,France,Female,26.0,1.0,151510.17,2.0,1.0,1.0,19921.72,0.0
530.0,Spain,Female,41.0,4.0,0.0,2.0,0.0,1.0,147606.71,0.0
589.0,France,Female,59.0,5.1177272756498855,0.0,2.0,1.0,1.0,126160.24,1.0
654.0,France,Male,35.92612300233748,6.0,83568.55,1.0,1.0,0.0,103754.76733156118,0.0
648.0,France,Female,43.0,7.0,139972.18,1.0,1.0,0.0,143668.58,0.0
835.0,Spain,Male,45.0,3.0,100212.13,1.3115891478646775,1.0,0.0,152577.62,0.0
446.0,France,Female,39.0,1.0,90217.07,1.0,1.0,0.0,191350.48,0.0
514.0,Spain,Male,66.0,5.138386460900947,0.0,2.0,1.0,1.0,14234.31,0.0
694.0,Germany,Male,33.0,4.0,124067.32,1.0,1.0,1.0,77906.87,0.0
554.0,Spain,Male,46.0,4.0,0.0,2.0,0.0,1.0,57320.92,0.0
720.0,Germany,Male,41.28938012380696,3.504644009120373,162082.31,4.0,0.0,0.0,27145.73,1.0
641.0,Germany,Male,45.1307575756538,2.0,117306.69,4.0,1.0,0.0,93067.60166641953,1.0
813.0,France,Male,32.0,1.0,122889.88,1.0,1.0,1.0,26476.18,0.0
480.0,France,Male,40.0,6.0,148790.61,1.0,0.0,1.0,79329.7,0.0
665.3734377116909,France,Male,46.0,9.0,91513.63251663702,1.1958033400373425,1.0,0.0,13464.64,1.0
715.0,Germany,Female,32.0,3.0,104857.19,2.0,1.0,1.0,114149.8,0.0
620.0,France,Male,35.98503290872721,2.0,166833.86,2.0,1.0,1.0,135171.6,0.0
721.0,France,Male,42.0,4.030028437568042,102936.72,1.0,0.0,0.0,1187.88,0.0
772.0,Germany,Female,48.0,3.6302443334656087,108736.52,1.0,1.0,0.0,184564.67,1.0
680.0,Germany,Male,44.0,0.0,129974.79,2.0,1.0,1.0,33391.38,0.0
535.0,France,Male,38.0,8.0,85982.07,1.0,1.0,0.0,9238.35,0.0
655.0,France,Female,20.0,7.0,134397.61,1.0,0.0,0.0,28029.54,0.0
671.9288830155241,France,Male,63.0,8.0,137841.53,1.0,1.0,1.0,94376.08940702102,0.0
762.0,France,Male,56.0,10.0,123761.08930795002,1.2021509609183114,1.0,1.0,123684.63803698236,0.0
662.0,Germany,Male,39.0,5.0,139822.11,2.0,1.0,1.0,146219.9,0.0
463.0,Germany,Female,41.0,8.0,123151.51,2.0,1.0,0.0,70127.93,0.0
501.0,Germany,Male,27.0,4.0,95331.83,2.0,1.0,0.0,132104.76,0.0
671.8187477284664,France,Male,42.0,6.045550187374684,0.0,1.0,1.0,1.0,90437.87,0.0
660.5734922254152,Germany,Male,37.0,5.552003217721716,138162.41,2.0,1.0,1.0,113926.31,0.0
430.0,France,Male,38.0,9.0,0.0,2.0,1.0,1.0,12050.77,0.0
632.0,Germany,Male,48.0,6.0,126066.26,1.0,1.0,0.0,64345.61,1.0
601.0,Spain,Female,42.0,4.0,96763.89,1.0,1.0,1.0,199242.65,0.0
769.0,France,Female,34.8176900032643,2.0,0.0,2.0,0.0,0.0,75578.67,0.0
551.0,France,Male,42.0,2.0,139561.46,1.0,1.0,0.0,43435.43,1.0
841.0,France,Female,52.0,4.380512165673274,0.0,1.0,0.0,0.0,183239.71,1.0
469.0,Spain,Female,31.0,6.0,0.0,1.0,1.0,0.0,146213.75,1.0
479.0,Spain,Male,27.0,2.0,172463.45,1.0,1.0,1.0,40315.27,0.0
701.0,France,Male,37.0,8.0,107798.85,1.0,1.0,0.0,101971.32928777156,0.0
593.0,France,Male,36.0,2.0,70181.48,2.0,1.0,0.0,80608.12,0.0
738.0,Spain,Male,38.0,5.0,177997.07,1.0,1.0,1.0,19233.41,0.0
635.0,Spain,Male,31.0,1.0,0.0,2.0,1.0,0.0,135382.23,0.0
658.0,France,Male,32.0,8.0,0.0,1.7879387747916127,1.0,1.0,80410.68,0.0
687.0,Spain,Female,36.0,5.0,0.0,1.0,1.0,0.0,17696.22,0.0
650.0,France,Male,37.0,9.0,0.0,2.0,1.0,0.0,17974.08,0.0
720.0,Spain,Male,36.93269926033819,2.0,93339.95709976237,1.0,1.0,1.0,180712.28,0.0
602.0,France,Male,63.0,4.850842484992822,0.0,2.0,1.0,1.0,56323.21,0.0
618.0,Spain,Male,33.0,4.0,0.0,2.0,1.0,1.0,77550.18,0.0
803.0,Germany,Male,41.0,4.245352367759567,137742.9,1.7668329514729382,1.0,1.0,166957.82,0.0
793.0,France,Male,63.0,9.0,116270.72,1.0,1.0,1.0,184243.25,0.0
652.9938801869918,Germany,Male,41.0,10.0,113220.2,2.0,1.0,1.0,114072.91,0.0
550.0,Spain,Male,51.0,5.0,0.0,2.0,1.0,1.0,153917.41,0.0
602.0,France,Female,56.0,3.0,115895.22,3.0,1.0,0.0,4176.17,1.0
452.0,France,Female,60.0,6.0,121730.49,1.0,1.0,1.0,142963.29,0.0
655.0,Spain,Female,36.66716287501276,3.0,113811.85,2.0,0.0,1.0,76844.23,0.0
510.0,France,Female,26.0,6.0,136214.08,1.0,0.0,0.0,159742.33,0.0
557.0,France,Male,39.0,8.0,146200.01,1.0,1.0,0.0,177944.64,0.0
676.0,France,Male,37.0,10.0,106242.67,1.0,1.0,1.0,166678.28,0.0
640.0,France,Female,29.0,4.0,0.0,2.0,1.0,0.0,44904.26,0.0
529.0,Spain,Male,31.0,6.0,0.0,1.0,1.0,0.0,10625.91,0.0
559.0,France,Male,45.0,8.0,24043.45,1.439568329017155,1.0,1.0,169781.45,1.0
689.0,France,Female,58.0,5.0,27187.799501179517,2.0,0.0,1.0,49848.86,0.0
654.9077080847496,Germany,Male,39.0,5.622600958584567,118706.12503752184,3.0,1.0,1.0,113527.86284297294,0.0
697.0,Spain,Male,30.0,1.0,0.0,2.0,0.0,0.0,735.79,0.0
823.0,France,Female,44.0,1.0,0.0,2.0,0.0,1.0,182495.7,0.0
565.0,Germany,Female,32.0,4.0,90322.99,2.0,0.0,1.0,118740.37,0.0
631.0,Spain,Male,23.0,3.0,0.0,2.0,1.0,0.0,13813.24,0.0
646.0,France,Female,34.0,3.0,131283.11,1.2901685541552976,0.0,0.0,130500.65,0.0
618.4374115831747,Spain,Male,48.0,4.401857141096234,131659.59,2.0,0.0,1.0,14152.15,0.0
850.0,Spain,Female,54.0,4.0,120952.74,1.0,1.0,0.0,66963.15,0.0
810.0,France,Female,38.0,9.0,153166.17,1.0,1.0,1.0,93261.69,0.0
581.0,Spain,Male,30.0,0.0,53291.86,1.0,0.0,0.0,196582.28,0.0
718.0,France,Female,35.0,2.0,167924.95,1.0,1.0,0.0,43024.64,0.0
713.0,France,Male,43.0,5.0,86394.14,1.0,1.0,1.0,130001.13,0.0
672.0,France,Female,50.0,1.0,0.0,1.0,1.0,0.0,12106.82,1.0
781.0,Spain,Male,33.0,3.0,0.0,2.0,1.0,1.0,42556.33,0.0
656.0,Spain,Male,47.0,1.0,12937.898670212315,2.0,1.0,1.0,197961.93,0.0
583.0,France,Female,31.0,4.0,158978.79,1.0,1.0,0.0,12538.92,0.0
808.0,Germany,Female,37.0,2.0,100431.84,1.0,1.0,0.0,35140.49,1.0
721.0,Spain,Male,33.0,5.0,24853.310515647663,2.0,0.0,1.0,117626.9,0.0
778.0,Germany,Female,29.0,6.0,150358.97,1.0,1.0,0.0,62454.01,1.0
850.0,Spain,Female,45.0,4.0,114347.85,2.0,1.0,1.0,109089.04,0.0
693.0,France,Female,39.0,4.0,0.0,2.0,0.0,1.0,142331.39,0.0
520.0,France,Male,34.0,4.492144853087024,134007.9,1.0,1.0,1.0,96004.32289980304,0.0
759.0,Germany,Male,31.0,4.0,98899.91,1.0,1.0,1.0,47832.82,0.0
637.0,France,Male,60.0,3.0,0.0,2.0,1.0,1.0,70174.03,0.0
755.0,Germany,Male,40.0,2.0,137430.82,2.0,1.0,0.0,176768.59,0.0
662.0,France,Male,37.0262490702905,6.0,0.0,2.0,1.0,1.0,129392.75,0.0
503.0,France,Female,37.0,8.0,0.0,2.0,1.0,1.0,97893.32,0.0
599.0,France,Male,39.0,2.0,188976.89,2.0,0.0,1.0,176142.09,0.0
583.0,Spain,Female,40.0,4.0,0.0,2.0,1.0,1.0,114093.73,0.0
764.0,Spain,Female,48.0,1.0,75990.97,1.3387432411246134,1.0,0.0,103386.7131871011,1.0
513.0,France,Male,29.0,10.0,13791.826987706732,2.0,0.0,1.0,25514.77,0.0
730.0,Spain,Male,62.0,5.0,112181.08,1.0,0.0,1.0,61513.87,0.0
820.0,France,Male,39.68133270258112,10.0,97208.46,1.0,1.0,1.0,59553.34,0.0
597.0,Spain,Female,26.0,7.0,0.0,2.0,1.0,0.0,110253.2,0.0
637.0,France,Male,32.0,5.0,0.0,1.0,1.0,0.0,148769.08,0.0
696.0,France,Male,34.0,9.0,150856.79,1.0,0.0,1.0,8236.78,0.0
635.0,Germany,Female,37.0,9.0,146748.07,1.0,0.0,1.0,11407.58,0.0
673.0,Spain,Female,57.0,4.0,0.0,2.0,1.0,1.0,49684.09,0.0
662.0,Spain,Male,33.0,3.0,0.0,2.0,0.0,1.0,68064.83,0.0
683.0,Spain,Male,41.0,0.0,148863.17,1.0,1.0,1.0,163911.32,0.0
850.0,France,Male,55.0,6.0,0.0,1.0,1.0,0.0,85014.90780013849,1.0
815.0,Spain,Male,28.0,6.0,110248.22544470275,1.2919982008352404,1.0,1.0,185547.71,0.0
671.0,Spain,Male,34.0,10.0,153360.02,1.2055585491613123,1.0,0.0,140509.86,0.0
601.0,France,Female,40.0,3.0,92055.36,1.0,0.0,1.0,164652.02,1.0
709.0,Germany,Female,39.0,9.0,124723.92,1.0,1.0,0.0,73641.86,0.0
702.0,Germany,Male,37.34292099205028,1.0,103033.83,1.0,1.0,1.0,40321.87,0.0
558.0,France,Male,40.0,6.0,0.0,2.0,1.0,0.0,173844.89,0.0
691.0,Spain,Male,40.0,1.0,0.0,2.0,1.0,1.0,145613.17,0.0
700.0,France,Male,30.0,9.0,0.0,1.0,1.0,0.0,174971.64,0.0
667.0,France,Male,33.0,4.0,0.0,2.0,1.0,1.0,131834.75,0.0
624.0,Germany,Male,54.0,3.0,116726.22,1.0,1.0,0.0,110498.1,1.0
580.0,France,Female,23.0,5.0,113923.81,2.0,0.0,0.0,196241.43,0.0
571.0,Spain,Female,31.0,3.0,0.0,1.7316694585680417,1.0,1.0,194667.92,0.0
647.5284493204553,France,Male,37.0,5.0,0.0,2.0,1.0,0.0,83093.25,0.0
529.0,France,Male,28.0,9.0,0.0,2.0,1.0,1.0,52545.24,0.0
642.9950320115773,France,Male,36.0,7.0,0.0,2.0,0.0,0.0,59571.5,0.0
666.0,Germany,Female,21.0,1.0,121827.43,1.5925535461710127,1.0,1.0,99818.31,0.0
628.0,Spain,Male,42.0,7.0,28722.64387676096,2.0,0.0,1.0,172967.87,0.0
577.0,France,Male,38.12015910729334,4.77282940031581,125389.7,2.0,1.0,1.0,178616.73,0.0
652.0,Spain,Female,38.0,1.0,103895.31,1.0,0.0,1.0,159649.44,0.0
678.0,France,Male,26.0,5.0,111128.04,1.0,1.0,0.0,60941.27,1.0
692.0,France,Female,49.0,9.0,21847.75954187553,2.0,1.0,0.0,178342.63,0.0
675.0,Spain,Male,41.04215437789737,10.0,0.0,1.8681701790957141,1.0,1.0,191545.65,0.0
712.0,France,Male,52.0,9.0,96673.52078076178,1.1254270542968647,1.0,0.0,117977.45,1.0
639.0,Germany,Female,37.0,5.0,127624.82567544651,1.0,0.0,1.0,49637.65,0.0
618.0,France,Male,48.0,7.0,0.0,1.0,1.0,0.0,13921.82,1.0
554.0,France,Male,39.0,2.0,129709.62,1.0,1.0,0.0,173197.12,0.0
533.0,France,Male,47.0,9.0,83347.25,1.0,1.0,1.0,137696.25,0.0
540.0,Spain,Female,28.0,6.0,84121.04,1.0,0.0,1.0,80698.54,0.0
704.0,Spain,Male,33.0,3.0,0.0,2.0,1.0,1.0,73018.74,0.0
678.0,France,Male,43.0,5.0,102338.19,1.0,1.0,1.0,79649.62,0.0
712.0,France,Female,29.0,3.0,87375.78,2.0,0.0,0.0,96019.464147063,0.0
651.0,France,Male,44.0,2.0,0.0,1.856838819381695,1.0,0.0,102530.35,0.0
789.0,Germany,Male,51.0,3.0,104677.09,1.0,1.0,0.0,74265.38,0.0
775.0,Germany,Male,32.0,8.0,116850.99709581162,1.0,0.0,0.0,125898.39,0.0
656.4822656674698,Germany,Male,40.0,7.0,108407.34,1.0,1.0,1.0,92838.45472096867,0.0
841.0,France,Female,33.0,7.0,154969.79,2.0,1.0,1.0,99505.75,0.0
850.0,France,Male,39.0,5.69509670756222,141829.67,1.0,1.0,1.0,92748.16,0.0
637.0,France,Female,63.0,5.0,0.0,1.2094375230175092,1.0,0.0,28092.77,1.0
500.0,France,Male,45.0,2.0,109162.82,1.0,1.0,1.0,126145.08,0.0
655.0,France,Male,44.0,8.0,87471.63,1.0,1.0,1.0,99269.9373068915,0.0
666.0,France,Female,33.0,2.0,99240.3415877431,1.0,1.0,1.0,56410.17,0.0
658.0,France,Female,24.0,2.0,0.0,2.0,1.0,1.0,84694.49,0.0
714.6465428654502,France,Male,66.0,6.0999486039380155,119041.95455891865,1.340487476573803,1.0,1.0,122108.22958832458,0.0
654.0,France,Male,32.0,6.0,0.0,2.0,1.0,1.0,97281.08462723313,0.0
623.0,France,Female,39.0,1.0,160903.2,1.0,0.0,0.0,78774.36,0.0
761.0,France,Female,33.0,6.0,138053.79,2.0,1.0,0.0,148779.41,0.0
627.0,France,Male,44.0,6.0,153548.12,1.0,1.0,0.0,35300.08,1.0
686.4010190197923,Germany,Male,38.749332932051914,5.439703594592699,149085.9,2.0,1.0,1.0,197077.36,0.0
695.0,Germany,Female,53.0,8.0,95231.91,1.0,0.0,0.0,70140.8,1.0
726.0,France,Male,35.10038046628343,3.0,0.0,2.0,1.0,0.0,196288.46,0.0
587.0,Spain,Male,41.0,8.0,85109.21,1.0,1.0,0.0,1557.82,0.0
605.0,Germany,Female,43.0,8.0,125338.8,1.4824744280718618,1.0,0.0,23970.13,0.0
675.714571985118,France,Male,62.0,6.4686641997316014,124204.19097324465,1.3752381969216598,1.0,1.0,112367.1774336841,0.0
850.0,France,Female,38.0,0.0,106831.69,1.0,0.0,1.0,148977.72,0.0
751.0,France,Male,29.0,3.0,159597.45,1.0,1.0,0.0,39934.41,0.0
627.0,France,Male,37.43282206315721,7.0,100657.21061426794,1.0,1.0,1.0,133031.96,0.0
736.0,France,Male,43.0,4.0,176134.54,1.0,1.0,1.0,52856.88,0.0
652.0,France,Female,74.0,5.0,0.0,2.0,1.0,1.0,937.15,0.0
627.0,France,Female,35.0,7.0,0.0,2.0,0.0,1.0,193022.44,0.0
636.0,France,Male,34.0,1.0,84055.43,1.0,0.0,0.0,37490.84,0.0
672.8551931513016,France,Male,60.0,7.0,37675.56971543366,2.0,1.0,1.0,111558.7,0.0
850.0,France,Female,33.926764400797694,4.9023965626456665,174088.3,4.0,1.0,1.0,116254.83231452161,0.0
850.0,Spain,Male,34.0,8.0,199229.14,1.0,1.0,0.0,68106.29,0.0
516.0,France,Male,37.0,8.0,0.0,1.0,1.0,0.0,101834.58,0.0
513.0,Spain,Female,42.0,10.0,0.0,2.0,0.0,1.0,73151.25,0.0
673.0,Germany,Female,69.0,3.0,78833.15,2.0,1.0,1.0,37196.15,0.0
564.0,France,Female,27.0,6.0,0.0,1.0,0.0,0.0,7819.76,0.0
636.0,France,Female,35.0,2.0,0.0,2.0,1.0,1.0,23129.46,0.0
712.0,France,Male,29.0,3.0,102540.61,1.0,1.0,1.0,189680.79,0.0
568.0,France,Male,51.0,4.0,0.0,3.0,1.0,1.0,66586.56,0.0
741.0,Spain,Male,43.0,0.0,0.0,2.0,1.0,1.0,2920.63,1.0
754.0,Germany,Female,39.0,8.0,129401.87,1.5421464345689675,1.0,1.0,87684.93,0.0
709.0,France,Female,32.0,7.0,0.0,2.0,1.0,1.0,199418.02,0.0
510.0,France,Female,32.0,1.0,0.0,2.0,0.0,1.0,28515.17,0.0
716.0,Spain,Male,33.0,5.3734224640953405,0.0,2.0,1.0,1.0,92916.53,0.0
607.0,Germany,Male,36.0,10.0,106702.94,2.0,1.0,0.0,198313.69,0.0
656.0,Spain,Male,26.0,4.0,139584.57,1.0,1.0,0.0,36308.93,0.0
650.8933747242515,Germany,Male,45.36380347907489,5.0,121016.23,1.0,1.0,1.0,41730.37,1.0
486.0,France,Male,26.0,2.0,0.0,2.0,1.0,1.0,31399.4,0.0
598.0,Germany,Male,59.0,8.0,118210.42,2.0,0.0,0.0,60192.14,1.0
675.0,Spain,Male,35.0,8.0,0.0,2.0,1.0,0.0,29062.25,0.0
755.0,France,Female,29.0,4.0,148654.84,2.0,1.0,1.0,28805.09,0.0
656.0,Spain,Male,32.0,5.0,136963.12,1.0,1.0,0.0,133814.28,0.0
644.0,Germany,Male,47.0,5.406492462238406,115398.50139914133,1.4390829296091703,1.0,0.0,151902.78,1.0
598.0,France,Female,32.0,4.0,111156.52,1.0,1.0,1.0,167376.26,0.0
850.0,Spain,Female,31.0,3.0,121237.65,1.0,1.0,1.0,31022.56,0.0
679.0,France,Male,36.0,1.0,97234.58,1.0,1.0,0.0,188997.08,0.0
632.0,France,Male,60.0,2.0,0.0,2.0,0.0,1.0,2085.32,0.0
550.0,Spain,Male,45.0,4.625390214402514,0.0,2.0,0.0,1.0,70399.71,0.0
572.0,Germany,Female,54.0,9.0,97382.53,1.504597987994654,1.0,1.0,195771.95,0.0
626.0,Germany,Female,47.0,4.561906015321741,103108.8,1.0,0.0,1.0,166475.44,1.0
625.0,Spain,Female,57.0,7.0,0.0,1.0,0.0,0.0,84106.17,1.0
515.0,France,Female,58.0,2.0,131852.81,1.4020714822070128,1.0,0.0,106502.73127528917,1.0
612.0,Spain,Male,35.0,1.0,0.0,1.0,1.0,1.0,83256.26,1.0
628.0,Spain,Female,39.0,8.0,107553.33,1.0,1.0,0.0,117523.41,0.0
529.0,Spain,Female,43.0,5.0,0.0,2.0,0.0,0.0,79476.63,0.0
668.0,France,Male,46.0,7.0,161806.09,1.0,1.0,1.0,173052.19,0.0
526.0,France,Male,30.0,9.0,0.0,2.0,0.0,0.0,100995.68,0.0
791.0,France,Female,52.0,7.0,0.0,1.0,1.0,1.0,122782.5,0.0
573.0,France,Male,27.0,2.0,128243.03,1.0,1.0,1.0,11631.34,0.0
565.0,France,Male,38.0,5.0,126645.13,1.0,1.0,1.0,168303.55,0.0
604.0,France,Female,47.0,8.0,62094.71,3.0,0.0,0.0,9308.1,1.0
656.0,France,Male,37.0,7.0,112291.34,1.0,1.0,0.0,153157.97,0.0
447.0,France,Female,44.0,5.0,89188.83,1.0,1.0,1.0,75408.24,0.0
656.0308052450928,France,Male,55.0,9.0,0.0,1.0977418073572878,1.0,0.0,99882.49960424898,1.0
437.0,Spain,Male,28.0,2.0,109161.25,1.0,1.0,0.0,152987.42,0.0
792.0,Spain,Female,47.0,0.0,65419.24133749971,1.0,1.0,0.0,5557.88,1.0
627.0,Spain,Female,25.0,4.0,0.0,1.0,1.0,1.0,108688.46900530189,0.0
767.0,France,Female,34.0,8.0,0.0,2.0,1.0,0.0,94767.77,0.0
686.0,France,Male,26.0,7.0,0.0,1.8988939373167546,1.0,0.0,1540.89,0.0
789.0,France,Female,53.0,1.0,158271.74,1.0,1.0,1.0,5036.39,1.0
794.0,France,Male,56.0,9.0,99885.38001531037,1.0,1.0,1.0,71776.76,0.0
587.0,Germany,Male,35.0,5.0,121863.61,1.0,1.0,1.0,23481.69,1.0
658.3425606395117,France,Female,19.0,9.0,83495.11,1.0,1.0,1.0,143022.31,1.0
543.0,Germany,Female,25.0,1.0,146566.01,1.0,0.0,1.0,161407.48,0.0
589.0,Spain,Female,45.0,1.0,0.0,1.0,0.0,0.0,125939.22,1.0
631.0868396368253,Germany,Male,23.0,5.0,186101.18,1.6427874801657325,1.0,1.0,76611.33,0.0
850.0,France,Male,40.0,6.0,0.0,1.0,1.0,0.0,77947.13097842388,1.0
726.0,France,Female,43.203813362865134,8.0,107494.86,2.0,1.0,0.0,92073.20529299011,1.0
614.4749644066148,Spain,Female,45.670305817801164,2.0,0.0,1.0,1.0,0.0,48161.18,1.0
650.1164496266524,Spain,Male,36.0,5.117453004200902,146943.38,2.0,1.0,1.0,109470.07959385376,0.0
651.0,Spain,Female,36.0,8.0,0.0,2.0,1.0,0.0,91652.43,0.0
633.0,France,Female,36.0,6.0,125130.28,1.0,0.0,0.0,125961.48,0.0
740.0,France,Female,37.0,9.0,0.0,2.0,1.0,1.0,73225.31,0.0
592.0,France,Female,34.0,9.0,0.0,2.0,1.0,1.0,20460.2,0.0
670.0,France,Female,41.0,10.0,0.0,3.0,1.0,1.0,81602.02,0.0
650.7395640974089,France,Male,36.0,3.0,0.0,2.0,1.0,1.0,8742.91,0.0
745.0,France,Male,34.527484909550076,5.0,0.0,2.0,0.0,0.0,96981.25719986028,0.0
705.0,France,Male,32.0,3.0,0.0,2.0,0.0,0.0,129576.99,0.0
559.0,France,Female,42.0,7.0,0.0,2.0,1.0,1.0,94289.01567060674,0.0
595.0,France,Male,29.0,6.0,150685.79,1.0,1.0,0.0,87771.06,0.0
492.0,France,Male,35.0,4.0,141359.37,2.0,1.0,0.0,39519.53,0.0
498.0,France,Female,29.0,9.0,92493.90326643239,1.0,1.0,0.0,190035.83,0.0
655.0,France,Female,39.0,5.32068609320188,94631.26,2.0,1.0,1.0,148948.52,0.0
636.0,France,Female,39.0,3.0,118336.14,1.0,1.0,0.0,184691.77,0.0
634.0,France,Female,45.0,2.0,0.0,1.0,1.0,1.0,102164.34389432991,0.0
793.0,Spain,Male,43.006164753436224,4.421579577142359,0.0,2.0,0.0,1.0,27166.75,0.0
526.0,France,Male,50.0,5.033884224875386,124233.24,1.7109489387774965,0.0,1.0,159456.87,1.0
628.996948864129,France,Male,26.0,5.0,51116.26,1.0,1.0,1.0,70454.79,1.0
540.0,Germany,Male,64.0,1.0,91869.69,1.0,0.0,1.0,76406.84401737849,0.0
732.0,France,Female,34.0,8.0,122338.43,2.0,1.0,0.0,187985.85,0.0
617.0,France,Female,40.28093126667542,8.0,0.0,1.0,1.0,1.0,92621.9,0.0
637.0,Spain,Female,54.0,5.0,95201.77436643085,1.0,0.0,1.0,150836.98,0.0
573.0,France,Male,26.0,8.0,86270.93,2.0,1.0,1.0,90177.3,0.0
531.0,France,Male,44.0,3.0,0.0,2.0,1.0,1.0,34416.79,0.0
489.0,France,Female,38.0,5.0,117289.92,1.0,0.0,0.0,85231.88,0.0
601.0,France,Male,35.0,2.0,0.0,2.0,1.0,1.0,118983.18,0.0
452.0,Germany,Male,33.0,7.0,153663.27,1.0,1.0,0.0,111868.23,0.0
728.0,Spain,Female,40.6538795950822,1.0,0.0,1.8568957864300124,1.0,1.0,83056.22,0.0
590.0,Germany,Female,27.0,8.0,123599.49,2.0,1.0,0.0,1676.92,0.0
490.0,France,Male,29.0,4.0,0.0,2.0,1.0,0.0,32089.57,0.0
596.0,Spain,Female,76.0,9.0,134208.25,1.0,1.0,1.0,13455.43,0.0
635.0,France,Male,29.0,1.0,0.0,1.0,0.0,1.0,24865.54,0.0
662.9843221349462,France,Male,35.676919893291995,7.0,98556.89,2.0,1.0,0.0,117644.36,0.0
790.0,Spain,Male,37.0,3.0,0.0,3.0,0.0,0.0,98897.32,0.0
587.0,France,Male,40.0,2.0,0.0,4.0,0.0,1.0,106174.7,1.0
794.0,Spain,Female,46.0,8.0,134593.79,1.0,1.0,1.0,46386.37,0.0
515.0,France,Male,38.6831007754809,8.0,0.0,2.0,1.0,1.0,185054.14,0.0
746.0,Spain,Male,24.0,10.0,68781.82,1.0,0.0,1.0,47997.39,0.0
667.0,Germany,Female,56.0,8.0,137464.04,1.1120033186099343,1.0,0.0,130846.79,1.0
709.0,France,Male,36.71068817118113,4.0,147307.91,1.0,0.0,1.0,40861.55,0.0
536.0,France,Female,35.0,8.0,0.0,1.0,1.0,0.0,171840.24,1.0
711.0,France,Female,41.0,5.5825486881745405,145754.91,1.0,1.0,1.0,101455.07,0.0
638.5095816623825,France,Male,46.0,8.0,82901.2422432661,3.0,1.0,0.0,121217.99755055473,1.0
748.0,France,Male,44.0,4.0,112610.77,1.0,0.0,1.0,2048.55,0.0
623.0,France,Female,57.0,5.307021976387816,71481.79,2.0,1.0,1.0,84421.34,0.0
465.0,France,Male,33.0,5.0,0.0,2.0,0.0,1.0,78698.09,0.0
640.0,Spain,Female,34.0,3.0,77826.8,1.0,1.0,1.0,168544.85,0.0
562.0,France,Male,75.0,5.0,91982.4330227053,1.0,1.0,1.0,39351.64,0.0
502.0,Germany,Female,42.0,0.0,132002.7,1.0,0.0,1.0,28204.98,1.0
536.0,France,Male,32.0,7.0,178011.5,2.0,1.0,0.0,22375.14,0.0
670.0,Germany,Female,32.0,4.0,102954.68,2.0,1.0,1.0,134942.45,0.0
775.0,France,Male,51.0,2.0,123783.25,1.0,1.0,1.0,134901.57,0.0
759.0,Germany,Male,30.0,4.0,101802.67,1.0,0.0,0.0,8693.8,0.0
604.0,France,Male,33.0,3.0,148659.48,1.0,0.0,0.0,42437.75,0.0
766.0,Germany,Female,62.0,7.0,142724.48,1.0,0.0,1.0,5893.23,1.0
554.0,Spain,Female,41.0,4.0,112152.89,1.0,0.0,1.0,36242.19,0.0
487.0,France,Female,53.0,10.0,92842.34792075607,1.0,0.0,1.0,90076.85,0.0
725.0,France,Male,35.0,7.0,75915.75,1.3264736669757953,1.0,0.0,150507.43,0.0
732.0,Germany,Female,42.0,2.0,118889.66,2.0,0.0,0.0,87422.15,0.0
623.0,France,Male,40.0,5.0,118788.57,1.0,1.0,0.0,192867.4,0.0
781.0,France,Female,42.0,4.243763673592245,156555.54,1.0,1.0,1.0,175674.01,0.0
714.0,Germany,Male,53.0,1.0,99141.86,1.0,1.0,1.0,72496.05,1.0
577.0,Germany,Female,31.0,4.0,61211.18,1.0,1.0,1.0,145250.43,0.0
731.0,Spain,Male,37.0,1.0,128932.4,1.0,1.0,1.0,180712.52,0.0
650.0,Spain,Female,40.5347543801424,5.0,0.0,1.0,1.0,1.0,180622.43,0.0
779.0,France,Male,32.0,10.0,80728.15,1.0,1.0,0.0,86306.75,0.0
655.4207598662144,Spain,Female,46.0,2.0,60748.62366526944,2.0,1.0,0.0,102997.26598771375,1.0
733.0,Spain,Male,44.0,3.0,106070.89,1.0,0.0,1.0,101617.43,0.0
579.0,Germany,Female,42.0,3.0,137560.38,2.0,1.0,1.0,85424.34,0.0
476.0,Germany,Female,34.0,8.0,111905.43,1.0,0.0,1.0,197221.81,1.0
775.0,France,Male,40.0,9.0,126212.64,1.0,1.0,1.0,106826.06114591136,0.0
649.4429576025773,Spain,Male,68.0,9.0,78555.62880158392,2.0,1.0,0.0,101189.2738075966,1.0
661.2848076201657,France,Male,38.0,7.0,111835.94,2.0,1.0,1.0,124389.61,0.0
615.0,France,Male,30.0,8.0,0.0,2.0,0.0,0.0,3183.15,0.0
700.0,Germany,Female,28.0,3.0,99705.69,2.0,0.0,0.0,146723.72,0.0
615.0,France,Male,32.0,1.0,0.0,2.0,0.0,0.0,2139.25,0.0
544.0,Germany,Male,44.0,2.0,108895.93,1.0,0.0,0.0,90956.27409964951,1.0
573.0,Spain,Male,46.455003323394315,3.0,60459.89452609689,1.0,0.0,0.0,115462.27,1.0
555.0,Spain,Male,39.58664060511659,7.0,128061.0,2.0,1.0,1.0,123525.72575252525,0.0
692.0,France,Female,31.0,2.0,0.0,2.0,1.0,0.0,91829.17,1.0
476.0,France,Female,40.0,4.0,0.0,2.0,0.0,0.0,182547.04,0.0
770.0,France,Male,36.85888858476638,9.0,190678.02,1.0,1.0,1.0,93962.55783737134,0.0
641.0,France,Female,40.0,7.0,0.0,1.0,1.0,0.0,126996.67,0.0
705.0,France,Female,35.0,5.0,0.0,1.0,1.0,0.0,133991.11,1.0
784.0,France,Male,38.0,5.0,136712.91,1.0,0.0,1.0,169920.92,0.0
727.0,France,Female,52.0,5.768956551356992,154733.97,0.9449725299349687,1.0,0.0,80259.67,1.0
576.0,France,Female,41.0,4.0,112609.91,1.0,0.0,0.0,191035.18,1.0
646.0,Spain,Male,35.19257478598623,10.0,115462.44,1.0,1.0,0.0,101247.0764502507,0.0
638.0,France,Male,34.0,5.0,133501.36,1.0,0.0,1.0,155643.04,0.0
632.0,Germany,Male,30.0,1.0,58668.02,1.0,1.0,1.0,78670.52,0.0
850.0,Spain,Male,45.97179427698939,7.0,72974.70202314001,1.0,1.0,0.0,104240.77,1.0
492.0,France,Female,28.0,9.0,0.0,2.0,1.0,0.0,95957.09,0.0
691.5261915088295,Germany,Female,77.0,3.3611583103123652,76510.52,2.0,1.0,1.0,59595.66,0.0
609.0,Spain,Male,34.0,7.0,140694.78,2.0,1.0,0.0,46266.63,0.0
701.0,Germany,Male,33.99415903568212,6.215091266708753,95448.32,1.6088376069149857,1.0,0.0,189085.07,0.0
651.0,France,Male,34.0,4.0,91562.99,1.0,1.0,1.0,123954.15,0.0
508.0,France,Male,31.0,8.0,72541.48,1.0,1.0,0.0,129803.08,0.0
616.0,Spain,Female,43.0,3.0,120867.18,1.0,1.0,0.0,18761.92,1.0
489.0,France,Male,34.0,5.0,0.0,1.0,0.0,0.0,43540.59,0.0
567.0,Spain,Female,45.0,1.0,157320.51,1.0,1.0,0.0,62193.92,0.0
714.0,Spain,Male,41.206418815233945,3.0,27269.41852016687,3.0,1.0,1.0,129130.09,0.0
678.0,Germany,Female,30.0,1.0,139676.95,2.0,0.0,1.0,16146.0,0.0
581.0,France,Female,55.0,6.0,0.0,1.0,1.0,1.0,22442.13,0.0
748.0,Spain,Male,60.0,5.177984321666678,0.0,2.0,1.0,1.0,84252.42114409125,0.0
781.0,France,Female,19.0,3.0,0.0,1.7415007192865766,1.0,1.0,124297.32,0.0
691.0,Spain,Male,21.0,5.086367480928707,103000.94,1.0,1.0,1.0,104648.58,0.0
507.0,Germany,Male,31.0,2.0,134237.07,1.0,1.0,1.0,85686.97349951025,1.0
724.0,Germany,Male,34.0,6.0,114221.70936368758,2.0,0.0,0.0,157137.23,0.0
705.0,Spain,Female,39.274363644045316,3.0,0.0,2.0,1.0,1.0,100932.9780888476,0.0
708.0,Spain,Female,64.0,4.308684284716339,0.0,3.0,0.0,1.0,112520.07,1.0
580.0,Germany,Female,38.0,9.0,118671.56475671381,2.0,1.0,0.0,128481.5,1.0
658.1658022058501,France,Male,38.0,5.0,0.0,2.0,1.0,0.0,16491.64,0.0
714.0,Spain,Male,37.091525299778674,2.0,0.0,1.0,1.0,1.0,132979.43,0.0
664.1927751855773,France,Female,43.0,1.0,0.0,2.0,1.0,1.0,196645.87,0.0
577.0,Spain,Female,44.0,4.453503267817275,115557.0,1.0,0.0,1.0,127506.76,0.0
619.953438529634,Germany,Female,35.0,3.0,166518.63,2.0,1.0,0.0,147930.46,0.0
554.0,France,Male,38.10666674298181,6.0,135370.12,1.0,1.0,1.0,117083.95192302774,0.0
549.0,Germany,Male,54.0,5.0,92877.33,1.0,1.0,0.0,2619.64,1.0
528.0,France,Female,26.0,10.0,102073.67,2.0,0.0,0.0,166799.93,0.0
720.0,France,Male,46.0,3.0,97042.6,1.0,1.0,1.0,98266.28805901395,1.0
743.0,Spain,Male,46.34493324756635,5.6308120394982035,82525.74343062231,2.2103622661852502,1.0,1.0,112975.2379123707,1.0
615.0,Germany,Male,24.0,8.0,108528.07,2.0,0.0,0.0,179488.41,1.0
635.0,Germany,Male,44.0,2.0,79064.85,2.0,0.0,1.0,113291.75,0.0
632.7314024829627,Spain,Male,45.0,5.803205384709081,93914.27114869974,2.4500454895169814,1.0,1.0,121145.64128340909,1.0
840.0,France,Female,36.0,6.0,47621.90704668599,2.0,1.0,0.0,141364.27,0.0
695.0,France,Male,43.0,1.0,100421.1,1.0,1.0,1.0,101141.28,0.0
564.0,France,Male,26.0,7.0,84006.88,2.0,1.0,0.0,183490.99,0.0
805.0,France,Female,31.0,4.0,0.0,2.0,1.0,0.0,4798.12,0.0
558.0,Spain,Male,45.0,4.0,0.0,1.0,1.0,0.0,131807.14,0.0
657.0,France,Female,39.0,4.0,80293.81,1.0,1.0,0.0,97192.76,0.0
641.0,France,Female,42.0,7.0,125437.14,2.0,0.0,0.0,164128.58,0.0
755.0,France,Male,36.0,8.0,0.0,2.0,1.0,0.0,176809.87,0.0
483.0,France,Male,48.0,1.0,0.0,2.0,1.0,1.0,110059.38,0.0
545.0,Germany,Female,44.0,2.0,127536.44,1.0,1.0,0.0,108398.63,0.0
678.0,France,Male,66.0,8.0,0.0,2.0,1.0,1.0,47117.03,0.0
781.0,Germany,Female,48.0,9.0,82794.18,1.0,1.0,0.0,124720.68,1.0
571.0,Spain,Female,22.0,3.0,108117.1,1.0,0.0,1.0,53328.7,0.0
634.0,Spain,Female,35.0,10.0,0.0,1.0,1.0,0.0,82634.41,0.0
523.0,Germany,Male,27.0,8.0,61688.61,2.0,1.0,0.0,147059.16,0.0
501.0,France,Female,40.0,2.0,0.0,2.0,0.0,0.0,141946.92,0.0
662.0,France,Male,74.0,6.0,0.0,2.0,1.0,0.0,123583.85,0.0
573.0,Spain,Male,42.766885347668044,0.0,159304.07,1.0,1.0,1.0,78459.86108593883,1.0
648.0,Germany,Male,33.0,5.0,138664.24,1.0,1.0,0.0,29076.27,0.0
662.0,France,Female,22.0,2.0,126362.57,2.0,1.0,1.0,97382.8,0.0
725.0,France,Male,39.0,4.0,160652.45,2.0,1.0,0.0,57643.55,0.0
642.5586372798023,France,Female,35.0,2.0,60058.19300375547,1.0,1.0,1.0,66006.75,1.0
628.0,France,Male,31.0,0.0,88421.81,1.0,0.0,0.0,72350.47,0.0
546.0,Spain,Female,45.0,2.0,0.0,1.0,0.0,0.0,113519.99696722649,1.0
688.0,Germany,Male,41.0,2.0,112871.19,2.0,0.0,1.0,65520.74,0.0
850.0,Germany,Male,41.0,8.0,120962.3259609406,1.5786512862667696,1.0,0.0,31825.84,0.0
614.0,France,Female,34.0,5.0,0.0,2.0,1.0,0.0,185561.89,0.0
719.0,France,Female,37.0,9.0,101455.7,1.0,1.0,0.0,25803.59,1.0
663.2487342674553,Germany,Male,71.0,0.0,88084.13,2.0,1.0,1.0,154337.47,0.0
669.0,France,Male,29.0,7.0,0.0,2.0,1.0,1.0,138145.62,0.0
438.0,Germany,Male,59.0,7.0,127197.14,1.0,1.0,0.0,51565.98,1.0
492.0,France,Male,39.0,7.0,0.0,2.0,0.0,1.0,71323.23,0.0
622.0,France,Female,39.0,9.0,83456.79,2.0,0.0,0.0,38882.34,0.0
645.0,France,Male,42.0,4.0,98298.18,1.0,1.0,1.0,676.06,0.0
728.0,France,Male,37.0,0.0,0.0,2.0,1.0,1.0,72203.8,0.0
651.0,France,Male,35.0,2.0,86911.8,1.0,1.0,0.0,174094.24,0.0
783.0,Germany,Female,42.0,2.0,139707.28,1.0,1.0,0.0,2150.22,0.0
732.0,Spain,Female,67.0,1.0,0.0,2.0,1.0,1.0,177783.04,0.0
553.0,Spain,Female,39.0,1.0,142876.98,2.0,1.0,0.0,44363.42,0.0
660.0,France,Male,30.0,7.0,146301.31,1.0,0.0,0.0,96847.91,0.0
670.0,France,Female,40.0,3.0,47364.45,1.0,1.0,1.0,148579.43,1.0
718.0,France,Male,38.0,7.0,0.0,2.0,1.0,0.0,38308.34,0.0
669.405307171189,France,Male,51.0,0.0,58137.08,1.295699054844164,0.0,1.0,142538.31,0.0
597.3186592717699,Germany,Female,38.0,6.0,179886.41,2.0,0.0,0.0,153122.58,0.0
479.0,Germany,Male,24.0,6.0,107637.97,2.0,0.0,1.0,169505.83,0.0
660.0,France,Female,20.0,6.0,167685.56,1.0,1.0,0.0,57929.9,0.0
721.0,Germany,Male,68.0,4.0,136525.99,1.0,1.0,0.0,175399.14,0.0
659.0,Germany,Male,39.0,8.0,52106.33,2.0,1.0,1.0,107964.36,0.0
743.0,France,Female,39.0,8.0,0.0,1.0,1.0,0.0,94263.44,0.0
670.0,France,Female,45.0,9.0,104930.38,1.0,1.0,0.0,155921.81,0.0
623.1629340919822,Germany,Female,34.0,6.0,106434.94,1.0,1.0,1.0,137995.66,1.0
845.0,Spain,Female,38.0,2.0,112803.92,1.0,1.0,0.0,179631.85,0.0
710.0,Germany,Female,46.0,10.0,112593.5816650764,1.0,1.0,0.0,166586.99,1.0
602.0,Germany,Female,43.0,2.0,113641.49,4.0,1.0,0.0,98200.24574356752,1.0
604.0,Spain,Male,43.0,4.967220229530686,145081.72,1.0,1.0,1.0,23881.62,0.0
564.0,Spain,Male,35.0,9.0,0.0,2.0,1.0,1.0,71600.02821545956,0.0
637.0,Germany,Female,27.0,7.0,135842.89,1.0,1.0,1.0,101418.05,0.0
527.0,France,Female,31.0,1.0,112203.25,1.0,1.0,0.0,182266.01,0.0
687.0,France,Male,34.0,7.0,129895.19,1.0,0.0,1.0,28698.17,0.0
756.0,Germany,Male,44.723404365360466,6.0,149049.92,1.0,0.0,1.0,50422.36,1.0
503.0,Germany,Male,42.0,9.0,153279.39,1.7914069312068999,1.0,1.0,151336.96,0.0
657.0,Spain,Male,42.0,5.0,41473.33,1.0,1.0,0.0,105628.37482188546,1.0
666.0,France,Female,40.0,2.0,0.0,2.0,0.0,0.0,36371.27,0.0
615.0,Germany,Male,39.0,5.0,113193.51,2.0,1.0,1.0,52166.25,0.0
712.0,Germany,Male,27.0,8.0,113174.21,2.0,1.0,0.0,147261.58,0.0
764.0,France,Female,24.0,0.0,0.0,2.0,1.0,0.0,88724.49,0.0
471.0,France,Male,42.0,3.0,164951.56,1.0,1.0,0.0,190531.77,0.0
674.2058882361024,Spain,Male,27.0,3.4610325550468657,88235.61632032818,1.0,1.0,1.0,199953.33,0.0
621.6814565367877,Spain,Female,47.0,10.0,134032.01,1.0,1.0,0.0,144290.97,0.0
587.0,Germany,Female,32.0,3.0,125445.04,2.0,1.0,1.0,130514.78,0.0
667.4383658640611,Germany,Female,35.0,4.797863813875148,126077.43,2.0,1.0,1.0,115269.92040789683,0.0
630.0,Spain,Female,31.0,1.0,0.0,2.0,1.0,1.0,169802.73,0.0
648.0,Germany,Female,28.0,8.0,90371.09,1.0,1.0,1.0,146851.73,0.0
785.0,France,Female,40.0,3.0,0.0,2.0,1.0,1.0,96832.82,0.0
601.0,Germany,Female,47.0,1.0,142802.02,1.0,1.0,1.0,96103.20629042618,0.0
717.0,France,Female,28.0,1.0,90537.16,1.0,0.0,1.0,74800.99,0.0
647.8519439868261,France,Female,44.0,6.0,0.0,2.0,1.0,1.0,192542.17,0.0
771.0,France,Female,23.0,7.0,156123.73,1.0,1.0,0.0,72990.62,0.0
648.5480979785597,France,Female,35.0,5.0,0.0,2.0,1.0,0.0,31050.02,0.0
626.0,France,Male,38.0,7.0,141074.59,1.0,1.0,0.0,102507.86506134288,1.0
588.0,Spain,Male,59.0,4.0,0.0,2.0,1.0,1.0,27435.41,0.0
616.0,Germany,Female,42.0,6.0,117899.95,2.0,0.0,0.0,150266.81,0.0
621.0,Spain,Male,33.0,4.0,0.0,1.8112736021202727,1.0,1.0,40299.23,0.0
674.0,France,Male,26.0,4.7907871248173475,166257.96,1.0,1.0,1.0,149369.41,0.0
633.0,Spain,Female,46.0,3.0,0.0,2.0,1.0,0.0,120250.58,0.0
698.0,Germany,Female,64.0,1.0,169362.43,1.0,1.0,0.0,84760.32,1.0
508.0,France,Male,26.0,7.0,205962.0,1.073060315746503,1.0,0.0,156424.4,0.0
643.8996541045393,France,Female,24.0,4.706109743709371,0.0,2.0,1.0,0.0,109355.73,1.0
682.3077918664646,Germany,Male,68.0,0.0,126061.51,2.0,1.0,1.0,184936.77,0.0
613.0,France,Female,21.0,7.0,105627.95,1.0,1.0,1.0,36560.51,0.0
712.0,France,Male,32.0,9.0,88481.60625747364,1.0,1.0,0.0,165693.06,0.0
624.0,France,Female,38.0,3.0,0.0,2.0,1.0,1.0,163666.85,0.0
676.0,France,Male,38.0,1.0,0.0,2.0,0.0,1.0,35644.79,0.0
683.0,Germany,Female,32.0,0.0,138171.1,2.0,1.0,1.0,188203.58,0.0
489.0,France,Female,31.0,7.0,139395.08,1.0,0.0,1.0,6120.84,0.0
739.0,France,Male,29.0,1.0,0.0,2.0,1.0,1.0,164484.78,0.0
701.0,France,Female,37.0,3.0,0.0,2.0,1.0,1.0,164268.28,0.0
666.0,Germany,Male,50.0,5.880539256208203,109062.28,1.6707764754465462,1.0,1.0,140136.1,1.0
565.0,Germany,Female,40.0,1.0,89994.71,2.0,0.0,1.0,121084.27,0.0
666.0,France,Male,36.0,3.0,0.0,2.0,1.0,0.0,35156.54,0.0
633.0,France,Male,59.0,2.0,103996.74,1.0,1.0,1.0,103159.11,0.0
578.0,France,Male,34.0,4.0,175111.11,1.0,1.0,1.0,74858.3,0.0
812.0,Spain,Female,45.74547030250985,8.0,42685.659992471104,2.0,0.0,0.0,91556.57,1.0
809.0,Germany,Male,33.0,8.0,148055.74,1.0,0.0,0.0,199203.21,0.0
615.0,France,Male,36.0,6.0,0.0,1.0,1.0,0.0,27011.8,1.0
684.0,Spain,Female,31.0,8.0,0.0,2.0,1.0,0.0,188637.05,0.0
544.0,France,Male,40.0,8.0,0.0,2.0,1.0,0.0,61581.2,0.0
713.0,Germany,Male,47.0,1.0,95994.98,1.0,1.0,0.0,197529.23,0.0
679.1453717065859,France,Male,37.0,2.0,0.0,2.0,1.0,0.0,182258.17,0.0
672.0,Germany,Female,23.0,10.0,110741.56,1.0,1.0,0.0,80778.5,0.0
661.0,France,Male,35.36962984598575,5.0,0.0,1.0,1.0,0.0,155394.52,0.0
749.0,Spain,Female,28.0,3.0,0.0,1.0,1.0,0.0,3408.7,0.0
635.0,France,Female,48.42160354746942,4.8329537385761006,0.0,2.0,1.0,1.0,109120.06772107755,1.0
850.0,Germany,Female,70.0,1.0,96947.58,3.0,1.0,0.0,62282.99,1.0
641.0,France,Male,41.0,6.0,0.0,2.0,1.0,0.0,65396.79,0.0
633.0,Germany,Male,30.0,2.0,109786.82,1.5787613184475067,1.0,1.0,139712.81,0.0
657.5318426439345,Spain,Male,35.0,2.0,0.0,2.0,1.0,1.0,60972.84,0.0
538.0,France,Male,31.0,1.0,0.0,2.0,1.0,0.0,1375.46,0.0
437.0,France,Female,39.0,0.0,102721.49,1.0,0.0,0.0,22191.82,0.0
612.0,Spain,Male,33.0,5.0,69478.57,1.0,1.0,0.0,8973.67,1.0
516.0,Germany,Female,53.0,1.0,156674.2,1.0,1.0,0.0,118502.34,1.0
662.2454989717037,Germany,Male,43.005202923560525,5.443619328113006,119291.25789865028,1.8297127668742252,0.0,1.0,127571.82735759557,0.0
660.0,Germany,Female,23.0,6.0,166070.48,2.0,0.0,0.0,90494.72,0.0
646.0,Germany,Female,29.0,4.0,105957.44,1.0,1.0,0.0,15470.91,0.0
767.0,France,Male,36.0,5.552723547938325,0.0,1.0,0.0,0.0,65147.27,0.0
640.0,France,Male,40.0,8.0,110340.68,1.0,1.0,1.0,157886.6,0.0
778.0,France,Male,33.0,1.0,0.0,2.0,1.0,0.0,85439.73,0.0
679.0,Germany,Male,52.0,9.0,135870.01,2.0,0.0,0.0,54038.62,0.0
549.0,France,Male,31.0,4.0,0.0,2.0,0.0,1.0,25684.85,0.0
598.0,France,Male,47.0,2.0,0.0,2.0,1.0,1.0,186116.54,0.0
655.0,France,Female,45.0,0.0,0.0,1.7376761599522446,1.0,0.0,166830.71,0.0
494.0,France,Male,30.0,3.0,85704.95,1.0,0.0,1.0,27886.06,0.0
653.0,France,Female,42.0,1.0,0.0,2.0,1.0,1.0,5768.32,0.0
539.0,Germany,Female,38.0,8.0,105435.74,1.0,0.0,0.0,80575.44,1.0
645.0,France,Female,37.0,1.0,0.0,2.0,1.0,1.0,68987.55,0.0
751.0,Germany,Male,36.79666637395823,3.744860265593225,108513.25,2.0,1.0,1.0,27097.82,0.0
528.0,France,Male,35.0,3.0,156687.1,1.0,1.0,0.0,199320.77,0.0
696.0,Germany,Male,31.0,3.0,150604.52,1.0,0.0,0.0,5566.6,0.0
716.0,France,Female,44.0,6.0,155114.9,1.0,0.0,0.0,133871.83,0.0
602.0,France,Female,35.0,8.0,0.0,2.0,1.0,1.0,152843.53,0.0
610.2878173094072,Spain,Female,64.0,1.0,91216.0,1.0,1.0,1.0,41800.18,0.0
850.0,France,Male,61.0,3.0,141784.02,1.1236942023672958,1.0,1.0,92053.75,0.0
590.0,France,Female,32.0,0.0,127763.24,1.0,1.0,0.0,100717.54,0.0
825.0,Spain,Female,32.0,1.0,0.0,2.0,1.0,1.0,42935.15,0.0
850.0,Spain,Male,33.0741193696065,6.0,82613.56,2.0,1.0,0.0,149170.92,0.0
789.0,France,Female,32.0,7.0,69423.52,1.0,1.0,0.0,107499.39,0.0
701.0,France,Female,42.0,6.0,86167.82,1.0,1.0,0.0,153342.38,0.0
713.0,Spain,Female,47.0,1.0,0.0,1.0,1.0,0.0,107825.08,1.0
570.0,France,Male,30.0,2.0,131406.56,1.0,1.0,1.0,47952.45,0.0
536.0,Germany,Male,44.0,4.0,121898.82,1.0,0.0,0.0,131007.18,0.0
771.0,Germany,Female,32.0,9.0,77487.2,1.0,0.0,0.0,33143.04,0.0
512.0,France,Female,75.0,2.0,89472.69073584458,1.0,1.0,0.0,123304.62,0.0
604.0506758371317,Spain,Male,44.02189209899902,5.032483084480563,164450.94,1.5615388957740672,1.0,0.0,141970.02,1.0
656.0,France,Male,33.0,7.0,138705.02,2.0,1.0,0.0,37136.15,0.0
761.0,Spain,Male,37.0,7.0,132730.17,1.0,1.0,0.0,199293.01,0.0
709.0,France,Female,30.0,5.0,0.0,2.0,0.0,1.0,161388.22,0.0
597.0,Spain,Female,66.0,3.0,0.0,1.0,1.0,1.0,70532.53,0.0
592.0,France,Male,28.0,2.0,116498.22,1.0,1.0,0.0,144290.25,0.0
599.0,France,Female,41.0,1.0,0.0,2.0,1.0,0.0,96069.82,0.0
572.0,Germany,Female,35.0,1.0,139979.07,1.0,1.0,0.0,185662.84,0.0
611.0,Germany,Female,43.0,4.582422579791763,127216.31,2.0,0.0,1.0,17913.25,0.0
634.0,France,Male,45.0,5.130171204203663,89038.1611197173,4.0,1.0,0.0,101039.53,1.0
659.8849752232047,France,Male,44.53122823349588,2.0,148222.65,1.0,0.0,0.0,156953.54,1.0
696.0,France,Female,41.0,8.0,0.0,2.0,0.0,0.0,28276.83,0.0
669.0,France,Female,38.0,8.0,0.0,2.0,1.0,0.0,84049.16,0.0
726.0,Spain,Male,41.389613492634496,8.0,134152.29,1.3777508765848328,1.0,1.0,114707.23187551173,0.0
674.214757451322,Germany,Female,46.68603235219825,8.0,111537.23,4.0,1.0,1.0,120052.62872324449,1.0
750.0,Spain,Female,39.0,7.0,119565.92,1.0,1.0,0.0,87067.73,0.0
850.0,France,Male,29.0,7.0,0.0,2.0,1.0,0.0,96721.91532214683,0.0
617.0,Spain,Male,38.0,7.0,0.0,1.0,1.0,1.0,27239.28,0.0
720.7819559892879,Germany,Female,50.75767622446675,10.0,121063.8,1.1261761094534013,1.0,0.0,66259.10040938265,1.0
560.0,Spain,Female,27.0,7.0,124995.98,1.0,1.0,1.0,114669.79,0.0
629.0,Spain,Male,39.0,5.0,0.0,2.0,1.0,0.0,116748.14,0.0
660.0,Germany,Female,52.0,4.0,86891.84,1.0,1.0,0.0,96666.43580792306,1.0
676.0,France,Male,38.0,8.0,28819.44196010492,2.0,1.0,1.0,133692.88,0.0
581.0,Spain,Male,43.0,9.0,78022.61,1.0,0.0,1.0,97583.0797732357,0.0
712.3791713877052,France,Male,34.36268298046481,9.0,154495.79,1.2081010861657908,1.0,0.0,191395.88,0.0
705.0,France,Male,38.0,1.0,189443.72,1.0,0.0,1.0,106648.58,0.0
714.0,Spain,Female,36.69408483669847,6.0,152926.6,1.0,1.0,1.0,50899.91,0.0
664.0,France,Female,44.0,8.0,142989.69,1.216889246139999,1.0,1.0,115452.51,0.0
697.0,Germany,Male,43.0,7.0,115371.94,2.0,1.0,0.0,64139.1,0.0
609.0,France,Male,37.0,6.0,0.0,2.0,0.0,1.0,22030.72,0.0
548.0,Spain,Male,38.0,0.0,178056.54,2.0,1.0,0.0,38434.73,0.0
632.3292227900223,Germany,Male,40.98861287785822,6.562561202335194,125782.05668105076,1.7218231798656203,1.0,1.0,150110.32556739857,0.0
656.0,France,Male,41.0,2.0,0.0,2.0,1.0,0.0,158973.77,0.0
727.0,Germany,Male,37.0,4.199935180722319,101191.83,1.0,1.0,1.0,34551.35,1.0
642.0,France,Female,55.0,5.640343625292255,0.0,2.0,1.0,1.0,101515.76,0.0
710.0,Spain,Female,31.0,5.0,0.0,2.0,1.0,0.0,9561.73,0.0
710.0,Spain,Male,33.0,1.0,0.0,2.0,1.0,0.0,168313.17,0.0
718.0,France,Female,37.0,7.0,0.0,2.0,1.0,1.0,55100.09,0.0
586.0,Germany,Male,32.0,1.0,149814.54,1.0,1.0,0.0,31830.06,0.0
617.0,Spain,Female,36.0,5.222660088174874,115617.24,1.0,1.0,1.0,111121.06977736094,0.0
630.0,France,Male,28.0,9.0,0.0,2.0,0.0,0.0,32599.35,0.0
627.5002204709717,Germany,Male,45.080875970599095,10.0,121145.24481280701,1.8083910689151146,1.0,1.0,139946.68,1.0
684.8092243876521,Spain,Male,39.0,8.0,138160.0,1.2633793158009046,1.0,1.0,110468.51,0.0
477.0,Germany,Female,36.0,3.0,117700.86,1.0,0.0,0.0,74042.0,0.0
662.0,France,Female,37.0,5.0,0.0,2.0,1.0,0.0,97001.74938722186,0.0
850.0,Germany,Male,42.09481380247879,9.0,122506.38,1.3153036543847925,0.0,1.0,199693.84,1.0
635.0,France,Female,58.0,1.0,0.0,1.0,1.0,1.0,58907.08,1.0
537.0,France,Male,59.0,9.0,0.0,2.0,0.0,0.0,103799.77,1.0
579.0,France,Female,39.0,3.0,166501.17,1.416749559410745,1.0,0.0,93835.64,0.0
651.0,Spain,Male,46.0,4.0,89743.05,1.0,1.0,0.0,92670.19253797202,1.0
610.0,France,Female,25.0,2.0,0.0,2.0,1.0,0.0,123723.83,0.0
581.0,France,Male,30.0,1.0,0.0,2.0,1.0,0.0,199464.08,0.0
633.3460455454174,France,Male,39.0,7.0,0.0,2.0,1.0,0.0,83084.33,0.0
688.0,Spain,Female,35.0,6.0,0.0,1.0,1.0,0.0,25488.43,1.0
681.0,France,Male,18.0,1.0,98894.39,1.0,1.0,1.0,9596.4,0.0
666.8435276907467,Germany,Male,37.0,3.0,168735.74,2.0,1.0,0.0,70370.24,0.0
792.0,France,Male,34.0,1.0,0.0,1.0,0.0,1.0,86330.32,0.0
528.0,Germany,Female,62.0,7.0,133201.17,1.0,1.0,0.0,168507.68,1.0
624.0,Spain,Female,36.0,0.0,0.0,2.0,1.0,0.0,111605.9,0.0
648.4019732630326,Germany,Male,31.0,4.0,127237.25,2.0,0.0,1.0,143317.42,0.0
678.0,Germany,Male,36.0,1.0,117864.85,2.0,1.0,0.0,27619.06,0.0
705.0,Germany,Female,64.0,4.240587555275889,153469.26,3.0,0.0,0.0,146573.66,1.0
650.0,Germany,Male,23.0,4.0,93911.3,2.0,1.0,0.0,69055.45,0.0
593.0,Spain,Female,46.0,2.0,76597.79,1.2622575445018411,1.0,1.0,54453.72,0.0
652.0,France,Female,40.0,4.0,79927.36,2.0,1.0,1.0,105251.25785516067,0.0
554.0,Spain,Female,27.0,4.0,0.0,1.7053304988441444,1.0,1.0,135083.73,0.0
584.0,France,Male,32.0,8.0,94226.59507716302,1.0,1.0,1.0,137439.34,0.0
516.0,France,Male,33.0,7.0,115195.58,1.1880443951182127,1.0,1.0,11205.5,0.0
789.0,Germany,Male,43.0,9.0,114518.44991439414,2.0,1.0,1.0,60176.1,0.0
598.0,Germany,Male,20.0,8.0,180293.84,2.0,1.0,1.0,29552.7,0.0
669.0,Germany,Female,30.0,7.0,139872.81,1.0,1.0,0.0,188795.85,0.0
645.0,France,Female,24.0,3.0,34547.82,1.0,1.0,1.0,11638.17,0.0
659.0,France,Female,37.559834109992536,9.0,0.0,2.0,1.0,1.0,93155.75,0.0
833.0,Germany,Male,29.0,1.0,96462.25,2.0,0.0,1.0,48986.18,0.0
697.0,Spain,Male,40.0,7.0,130334.35,2.0,0.0,1.0,116951.1,0.0
580.0,Germany,Male,39.0,3.0,119688.81,1.0,1.0,0.0,137041.26,0.0
691.0,France,Male,38.0,1.0,0.0,2.0,0.0,0.0,44653.5,0.0
534.0,France,Male,52.0,1.0,0.0,3.0,1.0,1.0,104035.41,1.0
478.0,France,Female,32.0,6.0,71187.24,1.0,1.0,1.0,110593.62,0.0
572.0,France,Female,47.0,2.0,0.0,2.0,1.0,0.0,36099.7,0.0
501.0,France,Male,37.0,4.0,0.0,2.0,0.0,0.0,12470.3,0.0
624.0,Spain,Female,38.0,8.0,0.0,2.0,1.0,0.0,95403.41,0.0
595.0,France,Female,37.061160659886404,9.0,136422.41,1.0,1.0,1.0,151757.81,0.0
603.0,France,Male,30.0,8.0,0.0,2.0,1.0,1.0,47536.46,0.0
602.0,France,Female,25.0,0.0,0.0,2.0,1.0,1.0,101274.17,0.0
500.0,France,Female,34.0,6.0,0.0,1.0,1.0,1.0,140268.45,0.0
422.0,France,Male,41.0,6.0,78961.21142278961,1.0,1.0,0.0,11663.09,0.0
615.0,France,Male,36.82504493466193,7.0,0.0,1.7626273370236372,1.0,0.0,150784.29,0.0
635.0,France,Female,78.0,5.212220852580184,47536.4,1.0,1.0,1.0,119400.08,0.0
711.0,France,Female,32.0,1.0,0.0,2.0,1.0,0.0,126188.42,0.0
834.0,France,Male,48.1123194218114,5.820319959907504,96607.25564539895,1.0,1.0,0.0,89983.02,1.0
633.0,France,Female,44.0,7.0,0.0,2.0,1.0,0.0,29761.29,0.0
650.0,France,Female,31.0,1.0,160566.11,2.0,0.0,0.0,27073.81,0.0
743.0,Germany,Male,65.0,5.505440390086869,131935.51,1.1462090236616154,1.0,1.0,85271.30962201646,1.0
567.0,France,Male,38.0,6.0,127678.8,2.0,0.0,0.0,45422.89,0.0
706.0,Germany,Female,46.0,4.0,105214.58,1.0,1.0,0.0,108699.59,1.0
666.2984126786816,France,Male,46.0,9.0,139859.54,1.0,1.0,0.0,38967.29,0.0
641.0,France,Female,38.0,3.0,0.0,2.0,1.0,0.0,116466.19,0.0
574.0,France,Female,34.0,5.0,112324.45,2.0,1.0,1.0,17993.43,0.0
642.0,Germany,Male,30.0,8.0,134497.27,1.0,0.0,0.0,43250.54,0.0
722.0,Spain,Female,35.0,1.0,76226.2928363049,1.0,1.0,0.0,125240.8,0.0
623.0,France,Male,23.0,1.0,106012.2,2.0,0.0,1.0,191415.94,0.0
681.0,France,Male,25.0,5.102052928740718,0.0,1.0,0.0,1.0,90860.97,0.0
530.0,France,Male,34.0,8.0,0.0,2.0,0.0,1.0,141872.52,0.0
714.6387951092062,France,Female,55.0,10.0,100140.24326360862,1.1035468556052237,1.0,1.0,49418.87,1.0
642.7548976044881,France,Male,51.0,3.0,0.0,1.0,1.0,0.0,170426.65,1.0
850.0,Germany,Male,42.0,8.0,119839.69,1.2375832117279706,1.0,1.0,111188.24145487137,1.0
581.0,France,Male,34.0,1.0,0.0,2.0,0.0,1.0,81175.25,0.0
589.0,Germany,Male,38.0,8.0,92219.21,1.0,1.0,0.0,99106.97,0.0
555.0,Germany,Male,48.0,4.678928880494113,142055.41,2.0,0.0,1.0,79134.78,0.0
748.0,France,Female,49.0,7.0,55682.20853186739,1.0,0.0,0.0,163550.58,1.0
633.3963180195099,France,Female,46.0,7.0,0.0,2.0,1.0,1.0,67769.94,0.0
730.0,France,Male,34.0,1.0,0.0,2.0,1.0,1.0,126592.01,0.0
565.0,France,Female,44.0,1.0,0.0,2.0,0.0,1.0,89602.81,0.0
778.0,France,Male,37.0,3.0,141803.77,1.2002575192886558,0.0,1.0,179421.84,0.0
812.0,France,Male,24.0,10.0,0.0,2.0,1.0,1.0,97283.74963148683,0.0
526.0,France,Male,42.0,4.5543536920440255,0.0,1.0,0.0,1.0,168486.02,0.0
708.0,France,Female,47.0,0.0,126589.12,2.0,1.0,1.0,132730.07,1.0
680.0,France,Male,33.0,2.0,108393.35,1.0,0.0,1.0,39057.67,0.0
567.0,Spain,Male,43.0,2.0,115643.58,2.0,0.0,0.0,174606.35,0.0
564.0,Spain,Male,48.0,5.0,93891.4538966591,1.0,1.0,0.0,79259.77,0.0
709.0,France,Female,24.0,3.0,110949.41,1.0,1.0,1.0,168515.61,0.0
629.0,France,Male,46.0,1.0,130666.2,1.0,1.0,1.0,161125.67,1.0
510.0,France,Male,45.0,10.0,103821.47,2.0,1.0,1.0,77878.62,0.0
506.0,France,Female,32.0,3.0,0.0,1.0,1.0,1.0,80823.02,0.0
605.0,France,Male,39.0,5.015526030233257,0.0,1.0,0.0,1.0,119348.28,0.0
705.5472800728626,Spain,Male,35.93409907495706,1.0,132187.73,1.2184795692550876,1.0,1.0,178331.36,0.0
850.0,France,Male,34.69337386365262,8.0,98649.55,1.0,1.0,0.0,108022.1024130658,0.0
489.0,Germany,Male,38.0,2.0,126444.08,2.0,1.0,1.0,82662.73,0.0
659.0,Germany,Female,30.0,8.0,154159.51,1.0,1.0,0.0,40441.1,0.0
753.0,France,Male,43.0,5.0,0.0,2.0,1.0,0.0,109881.71,0.0
624.1155412615217,Germany,Male,38.87165424906983,5.353317765333223,129250.0,2.0,1.0,1.0,157937.35,0.0
610.0,Spain,Female,45.0,3.0,0.0,1.0,1.0,0.0,38276.84,1.0
619.0,France,Female,33.0,2.0,167733.51,2.0,1.0,1.0,65222.48,0.0
619.0,Germany,Female,31.0,2.0,56116.3,2.0,0.0,0.0,2181.94,0.0
758.0,France,Male,30.0,3.0,141581.08,1.0,1.0,0.0,156249.06,0.0
516.0,Germany,Male,36.85493417393456,7.0,139675.07,1.6278735928846593,1.0,0.0,45591.23,0.0
789.0,France,Female,27.0,8.0,66201.96,1.0,1.0,1.0,79458.12,0.0
687.0,France,Female,44.0,9.0,0.0,2.0,0.0,0.0,103042.2,1.0
485.0,Germany,Male,34.0,3.0,133658.24,1.0,1.0,0.0,70209.83,0.0
446.0,Germany,Male,25.0,3.0,136202.78,1.2676395982678679,1.0,1.0,176743.51,0.0
597.0,France,Female,60.0,0.0,131778.08,1.0,0.0,0.0,80384.04205568152,1.0
712.0,Spain,Male,34.1387282470781,5.0,0.0,2.0,0.0,0.0,151425.82,0.0
522.0,France,Female,34.0,3.0,0.0,2.0,1.0,1.0,3894.34,0.0
679.5290637200023,Germany,Male,26.0,8.0,42712.87,2.0,1.0,1.0,28861.69,0.0
781.0,France,Male,28.0,4.0,0.0,2.0,1.0,0.0,177703.15,0.0
689.0,Spain,Female,57.0,4.720271135573554,0.0,1.32709147907091,1.0,0.0,136649.8,1.0
675.4363037666529,France,Male,31.0,1.0,27990.049308237245,2.0,1.0,1.0,175894.24,0.0
670.0,France,Male,33.0,2.0,141204.65,2.0,1.0,0.0,76257.46,0.0
623.1259646515556,Germany,Female,35.55363364536699,7.0,131402.21,1.0,0.0,0.0,193668.49,0.0
734.0,Spain,Female,39.0,3.0,92636.96,2.0,1.0,1.0,125671.29,0.0
489.0,France,Female,51.0,3.0,0.0,2.0,0.0,1.0,174098.28,1.0
578.0,Germany,Female,31.0,5.0,102088.68,4.0,1.0,0.0,187866.21,1.0
622.0,Spain,Male,39.0,9.0,0.0,2.0,0.0,0.0,100862.36,0.0
843.0,France,Female,38.0,8.0,134887.53,1.0,1.0,1.0,101615.93129944903,0.0
687.0,France,Male,48.0,4.8914128681368245,0.0,2.0,1.0,1.0,170893.85,0.0
700.0,Spain,Male,28.0,8.0,159900.38,1.0,0.0,0.0,22698.56,0.0
410.0,Germany,Female,50.0,2.0,102278.79,2.0,1.0,0.0,89822.48,0.0
537.0,France,Female,41.0,0.0,0.0,2.0,0.0,1.0,175262.49,0.0
780.0,France,Female,43.0,0.0,0.0,1.0,0.0,1.0,15705.27,0.0
620.6540043309316,Spain,Male,36.15169021617226,6.0,0.0,2.0,0.0,1.0,170025.43,0.0
620.0,Germany,Male,35.0,0.0,76989.97,1.0,1.0,1.0,17242.79,0.0
697.0,France,Female,23.0,10.0,0.0,2.0,1.0,1.0,79734.23,0.0
786.0,France,Male,35.0,3.0,0.0,2.0,1.0,0.0,92712.97,0.0
850.0,Germany,Female,39.0,5.0,114491.82,1.0,1.0,0.0,99689.48,0.0
684.6141790771848,Germany,Male,49.60793083198012,5.859662043494666,144768.94,1.0,1.0,1.0,86669.48770979361,1.0
445.0,France,Male,31.0,7.0,145056.59,1.0,1.0,1.0,175893.53,0.0
612.5734606916795,Germany,Male,50.0,3.0,117206.3,1.0,1.0,0.0,42840.18,1.0
637.0,Germany,Male,41.0,5.054727782933646,138014.4,2.0,1.0,0.0,140298.24,0.0
616.0,Germany,Male,44.51472541228185,6.0,128352.59,3.0,1.0,1.0,128770.46734833602,1.0
756.0,France,Female,23.0,1.0,112568.31,1.0,1.0,1.0,113408.11,0.0
644.0,France,Male,33.0,2.0,0.0,1.0,1.0,0.0,96420.58,0.0
643.9051538696287,Germany,Male,41.0,1.0,117252.6821103498,2.0,1.0,1.0,125806.3,0.0
703.0,Germany,Female,38.0,9.0,99167.54,1.0,1.0,0.0,65720.92,0.0
684.0,Spain,Female,42.0,3.0,103210.27,1.0,1.0,0.0,31002.03,0.0
673.9488012706105,Germany,Male,48.0,5.200564258989599,121594.24010128042,3.0,1.0,1.0,110968.30291222254,1.0
580.0,France,Male,41.01965876957696,4.630008214852219,125921.37,1.0,1.0,1.0,105763.725313108,0.0
777.0,Spain,Female,35.0,3.0,0.0,2.0,1.0,1.0,17257.72,0.0
676.0,Germany,Male,48.0,3.0,80697.44,1.0,0.0,0.0,101397.86,0.0
708.0,France,Female,44.0,2.0,161887.81,2.0,1.0,0.0,84870.23,0.0
809.0,France,Male,24.0,7.0,109558.36,1.0,1.0,0.0,183515.13,0.0
588.0,France,Male,38.0,1.0,124271.26,1.0,1.0,0.0,75969.19,0.0
648.3089676482426,France,Male,43.0,5.262811078633924,0.0,2.0,1.0,1.0,146379.3,0.0
537.0,Spain,Male,41.63581825856359,1.0,190569.23,1.0,0.0,1.0,127154.8,0.0
664.6460618041046,Spain,Male,53.0,2.0,143923.96,1.0,1.0,0.0,2019.78,1.0
696.9984582613091,Germany,Male,48.0,2.0,96542.16,2.0,0.0,1.0,197885.72,0.0
690.0,France,Male,34.52337013035887,5.0,0.0,2.0,1.0,0.0,138017.68,0.0
771.0,Spain,Male,45.0,0.0,139825.56,1.2147656823922635,0.0,0.0,170984.97,1.0
497.0,Germany,Male,24.0,6.0,111769.14,2.0,1.0,0.0,55859.27,0.0
622.0,Spain,Male,37.0,4.0,0.0,2.0,1.0,0.0,4459.5,0.0
647.6717353307967,Spain,Male,30.0,9.0,113672.18,2.0,0.0,0.0,102135.92,0.0
543.0,France,Female,32.0,7.0,147256.86,1.0,1.0,0.0,112771.95,0.0
520.0,Spain,Male,45.0,7.0,107023.03,1.0,1.0,0.0,32903.93,0.0
669.0,France,Male,37.0,1.0,125529.55,1.0,1.0,1.0,162260.93,0.0
631.0,Spain,Female,41.0,0.0,0.0,1.0,0.0,0.0,87959.83,0.0
537.0,Germany,Male,48.0,4.0,131834.8,1.0,1.0,0.0,166476.95,1.0
732.0,France,Male,62.0,2.0,0.0,2.0,1.0,1.0,25438.87,0.0
844.0,France,Male,56.0,5.423834543312476,74643.58323521276,1.7658822933658056,0.0,1.0,157230.06,1.0
838.0,Spain,Male,35.0,0.0,40627.25956544722,2.0,1.0,1.0,197305.91,0.0
652.0,France,Male,27.0,10.0,107303.72,2.0,0.0,0.0,44435.76,0.0
660.0,France,Male,33.0,0.0,72783.42,1.0,0.0,0.0,181051.99,0.0
692.0,Spain,Female,44.0,8.0,0.0,1.0,0.0,1.0,159069.37,0.0
588.0,France,Female,35.0,5.19392874227129,0.0,2.0,1.0,1.0,155485.24,0.0
533.0,Germany,Female,22.0,10.0,115743.6,1.0,0.0,0.0,43852.05,0.0
648.9939516520004,France,Male,43.0,5.525861750710855,161256.53,1.0,1.0,1.0,140071.57,0.0
511.0,France,Male,27.0,8.0,17118.273578475648,2.0,1.0,1.0,49089.36,0.0
530.0,Spain,Male,44.0,6.0,0.0,2.0,0.0,0.0,103407.2801960777,0.0
554.0,France,Male,31.0,1.0,0.0,2.0,0.0,1.0,192660.55,0.0
585.0,Germany,Female,40.0,3.0,162261.01,2.0,1.0,0.0,97645.43223737596,0.0
754.0,France,Male,39.0,3.0,74896.33,1.0,0.0,0.0,34430.16,0.0
474.0,France,Male,54.0,3.0,0.0,1.0,1.0,0.0,108409.17,1.0
837.0,France,Male,35.0,5.205286219232753,144037.6,1.0,1.0,0.0,145325.32,0.0
567.0,France,Female,23.0,9.0,93522.2,1.0,0.0,1.0,81425.61,0.0
800.0,Spain,Male,38.0,1.0,0.0,2.0,1.0,0.0,95935.27304085779,0.0
646.0,France,Male,40.923662621752676,10.0,0.0,2.0,0.0,1.0,52795.15,0.0
627.0,Germany,Male,38.60280102803218,8.0,106922.92,2.0,0.0,1.0,84270.09,0.0
505.0,France,Male,26.0,8.0,112972.57,1.0,1.0,0.0,145011.62,0.0
566.0,Germany,Female,35.0,1.0,123042.0,1.0,1.0,0.0,66245.44,1.0
619.0,Germany,Female,39.94234232489086,3.0,100488.92,2.0,0.0,1.0,36446.74,0.0
757.0,France,Female,44.0,4.0,123322.15,1.0,1.0,0.0,137136.29,0.0
648.0,France,Male,32.0,0.0,0.0,1.0,0.0,1.0,117323.31,0.0
621.0,Spain,Male,38.72010549987468,8.0,68683.68,1.0,1.0,1.0,74157.71,0.0
543.0,Germany,Male,49.0,6.0,59532.18,1.54774564795459,1.0,0.0,104253.56,0.0
658.0,France,Female,43.0,7.0,140260.36,2.0,1.0,0.0,2748.72,0.0
633.0,Germany,Male,50.0,7.0,88302.65,1.0,1.0,1.0,195937.16,0.0
648.0,France,Female,19.0,1.0,0.0,2.0,0.0,1.0,22101.86,0.0
501.0,Germany,Male,40.0,5.0,114655.58,1.0,0.0,0.0,126535.92,0.0
683.0,France,Female,42.0,4.0,148283.94,1.0,1.0,1.0,44692.63,1.0
619.0,Spain,Female,38.0,1.0,0.0,1.0,1.0,0.0,92017.18919316992,1.0
705.0,France,Female,35.0,3.0,27874.855064887477,2.0,0.0,1.0,66331.01,0.0
638.0,Germany,Female,53.0,1.0,123916.67,1.0,1.0,0.0,16657.68,1.0
710.0,France,Female,31.0,1.0,0.0,2.0,1.0,0.0,20081.3,0.0
590.0,France,Female,54.0,4.0,0.0,2.0,1.0,1.0,93820.49,1.0
725.0,France,Male,43.0,2.0,165896.0,2.0,1.0,0.0,130795.52,0.0
638.0,France,Female,32.0,0.0,0.0,2.0,1.0,0.0,160129.99,0.0
791.0,France,Male,36.0,6.0,111168.97,1.0,1.0,1.0,189969.91,0.0
702.0,France,Female,40.0,1.0,103549.24,1.0,0.0,0.0,9712.52,1.0
641.7490724458057,France,Female,32.0,6.0,0.0,2.0,0.0,0.0,196062.01,0.0
535.0,France,Male,30.0,6.0,103804.97,1.0,1.0,1.0,125710.53,0.0
651.0,France,Male,45.0,2.0,165901.59,2.0,1.0,0.0,23054.51,1.0
506.0,Germany,Male,59.0,8.0,128025.69810179762,1.705423409879536,1.0,1.0,170679.74,0.0
606.0643271439186,Spain,Female,57.0,8.0,122950.31,1.0,1.0,1.0,181258.76,0.0
757.0,France,Female,51.0,1.0,50661.74526528059,1.0,1.0,1.0,22835.13,1.0
768.0,France,Male,49.0,5.228966184452442,90649.85539742389,1.0,1.0,0.0,102397.22,1.0
757.0,France,Male,36.695938130644734,9.0,31971.880776638987,2.0,1.0,0.0,115950.96,0.0
663.0,Spain,Male,64.0,6.0,0.0,2.0,1.0,1.0,15876.52,0.0
683.4288282428345,Germany,Female,37.0,7.0,117184.31387157156,1.6297763540264123,1.0,1.0,117690.58,0.0
570.0,Germany,Male,29.0,4.0,122028.65,2.0,1.0,1.0,173792.77,0.0
850.0,France,Female,35.0,5.0,0.0,1.0,1.0,1.0,80992.8,0.0
661.0,Germany,Female,64.0,8.0,120516.65715005736,1.5304982399329519,1.0,1.0,96456.43055511774,1.0
659.0,France,Male,54.0,8.0,133436.52,1.0,1.0,0.0,56787.8,0.0
454.0,Spain,Male,40.0,2.0,123177.01,1.0,1.0,0.0,148309.98,0.0
708.0,France,Female,59.0,2.0,48223.72663560403,1.0,1.0,0.0,179673.11,1.0
720.0,Germany,Female,37.0,2.0,120328.88,2.0,1.0,1.0,138470.21,0.0
785.0,Germany,Female,39.0,1.0,130147.98,1.0,1.0,0.0,163798.41,1.0
743.0,Spain,Female,36.0,4.946996441224915,92716.96,1.0,1.0,1.0,33693.78,0.0
493.0,Spain,Female,48.0,7.0,0.0,2.0,1.0,0.0,48545.1,0.0
557.0,Spain,Male,34.0,3.0,0.0,1.0,0.0,1.0,123427.98,0.0
850.0,France,Male,40.0,1.0,76914.21,1.0,1.0,0.0,174183.44,0.0
799.0,France,Female,32.0,3.0,106045.92,2.0,1.0,1.0,17938.0,0.0
756.0,France,Male,34.0,1.0,103133.26,1.0,1.0,1.0,90059.04,0.0
752.0,France,Male,38.0,0.0,145974.79,2.0,1.0,1.0,137694.23,0.0
696.0,Spain,Female,36.0,4.709844378325378,0.0,3.0,1.0,0.0,99893.4754814947,0.0
630.0,Spain,Female,49.0,1.0,0.0,2.0,0.0,1.0,162858.29,0.0
659.0,Spain,Female,38.0,9.0,0.0,2.0,1.0,1.0,35701.06,0.0
685.0,Spain,Male,39.0,9.0,28691.073604437686,2.0,1.0,1.0,118892.40700375593,0.0
599.0,Spain,Female,31.0,4.678260548156451,0.0,1.0,1.0,1.0,130086.47,1.0
559.0,Spain,Female,31.0,1.0,139183.06,1.0,0.0,1.0,143360.56,0.0
615.0,Spain,Male,19.0,5.0,0.0,2.0,1.0,0.0,159920.92,0.0
580.0,Germany,Female,36.0,3.0,74974.89,1.0,1.0,1.0,12099.67,0.0
487.0,Spain,Male,44.0,6.0,61691.45,1.4087804993872919,1.0,1.0,118864.99183078554,0.0
646.0,Germany,Female,35.54334026598115,1.0,121952.75,2.0,1.0,1.0,142839.82,0.0
811.0,France,Female,35.0,7.0,0.0,1.0,1.0,1.0,178.19,0.0
526.0,Spain,Male,39.626315064512816,5.0,0.0,2.0,1.0,1.0,93865.36189454139,0.0
767.0,Spain,Male,37.0,7.0,0.0,2.0,1.0,1.0,24734.25,0.0
548.0,France,Female,33.0,1.0,80107.83,2.0,0.0,1.0,82245.67,0.0
737.0,Spain,Female,45.0,2.0,0.0,2.0,1.0,1.0,177695.67,0.0
613.0,Germany,Male,44.41651851829997,1.0,147856.82,3.0,1.0,0.0,107961.11,1.0
711.0,Spain,Male,36.0,8.0,31120.9812789941,2.0,1.0,1.0,55207.41,0.0
650.1459641071183,Spain,Female,53.0,4.898589366899764,65407.16,2.0,0.0,0.0,106260.6544416061,1.0
752.0,France,Female,53.0,4.850436883761138,114233.18,1.0,1.0,1.0,51587.04,0.0
710.0,France,Female,37.0,5.0,0.0,2.0,1.0,0.0,115403.31,0.0
646.7618585097865,Spain,Male,53.0,7.0,187602.18,1.0,1.0,0.0,186392.99,1.0
510.0,France,Female,22.0,3.0,156834.34,1.0,0.0,0.0,44374.44,0.0
577.0,France,Female,34.0,2.0,0.0,2.0,1.0,1.0,84033.35,0.0
529.0,France,Male,42.0,1.0,157498.9,1.0,1.0,1.0,82276.62,0.0
757.0,Spain,Female,44.0,9.0,0.0,2.0,1.0,0.0,177528.92,0.0
691.0,France,Male,41.0,2.0,100044.38666745639,1.369585891805531,1.0,0.0,56850.92,1.0
621.0,Spain,Male,34.0,8.0,0.0,1.0,0.0,0.0,47972.65,0.0
709.0,Spain,Male,35.0,2.0,0.0,2.0,1.0,0.0,104982.39,0.0
668.9845568901134,Spain,Male,19.0,4.0,130274.22,1.0,1.0,1.0,133535.29,0.0
788.0,France,Female,41.0,6.0,0.0,1.0,1.0,1.0,25571.37,0.0
705.0,France,Female,39.0,5.0,149379.66,2.0,1.0,0.0,96075.55,0.0
665.5375399840586,France,Male,29.0,9.0,0.0,1.0,1.0,1.0,81634.45,0.0
719.0,Spain,Male,38.41824541853123,1.0,100829.94,1.0,1.0,1.0,95798.80102951132,0.0
793.0,Germany,Female,32.0,1.0,96408.98,1.0,1.0,1.0,138191.81,0.0
593.0,France,Male,41.0,6.0,0.0,2.0,1.0,1.0,99136.49,0.0
613.3503526540595,France,Male,52.0,1.0,0.0,1.0,0.0,0.0,63584.55,1.0
690.0,France,Male,39.0,6.0,0.0,2.0,1.0,1.0,160532.88,0.0
671.3579253153395,France,Male,71.0,5.0,149105.08,1.0,0.0,1.0,162683.06,0.0
512.0,Spain,Male,39.0,3.0,0.0,1.0,1.0,0.0,134878.19,0.0
802.0,Spain,Male,41.0,5.0,25067.650317950258,2.0,1.0,1.0,134626.3,0.0
450.0,Spain,Female,34.0,2.0,0.0,2.0,1.0,0.0,175480.93,0.0
651.0,Germany,Male,41.0,1.0,90218.11,1.0,1.0,0.0,174337.68,0.0
697.0,France,Female,33.0,1.0,87347.7,1.0,1.0,0.0,172524.51,0.0
611.0,France,Male,28.0,2.0,0.0,2.0,0.0,0.0,25395.83,0.0
663.8025825485934,France,Female,33.0,0.0,137811.75,1.0,1.0,1.0,184856.89,0.0
822.0,France,Male,37.0,3.0,105563.0,1.0,1.0,0.0,182624.93,0.0
632.0,France,Male,38.0,4.0,0.0,2.0,0.0,0.0,192505.62,0.0
575.0,Spain,Female,26.0,7.0,0.0,2.0,1.0,0.0,112507.63,0.0
672.0,France,Male,31.0,6.0,99324.34739303944,1.0,1.0,0.0,177295.92,0.0
517.0,Spain,Male,39.0,3.0,33858.98692405816,2.0,0.0,1.0,12465.51,0.0
621.0,Spain,Male,39.0,8.0,0.0,2.0,1.0,1.0,92910.09824058712,0.0
627.2691569245103,Germany,Female,77.0,6.0,135120.56,1.0,1.0,0.0,37836.64,0.0
600.0,France,Male,29.0,8.0,0.0,2.0,0.0,1.0,34747.43,0.0
654.3804483983454,France,Male,28.0,7.0,0.0,2.0,1.0,1.0,131097.9,0.0
752.0,France,Female,36.0,4.152735076601189,86837.95,1.0,1.0,1.0,105280.55,0.0
613.0,France,Male,26.0,4.0,100446.57,1.0,0.0,1.0,149653.81,0.0
484.0,France,Female,32.0,3.0,0.0,2.0,1.0,1.0,139390.99,0.0
511.0,France,Female,33.0,3.0,0.0,2.0,1.0,0.0,132436.71,0.0
745.0,France,Female,32.0,2.0,0.0,4.0,0.0,1.0,179705.13,1.0
786.0,Spain,Female,32.0,6.0,114512.59,1.0,1.0,0.0,15796.66,0.0
727.0,France,Male,35.0,5.0,136364.46,1.0,0.0,0.0,142754.71,0.0
622.0,France,Male,31.0,5.0,106260.67,1.0,1.0,1.0,2578.43,0.0
794.0,France,Male,24.0,10.0,146126.75,1.307065426798715,1.0,1.0,88992.05,0.0
636.0,Spain,Male,52.0,4.0,111284.53,1.361272521124014,0.0,1.0,32936.44,1.0
741.0,Spain,Female,35.24445520467242,9.0,121056.63,2.0,1.0,0.0,39122.58,0.0
687.0,France,Male,34.0,5.0,128270.56,1.2088338583334641,1.0,0.0,191092.62,0.0
660.0,Spain,Male,30.0,4.0,31188.5158957283,2.0,1.0,0.0,129149.06,0.0
660.0,France,Male,35.0,7.0,0.0,2.0,1.0,0.0,13218.6,0.0
617.0,France,Female,79.0,7.0,0.0,1.0,1.0,1.0,160589.18,0.0
644.5592150008392,France,Male,36.66101912887533,10.0,191775.65,1.0,1.0,0.0,179657.83,0.0
752.0,Spain,Female,35.0,2.0,0.0,1.0,1.0,0.0,44335.54,1.0
561.0,Spain,Male,34.0,4.0,85141.79,2.0,1.0,1.0,29217.37,0.0
609.0,France,Male,26.0,10.0,126392.18,1.0,0.0,1.0,99020.54700977917,0.0
803.0,France,Male,28.0,3.0,0.0,2.0,1.0,0.0,159654.0,0.0
556.0,France,Female,40.0,9.0,129860.37,1.0,0.0,0.0,17992.94,0.0
531.0,France,Female,53.0,5.0,127642.44,1.0,1.0,0.0,141501.45,1.0
411.0,France,Female,35.0,2.0,0.0,2.0,1.0,1.0,93825.78,0.0
587.0,Germany,Male,44.0,4.440095272017189,125584.17,2.0,1.0,1.0,41852.24,1.0
622.4278338010807,Spain,Male,56.0,5.336392647713927,84908.0212079777,3.0,1.0,0.0,113356.00832223425,1.0
654.0,France,Male,29.0,2.0,91955.61,1.0,1.0,0.0,37065.66,0.0
670.0,Germany,Female,36.0,2.0,84266.44,2.0,0.0,0.0,38614.69,0.0
655.0,France,Female,36.0,2.0,147149.59,1.0,1.0,1.0,87816.86,0.0
752.0,France,Female,36.0,5.043922025599685,0.0,2.0,1.0,0.0,184866.86,0.0
534.0,France,Female,23.0,5.0,104822.45,1.0,0.0,1.0,160176.47,0.0
635.0,France,Male,42.0,1.0,146766.72,2.0,0.0,1.0,164357.1,0.0
491.0,France,Male,39.33634314967773,6.0,148745.92,2.0,1.0,1.0,127808.15422114347,0.0
516.0,France,Male,27.0,9.0,0.0,1.0,1.0,0.0,142680.64,1.0
530.0,France,Female,48.0,0.0,0.0,1.0,1.0,0.0,85081.09,0.0
687.0,Spain,Male,35.0,3.0,0.0,2.0,1.0,1.0,176450.19,0.0
684.0,France,Female,41.0,6.0,135203.81,2.0,1.0,1.0,121967.88,0.0
706.0,Germany,Male,23.0,5.18638530908939,93301.97,2.0,0.0,1.0,127187.04,0.0
490.0,Germany,Male,33.0,5.0,96341.0,1.4746009533941553,0.0,0.0,108313.34,0.0
796.0,France,Male,44.0,8.0,165326.2,1.0,1.0,1.0,86754.9831150426,0.0
849.0,France,Male,27.0,4.485087858725003,0.0,2.0,0.0,1.0,157891.86,0.0
779.0,France,Female,41.0,10.0,99786.2,1.0,1.0,0.0,86927.53,0.0
794.0,Spain,Female,22.0,4.0,88343.27939947449,1.0,1.0,1.0,107753.07,0.0
647.3211686005843,Spain,Male,36.0,4.0,141573.55,1.0,1.0,0.0,94985.20273959308,0.0
663.0,Spain,Male,22.0,9.0,0.0,1.0,1.0,0.0,29135.89,1.0
645.0,Spain,Female,55.0,1.0,133676.65,1.0,0.0,1.0,17095.49,0.0
464.0,France,Female,33.0,10.0,147493.7,2.0,1.0,0.0,100447.53,0.0
737.0,France,Male,54.0,9.0,81201.59177282725,1.0,1.0,0.0,83470.4,1.0
590.0,France,Female,29.0,4.0,0.0,2.0,1.0,0.0,121846.81,0.0
522.0,Germany,Female,37.0,3.0,95022.57,1.528499404277238,1.0,1.0,129107.59,0.0
648.0,France,Female,34.0,3.0,0.0,1.8306354436136614,1.0,0.0,54726.43,0.0
754.0,France,Male,37.0,6.0,0.0,1.0,1.0,1.0,84016.45126918629,0.0
612.6865255453995,Germany,Male,46.479393260096295,5.389646871616311,149713.61,3.0,1.0,1.0,119774.94629936459,1.0
648.0,Germany,Female,43.0,1.0,107963.38,1.0,0.0,0.0,186438.86,1.0
763.0,France,Male,40.0,3.0,0.0,2.0,1.0,0.0,134281.11,0.0
790.0,Spain,Male,32.0,3.0,0.0,1.0,1.0,0.0,91044.47,0.0
581.0,France,Male,37.0,7.0,0.0,2.0,1.0,1.0,74320.75,0.0
703.0,France,Male,43.0,8.0,0.0,2.0,1.0,0.0,9704.66,0.0
571.0,France,Female,33.0,9.0,102017.25,2.0,0.0,0.0,128600.49,0.0
657.0,Spain,Female,27.0,8.0,0.0,2.0,0.0,0.0,6468.24,0.0
737.0,France,Male,44.0,7.0,30327.361435629642,2.0,0.0,0.0,57898.58,0.0
793.0,Spain,Male,29.0,3.944350782450525,96674.55,1.2824052719593177,0.0,1.0,192120.66,0.0
783.0,Spain,Female,44.0,4.080991932708689,81811.71,1.0,1.0,0.0,164213.53,1.0
751.0,Spain,Male,34.12744712970726,4.0,79281.61,1.0,1.0,0.0,88925.55041997149,0.0
579.0,France,Male,31.0,6.0,0.0,2.0,1.0,0.0,26149.25,0.0
655.0,Germany,Female,36.0,10.0,122314.39,1.0,1.0,0.0,9181.66,0.0
614.0,Germany,Male,39.42879098752742,8.0,122448.9559494484,1.0,1.0,1.0,166588.76,0.0
678.0,Germany,Female,49.0,2.0,116933.11,1.0,1.0,0.0,195053.58,1.0
562.0,Spain,Male,41.0,5.0,21615.04804268703,2.0,1.0,0.0,85787.31,0.0
711.0,Germany,Female,53.0,5.0,123805.03,1.0,1.0,0.0,102428.51,0.0
620.0,France,Male,37.0,0.0,107548.94,1.0,1.0,0.0,71175.94,0.0
437.0,France,Male,49.0,9.0,111634.29,2.0,0.0,1.0,166440.32,0.0
691.0,Germany,Male,41.0,4.629688500925834,112873.36426524511,3.0,1.0,1.0,148848.76,0.0
552.0,Spain,Female,34.0,4.0,0.0,2.0,1.0,0.0,140286.69,0.0
656.3758466449343,Germany,Male,39.51414139012911,5.0,86055.17,2.0,1.0,1.0,109170.63361342307,0.0
707.0,Germany,Female,51.0,10.0,98438.23,1.0,0.0,0.0,70778.63,1.0
764.0,Spain,Male,29.0,5.0,0.0,2.0,1.0,0.0,65868.28,0.0
585.0,France,Female,32.0,8.0,144705.87,2.0,0.0,0.0,171482.56,0.0
784.0,France,Male,31.0,7.0,0.0,1.7975842787650542,1.0,1.0,143204.41,0.0
605.0,France,Male,41.0,5.0,91612.91,1.0,1.0,1.0,28427.84,0.0
699.0,Spain,Male,40.0,2.0,0.0,1.0,1.0,0.0,78387.32,0.0
544.0,France,Female,40.0,7.0,0.0,1.0,0.0,1.0,161076.92,0.0
803.0,France,Male,43.286632123187424,9.0,192122.84,1.0,1.0,1.0,54277.45,1.0
735.0,France,Male,41.0,7.0,179904.0,1.0,1.0,1.0,137180.95,0.0
582.7687986851058,France,Male,59.0,0.0,178058.06,2.0,1.0,1.0,21063.71,1.0
652.0,France,Male,35.78366525522714,2.0,176166.56,2.0,1.0,1.0,152210.81,0.0
694.0,France,Male,42.0,3.0,156864.2,2.0,0.0,0.0,88890.75,0.0
741.0,France,Female,43.5880678682609,7.0,121927.58902261699,1.225768282488421,1.0,1.0,190534.76,0.0
590.0,Spain,Male,36.016345772437,3.0,0.0,2.0,1.0,0.0,90499.52237765238,0.0
809.0,Spain,Female,38.1499652876562,3.0,0.0,2.0,0.0,1.0,141426.78,0.0
523.0,France,Male,34.0,2.0,161588.89,1.0,1.0,1.0,51358.66,0.0
540.0,France,Male,48.0,2.0,109349.29,1.0,1.0,0.0,88703.04,1.0
596.0,Spain,Female,34.93579346285262,6.0,0.0,2.0,1.0,0.0,116696.77,0.0
597.0,France,Female,36.0,9.0,0.0,2.0,1.0,1.0,7156.09,0.0
407.0,Spain,Male,37.0,1.0,0.0,1.0,1.0,1.0,49161.12,1.0
748.0,France,Male,41.17746736251158,0.0,152335.7,1.0,1.0,0.0,126743.33,1.0
562.0,France,Female,51.0,1.0,124662.54,1.0,1.0,1.0,65390.46,1.0
734.0,Germany,Male,47.0,10.0,91522.04,2.0,1.0,1.0,138835.91,0.0
710.0,France,Male,45.0,1.0,0.0,2.0,1.0,1.0,36154.66,0.0
539.0,Spain,Female,39.0,6.0,62052.28,1.0,0.0,1.0,59755.14,0.0
542.0,France,Male,32.0,7.0,107871.72,1.0,1.0,0.0,125302.64,0.0
650.0751611139293,France,Male,36.0,2.0,99472.76,2.0,1.0,0.0,94274.72,1.0
682.0,Spain,Male,50.0,10.0,128039.01,1.0,1.0,1.0,102260.16,0.0
515.0,France,Male,33.0,2.0,0.0,2.0,1.0,1.0,136028.97,0.0
526.0,Spain,Female,33.0,8.0,114634.63,2.0,1.0,0.0,99969.4183809039,0.0
702.0,France,Male,48.38949108815294,5.5327363401093566,86143.72951114336,2.0,1.0,1.0,124190.05830558598,1.0
651.0,Germany,Male,34.0,2.0,90355.12,2.0,0.0,0.0,193597.94,0.0
792.0,Germany,Male,36.0,5.0,115725.24,2.0,0.0,1.0,116692.90404298724,0.0
817.0,Germany,Male,58.0,5.1445798314182065,114327.59,2.0,1.0,1.0,105558.29224651556,0.0
674.0,Germany,Female,36.0,6.0,100762.64,1.0,1.0,0.0,182156.86,0.0
641.0,France,Female,40.0,9.0,0.0,1.0,0.0,0.0,151648.66,1.0
513.0,Spain,Male,46.48460125244756,7.0,128747.11502393594,1.3081451050398814,1.0,1.0,124571.83881620671,0.0
561.0,France,Male,34.0,1.0,78829.53,1.0,1.0,1.0,12148.2,0.0
627.0,Germany,Male,30.0,6.0,120987.44991334804,1.0,1.0,1.0,118029.09,0.0
682.0,Germany,Male,81.0,4.656389152083649,122029.15,1.0,1.0,1.0,50783.88,0.0
683.0,France,Female,29.0,0.0,157829.12,1.0,0.0,0.0,129891.66,0.0
420.0,Germany,Female,31.0,1.0,108377.75,2.0,1.0,1.0,9904.63,0.0
670.0,France,Female,54.0,2.0,95507.12,1.0,1.0,1.0,63213.31,0.0
505.0,Germany,Male,43.0,6.0,127146.68,1.0,0.0,0.0,137565.87,0.0
580.0,Germany,Male,24.0,1.0,133811.78,1.0,1.0,0.0,17185.95,1.0
577.0,France,Male,36.0,3.0,121092.47,2.0,0.0,1.0,92263.80715896613,0.0
773.0,Germany,Male,34.0,10.0,126979.75,1.0,0.0,0.0,36823.28,0.0
616.0,France,Male,37.0,5.0,144235.73,2.0,0.0,0.0,154957.66,1.0
763.0,France,Female,38.0,0.0,152582.2,2.0,0.0,0.0,31892.82,0.0
640.0,Spain,Male,43.0,9.0,104277.1365605742,1.0,1.0,0.0,191084.4,0.0
592.0,France,Male,36.0,1.0,126477.42,1.0,0.0,0.0,179718.17,0.0
732.1133300901532,France,Male,49.99761114151859,7.0,97473.87,1.2342044662234817,1.0,1.0,107130.15906770012,0.0
627.2143325925658,France,Male,53.0,5.0,138053.67,1.0,0.0,1.0,114110.97,0.0
529.0,France,Female,31.0,2.0,164003.05,2.0,1.0,1.0,60993.23,0.0
546.0,France,Female,47.0,8.0,0.0,1.0,1.0,1.0,66408.01,1.0
753.0,France,Male,62.0,6.0,0.0,2.0,1.0,1.0,136398.9,0.0
772.0,Spain,Female,38.9972730808503,4.0,122486.11,1.431711727744293,1.0,1.0,140709.25,0.0
567.0,France,Male,36.0,1.0,0.0,2.0,0.0,0.0,8555.73,0.0
628.0,Germany,Female,45.0,6.0,53667.44,1.0,1.0,0.0,115022.94,0.0
658.0,France,Male,20.0,7.0,0.0,2.0,0.0,0.0,187638.34,0.0
679.0,Spain,Male,58.0,9.0,109327.65,1.0,1.0,1.0,100087.33369780166,0.0
629.0,Spain,Male,34.0,1.0,121151.05,1.0,0.0,0.0,119357.93,0.0
711.5985289494662,Spain,Male,48.67423205509728,9.0,101043.63,1.1654211199562896,1.0,1.0,82405.68195171047,0.0
775.0,Germany,Male,33.0,3.0,83501.66,2.0,1.0,0.0,128841.31,0.0
660.0,Spain,Male,33.0,2.0,80462.24,1.0,0.0,0.0,150422.35,0.0
752.0,France,Male,39.0,3.0,0.0,1.0,1.0,0.0,188187.05,0.0
655.0,France,Male,37.0,6.0,19945.38257797537,2.0,1.0,0.0,1775.52,0.0
543.0,Spain,Female,46.0,5.0,140355.6,1.0,1.0,1.0,85086.78,0.0
811.0,France,Male,42.0,10.0,0.0,2.0,1.0,1.0,3797.79,0.0
689.0,Germany,Male,45.0,0.0,130170.82,2.0,1.0,0.0,150856.38,0.0
531.0,France,Female,42.0,2.0,0.0,2.0,0.0,1.0,90537.47,0.0
515.0,France,Male,40.0,0.0,109542.29,1.0,1.0,1.0,166370.81,0.0
466.0,France,Female,41.0,3.0,33563.95,2.0,1.0,0.0,178994.13,1.0
782.0,France,Male,36.0,4.281144558965497,148795.17,2.0,1.0,1.0,195681.43,0.0
611.0,France,Male,64.0,9.0,0.0,2.0,1.0,1.0,102355.49162785483,0.0
621.0,France,Male,41.96720291344098,8.0,31644.21167401391,3.0,1.0,1.0,172490.78,0.0
604.0,Spain,Male,41.0,3.0,0.0,1.0,0.0,0.0,11819.84,0.0
655.0,Spain,Female,35.0,1.0,106405.03,1.0,1.0,1.0,82900.25,0.0
689.0,Spain,Male,38.0,2.0,0.0,1.0,1.0,1.0,82709.8,0.0
681.0,Spain,Male,30.0,2.0,128393.29,1.2129874860350283,1.0,1.0,180593.45,0.0
643.0,Germany,Male,41.0,2.0,127841.52,1.0,1.0,0.0,172363.41,0.0
617.0,France,Female,24.0,4.0,137295.19,2.0,1.0,1.0,91195.12,0.0
638.0,Spain,Female,55.0,2.0,74876.00595479475,1.0,0.0,1.0,108987.25,1.0
743.0,France,Male,39.0,6.0,0.0,2.0,1.0,0.0,44265.28,0.0
828.0,Germany,Female,25.0,7.0,144351.86,1.0,1.0,0.0,116613.26,0.0
776.0,France,Male,35.0,8.0,106365.29,1.0,1.0,1.0,148527.56,0.0
540.0,Germany,Male,35.0,7.0,127801.88,1.0,0.0,1.0,84239.46,0.0
616.0,Germany,Female,45.0,4.0,122793.96,1.0,1.0,1.0,62002.04,0.0
628.0,Germany,Male,38.0,10.0,113525.84,1.3306612934864857,1.0,0.0,122318.17527717263,1.0
574.4327281598173,Spain,Female,44.917891836768355,6.0,136100.69,2.0,1.0,0.0,169669.33,1.0
615.0,France,Male,30.0,7.0,0.0,2.0,1.0,1.0,156346.84,0.0
543.0,France,Male,30.0,4.0,140916.81,1.0,1.0,0.0,157711.18,0.0
553.0,France,Female,31.0,4.0,0.0,2.0,1.0,1.0,89087.4,0.0
554.0,France,Male,26.0,4.0,121365.39,1.0,1.0,1.0,8742.36,0.0
684.0,Spain,Female,36.0,4.0,0.0,1.0,1.0,0.0,117038.96,0.0
452.0,France,Female,35.0,7.0,0.0,2.0,1.0,0.0,164241.67,0.0
633.6691455277944,France,Male,47.0,5.7947343363430015,66469.49781273754,2.0,0.0,1.0,137720.56,1.0
629.0,France,Male,40.0,9.0,0.0,1.0,1.0,0.0,106.67,0.0
659.0,Spain,Female,33.0,8.0,115409.6,1.0,0.0,1.0,1539.21,0.0
493.0,France,Female,33.0,8.0,90791.69,1.0,1.0,1.0,59659.53,0.0
794.0,France,Male,62.0,9.0,29468.86650102493,3.0,1.0,1.0,122082.7569132333,0.0
653.5870011084494,France,Female,44.0,6.0,92436.86,1.0,1.0,0.0,126033.9,0.0
796.0,France,Female,52.0,5.153618539181859,94498.64782335058,1.0,1.0,1.0,62808.93,0.0
807.0,France,Female,36.0,4.0,0.0,2.0,0.0,1.0,147007.33,0.0
500.0,Germany,Male,44.0,9.0,160838.13,2.0,1.0,0.0,196261.64,0.0
722.0,Spain,Male,43.0,1.0,0.0,1.0,1.0,0.0,44560.17,1.0
559.0,Spain,Female,40.0,7.0,144470.77,1.0,1.0,1.0,18917.95,0.0
584.0,Spain,Male,38.0,3.0,0.0,2.0,1.0,1.0,93187.56691552763,0.0
834.0,Germany,Male,68.0,9.0,119511.41389707419,1.4059593411827322,1.0,1.0,93112.2,0.0
754.0,France,Male,37.987868677984764,4.0,0.0,2.0,1.0,1.0,9658.41,0.0
635.8180742024073,France,Male,45.860061915577745,7.0,81076.8,2.0,1.0,1.0,182627.25,1.0
740.0,France,Male,36.0,7.0,0.0,1.0,1.0,1.0,13177.4,0.0
502.0,Germany,Female,57.0,3.0,101465.31,1.0,1.0,0.0,43568.31,1.0
733.0,France,Male,48.0,5.0,0.0,1.0,1.0,1.0,117830.57,0.0
755.0,Germany,Male,37.0,0.0,113865.23,2.0,1.0,1.0,117396.25,0.0
651.1706728338688,Spain,Female,46.0,4.515477616327292,87603.35,3.0,0.0,1.0,96929.24,1.0
534.0,France,Male,36.0,4.0,120037.96,1.0,1.0,0.0,36275.94,0.0
656.0,Spain,Male,33.0,4.0,29359.04523949031,2.0,1.0,0.0,116706.0,0.0
673.5099951593227,France,Male,49.0,5.5931050570904475,108264.03644759064,4.0,1.0,1.0,132015.01928274008,1.0
653.9427398721916,Spain,Male,47.0,8.0,75408.33,1.0,1.0,0.0,25887.89,1.0
575.0,France,Male,40.0,5.0,0.0,2.0,1.0,1.0,93957.6769064491,0.0
672.0,France,Female,40.0,3.0,0.0,1.0,1.0,0.0,113171.61,1.0
758.0,Spain,Female,35.0,5.0,0.0,2.0,0.0,0.0,100365.51,0.0
624.7015142087341,France,Male,50.0,6.0,121818.84,2.0,0.0,1.0,124151.37,0.0
501.0,France,Female,29.0,8.0,0.0,2.0,1.0,0.0,112664.24,0.0
746.0,Germany,Male,34.0,4.006271097276677,141806.0,2.0,1.0,1.0,183494.87,0.0
556.0,France,Male,51.0,8.0,61354.14,1.0,1.0,0.0,198810.65,1.0
823.0,Germany,Female,53.0,4.0,117671.20416852743,1.0,0.0,1.0,62436.271886950846,1.0
491.0,Germany,Female,68.0,1.0,95039.12,1.0,0.0,1.0,116471.14,1.0
638.0,France,Female,29.0,9.0,103417.74,1.0,1.0,1.0,15336.4,0.0
734.0,France,Male,45.0,2.0,0.0,2.0,1.0,0.0,99593.28,0.0
555.0,France,Male,37.07580386127625,10.0,43028.77,1.0,1.0,0.0,170514.21,0.0
652.0553169825861,Germany,Female,44.0,0.0,119638.21,1.0,1.0,1.0,34265.08,1.0
728.0,France,Male,43.089635888585754,3.0,122689.51,2.0,0.0,0.0,106977.53,1.0
626.0,France,Male,44.0,10.0,111209.75520525426,1.2747110465750495,0.0,0.0,164287.86,0.0
681.0,Germany,Male,39.48691561276104,8.0,73179.34,2.0,1.0,1.0,25292.53,0.0
478.0,France,Female,38.0,4.0,171913.87,1.0,1.0,0.0,51820.87,1.0
709.0,France,Male,38.0,5.0,0.0,2.0,1.0,1.0,81452.29,0.0
660.9569206188403,Germany,Male,33.0,8.0,92659.2,2.0,1.0,0.0,1354.25,0.0
655.200564560155,Germany,Female,34.0,7.0,116708.77845134286,1.0,1.0,1.0,71379.92,1.0
684.0,France,Female,46.0,3.0,102955.14,1.2196701147090854,1.0,0.0,154137.33,0.0
536.0,France,Female,47.22106690272694,8.0,65190.29,1.0,1.0,1.0,64308.49,1.0
631.0,Germany,Female,29.0,2.0,117430.90242878722,2.0,1.0,1.0,31613.35,0.0
657.0,Spain,Male,34.0,5.0,154983.98,1.0,1.0,0.0,27738.01,0.0
699.0,Germany,Male,59.0,3.0,106819.65,1.0,0.0,1.0,163570.25,0.0
606.0,Spain,Male,38.0,5.118645966607359,128578.52,1.0,1.0,1.0,193878.51,0.0
612.0,France,Female,63.0,2.0,126473.33,1.0,0.0,1.0,147545.65,0.0
660.0,France,Female,38.0,5.0,110570.78,2.0,1.0,0.0,195906.59,0.0
829.0,Spain,Female,50.0,2.22522613695836,0.0,2.0,0.0,1.0,178458.86,0.0
567.0,Spain,Male,29.0,5.220722769355342,0.0,2.0,1.0,0.0,156125.72,0.0
850.0,France,Female,33.0,3.0,0.0,2.0,1.0,1.0,11159.19,0.0
712.0,Spain,Female,44.0,2.0,0.0,2.0,0.0,0.0,45738.94,0.0
562.0,France,Male,30.0,3.0,111099.79,2.0,0.0,0.0,140650.19,0.0
755.0,France,Female,29.0,3.0,0.0,3.0,1.0,0.0,4733.94,0.0
793.0,Spain,Male,25.0,3.0,100913.57,1.0,0.0,0.0,10579.72,0.0
471.0,Spain,Male,26.0,8.0,0.0,2.0,1.0,0.0,179655.87,0.0
707.0,France,Male,42.0,2.0,16893.59,1.0,1.0,1.0,77502.56,0.0
784.0,Spain,Male,34.7561736589949,10.0,122267.85,1.240749208766458,0.0,0.0,128644.73136879432,0.0
703.0,France,Male,32.0,1.0,125685.79,1.0,1.0,1.0,56246.72,0.0
704.0,Spain,Male,36.0,8.0,127397.34,1.0,1.0,0.0,151335.24,0.0
662.0,France,Male,38.0,0.0,105271.56,1.0,0.0,1.0,179833.45,0.0
636.0,Germany,Female,28.0,5.480123786107207,115265.14,1.0,0.0,0.0,191627.85,0.0
640.0,Spain,Male,36.0,4.0,0.0,1.0,0.0,0.0,173016.46,0.0
739.0,Spain,Male,31.0,1.0,0.0,2.0,1.0,1.0,58469.75,0.0
767.0,Germany,Male,23.0,2.0,139542.82,1.0,0.0,1.0,28038.28,0.0
753.0,Germany,Female,46.0,3.0,111512.75,3.0,1.0,0.0,89475.01141311898,1.0
714.0,France,Male,37.0,9.0,21452.22389021149,2.0,0.0,1.0,151280.96,0.0
707.0,France,Male,29.0,4.0,0.0,2.0,1.0,0.0,139953.94,0.0
577.0,France,Female,35.0,4.0,108155.49,1.0,1.0,0.0,105407.79,0.0
633.0,France,Female,42.0,1.0,0.0,2.0,1.0,0.0,56865.62,0.0
849.0,France,Male,41.0,7.0785257685813665,126482.65104968176,1.212410881474747,1.0,1.0,198072.16,0.0
614.0,Spain,Female,41.0,7.0,146997.64,2.0,0.0,0.0,137791.18,0.0
558.0,France,Female,47.0,9.0,0.0,2.0,1.0,0.0,103787.28,0.0
832.0,France,Female,27.0,10.0,98590.25,1.0,1.0,0.0,30912.89,0.0
567.0,France,Female,26.0,2.0,0.0,2.0,1.0,1.0,78651.55,0.0
587.0,Germany,Male,45.0,4.839297962786276,134980.74,1.0,1.0,1.0,123309.57,1.0
712.0,Spain,Female,79.0,3.9150338694802818,108078.56,1.0,1.0,1.0,174118.93,0.0
655.0,Spain,Female,29.0,9.0,0.0,1.8469627362815901,0.0,1.0,85736.26,0.0
641.0,France,Female,42.0,6.0,0.0,2.0,0.0,0.0,121138.77,0.0
676.0,Germany,Male,35.0,5.0,106836.67,2.0,1.0,0.0,84199.78,0.0
472.0,France,Male,29.0,8.0,102490.27,1.0,0.0,1.0,181224.56,0.0
644.0,Germany,Male,34.0,9.0,112746.54,2.0,0.0,0.0,141230.07,0.0
598.0,France,Male,38.0,0.0,125487.89,1.0,0.0,0.0,158111.71,0.0
640.2222513046022,France,Male,41.536698784651435,5.6991685837146715,142862.21,1.0,1.0,1.0,130639.01,0.0
700.0,France,Female,37.0,7.0,0.0,2.0,1.0,0.0,17040.82,0.0
616.0,France,Male,34.0,10.0,0.0,2.0,1.0,0.0,109506.68820320505,0.0
652.8326056730862,Spain,Male,35.0,4.376112569176999,79388.33,1.0,1.0,1.0,193360.69,0.0
427.0,France,Male,37.0,4.170020223326666,0.0,2.0,1.0,1.0,121485.1,0.0
731.0,France,Male,29.0,10.0,0.0,2.0,1.0,1.0,162452.65,0.0
610.0,France,Female,31.0,6.0,107784.65,1.0,1.0,1.0,141137.53,0.0
724.0,France,Female,41.0,4.415071132276878,65509.20184831333,3.0,1.0,0.0,185541.2,1.0
653.0,Spain,Female,38.0,9.0,149571.94,1.0,1.0,0.0,118383.18,0.0
774.0,France,Male,49.0,1.0,142767.39,1.0,1.0,1.0,8214.41,0.0
547.0,Germany,Male,49.0,8.0,123387.23596146822,2.0,1.0,0.0,46521.45,1.0
719.0,Spain,Male,50.0,2.0,0.0,2.0,0.0,0.0,10772.13,0.0
740.0,France,Male,46.25041558502862,4.450356202053903,0.0,1.49112017808931,1.0,0.0,199290.68,1.0
543.0,France,Male,42.0,4.0,89838.71,3.0,1.0,0.0,85983.54,1.0
688.0,Germany,Male,45.0,9.0,103399.87,1.0,0.0,1.0,129870.93,0.0
474.0,France,Female,30.0,9.0,0.0,2.0,0.0,0.0,63158.22,0.0
505.0,Germany,Male,43.0,5.0,136855.94,2.0,1.0,0.0,171070.52,0.0
688.0,France,Female,39.0,0.0,0.0,2.0,1.0,0.0,53222.15,1.0
619.6817657015674,Germany,Male,55.0,6.530372779582582,140891.46,1.4498819230263444,1.0,1.0,179834.45,1.0
610.0,France,Male,37.0,0.0,0.0,1.0,1.0,0.0,114514.64,0.0
705.0,Spain,Female,46.0,4.578793307776945,103294.50308737594,1.0,0.0,1.0,139162.15,0.0
669.0,France,Female,29.0,7.0,146011.4,1.0,0.0,0.0,50249.16,0.0
650.0,Spain,Male,20.0,6.1085645021310935,0.0,2.0,1.0,1.0,113469.65,0.0
550.0,Germany,Male,29.0,9.0,113880.88342831894,2.0,1.0,0.0,147484.13,0.0
595.0,Germany,Female,45.0,9.0,118376.29372676862,1.0,0.0,0.0,191448.96,1.0
572.0,Spain,Female,26.0,5.0,0.0,2.0,1.0,0.0,119381.41,0.0
622.0,Spain,Female,58.0,2.0,0.0,2.0,1.0,1.0,33277.31,0.0
662.0,Spain,Male,20.0,9.0,104508.77,2.0,0.0,0.0,73107.53,0.0
783.0,Germany,Female,58.0,5.686709794642969,127539.3,1.0,1.0,1.0,96590.39,1.0
714.0,Spain,Male,44.0,7.0,0.0,1.0,0.0,1.0,6923.11,0.0
671.0,Germany,Male,51.0,4.8516796569699085,96891.46,1.0,1.0,0.0,86348.06151263157,1.0
600.0,France,Female,32.0,1.0,78535.25,1.0,1.0,0.0,64349.6,0.0
847.0,Spain,Female,37.0,9.0,112712.17,1.0,1.0,0.0,116097.26,0.0
650.0,France,Male,37.18364254756465,9.0,94680.1957204019,1.0,1.0,1.0,29861.13,0.0
710.0,Spain,Female,28.0,6.0,0.0,1.0,1.0,0.0,48426.98,0.0
682.0,France,Female,33.0,8.0,74963.5,1.0,1.0,1.0,32770.56,0.0
642.0,France,Male,26.0,1.0,138023.79,2.0,0.0,1.0,117060.2,0.0
536.0,Spain,Female,28.0,4.0,0.0,1.0,1.0,1.0,136197.65,0.0
754.0,France,Male,47.0,5.267936085291847,185513.67,1.0,1.0,0.0,27438.83,0.0
678.0,France,Male,60.0,8.0,185648.56,1.0,0.0,0.0,192156.54,1.0
533.0,Germany,Female,44.61880306941158,1.0,102286.6,3.0,1.0,0.0,69409.37,1.0
741.0,Germany,Male,38.0,4.0,128015.83,1.0,1.0,0.0,58440.43,0.0
757.0,France,Male,38.469322864098885,10.0,39539.39,1.869347073215461,0.0,0.0,192519.39,0.0
721.0,France,Male,40.0,3.0,0.0,1.0,1.0,1.0,144874.67,0.0
700.0,Germany,Male,41.29180500741712,3.0,77608.46,2.0,1.0,1.0,96678.99227500851,0.0
663.0,France,Male,26.0,5.0,141462.13,1.0,1.0,0.0,440.2,0.0
677.0,France,Female,35.0,0.0,0.0,2.0,0.0,0.0,76637.38,0.0
655.0,France,Male,27.0,2.0,131691.33,1.0,1.0,0.0,49480.66,0.0
832.0,Spain,Male,29.0,8.0,93833.86,1.0,1.0,1.0,10417.87,0.0
721.0,Spain,Female,46.0,7.0,137933.39,1.172574220111366,1.0,1.0,91016.74866853902,0.0
542.0,Spain,Male,54.0,4.640857711878467,105770.14,1.0,1.0,1.0,140929.98,1.0
654.0,Spain,Female,54.0,5.0,0.0,2.0,0.0,1.0,47139.06,0.0
821.0,Germany,Female,38.0,8.0,119915.09321820477,1.32571046607401,1.0,1.0,126241.4,1.0
508.0,France,Female,38.0,3.0,166328.65,2.0,0.0,1.0,22614.19,0.0
588.0,Germany,Female,42.0,2.0,164307.77,1.0,1.0,0.0,48498.19,0.0
691.0,Germany,Male,38.0,9.0,163965.69,2.0,1.0,1.0,103511.26,0.0
664.0,France,Male,40.0,7.0,125608.72,1.0,1.0,0.0,122073.48,0.0
439.0,France,Female,66.0,9.0,0.0,1.0,1.0,0.0,65535.56,0.0
479.0,Spain,Male,37.0,6.0,118433.94,1.0,0.0,1.0,160060.9,0.0
613.4493846178102,France,Female,55.0,10.0,101670.08324515288,1.4515303534723356,1.0,0.0,155879.57,1.0
518.0,France,Male,40.0,4.0,0.0,2.0,0.0,1.0,194416.58,0.0
717.0,Germany,Male,64.0,10.0,98362.35,2.0,1.0,1.0,91097.36280515701,0.0
698.0,France,Female,51.0,5.657251861521382,144237.91,4.0,1.0,1.0,106849.75615273547,1.0
850.0,France,Male,34.0,6.0,0.0,1.0,0.0,1.0,52796.31,0.0
700.0,Spain,Male,47.0,4.0,86549.01648087201,1.0,1.0,0.0,110833.58188990221,1.0
626.0,France,Female,29.0,4.0,105767.28,2.0,0.0,0.0,41104.82,0.0
774.0,Spain,Male,32.0,9.0,0.0,2.0,1.0,0.0,91114.88085058209,0.0
630.0202425064165,Spain,Female,48.0,5.0,0.0,2.0,0.0,0.0,78563.66,0.0
646.0,Spain,Male,48.5528164331691,2.0,0.0,1.4157532332946994,1.0,1.0,170821.43,1.0
485.0,France,Female,25.0,3.0,134467.26,1.0,1.0,1.0,113266.09,0.0
784.0,Germany,Male,33.26053560087807,1.0,138515.02,1.0,1.0,1.0,171768.76,0.0
850.0,Germany,Male,32.0,2.0,128647.98,2.0,0.0,0.0,54416.18,0.0
669.0,France,Female,38.0,9.0,121858.98,1.0,1.0,0.0,130755.34,0.0
731.0,France,Male,70.0,5.70007256871312,126568.9477902133,1.2869048298857924,1.0,1.0,141180.66,0.0
721.0,France,Female,49.0,1.0,120108.56,1.0,0.0,1.0,183421.76,0.0
515.0,France,Female,37.0,0.0,196853.62,1.0,1.0,1.0,132770.11,0.0
774.0,France,Female,35.0,3.0,121418.62,1.0,1.0,1.0,24400.37,0.0
585.0,Spain,Male,36.0,10.0,28793.807866530817,2.0,1.0,1.0,180318.6,0.0
695.0,France,Female,29.0,9.0,0.0,2.0,1.0,0.0,111565.45,0.0
729.0,Germany,Female,42.0,4.0,97495.8,2.0,0.0,0.0,2002.5,0.0
713.0,France,Female,42.0,3.0,0.0,2.0,0.0,0.0,82565.01,0.0
555.0,Spain,Male,33.0,5.0,127343.4,1.0,0.0,1.0,121789.3,0.0
699.0,Spain,Male,50.0,0.0,158633.61,1.0,1.0,0.0,193785.87,0.0
587.0,France,Male,55.0,9.0,0.0,1.0,1.0,0.0,64593.07,0.0
699.0486472974695,France,Female,40.66449675218821,9.0,183744.98,1.0,1.0,1.0,196993.69,0.0
510.0,France,Male,44.0,6.0,0.0,2.0,1.0,1.0,175518.31,0.0
842.0,Spain,Male,46.0,9.0,0.0,1.0,0.0,0.0,17268.02,0.0
608.0,France,Male,31.0,7.0,79962.92,2.0,1.0,0.0,60901.72,0.0
850.0,France,Female,36.0,10.0,0.0,2.0,1.0,1.0,100750.03,0.0
642.0,France,Male,36.0,4.0,0.0,2.0,1.0,1.0,195224.91,0.0
850.0,France,Male,33.0,7.0,140956.99,1.0,0.0,0.0,3510.18,0.0
455.0,Spain,Female,43.0,6.0,0.0,1.0,1.0,1.0,81250.79,0.0
726.0,France,Male,49.01910772994151,7.0,0.0,1.3489767952048437,1.0,1.0,91844.14,1.0
544.0,Spain,Male,30.0,8.0,145241.63,1.0,1.0,1.0,103700.42657073597,0.0
626.6744066205753,Germany,Male,31.0,7.0,138008.06,2.0,1.0,0.0,129912.74,0.0
814.0,France,Male,31.0,4.0,0.0,2.0,1.0,1.0,142029.17,0.0
537.0,France,Male,39.0,2.0,0.0,2.0,1.0,1.0,137651.6,0.0
553.0,France,Male,37.0,2.0,0.0,2.0,1.0,0.0,33877.29,0.0
800.0,Spain,Male,38.0,9.0,92368.14171161292,1.0,1.0,1.0,78744.39,0.0
791.0,France,Male,34.0,7.0,0.0,2.0,1.0,0.0,96734.46,0.0
699.0,Spain,Female,29.0,9.0,16584.710785468666,2.0,1.0,0.0,100099.83256467826,0.0
756.0,France,Female,28.0,6.0,0.0,1.0,1.0,1.0,164394.65,0.0
591.0,Spain,Female,27.0,5.0,83830.19420962252,1.0,0.0,1.0,162501.83,1.0
850.0,Germany,Male,22.0,7.0,91560.58,2.0,0.0,0.0,10541.38,0.0
760.0,Germany,Male,34.0,4.086106063257228,116046.50774895435,2.0,1.0,1.0,59325.21,0.0
662.6925106999621,Spain,Male,37.948344461333434,8.0,121928.58570635715,1.280132562247499,0.0,1.0,178187.28,0.0
661.0,Spain,Male,35.0,5.0,128415.45,1.0,1.0,0.0,142626.49,0.0
670.0,France,Female,31.0,2.0,57530.06,1.0,1.0,0.0,181893.31,1.0
694.0,France,Male,38.0,1.0,0.0,2.0,0.0,1.0,156858.2,0.0
728.0,France,Female,28.0,4.0,142243.54,2.0,1.0,0.0,33074.51,0.0
764.0,Germany,Female,39.0,9.0,138341.51,1.0,1.0,0.0,50072.94,1.0
639.0,France,Male,32.0,9.0,0.0,2.0,1.0,0.0,111340.36,0.0
683.0,France,Female,30.0,2.0,0.0,1.8940350728498325,0.0,1.0,100496.84,1.0
663.0,France,Male,30.0,4.0,0.0,3.0,1.0,0.0,101371.05,0.0
826.0,Spain,Male,41.0,5.0,146466.46,2.0,0.0,1.0,180934.67,0.0
735.0,Spain,Male,36.20966467823263,5.214158918515051,0.0,2.0,1.0,0.0,105152.17,0.0
682.0,France,Female,58.0,1.0,0.0,1.0,1.0,1.0,706.5,0.0
654.9991508310603,France,Female,39.0,8.0,0.0,2.0,1.0,1.0,101168.9,0.0
562.0,Spain,Female,29.0,9.0,120307.58,1.0,1.0,1.0,6795.61,0.0
696.0,France,Male,27.0,4.0,87637.26,2.0,0.0,0.0,196111.35,0.0
850.0,Spain,Male,38.0,2.0,94652.04,1.465699377591897,1.0,1.0,171960.76,0.0
719.0,France,Female,22.0,7.0,114415.84,1.0,1.0,1.0,177497.4,0.0
804.0,France,Female,71.0,8.0,33678.58715778401,2.0,1.0,1.0,147995.96,0.0
604.0,France,Male,40.0,1.0,84315.02,1.2965936041017463,0.0,0.0,36209.1,0.0
782.0,Spain,Female,27.0,3.0,0.0,2.0,1.0,0.0,143614.01,0.0
512.0,Germany,Male,42.0,9.0,93955.83,2.0,1.0,0.0,14828.54,0.0
569.0,France,Male,36.0,1.0,67087.69,1.0,1.0,0.0,154775.7,0.0
597.0,Germany,Female,22.0,5.377386099121213,101528.61,1.0,1.0,0.0,70529.0,1.0
753.0,Germany,Male,30.0,3.9230277469685633,110824.52,1.0,1.0,1.0,57896.27,0.0
430.0,France,Female,33.0,8.0,0.0,1.0,1.0,1.0,69759.91,0.0
756.0,France,Male,28.0,8.0,179960.2,1.0,1.0,0.0,89938.08,0.0
493.0,France,Male,38.0,3.0,134006.77,1.0,1.0,1.0,89578.32,0.0
637.0317510829736,Germany,Female,37.0,10.0,121532.17,2.0,1.0,1.0,73464.88,0.0
779.0,Spain,Male,38.0,7.0,0.0,2.0,1.0,1.0,138542.87,0.0
702.0,Spain,Female,38.90634614245683,2.0,0.0,1.0,1.0,1.0,161888.63,0.0
629.5268546766494,France,Male,35.0,7.0,129717.3,2.0,0.0,0.0,86937.2,0.0
749.0,Germany,Male,36.757653461866944,4.0,94762.16,2.0,1.0,1.0,42241.54,0.0
742.0,Germany,Male,55.0,5.0,118027.32725649336,1.0,1.0,1.0,121207.66,1.0
752.0,Germany,Male,29.0,4.0,129514.99,1.0,1.0,1.0,102930.46,0.0
740.0,Germany,Female,37.391422829879275,3.0,113386.36,2.0,1.0,1.0,65121.63,0.0
576.0,France,Male,24.0,3.0,0.0,1.0,0.0,1.0,78498.04,1.0
637.0,Spain,Male,43.0,4.9012850770122975,172196.23,1.0,1.0,1.0,104769.96,0.0
724.0,France,Male,28.0,5.0,97612.12,1.0,1.0,1.0,96498.14,0.0
698.1433420441475,France,Male,20.0,5.004620356220298,104719.94,2.0,1.0,0.0,38691.34,0.0
625.0,France,Female,38.0,7.0,0.0,1.0,1.0,0.0,164804.02,0.0
571.0,France,Male,37.0,5.297981916067268,139592.98,3.0,1.0,0.0,116227.11988949317,1.0
584.0,Spain,Female,29.0,4.0,0.0,2.0,1.0,0.0,88866.92,0.0
630.1266560041253,France,Female,22.0,7.0,139096.85,1.0,1.0,0.0,129890.94,0.0
662.0,Spain,Male,39.22098094608998,7.0,140301.72,1.2081282932001056,1.0,1.0,179258.67,0.0
803.0,Spain,Male,43.0,3.0,0.0,1.0,1.0,0.0,72051.44,0.0
615.0,France,Male,66.0,7.0,0.0,2.0,1.0,1.0,92796.82605208636,0.0
481.0,Spain,Male,39.0,1.0,90279.29473478533,1.0,1.0,1.0,123995.15,0.0
701.0,France,Male,23.0,3.0,0.0,2.0,1.0,0.0,38960.59,0.0
751.0,France,Male,29.0,10.0,147737.63,1.0,0.0,1.0,94951.27,0.0
675.0,France,Male,46.00523061753781,8.0,125746.03096273671,1.379637565502115,1.0,1.0,113497.66886144207,0.0
733.0,Germany,Male,43.93897327584936,5.0,125725.02,1.5323849686608872,1.0,1.0,50783.1,0.0
822.0,France,Male,44.588057342964575,6.0,128289.7,3.0,1.0,0.0,109607.33443533408,1.0
559.0,France,Female,46.0,5.0,0.0,1.0,1.0,0.0,21006.1,1.0
672.164102055629,Germany,Female,49.0,4.0,88826.07,1.0,1.0,1.0,33759.41,1.0
678.0,France,Female,41.0,1.0,143443.61,1.0,1.0,0.0,196622.28,1.0
645.0,France,Female,45.02731124922222,5.082728516968569,65607.73062875826,4.0,1.0,1.0,176353.87,1.0
701.0,France,Male,29.0,2.0,0.0,2.0,1.0,0.0,176943.59,0.0
554.0,Spain,Male,26.0,8.0,99049.3636209569,1.0,1.0,1.0,177966.24,0.0
723.0,France,Male,30.0,3.0,124119.54,1.0,1.0,0.0,162198.32,0.0
766.0,Germany,Male,44.0,3.0,116822.7,1.0,0.0,0.0,197643.24,0.0
597.0,France,Female,24.0,1.0,103219.47,1.0,1.0,0.0,60420.07,0.0
574.0,France,Male,41.0,1.0,0.0,2.0,0.0,0.0,70550.0,0.0
655.0,Germany,Female,40.0,0.0,81954.6,1.3031387482996544,1.0,1.0,198798.44,1.0
780.0,Germany,Female,37.0,10.0,95196.26,1.3769634267807136,1.0,0.0,126310.39,0.0
672.0,France,Male,40.88592746167606,5.0,0.0,2.0,1.0,1.0,64515.5,0.0
717.0,France,Male,38.0,7.0,25951.72498613111,2.0,1.0,1.0,158580.05,0.0
521.0,Germany,Female,32.0,2.0,136555.01,2.0,1.0,1.0,129353.21,0.0
633.0,France,Male,59.0,5.0,104410.5785220854,1.0,1.0,1.0,137273.97,0.0
669.0,France,Male,39.0,3.0,119452.03,1.0,1.0,1.0,171575.54,0.0
740.0,France,Male,48.42290216946894,9.0,0.0,1.8395037451261922,0.0,1.0,96528.0,1.0
462.0,Germany,Male,24.0,9.0,69881.09,2.0,0.0,1.0,64421.02,0.0
619.0,France,Male,39.0,5.0,0.0,2.0,1.0,1.0,158444.61,0.0
665.0,France,Female,44.0,7.0,35923.77705015065,2.0,1.0,1.0,66548.58,0.0
655.0,Spain,Female,27.0,9.0,0.0,2.0,0.0,0.0,108008.05,0.0
463.0,Spain,Male,20.0,8.0,204223.03,1.0,1.0,0.0,128268.39,0.0
799.0,France,Female,43.818046576060965,1.0,110314.21,2.0,1.0,0.0,37464.0,1.0
713.0,Spain,Female,48.0,1.0,163760.82,1.0,0.0,0.0,157381.14,1.0
647.248006383879,Germany,Male,38.4976769790152,6.153043193712829,141069.18,3.0,1.0,1.0,194257.11,0.0
728.0,France,Male,38.0,1.0,115934.74,1.0,1.0,1.0,139059.05,0.0
582.0,France,Male,52.0,2.0,151457.88,1.0,0.0,1.0,40893.61,0.0
704.0,Germany,Female,35.0,3.0,154206.07,2.0,1.0,1.0,40261.49,0.0
714.0,France,Female,26.0,9.0,89928.99,1.0,1.0,0.0,46203.31,0.0
628.0,France,Male,30.0,8.0,89182.09,1.0,1.0,1.0,13126.9,0.0
809.0,Germany,Male,41.0,1.0,79706.25,2.0,1.0,0.0,165675.01,0.0
547.0,France,Female,44.0,5.0,0.0,3.0,0.0,0.0,5459.07,1.0
635.1747517528082,France,Female,27.0,5.0,0.0,2.0,1.0,0.0,131919.48,0.0
811.0,Germany,Male,31.0,4.753899045056931,117799.28,1.5692807585833843,1.0,1.0,182372.35,0.0
584.0,France,Male,26.0,4.0,0.0,2.0,1.0,0.0,147600.54,0.0
691.0,France,Female,28.0,1.0,0.0,2.0,0.0,0.0,92865.41,0.0
680.0,Germany,Male,45.175957924097084,6.0,146422.22,1.0,1.0,1.0,84150.93324347096,1.0
588.0,Germany,Male,33.0,9.0,150186.22,2.0,1.0,1.0,65611.01,0.0
623.8560746888575,Germany,Male,40.0,6.0,100275.88,1.614075331006654,1.0,1.0,138564.48,1.0
636.3025520922831,France,Male,47.0,6.0,64145.30720974802,1.0,1.0,0.0,187391.02,1.0
529.0,France,Male,32.0,9.0,147493.89,1.0,1.0,0.0,33656.35,0.0
622.0,France,Male,43.0,8.0,0.0,2.0,1.0,0.0,100618.17,0.0
683.0,France,Male,42.0,8.0,0.0,2.0,0.0,1.0,198134.9,0.0
575.0,France,Male,29.0,4.0,121823.4,2.0,1.0,1.0,50368.87,0.0
577.0,Spain,Female,40.0,1.0,0.0,2.0,1.0,1.0,108787.0,0.0
510.0,Germany,Male,31.0,0.0,113688.63,1.0,1.0,0.0,33099.41,1.0
651.1698787495874,Spain,Female,40.0,7.0,98561.62609063507,1.0,1.0,1.0,124550.88,0.0
569.0,Germany,Female,28.0,3.0,100032.52,1.0,1.0,0.0,5159.21,1.0
687.0,Spain,Male,31.0,3.0,0.0,2.0,0.0,0.0,48228.1,0.0
822.0,France,Male,32.0,8.0,116358.0,1.0,1.0,0.0,108798.36,0.0
656.0,Germany,Female,23.0,4.0,163549.63,1.0,0.0,1.0,21085.12,0.0
745.0,Germany,Male,51.0,3.0,99183.9,1.0,1.0,1.0,28922.25,0.0
386.0,Spain,Female,53.0,1.0,131955.07,1.0,1.0,1.0,62514.65,1.0
684.0,Spain,Female,41.0,1.0,134177.06,1.0,0.0,0.0,177506.66,0.0
635.0,Spain,Female,38.0,1.0,0.0,2.0,1.0,0.0,90605.05,0.0
582.0,France,Male,30.0,2.0,0.0,2.0,1.0,1.0,132029.95,0.0
613.0,Spain,Male,39.59825571089151,5.0,0.0,1.0,1.0,1.0,176903.35,0.0
795.0,Germany,Female,56.0,9.0,94348.94,1.0,1.0,0.0,29239.29,1.0
659.0,France,Female,32.0,2.0,155584.21,1.0,0.0,1.0,153662.88,0.0
745.0,France,Female,28.0,6.0,0.0,2.0,1.0,0.0,154389.18,0.0
604.0,Spain,Male,36.3975824648609,10.0,0.0,2.0,1.0,1.0,166224.39,0.0
509.0,Germany,Male,32.0,9.0,170661.47,1.0,1.0,1.0,21646.2,0.0
706.0,Germany,Female,36.62202638567071,6.0,118107.99574294126,1.0,1.0,0.0,171037.63,0.0
619.0,Spain,Female,44.0,6.0,52831.13,1.5164146978174322,1.0,1.0,112649.22,1.0
675.4983454293435,France,Male,48.53957231826442,8.0,97750.07,1.7537080494787152,1.0,1.0,119269.97730656262,1.0
695.0,France,Male,36.0,6.0,29604.404812503202,2.0,1.0,0.0,118120.88,0.0
543.0,France,Female,71.0,1.0,104308.77,1.0,1.0,1.0,25650.04,0.0
640.0,France,Male,33.0,6.0,84719.13,2.0,1.0,1.0,113048.79,0.0
672.0,France,Male,39.0,2.0,0.0,2.0,1.0,0.0,87372.49,0.0
701.0,France,Male,39.0,9.0,140236.98,1.0,0.0,1.0,146651.99,0.0
634.0,Spain,Male,25.0,9.0,0.0,2.0,1.0,1.0,8227.91,0.0
531.0,Spain,Female,42.0,6.0,75302.85,2.0,0.0,0.0,57034.35,0.0
699.0,France,Male,27.0,1.0,0.0,1.8837650755295048,1.0,1.0,93003.21,0.0
605.0,France,Female,45.741144568525655,9.0,46850.75079670966,1.0,1.0,1.0,165574.54,1.0
534.0,France,Female,49.0,7.0,0.0,1.0,1.0,0.0,13566.48,1.0
449.0,Spain,Female,31.0,1.0,113693.0,1.0,0.0,0.0,82796.29,0.0
684.0,Spain,Male,36.0,5.0,174180.39,1.0,1.0,0.0,119830.08,0.0
622.0,Germany,Male,42.0,9.0,115766.26,1.386912798042002,0.0,0.0,72155.85,1.0
714.0,France,Female,40.0,0.0,0.0,2.0,1.0,0.0,62762.12,0.0
712.0,Spain,Male,48.0,8.0,0.0,1.7731422582998393,1.0,0.0,183235.33,0.0
783.0,France,Female,72.0,5.0,21437.801202218594,2.0,1.0,1.0,105206.48,0.0
579.3909458416895,Germany,Male,46.09319244569876,10.0,144677.19,3.0,1.0,1.0,112675.54524372857,1.0
683.0,France,Male,36.0,5.0,115350.63,1.0,1.0,1.0,122305.91,0.0
654.0,Spain,Male,40.0,5.0,97737.71825427028,1.0,1.0,0.0,173617.09,0.0
700.0,France,Male,37.0,1.0,135179.49,1.0,1.0,0.0,160670.37,0.0
744.0,Spain,Male,31.0,4.449658961922943,93164.76869022429,1.0,1.0,0.0,158958.9,0.0
645.0,France,Male,25.0,1.0,157404.02,1.4014156072596113,1.0,0.0,93073.04,0.0
525.0,Spain,Male,36.0,3.0,77910.23,1.0,1.0,0.0,67238.01,0.0
732.0,France,Male,25.0,0.0,110942.9,1.0,0.0,0.0,172576.56,0.0
721.0,France,Male,40.36343701827032,7.0,0.0,2.0,1.0,1.0,122580.48,0.0
622.0,France,Male,32.0,5.0,179305.09,1.0,1.0,1.0,149043.78,0.0
654.0,Germany,Male,31.0,4.805118620874598,150593.59,2.0,1.0,1.0,105218.45,0.0
529.0,France,Female,43.0,0.0,123815.86,1.0,1.0,1.0,78463.99,1.0
720.0,Spain,Male,59.0,4.941046107344863,62012.32511228241,2.0,1.0,1.0,100796.64413392816,1.0
850.0,Germany,Female,25.0,8.0,69385.17,2.0,1.0,0.0,87834.24,0.0
667.0,Germany,Male,27.0,2.0,138032.15,1.0,1.0,0.0,166317.71,0.0
620.0,France,Male,41.0,3.0,0.0,2.0,1.0,1.0,137309.06,0.0
616.0,France,Male,29.0,9.0,0.0,1.0,1.0,1.0,166984.44,0.0
637.0,Germany,Female,46.0,2.0,143500.82,1.0,1.0,0.0,166996.46,1.0
710.0,Spain,Female,29.0,3.0,119670.18,1.0,1.0,0.0,188022.44,0.0
717.0,Spain,Male,33.0,1.0,99106.73,1.0,1.0,0.0,194467.23,0.0
786.0,Germany,Male,24.0,2.0,120135.55,2.0,1.0,1.0,125449.47,0.0
651.0,France,Female,39.0,8.0,0.0,1.0,1.0,0.0,93841.0742712153,0.0
530.0,France,Female,55.0,3.8947893101176145,120905.03,1.0,0.0,1.0,123475.88,1.0
815.0,Spain,Female,57.0,5.0,0.0,3.0,0.0,0.0,38941.44,1.0
624.7001900182512,Germany,Female,34.0,9.0,102277.52,1.0,0.0,0.0,177852.57,1.0
496.0,Germany,Female,55.0,4.0,125292.53,1.0,1.0,1.0,31532.96,1.0
680.0,Spain,Male,42.0,0.0,0.0,1.0,1.0,0.0,94553.76871659454,0.0
646.0,France,Female,51.0,4.0,101629.3,1.0,0.0,0.0,130541.1,0.0
807.0,Germany,Male,47.0,1.0,113067.88668856249,1.0,1.0,1.0,65636.92,1.0
657.7764364566269,France,Male,47.0,7.0,27531.044069613054,2.0,1.0,0.0,130746.07125545011,0.0
787.0,France,Male,25.0,5.0,0.0,1.857487064416343,1.0,1.0,47307.9,0.0
649.5660907942316,France,Male,36.26686184320468,6.0,0.0,2.0,0.0,0.0,100809.99,0.0
603.0,France,Male,31.0,1.0,129743.75,1.0,1.0,0.0,109145.2,0.0
649.0,Spain,Male,32.0,1.0,0.0,1.0,0.0,1.0,91167.19,1.0
547.0,Germany,Male,41.0,3.0,151191.31,1.0,1.0,0.0,175295.89,1.0
684.0,Germany,Male,36.39958424443168,3.0,102630.13,1.6571726847028276,1.0,1.0,127433.47,0.0
477.0,France,Female,57.0,4.569302366596227,114023.64,2.0,1.0,1.0,71167.17,1.0
558.0,Germany,Male,41.0,2.0,124227.14,1.0,1.0,1.0,111184.67,0.0
695.0,France,Female,23.0,1.0,0.0,2.0,1.0,1.0,141756.32,0.0
662.340160188541,Spain,Male,35.0,6.0,80285.16,1.0,1.0,0.0,72678.75,1.0
789.0,France,Male,31.0,4.8195813389599635,175477.15,1.0,1.0,1.0,172832.9,0.0
597.0,France,Female,29.0,1.0,132144.35,1.0,1.0,0.0,158086.33,0.0
839.0,Germany,Male,46.1545803494228,5.628275581351159,136911.07,1.0,1.0,1.0,77602.41993691123,1.0
405.0,Germany,Male,31.0,5.0,133299.67,1.5374842777392244,1.0,1.0,72950.14,0.0
658.0,France,Male,39.0,7.0,0.0,1.8077888736897831,1.0,0.0,48378.4,0.0
651.4779611916834,Germany,Male,45.24433519723399,1.0,117691.0,1.0,1.0,1.0,23135.65,1.0
633.0,France,Male,35.0,10.0,27559.600972772816,2.0,1.0,0.0,65675.47,0.0
589.0,France,Male,46.0,9.0,0.0,2.0,1.0,0.0,170676.67,0.0
750.0,Germany,Female,37.0,1.0,133199.71,2.0,1.0,1.0,27366.77,0.0
771.0,France,Male,49.46792505208482,6.915339349931582,135506.58,1.129980789678683,1.0,1.0,76673.0374247747,0.0
812.0,Germany,Male,33.0,4.382094367668497,127154.14,2.0,0.0,1.0,105383.49,0.0
539.0,Spain,Male,39.0,2.0,0.0,2.0,1.0,1.0,48189.94,0.0
670.0,Germany,Female,42.0,5.230812393430436,49508.79,3.0,1.0,1.0,100324.01,0.0
673.0,France,Male,41.0,5.0,0.0,1.0,1.0,1.0,65657.29,0.0
538.0,France,Female,62.0,3.0,75051.49,1.0,0.0,0.0,17682.02,1.0
575.0,Spain,Male,52.0,8.0,123925.23,1.0,0.0,0.0,111342.66,1.0
682.0,France,Male,41.0,6.0,0.0,2.0,0.0,1.0,134158.09,1.0
712.0,France,Male,33.0,3.0,153819.58,1.0,1.0,0.0,79176.09,1.0
598.0,France,Male,39.0,4.983188944498717,0.0,2.0,1.0,1.0,83103.46,0.0
776.0,Spain,Male,30.0,6.0,0.0,2.0,0.0,1.0,63908.86,0.0
606.0,France,Male,23.0,10.0,70417.79,1.0,0.0,1.0,90896.04,0.0
686.0,Spain,Male,41.42611781869986,5.155414247294024,97361.35943942472,1.0,1.0,1.0,76076.2,0.0
850.0,Spain,Male,38.0,1.0,146343.98,1.0,0.0,1.0,103902.11,0.0
678.868259353221,France,Male,72.0,5.54348821278819,160541.0,2.0,1.0,1.0,142223.94,0.0
606.0,Germany,Male,27.0,5.388903082518595,130274.26,2.0,1.0,0.0,147533.09,0.0
627.0,France,Female,21.0,7.0,98993.02,1.0,1.0,1.0,169156.64,0.0
850.0,Spain,Male,36.0,0.0,0.0,2.0,1.0,0.0,141242.57,0.0
665.9166675331343,France,Male,40.2756522508043,9.0,29475.842734738864,2.0,1.0,1.0,129764.3676797161,0.0
724.0,France,Female,40.0,6.0,110054.45,1.0,1.0,1.0,86950.72,0.0
579.0,France,Male,28.0,4.0,0.0,2.0,1.0,1.0,176925.69,0.0
727.0,Spain,Male,28.0,1.0,0.0,1.0,1.0,0.0,40357.39,0.0
813.0,Germany,Female,36.0,6.0,98088.09,1.0,0.0,1.0,26687.22,1.0
642.0,France,Male,46.068348150896455,9.0,118317.27,4.0,1.0,0.0,78702.98,1.0
669.0,Spain,Male,22.0,10.0,0.0,2.0,1.0,0.0,176163.74,0.0
574.0,Germany,Male,54.0,1.0,99774.5,1.0,0.0,0.0,4896.11,1.0
774.0,France,Female,32.0,4.0,0.0,2.0,0.0,0.0,114899.13,0.0
735.0,France,Female,38.0,1.0,0.0,3.0,0.0,0.0,92220.12,1.0
639.0,Spain,Female,27.0,8.0,133806.54,2.0,1.0,0.0,6251.3,0.0
738.0,Spain,Male,45.92434270534858,2.0,0.0,2.0,1.0,0.0,43018.82,1.0
835.0,Germany,Male,32.0,8.0,124993.29,2.0,1.0,1.0,27548.06,0.0
637.0,Spain,Female,44.0,0.0,157622.58,1.227286330024931,1.0,1.0,120454.2,0.0
589.0,Germany,Male,48.0,5.0,126111.61,1.0,1.0,1.0,91625.62907460492,0.0
591.0,France,Male,35.68910319629631,9.0,161651.37,2.0,1.0,1.0,131753.97,0.0
646.7692556278012,France,Female,40.0,7.0,142856.95,2.0,0.0,0.0,38019.74,0.0
831.0,Germany,Male,44.0,3.0,111100.98,1.0,1.0,1.0,81324.01637190153,1.0
733.0,Spain,Male,35.0,4.824589113862355,102918.38,1.3113127812153664,1.0,1.0,45959.86,0.0
731.0,France,Female,30.0,5.0,0.0,2.0,1.0,0.0,189528.72,0.0
654.0,France,Male,47.0,10.0,0.0,2.0,1.0,0.0,170481.98,0.0
828.0,France,Male,37.0,4.0,0.0,2.0,1.0,0.0,94845.45,0.0
590.0,Spain,Male,38.69924600332069,7.0,125265.61,1.0,1.0,1.0,161253.08,0.0
657.0,France,Male,37.0,4.0,82500.28,1.0,1.0,1.0,98531.90182035492,0.0
531.0,France,Female,64.0,2.502978859913874,175754.87,2.0,1.0,1.0,60721.4,0.0
516.0,France,Female,47.0,6.0,109387.33,1.0,0.0,0.0,121365.45,0.0
561.0,Germany,Male,37.0,1.0,100443.36,2.0,0.0,1.0,101693.73,0.0
673.323319788073,Spain,Female,54.0,0.0,83102.72,1.273955185904857,1.0,1.0,54132.93,0.0
575.0,Spain,Male,28.0,7.0,0.0,1.0,1.0,1.0,10666.05,0.0
623.0,France,Female,28.0,4.0,0.0,2.0,1.0,0.0,41227.67,0.0
642.0,France,Female,40.0,7.0,0.0,2.0,1.0,0.0,10712.82,0.0
779.0,France,Female,48.0,2.0,115290.27,1.0,0.0,0.0,98912.69,1.0
671.0,France,Female,42.0,6.0,0.0,2.0,1.0,0.0,197202.48,0.0
495.0,France,Female,40.0,1.0,140197.71,2.0,1.0,0.0,150720.39,0.0
850.0,France,Female,28.0,1.0,105245.34,1.0,0.0,1.0,74780.13,0.0
630.0,France,Male,50.0,8.0,0.0,2.0,0.0,1.0,79377.45,0.0
588.0,France,Male,32.0,1.0,0.0,2.0,1.0,1.0,8763.87,0.0
562.0,Germany,Male,35.0,3.0,142296.13,1.0,1.0,1.0,177112.7,0.0
652.2964503676163,Spain,Male,56.0,4.0,99097.33,1.0,1.0,1.0,85016.64,0.0
695.0,France,Male,28.0,5.0,171069.39,2.0,1.0,1.0,88689.4,0.0
589.0,France,Female,39.0,7.0,0.0,2.0,0.0,0.0,95985.64,0.0
607.0,France,Female,31.0,1.0,102523.88,1.0,1.0,1.0,166792.71,0.0
794.0,France,Male,35.0,6.0,0.0,2.0,1.0,1.0,68730.91,0.0
580.0,Germany,Male,44.0,9.0,143391.07,1.0,1.0,0.0,102124.003008886,1.0
644.0,Germany,Female,44.0,8.0,106022.73,2.0,0.0,0.0,148727.42,0.0
636.0,Spain,Female,36.0,1.0,0.0,1.0,1.0,0.0,43134.58,0.0
599.0,Germany,Male,36.0,3.0,128960.21,2.0,1.0,0.0,89109.73115898887,0.0
507.0,France,Female,35.0,2.0,0.0,2.0,1.0,0.0,97633.93,0.0
682.0,France,Female,48.0,7.0,0.0,2.0,1.0,0.0,65069.03,0.0
714.0,France,Female,24.0,7.0,0.0,2.0,1.0,0.0,166335.0,0.0
696.0,France,Female,25.0,8.0,126442.59,1.0,1.0,0.0,121904.44,0.0
599.0,Spain,Male,51.0,0.0,0.0,1.0,1.0,1.0,175235.99,0.0
577.0,France,Male,37.0,2.0,127261.35,1.0,1.0,0.0,56185.05,0.0
733.0,Spain,Female,32.0,5.0,0.0,2.0,1.0,0.0,131625.14,0.0
647.0,France,Female,33.0,4.0,0.0,1.0,1.0,0.0,152323.04,0.0
831.0,France,Female,34.0,2.0,0.0,2.0,0.0,0.0,165840.94,0.0
543.0,Germany,Male,30.0,6.0,73481.05,1.0,1.0,1.0,176692.65,0.0
679.0,France,Male,34.0,7.0,160515.37,1.0,1.0,0.0,121904.14,0.0
543.2035274156127,Germany,Female,61.0,4.0,149525.34,2.0,1.0,0.0,123663.63,1.0
690.0,Germany,Female,43.0,2.0,166522.78,1.0,0.0,0.0,85673.44921561723,1.0
751.0,France,Male,29.0,1.0,135536.5,1.0,1.0,0.0,66825.33,0.0
613.0,Germany,Female,43.0,10.0,124928.78650691334,1.0,0.0,0.0,94875.03,1.0
701.0,Spain,Male,28.0,1.0,103421.32,1.0,0.0,1.0,76304.73,0.0
698.0,France,Male,33.0,5.0,37897.76918598103,2.0,0.0,1.0,39755.0,0.0
451.0,France,Female,41.816904437584135,5.148147843965634,0.0,2.0,1.0,1.0,180142.42,0.0
665.0,France,Male,28.0,8.0,34740.240253633594,2.0,1.0,0.0,83238.4,0.0
726.0,Germany,Male,50.0,9.0,94504.35,1.0,0.0,1.0,5078.9,0.0
608.0,Germany,Female,44.0,5.0,126147.84,1.0,0.0,1.0,132424.69,1.0
549.0,France,Female,46.0,7.0,0.0,1.0,1.0,1.0,109057.56,0.0
803.0,France,Male,33.0,6.0,0.0,1.835971237007138,1.0,0.0,115676.61,0.0
663.0,France,Male,43.0,6.260220006288951,24227.240178012402,2.0,1.0,0.0,149401.33,0.0
558.0,France,Female,45.0,1.0,153697.53,2.0,0.0,0.0,89891.4,1.0
714.0,France,Female,25.0,4.0,0.0,2.0,0.0,0.0,82500.84,0.0
704.0,France,Male,39.0,5.0,0.0,1.0,1.0,0.0,6416.92,0.0
805.0,France,Female,45.254121918278805,9.0,79792.41316583757,1.3172612477872399,1.0,0.0,189428.75,1.0
659.0,Germany,Male,34.0,4.831852112199279,134464.58,2.0,1.0,0.0,178833.34,0.0
738.0,Germany,Male,62.0,10.0,83008.31,1.4158169136199996,1.0,1.0,42766.03,0.0
635.0,Spain,Male,35.0,2.0,113635.16,1.0,1.0,0.0,90883.12,0.0
530.0,Spain,Female,36.0,7.0,24353.463471990046,2.0,1.0,0.0,80619.09,0.0
662.4574106030366,Germany,Male,41.0,5.0,122552.48,2.0,1.0,1.0,120646.4,0.0
531.0,Spain,Male,31.0,2.0,118899.45,1.2184722575247227,0.0,0.0,41409.36,0.0
694.0,France,Female,29.0,5.0,99713.87,1.233434481047844,0.0,0.0,112317.89,0.0
731.0,France,Female,36.0,6.0,0.0,1.0,0.0,0.0,152128.36,0.0
556.0,France,Female,36.0,2.0,134208.22,1.198386624497926,0.0,1.0,177670.57,0.0
647.0,Germany,Male,46.52885552021522,1.0,85906.65,3.0,1.0,0.0,189159.97,1.0
850.0,Germany,Male,32.0,3.0,137714.25,1.0,0.0,1.0,159403.68,0.0
573.0,Spain,Male,33.0,6.001524244627607,160777.9,1.21979328607015,1.0,1.0,149536.15,0.0
591.0,France,Male,45.0,5.0,0.0,1.8056643537609587,1.0,1.0,155492.87,0.0
723.0,France,Male,21.0,4.0,0.0,2.0,0.0,0.0,24847.02,0.0
617.0,France,Male,25.0,1.0,102585.88,2.0,1.0,1.0,115387.4,0.0
704.0,Germany,Male,39.0,10.0,102556.18,1.1182167730815677,1.0,0.0,75703.56141282785,1.0
457.0,Germany,Male,42.0,4.0,126772.57,1.0,0.0,1.0,126106.4,0.0
787.0,Germany,Female,38.0,3.0,117900.87542166146,1.0,1.0,1.0,28228.35,0.0
651.0,France,Female,34.0,9.0,0.0,2.0,1.0,0.0,138113.71,0.0
612.0,Germany,Male,42.0,5.0,141927.1,1.78257413168212,1.0,1.0,43018.98,0.0
641.8840929167441,Spain,Male,44.690712675080064,5.716083534078144,109876.82,2.0,1.0,1.0,128138.20442488148,1.0
724.0,France,Female,34.0,2.0,0.0,2.0,1.0,1.0,118863.38,0.0
648.0,Germany,Male,43.50346584124432,9.0,111369.79,1.4502503200797643,1.0,1.0,91947.74,0.0
569.0,Spain,Male,35.0,3.0,116969.35,1.0,0.0,0.0,94488.82,0.0
765.0,Germany,Female,34.0,8.0,136729.51,2.0,0.0,0.0,47058.21,0.0
577.0,Germany,Female,44.0,1.0,152086.15,1.0,0.0,1.0,44719.5,1.0
603.0,Spain,Male,46.0,2.0,0.0,2.0,1.0,0.0,98762.64198283042,0.0
568.0,Spain,Male,28.0,1.0,127289.28,1.0,0.0,0.0,45611.51,0.0
748.0,Germany,Male,45.0,2.0,119852.01,1.5224159567928846,0.0,0.0,73853.94,1.0
699.9977472496383,Spain,Male,44.94414367149789,4.0,120639.9344732341,1.2768240133050692,1.0,1.0,104163.65930242717,0.0
771.0,Spain,Female,41.0,5.0,0.0,2.0,0.0,1.0,92914.67,0.0
763.0,France,Male,35.0,9.0,0.0,1.0,1.0,1.0,31372.91,0.0
633.7199251180051,France,Female,35.0,7.0,117183.74,1.0,1.0,1.0,109733.73,0.0
728.0,France,Male,33.0,8.0,129907.63,1.0,0.0,1.0,36083.96,0.0
655.0,Spain,Female,78.0,2.0,0.0,2.0,1.0,1.0,188435.38,0.0
580.0,Germany,Male,47.362089538540936,6.0,145387.32,1.6469189625650067,1.0,1.0,169963.2,1.0
712.0,France,Male,35.0,7.0,124791.89863799253,1.2878556984173006,1.0,1.0,69320.97,0.0
680.0,France,Male,31.0,9.0,0.0,2.0,1.0,0.0,36145.53,0.0
383.0,Spain,Female,48.0,8.0,95808.19,1.4772703141442116,0.0,0.0,137702.01,1.0
721.0,France,Male,35.0,10.0,0.0,2.0,1.0,0.0,71594.26,0.0
620.0,France,Female,42.0,1.0,0.0,2.0,0.0,1.0,65565.92,0.0
774.0,Spain,Female,36.0,8.0,117152.3,1.0,0.0,0.0,101828.39,0.0
563.0,France,Male,35.0,3.0,106250.72,1.0,0.0,0.0,39546.32,0.0
850.0,Germany,Female,27.0,8.0,111837.78,2.0,1.0,1.0,110805.79,0.0
681.0,France,Male,47.0,9.0,97023.21,1.0,1.0,1.0,2168.13,0.0
631.0,Germany,Female,31.0,8.0,137687.72,1.0,1.0,0.0,190067.12,0.0
614.0,Spain,Female,40.0,3.0,113348.5,1.0,1.0,1.0,77789.01,0.0
704.0,Spain,Male,24.0,10.0,102963.0926605308,1.0,1.0,0.0,127654.37,0.0
786.0,France,Male,32.0,2.0,120452.4,2.0,0.0,0.0,79602.86,0.0
534.0,France,Female,53.0,7.0,0.0,2.0,1.0,1.0,80619.17,0.0
590.0,Spain,Male,34.0,0.0,65812.35,2.0,0.0,1.0,160346.3,0.0
641.2232321476911,Spain,Female,40.0,3.0,54428.37,1.0,1.0,0.0,109638.78,1.0
656.0,France,Female,75.0,3.0,0.0,2.0,1.0,1.0,1276.87,0.0
597.0,France,Male,33.0,9.0,0.0,2.0,1.0,0.0,49374.82,0.0
588.0,Germany,Female,48.0,5.053760019311412,143279.58,2.0,1.0,0.0,31580.8,1.0
667.0,Germany,Male,34.59722587923073,0.0,103846.65,1.0,1.0,0.0,20560.69,0.0
627.0,France,Male,37.0,2.0,125190.86,1.0,0.0,1.0,84584.69,0.0
708.0,France,Female,33.0,8.0,0.0,2.0,1.0,1.0,15246.83,0.0
641.0,France,Male,65.0,6.0,38340.02,1.0,1.0,0.0,32607.77,1.0
527.0,Germany,Female,28.0,2.0,123802.98,2.0,1.0,1.0,155846.69,0.0
592.0,France,Male,37.0,4.80171514545606,96651.03,1.0,1.0,1.0,3232.82,0.0
465.0,France,Male,33.0,8.0,28015.39288233145,2.0,1.0,0.0,177668.55,0.0
624.0126273819596,France,Male,39.0,6.0,0.0,2.0,0.0,0.0,134441.6,0.0
678.0,France,Male,43.0,1.0,133237.21,1.1059465572973688,1.0,0.0,111032.79,1.0
570.0,France,Female,61.0,6.0,142105.35,1.0,1.0,1.0,45214.04,0.0
815.0,France,Male,37.0,1.0,166115.42,1.0,1.0,0.0,67208.3,0.0
817.0,France,Female,37.0,6.0,81070.34,2.0,1.0,0.0,104222.61594340816,0.0
717.0,France,Male,35.0,4.0,0.0,1.0,1.0,1.0,167573.06,0.0
641.0,France,Female,53.0,0.0,123835.52,1.2340772620349387,0.0,1.0,160110.65,0.0
624.0,France,Male,51.0,10.0,32922.894116022835,2.0,1.0,1.0,127825.25,0.0
579.0,France,Male,49.0,4.0,127809.08448797392,1.2417232079553886,1.0,1.0,123535.05,0.0
698.0,France,Male,38.0,2.0,130015.24,1.0,1.0,1.0,41595.3,0.0
645.0,France,Male,32.0,4.0,0.0,2.0,0.0,1.0,97628.08,0.0
691.0,Germany,Male,34.0,5.6261525777722206,133936.04,2.0,1.0,0.0,91359.79,0.0
638.0,France,Male,34.0,6.0,114543.27,1.0,1.0,1.0,97755.29,0.0
705.0,France,Female,31.0,3.0,119794.67,1.0,0.0,0.0,182528.44,0.0
720.0,France,Male,33.0,5.222998031931877,0.0,2.0,1.0,1.0,142956.48,0.0
553.0,Spain,Male,44.0,4.0,0.0,1.0,1.0,0.0,10789.3,0.0
658.0,France,Female,29.0,8.0,0.0,2.0,0.0,1.0,130461.09,0.0
648.0,Germany,Female,32.0,8.0,157138.99,1.072974997532675,1.0,0.0,190994.48,1.0
636.0,Spain,Male,45.0,3.0,37757.59805081424,2.0,1.0,1.0,159463.8,0.0
527.0,Germany,Female,41.0,10.0,136733.24,1.6020730664587595,1.0,1.0,57589.29,0.0
717.0,Germany,Female,28.0,9.0,82498.14,2.0,0.0,0.0,40437.67,0.0
614.0,Spain,Male,39.0,3.0,151914.93,1.0,0.0,0.0,56459.45,0.0
737.0,France,Male,43.0,0.0,80090.93,1.0,1.0,0.0,39920.0,1.0
587.0,France,Male,51.0,3.0,83739.32,1.0,0.0,1.0,148798.45,0.0
682.0,France,Male,35.0,2.0,181166.44,1.0,1.0,1.0,63737.19,1.0
710.0,France,Male,38.0,3.0,130588.82,1.0,1.0,1.0,154997.64,0.0
507.0,France,Male,42.0,6.0,0.0,2.0,1.0,0.0,34777.23,0.0
609.0,Germany,Male,33.0,6.0,94126.67,1.0,0.0,0.0,93718.16,0.0
786.0,France,Male,32.0,9.0,0.0,2.0,1.0,0.0,133112.41,0.0
650.1151292908355,France,Male,44.28058820893778,7.0,148045.68,1.0,1.0,0.0,175479.92,1.0
710.0,France,Male,38.0,2.0,0.0,2.0,1.0,0.0,96.27,0.0
779.0,France,Male,33.0,5.2806214764033435,0.0,2.0,1.0,0.0,107910.13600321928,0.0
733.0,France,Female,44.0,6.0,168165.84,1.0,1.0,1.0,197193.49,0.0
583.0,Germany,Female,26.0,10.0,125921.93938632487,2.0,1.0,0.0,96792.15,0.0
627.0,France,Male,41.0,3.0,0.0,2.0,1.0,0.0,132719.8,0.0
666.0,Germany,Male,31.0,3.0,123212.08,2.0,1.0,1.0,112157.31,0.0
620.0,Spain,Male,38.0,0.0,0.0,2.0,1.0,1.0,38015.34,0.0
614.0,Spain,Female,39.0,6.0,0.0,2.0,1.0,1.0,164018.98,0.0
606.0,France,Male,40.0,6.0,119501.88,2.0,1.0,0.0,46774.94,0.0
700.0,Germany,Male,41.35528562409428,5.362118411256775,144550.83,2.0,1.0,1.0,189664.43,0.0
677.0,Germany,Male,34.0,3.0,118057.12014896516,1.0,1.0,1.0,96241.49245566079,1.0
850.0,Germany,Male,36.0,5.9936785778918145,120745.5242317425,1.0,1.0,0.0,85487.72479036138,0.0
564.0,France,Male,35.0,4.0,0.0,1.0,1.0,0.0,158937.55,0.0
771.0,Spain,Female,56.0,2.0,0.0,1.0,1.0,1.0,25222.6,1.0
620.0,Spain,Male,38.14017537122767,9.0,121490.05,1.0,1.0,1.0,29296.74,0.0
610.0,Spain,Male,46.0,5.0,91897.8,1.0,1.0,0.0,54394.28,0.0
609.0,Spain,Male,39.0,2.0,139443.75,2.0,1.0,0.0,100122.10176058761,0.0
683.0,Germany,Male,35.0,5.0,144961.97,1.0,1.0,1.0,26796.73,0.0
633.0,Germany,Male,42.0,3.0,126041.02,1.0,0.0,1.0,11796.89,0.0
676.0,Germany,Male,28.0,1.0,69459.05,2.0,1.0,1.0,94247.68544970575,0.0
693.0,France,Male,38.0,7.0,198338.77,1.0846808654017588,1.0,1.0,14278.18,0.0
709.0,France,Male,36.0,0.0,0.0,2.0,1.0,0.0,46811.77,0.0
569.0,Germany,Male,35.0,2.0,109196.66,3.0,1.0,0.0,89104.37904619175,1.0
684.0,Spain,Female,38.0,3.0,134168.5,3.0,1.0,0.0,3966.5,1.0
565.0,France,Male,34.0,6.0,0.0,1.0,1.0,1.0,63173.64,0.0
681.0,France,Male,29.0,8.0,0.0,1.0,1.0,0.0,66367.33,0.0
503.0,Spain,Female,36.0,9.0,0.0,2.0,1.0,1.0,84019.86341763042,0.0
656.0,France,Male,40.0,2.0,45395.398137108416,2.0,1.0,1.0,180553.48,0.0
566.0,Germany,Male,65.0,4.626065610350797,120100.41,1.0,1.0,0.0,107563.16,1.0
592.0,France,Female,62.0,5.0,0.0,1.0,1.0,1.0,100941.57,0.0
687.0,France,Female,50.0,5.0,0.0,2.0,1.0,0.0,110230.4,0.0
686.0,Spain,Male,22.0,8.0,0.0,2.0,0.0,0.0,142331.85,0.0
616.0,Spain,Male,30.0,2.0,0.0,2.0,1.0,1.0,199099.51,0.0
494.0,Spain,Male,67.0,5.0,26015.212313990345,2.0,1.0,1.0,85890.16,0.0
534.0,France,Male,38.0,3.0,0.0,1.0,0.0,0.0,143938.27,0.0
648.8983993435932,Spain,Female,31.0,8.0,0.0,2.0,1.0,1.0,131644.41,0.0
579.0,Spain,Female,31.0,9.0,0.0,2.0,1.0,0.0,112395.98,0.0
432.0,Germany,Male,38.0,4.673884552384097,135559.8,1.6490382089399376,1.0,1.0,71856.3,0.0
816.0,France,Female,25.0,2.0,150355.35,2.0,1.0,1.0,35770.84,0.0
730.0,France,Female,37.0,1.0,0.0,2.0,1.0,1.0,124364.63,0.0
593.0,France,Female,35.0,4.978029621211146,133489.12,2.0,1.0,1.0,78101.29,0.0
715.0,Germany,Female,37.0,9.0,105489.31,1.0,0.0,0.0,143096.49,1.0
775.0,Germany,Male,25.0,10.0,60205.2,2.0,1.0,0.0,14073.11,0.0
539.0,France,Male,38.0,5.0,0.0,2.0,1.0,0.0,47388.41,0.0
576.0,Spain,Male,35.16956344979222,6.0,0.0,2.0,0.0,0.0,72306.07,0.0
629.3172158069226,Spain,Male,44.60901752427545,7.0,0.0,1.0,1.0,0.0,184839.7,1.0
688.0,France,Male,40.0,5.023459049934757,0.0,1.0,1.0,1.0,47886.44,0.0
608.0,France,Male,33.0,4.685279193659408,0.0,1.0,0.0,1.0,130474.03,0.0
679.7262453495053,Spain,Male,35.0,9.0,0.0,3.0,1.0,1.0,87519.14697448921,0.0
670.0,France,Female,42.0,6.0,112333.63,1.0,1.0,1.0,65706.86,0.0
643.5568642202915,Germany,Female,57.0,7.0,123926.09753640628,1.7783055193666024,1.0,1.0,102374.64050296848,0.0
579.0,Germany,Female,50.0,5.0,117721.02,1.0,0.0,1.0,192146.63,1.0
786.0,France,Male,37.0,7.0,165896.22,2.0,1.0,1.0,98754.31524110858,0.0
704.0,Spain,Female,44.0,4.515964945851337,153656.85,1.0,1.0,1.0,158742.81,0.0
796.0,France,Female,50.0,5.219201051655596,94164.0,1.0,1.0,1.0,189414.74,0.0
598.0,France,Male,39.0,5.300408534074626,0.0,2.0,1.0,1.0,159130.32,0.0
602.0,France,Male,49.0,0.0,191808.73,1.0,0.0,0.0,97640.2,0.0
619.0,France,Male,58.0,5.0,152199.33,1.0,1.0,1.0,91863.69553227608,0.0
492.0,Germany,Female,52.0,8.0,125396.24,1.0,1.0,0.0,10014.72,1.0
641.0,France,Male,41.0,7.0,33114.08792903197,3.0,1.0,1.0,129926.32014969808,0.0
518.0,France,Female,27.0,1.0,133801.49,1.0,1.0,1.0,143315.57,0.0
623.0,Spain,Female,40.0,4.0,0.0,3.0,1.0,0.0,31669.18,0.0
733.0,France,Female,28.0,5.0,0.0,2.0,0.0,0.0,12761.16,0.0
625.0,Germany,Male,42.0,6.0,100047.33,1.0,1.0,0.0,93429.95,0.0
759.0,France,Female,31.0,1.0,109848.6,1.0,1.0,1.0,42012.55,0.0
604.0,France,Female,32.0,7.0,127849.38,1.0,1.0,0.0,15798.7,0.0
512.0,Spain,Male,46.0,3.0,0.0,2.0,1.0,1.0,56408.14,0.0
520.0,France,Female,29.0,8.0,95947.76,1.0,1.0,0.0,4696.44,0.0
805.0,Spain,Male,26.0,2.0,0.0,2.0,1.0,0.0,119478.87292005413,0.0
626.0,France,Male,43.0,4.0,137638.69,1.3200773859986425,1.0,0.0,130442.08,1.0
656.0,France,Male,38.0,10.0,0.0,1.0,1.0,1.0,136521.82,0.0
613.890149914442,Spain,Male,41.0,7.0,0.0,2.0,1.0,1.0,199108.88,0.0
553.0,France,Male,31.0,6.0,22035.335532956648,2.0,0.0,0.0,124596.63,0.0
569.0,France,Female,44.0,4.0,0.0,2.0,0.0,0.0,134394.78,0.0
670.0,France,Male,38.0,10.0,89416.99,1.0,0.0,1.0,144275.39,0.0
647.0421752167647,Spain,Male,42.0,5.513995852971832,0.0,2.0,1.0,1.0,123410.23,0.0
617.0,Spain,Female,45.0,1.0,0.0,1.0,1.0,0.0,143298.06,0.0
508.0,France,Female,60.0,7.0,143262.04,1.0,1.0,1.0,129562.74,0.0
624.0,Spain,Female,34.20335411464896,7.0,119656.45,2.0,1.0,1.0,4595.05,0.0
648.5823972988848,France,Male,29.0,4.0,132954.64,1.0,1.0,1.0,146715.07,0.0
681.0,Germany,Female,44.0,3.0,105206.7,2.0,1.0,1.0,82675.82075595325,0.0
578.0,Spain,Male,28.0,4.0,0.0,2.0,0.0,0.0,6947.09,0.0
621.0,Spain,Female,37.0,9.0,83061.26,2.0,1.0,0.0,9170.54,0.0
632.0,France,Male,40.0,5.0,147650.68,1.0,1.0,1.0,199674.83,0.0
644.0,France,Male,44.0,5.0,73348.56,1.0,1.0,0.0,105709.15052488224,1.0
821.0,France,Male,34.58533207882311,2.0,0.0,2.0,1.0,0.0,46072.52,0.0
754.0,France,Female,38.0,2.0,0.0,2.0,0.0,0.0,3524.69,0.0
568.0,Spain,Female,27.0,1.0,116320.68,1.0,0.0,1.0,45563.94,0.0
584.0,France,Male,33.0,4.769922738028735,0.0,2.0,0.0,1.0,59103.13,0.0
549.0,France,Female,37.323782542621764,8.0,0.0,2.0,1.0,1.0,189558.44,0.0
729.0,France,Female,38.0,7.0,0.0,2.0,0.0,0.0,45779.9,0.0
628.8590354823498,France,Male,61.0,8.0,66250.71,1.0,1.0,1.0,21859.06,0.0
477.0,France,Female,24.0,2.0,95675.62,2.0,0.0,0.0,162699.7,1.0
675.0,Germany,Male,42.0,2.0,92616.64,2.0,1.0,1.0,8567.18,0.0
782.0,Spain,Female,41.0,4.0,87249.61949387054,1.0,1.0,0.0,132943.88,0.0
616.0,Spain,Female,36.0,6.0,67314.85417809356,1.0,1.0,1.0,88813.33633536132,1.0
738.0,Spain,Female,37.0,8.0,100565.94,1.0,1.0,1.0,128799.86,0.0
673.3132909525557,Spain,Female,42.0,5.0,190305.78,1.0,1.0,0.0,99347.8,1.0
526.0,Germany,Female,35.0,9.0,118536.4,1.0,1.0,0.0,40980.87,1.0
660.0,France,Male,38.58461117227458,5.0,127649.64,1.0,1.0,1.0,40368.65,0.0
525.0,France,Male,35.0,7.0,165358.77,1.0,0.0,1.0,94738.54,0.0
629.0,Spain,Male,29.0,6.0,0.0,2.0,1.0,1.0,88842.8,0.0
616.0,Germany,Female,36.0,10.0,78249.53,1.0,1.0,0.0,136934.91,0.0
641.6034267171417,France,Female,61.0,5.969060104996547,125193.96,1.0,1.0,1.0,109356.53,0.0
691.0,France,Female,29.0,9.0,0.0,2.0,0.0,0.0,199635.93,0.0
687.0,Germany,Female,41.0,2.0,154007.21,1.0,1.0,0.0,158408.23,0.0
677.0,Germany,Female,38.664663566353624,4.551371118800266,133214.88,2.0,1.0,1.0,95936.84,0.0
657.1061519982001,Spain,Female,63.0,4.927971894906657,60889.60100936509,1.0,1.0,1.0,107611.67708242209,1.0
663.0,France,Female,27.0,9.0,0.0,2.0,1.0,0.0,150850.29,0.0
496.0,France,Male,30.0,0.0,90963.49,1.0,0.0,1.0,27802.0,0.0
747.0,Germany,Male,41.0,9.0,122180.01008126003,1.0,1.0,0.0,102161.50075349466,1.0
546.0,France,Female,52.0,2.0,0.0,1.0,1.0,0.0,137332.37,1.0
706.0,Spain,Male,68.0,4.0,114386.85,1.0,1.0,1.0,101939.94000106915,0.0
472.0,France,Female,26.0,5.0,0.0,2.0,1.0,0.0,108411.66,0.0
649.0216316805522,France,Female,40.0,7.0,0.0,2.0,0.0,1.0,98381.64305539125,0.0
850.0,France,Female,38.0,2.0,0.0,2.0,1.0,0.0,9015.07,0.0
667.0,Spain,Male,71.0,4.0,137260.78,1.0,1.0,1.0,94433.08,1.0
559.0,France,Male,33.0,9.0,111060.05,2.0,1.0,0.0,110371.84,0.0
636.0,Germany,Male,60.0,4.236699132847908,124447.73,1.0,1.0,1.0,77234.25854831052,1.0
672.0,France,Female,34.0,8.0,0.0,2.0,1.0,1.0,16245.25,0.0
667.0,France,Male,42.0,7.0,0.0,1.8730580847022897,0.0,1.0,108348.94,1.0
623.5616047908703,Germany,Male,33.0,7.0,135310.41,2.0,0.0,1.0,171668.2,0.0
497.0,France,Male,32.0,8.0,0.0,2.0,1.0,0.0,67364.42,0.0
743.0,France,Female,73.0,6.0,0.0,2.0,0.0,1.0,107867.38,0.0
619.0,France,Male,35.56149860980995,5.0,0.0,2.0,1.0,0.0,194310.1,0.0
639.0,Spain,Male,34.0,5.0,139393.19,2.0,0.0,0.0,33950.08,0.0
540.0,Spain,Male,28.0,8.0,0.0,2.0,0.0,0.0,197588.32,0.0
766.0,France,Female,26.0,3.0,104258.8,1.0,1.0,1.0,428.23,0.0
749.0,France,Female,26.0,6.0,0.0,2.0,0.0,1.0,98456.6949308129,0.0
655.0,Germany,Male,32.0,9.0,113447.01,1.0,1.0,0.0,82084.3,0.0
630.0,France,Male,37.720682586384356,9.0,0.0,2.0,1.0,0.0,64804.59,0.0
778.0,Germany,Female,35.85271894102923,4.0,111063.73,2.0,1.0,0.0,83556.65,0.0
757.0,Germany,Female,45.855565446791154,6.0,161378.02,1.0,0.0,0.0,80305.47044833624,1.0
529.0,Spain,Female,39.0,2.0,82766.43,1.0,1.0,1.0,122925.44,0.0
620.0,Spain,Male,29.0,5.417729859405791,0.0,2.0,1.0,0.0,13133.88,0.0
615.0,France,Female,61.0,4.6919863349295445,104267.7,1.0,1.0,0.0,62845.64,1.0
735.0,France,Female,25.0,3.0,91718.8,1.0,0.0,0.0,28411.23,0.0
705.0,Spain,Female,47.0,3.0,63488.7,1.0,0.0,1.0,28640.92,1.0
644.0,Spain,Female,46.0,6.0,12459.19,1.0,0.0,0.0,156787.34,1.0
505.0,Germany,Female,37.0,6.0,159863.9,2.0,0.0,1.0,125307.87,0.0
471.0,Germany,Male,23.0,6.0,104592.55,2.0,1.0,0.0,131736.23,0.0
722.0,Spain,Female,50.0,4.0,132088.59,1.0,1.0,1.0,128262.14,0.0
577.0,Spain,Female,39.0,4.0,0.0,2.0,1.0,0.0,91366.42,0.0
744.0,Spain,Male,44.0,5.108480910799697,120654.68,1.2542356342346632,1.0,0.0,82290.81,0.0
573.0,France,Female,30.0,6.0,0.0,2.0,1.0,0.0,66190.21,0.0
653.0,France,Female,32.0,4.0,83772.95,1.0,0.0,1.0,23920.65,0.0
660.0,France,Male,31.0,6.0,172325.67,1.0,0.0,1.0,45438.38,0.0
787.0,Germany,Male,37.96799185055906,7.0,117685.31,2.0,1.0,1.0,103674.6347097293,0.0
617.0,France,Male,41.0,7.0,0.0,2.0,0.0,1.0,14496.67,0.0
567.0,France,Male,39.0,5.0,0.0,2.0,0.0,0.0,168521.72,0.0
682.0,Spain,Male,64.0,9.0,0.0,2.0,1.0,1.0,103318.44,0.0
684.0,France,Male,35.0,6.0,135871.5,1.0,1.0,1.0,87219.41,0.0
721.4059819536944,France,Male,38.71595743704235,5.02946944505712,53190.88615087781,4.0,1.0,1.0,197490.39,0.0
619.5617120973451,Germany,Female,49.0,5.177991244066372,128504.76,1.0,1.0,0.0,126812.63,1.0
585.0,France,Male,35.62789053057642,7.0,0.0,2.0,1.0,0.0,94283.09,0.0
516.0,France,Female,42.0,8.0,56228.25,1.0,1.0,0.0,46857.52,0.0
732.0,Germany,Female,45.0,6.0,98792.4,1.0,1.0,0.0,81491.7,1.0
656.8985157687916,Germany,Male,40.0,5.0,120273.44550114569,1.8039264709389333,1.0,1.0,129107.97,0.0
682.0,Germany,Male,48.837118654544824,4.8658423215061894,101198.01,1.5791957160412369,1.0,1.0,49732.9,0.0
746.0,France,Male,25.0,9.0,0.0,2.0,0.0,1.0,88728.47,0.0
655.0,France,Female,60.0,3.0,0.0,2.0,1.0,1.0,86981.45,0.0
644.0,France,Female,39.0,9.0,0.0,1.0,1.0,0.0,3740.93,0.0
778.0,France,Male,34.0,5.828943046480027,36243.68249504262,2.0,0.0,0.0,67949.32,0.0
617.0,France,Female,35.0,2.0,104508.1,1.0,1.0,1.0,147636.46,0.0
658.332485138796,Germany,Male,47.10610051054679,6.257331767188382,113948.58,1.3038975684070482,1.0,0.0,188891.96,1.0
537.0,France,Male,47.0,10.0,0.0,2.0,0.0,0.0,25482.62,0.0
554.0,France,Female,39.0,10.0,0.0,2.0,1.0,0.0,97773.81522615631,0.0
806.0,France,Male,31.0,9.0,0.0,2.0,0.0,1.0,140168.36,0.0
611.0,Germany,Male,37.0,1.0,117524.72,2.0,1.0,1.0,161064.29,0.0
665.0,France,Female,37.0,5.0,160389.82,1.0,1.0,1.0,183542.08,0.0
648.0,France,Female,37.0,7.0,0.0,2.0,1.0,0.0,194238.92,0.0
692.0,France,Male,27.0,1.0,125547.53,1.0,0.0,0.0,7900.46,0.0
507.0,Spain,Male,46.0,6.0,91790.52175912794,1.0,1.0,1.0,97717.91239611025,0.0
649.3951248581066,France,Male,49.0,5.0,97036.22,2.0,1.0,0.0,118690.74383828264,1.0
681.0,France,Male,34.0,3.0,0.0,2.0,0.0,0.0,55816.2,0.0
687.0,France,Female,26.0,6.0,0.0,2.0,1.0,1.0,32909.13,0.0
641.0,Spain,Male,40.0,6.764047451491736,123903.4169503115,1.3654191170828391,1.0,1.0,100637.07,0.0
507.0,France,Female,33.0,1.0,113452.66,1.0,0.0,0.0,142911.99,0.0
688.0,Spain,Female,46.0,8.0,155681.72,1.1115362474445458,1.0,0.0,26287.21,0.0
535.0,Germany,Male,38.0,8.0,127475.24,1.0,0.0,0.0,60775.76,1.0
701.0,France,Male,41.0,10.0,19671.56693808587,2.0,1.0,1.0,146257.77,0.0
488.0,France,Male,43.0,10.0,112751.13,1.0,1.0,1.0,28332.0,0.0
539.0,France,Female,29.0,4.0,22256.21904384836,2.0,1.0,1.0,100919.19,0.0
674.0,France,Male,45.056131456287936,7.0,144889.18,1.0,1.0,0.0,102591.9,1.0
538.0,Spain,Male,40.0,8.0,0.0,2.0,1.0,1.0,25554.4,0.0
829.0,France,Male,22.0,7.0,150126.44,1.0,1.0,0.0,152107.93,1.0
768.0,France,Male,54.0,8.0,69712.74,1.1825243425151675,1.0,1.0,69381.05,0.0
585.0,Spain,Female,44.0,4.0,0.0,2.0,0.0,1.0,101728.46,0.0
581.0,France,Male,31.0,3.0,0.0,2.0,0.0,0.0,89040.61,0.0
682.0,Germany,Female,35.0,2.0,117438.92,2.0,1.0,1.0,16910.98,0.0
653.0,France,Male,38.0,5.563777904833845,119315.75,1.0,1.0,1.0,150468.35,0.0
712.0,France,Male,30.0,1.0,89571.59,1.0,1.0,1.0,177613.19,0.0
620.0,Germany,Female,34.0,8.0,102251.57,1.0,1.0,0.0,120672.09,0.0
709.0,France,Male,42.0,9.0,118546.71,1.0,0.0,1.0,77142.85,0.0
832.0,France,Male,61.0,2.0,0.0,1.0,0.0,1.0,127804.66,1.0
635.0,Spain,Male,38.0,0.0,103257.14,1.0,0.0,0.0,158344.63,0.0
749.0,Spain,Female,43.0,1.0,124209.02,1.0,1.0,1.0,167179.48,0.0
629.0,Spain,Male,32.0,3.0,0.0,2.0,1.0,1.0,15404.64,0.0
836.0,Spain,Female,36.72186661372746,5.006619646551233,111050.85865633852,1.0,1.0,1.0,156036.19,0.0
542.0,Spain,Male,34.0,8.0,108653.93,1.0,0.0,1.0,144725.14,0.0
645.0,France,Female,45.0,8.0,85325.93,1.0,0.0,0.0,22558.74,0.0
844.0,France,Female,29.0,8.0,0.0,2.0,0.0,0.0,147342.03,0.0
747.0,Germany,Male,37.0,3.848051952502991,135776.36,3.0,1.0,0.0,85470.45,1.0
645.0,France,Male,40.0,6.0,131411.24,1.0,1.0,1.0,102853.04035140044,0.0
752.0,Spain,Female,36.0,3.0,0.0,2.0,1.0,1.0,48505.1,0.0
760.0,Spain,Female,41.0,6.0,0.0,2.0,0.0,0.0,101491.23,0.0
714.0,Germany,Female,45.0,9.0,106431.97,2.0,1.0,1.0,164117.69,0.0
717.0,France,Male,50.0,9.0,90305.76,1.0,1.0,1.0,124626.57,0.0
645.0,Germany,Male,28.0,7.0,117466.03,2.0,1.0,1.0,34490.06,0.0
681.0,France,Male,47.08385769126844,6.04036744423732,148884.47,1.2156195265575493,1.0,1.0,120879.90947340662,0.0
681.0,Germany,Female,44.0,4.0,91115.76,2.0,0.0,0.0,24208.84,1.0
679.0,Germany,Female,37.0,8.0,77373.87,2.0,1.0,1.0,174873.09,0.0
528.0,Spain,Male,23.0,7.0,104744.89,1.0,1.0,0.0,170262.97,0.0
710.0,France,Female,31.0,3.0,0.0,2.0,1.0,1.0,112289.06,0.0
733.0,Germany,Male,39.0,5.3569131838808905,121212.92362792362,1.0,1.0,1.0,93783.0,0.0
724.0,France,Female,32.0,6.0,0.0,2.0,1.0,1.0,150026.79,0.0
726.0,France,Female,34.0,5.203295140504787,185734.75,1.0,1.0,1.0,102036.82,0.0
520.0,France,Male,30.0,3.0,143396.54,2.0,1.0,1.0,898.51,0.0
556.0,France,Male,40.0,5.0,125909.85,1.0,1.0,1.0,95124.4,0.0
579.0,France,Female,45.0,2.0,0.0,2.0,0.0,0.0,11514.39,0.0
674.0,France,Male,36.0,2.0,154525.7,1.0,0.0,1.0,27468.72,0.0
570.0,France,Female,29.0,0.0,0.0,1.0,1.0,0.0,37092.43,0.0
631.0,France,Male,51.0,8.0,100654.8,1.220300303857902,1.0,1.0,171587.9,0.0
623.0,Spain,Male,44.0,1.0,83325.77,1.0,1.0,1.0,92729.3579874081,0.0
665.0,France,Male,34.28911472515331,8.0,110934.54,1.0,1.0,0.0,169287.99,0.0
523.0,Spain,Female,36.0,8.0,113680.54,1.0,0.0,0.0,13197.44,0.0
706.0,Germany,Male,31.0,1.0,117020.08,2.0,1.0,0.0,54439.53,0.0
619.0,France,Male,49.0,9.0,145359.99,1.0,1.0,0.0,38186.85,0.0
593.0,Germany,Female,39.0,8.0,151391.68,1.5010494507071819,1.0,0.0,27274.6,1.0
608.0,Spain,Male,66.0,8.0,123935.35,1.0,1.0,1.0,65758.19,0.0
526.0,France,Female,36.0,0.0,0.0,2.0,1.0,0.0,97767.63,0.0
644.5613557382014,France,Female,40.0,5.711968603345242,70291.02,1.0,1.0,1.0,115468.84,1.0
646.2175151440264,Germany,Female,42.0,10.0,166031.45,1.0,1.0,0.0,98293.14,0.0
636.0,Germany,Male,36.0,6.0,96643.32,1.0,0.0,0.0,182059.28,0.0
669.0,France,Female,35.81985921696029,8.0,0.0,2.0,0.0,1.0,128538.05,0.0
670.668689684715,France,Male,71.0,7.0,0.0,2.0,1.0,1.0,108841.83,0.0
631.0,France,Male,29.0,2.0,0.0,2.0,1.0,1.0,18581.84,0.0
753.0,France,Male,48.0,4.0,0.0,2.0,0.0,1.0,103373.24947599965,0.0
588.0,France,Male,40.0,5.0,0.0,2.0,0.0,0.0,100727.68,0.0
729.0,Germany,Male,35.43201764568208,4.0,97268.1,1.5986498152363156,1.0,0.0,39356.38,0.0
602.0,France,Female,42.0,10.0,0.0,2.0,0.0,0.0,169921.11,1.0
689.0,Germany,Female,55.0,1.0,76296.81,1.0,1.0,0.0,42364.75,1.0
486.0,France,Male,27.0,7.0,0.0,2.0,1.0,0.0,28823.04,0.0
809.0,Germany,Female,35.09024453288593,3.401740258509905,118632.4554781027,1.606651982487715,0.0,1.0,182436.81,0.0
643.5912658534817,France,Male,38.0,5.0,0.0,1.0,1.0,0.0,100230.6394498586,0.0
763.0,Spain,Female,32.0,8.0,0.0,2.0,1.0,0.0,91114.88085058209,0.0
669.0,France,Male,57.0,5.0,0.0,2.0,1.0,1.0,56875.76,0.0
709.0,France,Male,39.0,8.0,24893.807822530343,2.0,1.0,0.0,56214.09,0.0
554.0,Spain,Female,45.0,4.0,0.0,2.0,1.0,1.0,193412.05,0.0
699.0,France,Male,37.0,10.0,0.0,2.0,0.0,0.0,83263.04,0.0
732.0,Spain,Male,54.0,5.012953072707136,134249.7,1.0,1.0,1.0,97946.54637775924,0.0
625.0,France,Female,45.0,3.0,0.0,1.0,1.0,0.0,184474.15,1.0
599.0,France,Male,30.0,9.0,105443.68,1.0,1.0,1.0,121124.53,0.0
584.0,Spain,Female,50.0,1.0,0.0,1.0,0.0,1.0,152567.75,1.0
499.0,France,Male,35.0,10.0,0.0,2.0,1.0,0.0,10722.54,0.0
526.0,Spain,Male,38.0,2.0,0.0,2.0,0.0,0.0,58010.98,0.0
625.0,Germany,Female,35.0,5.0,86147.46,2.0,1.0,0.0,163440.8,1.0
537.0,Spain,Female,38.0,1.0,96939.06,1.0,1.0,1.0,102606.92,0.0
749.1875006343158,Spain,Male,47.0,6.086942594805972,106758.6,1.1905180713117818,1.0,1.0,80591.18,0.0
679.0,France,Female,33.0,9.0,112528.65,2.0,1.0,0.0,177362.45,0.0
651.2959652205308,Germany,Male,60.0,2.0,116563.58,1.2280788450970237,1.0,0.0,120257.7,1.0
850.0,France,Male,32.0,4.0,0.0,1.0,1.0,1.0,180622.02,0.0
495.0,Spain,Female,42.0,7.0,0.0,2.0,0.0,0.0,130404.53,0.0
537.0,Spain,Female,38.0,6.0,141786.78,1.0,0.0,1.0,147797.54,0.0
850.0,France,Male,41.0,3.0,136416.82,1.0,0.0,1.0,57844.26,0.0
513.0,France,Male,30.0,5.0,0.0,2.0,1.0,0.0,162523.66,0.0
618.0,Germany,Female,40.0,1.0,133245.52,2.0,1.0,1.0,54495.82,0.0
802.0,Germany,Female,41.0,4.0,90757.64,2.0,1.0,1.0,169183.66,0.0
547.0,France,Male,43.0,1.0,92350.36,1.0,0.0,1.0,80262.91,0.0
613.0,Germany,Male,69.0,9.0,78778.49,1.0,0.0,1.0,8751.59,0.0
592.0,Germany,Female,34.0,6.0,102143.93,2.0,1.0,1.0,102628.98,0.0
546.0,France,Male,29.0,5.0,0.0,1.0,1.0,1.0,94823.95,0.0
721.0,Germany,Male,37.0,4.0,98459.6,1.0,0.0,0.0,91758.53772494083,0.0
671.0,Germany,Female,47.0,7.0,114603.76,2.0,1.0,1.0,153194.32,0.0
624.0,France,Male,35.0,2.0,35559.71344050182,2.0,1.0,0.0,87310.59,0.0
751.0,France,Male,51.0,7.0,148074.79,1.0,1.0,0.0,146411.41,1.0
636.0,Spain,Male,45.18824278325516,1.0,0.0,3.0,1.0,1.0,106780.17005417054,1.0
632.2560210112484,Spain,Female,42.746442695303145,8.0,108004.64,1.9413359568879605,1.0,1.0,117379.10008462754,1.0
509.0,Germany,Female,29.0,0.0,107712.57,2.0,1.0,1.0,92898.17,0.0
679.9070558781116,Spain,Male,37.75149465607018,9.0,0.0,2.0,1.0,1.0,45956.05,0.0
661.1712582346167,Spain,Female,37.0,8.0,0.0,3.0,1.0,0.0,71738.56,0.0
559.0,France,Male,32.0,9.0,145303.52,1.0,1.0,0.0,103560.98,0.0
661.9122591888272,Germany,Male,37.0,4.0,138476.41,2.0,1.0,1.0,101616.34099188104,0.0
635.0,France,Male,27.0,8.0,127471.56,1.0,1.0,1.0,152916.05,1.0
709.0,France,Male,26.0,6.0,156551.63,1.0,0.0,1.0,4410.77,0.0
656.0,France,Male,49.0,9.0,97092.87,1.0,1.0,0.0,74771.22,1.0
793.0,France,Male,32.0,2.0,0.0,2.0,1.0,0.0,193817.63,1.0
609.0,Spain,Male,39.496797181257115,5.0,129312.79,1.0,1.0,1.0,26793.82,0.0
618.0,Germany,Female,36.65826097495068,10.0,100315.1,2.0,1.0,1.0,32526.64,0.0
850.0,France,Female,35.0,6.0,81684.97,1.0,1.0,0.0,824.0,0.0
669.0,Spain,Male,51.0,3.0,88827.53,1.0,1.0,0.0,85250.77,1.0
594.0,Germany,Male,40.0,5.2549821757059645,152092.44,2.0,1.0,1.0,83508.93,0.0
682.4770519300819,Spain,Male,40.40257707198956,4.0,0.0,1.8323445270394563,1.0,1.0,173599.38,0.0
676.0,France,Female,49.0,1.0,0.0,1.0,1.0,0.0,79342.31,1.0
608.0,Spain,Female,38.0,9.0,97957.48932844217,1.0,0.0,1.0,57600.66,0.0
710.0,Germany,Male,37.58689521609648,3.960732305201424,109130.96,2.0,1.0,1.0,56191.99,0.0
695.0,France,Male,29.0,5.0,0.0,2.0,1.0,1.0,6770.44,0.0
637.7014663030374,France,Male,33.0,9.0,75242.28,1.0,0.0,1.0,104294.96497074742,0.0
509.0,Spain,Male,29.0,1.0,0.0,2.0,1.0,0.0,69113.14,0.0
517.0,France,Female,45.0,4.0,0.0,1.0,0.0,0.0,172674.36,1.0
758.0,Germany,Male,33.0,0.0,129142.54,2.0,1.0,1.0,26606.28,0.0
665.0,France,Male,51.0,2.0,0.0,1.0,0.0,0.0,53353.36,0.0
631.0,Germany,Female,22.0,6.0,139129.92,1.0,1.0,1.0,63747.51,0.0
576.0,Spain,Male,33.0,3.0,0.0,2.0,0.0,1.0,190112.05,0.0
544.0,Spain,Male,22.0,5.868330942822311,66483.32,1.0,0.0,1.0,110317.39,0.0
596.0,Germany,Male,40.0,5.0,62389.03,3.0,1.0,0.0,105572.53187895274,1.0
481.0,France,Female,34.0,5.0,0.0,2.0,1.0,1.0,125253.46,0.0
658.6357343488077,France,Male,46.0,1.0,91857.66,1.0,1.0,0.0,101954.78,1.0
512.0,Spain,Male,31.0,6.0,0.0,2.0,1.0,0.0,168462.26,0.0
594.0,France,Female,56.0,7.0,0.0,1.0,1.0,0.0,26215.85,1.0
570.0,France,Male,30.0,10.0,176173.52,1.0,1.0,0.0,72361.08939537876,1.0
721.0,Spain,Male,38.0,7.0,0.0,1.0,0.0,1.0,53534.8,0.0
453.0,France,Female,37.0,4.0,131834.76,2.0,1.0,0.0,8949.2,0.0
562.0,France,Male,48.0,3.0,92347.96,1.0,1.0,1.0,163116.75,0.0
660.2319025656009,France,Male,40.0,5.655360682704015,0.0,2.0,1.0,1.0,140745.91,0.0
748.0,France,Male,40.0,3.0,95297.11,1.0,0.0,0.0,171515.84,0.0
729.0,France,Female,32.0,9.0,0.0,2.0,0.0,0.0,150803.44,0.0
663.0,France,Male,39.0,4.0,0.0,1.0,1.0,0.0,76884.05,0.0
632.6168485716598,France,Female,53.0,8.0,73570.9725471419,1.8934445262959667,1.0,1.0,112523.61315476919,1.0
585.4277383831774,Germany,Male,62.0,5.359028552493717,143426.34,1.7789805177021485,1.0,1.0,143104.3,0.0
713.0,Spain,Male,46.0,4.407064758316988,0.0,1.0,1.0,1.0,55701.62,0.0
562.0,Germany,Male,31.0,2.0,112708.2,1.0,0.0,1.0,186370.3,0.0
632.0,France,Male,43.0,4.876329933171294,100013.51,1.0,1.0,0.0,24275.32,0.0
479.0,France,Female,33.0,2.0,208165.53,1.0,0.0,0.0,50774.81,1.0
658.0,Spain,Male,21.0,7.0,0.0,2.0,0.0,1.0,154279.87,0.0
598.0,France,Female,40.0,9.0,0.0,1.0,1.0,0.0,101720.26042437398,1.0
597.0,France,Male,19.0,2.0,0.0,2.0,1.0,1.0,91036.74,0.0
512.0,France,Female,33.0,6.0,121685.31,2.0,1.0,1.0,83681.97,0.0
704.0,France,Male,39.0,2.0,111525.02,1.0,1.0,0.0,199484.96,0.0
474.0,France,Male,26.0,6.0,0.0,2.0,0.0,0.0,152491.22,0.0
604.0,Germany,Male,36.0,10.0,113546.3,1.7227598959094939,1.0,1.0,120054.37607645929,0.0
683.0,France,Male,41.0,6.0,95696.52,2.0,1.0,1.0,184366.14,0.0
537.0,France,Male,28.0,0.0,88963.31,2.0,1.0,1.0,189839.93,0.0
794.0,Spain,Male,31.0,0.0,144880.34,2.0,0.0,1.0,175643.44,0.0
732.0,France,Male,46.61925517483148,9.0,136576.02,1.0,0.0,1.0,3268.17,1.0
495.0,France,Female,38.0,2.0,63093.01,1.0,1.0,1.0,47089.72,0.0
552.0,Germany,Male,38.0,10.0,132271.12,1.658576391892576,1.0,1.0,126849.78563657805,0.0
602.0,France,Female,29.0,3.0,88814.4,2.0,1.0,1.0,62487.97,0.0
607.0,Germany,Male,40.0,5.0,123652.47661815607,1.0,0.0,1.0,181598.25,0.0
675.0,Germany,Female,33.0,0.0,141816.25,1.0,1.0,0.0,64815.05,1.0
443.0,France,Female,54.0,3.0,138547.97,1.0,1.0,1.0,70196.23,1.0
727.0,France,Female,31.0,2.0,52192.08,2.0,0.0,1.0,160383.47,0.0
482.0,France,Male,38.0,4.0,124976.19,1.0,1.0,1.0,35848.12,0.0
686.0,France,Female,34.0,1.0,0.0,2.0,1.0,0.0,87278.48,0.0
588.0,Germany,Male,35.0,3.0,104356.38,1.0,1.0,0.0,94498.82,0.0
605.0,Spain,Male,48.0,10.0,150315.92,1.0,0.0,1.0,133486.36,0.0
583.0,France,Male,39.0,1.0,129299.28,2.0,1.0,0.0,73107.6,0.0
615.3530925218378,Germany,Male,37.0,7.0,118301.02873590529,2.0,1.0,0.0,195333.98,0.0
638.1935371360579,Spain,Male,30.0,1.0,128065.12,1.0,1.0,0.0,121525.48,0.0
781.0,France,Male,23.0,2.0,107433.48,1.0,1.0,0.0,173843.21,0.0
699.0,France,Male,34.0,2.0,117468.67,1.0,1.0,0.0,185227.42,0.0
639.0,France,Female,27.0,2.0,0.0,2.0,0.0,0.0,125244.18,0.0
686.1409888411395,France,Female,27.0,4.0,24591.65891956285,3.0,1.0,0.0,163113.41,0.0
587.0,France,Male,42.0,1.0,0.0,1.0,0.0,0.0,123006.91,0.0
694.0,France,Male,40.0,4.943162802857709,0.0,2.0,1.0,0.0,40463.03,0.0
570.0,France,Female,43.13851274827614,4.0,153040.03,1.0,1.0,1.0,131363.57,1.0
659.7729373187734,France,Male,36.59735301422826,6.0,49375.48143942562,4.0,1.0,0.0,121667.07586720017,0.0
511.0,France,Female,30.0,5.0,0.0,2.0,1.0,0.0,143994.86,0.0
788.0,France,Male,32.0,4.0,112079.58,1.0,0.0,0.0,89368.59,0.0
679.1133052648446,Spain,Male,66.0,7.0,115315.0245170171,1.2212387336094328,1.0,1.0,158365.89,0.0
749.0,Germany,Male,46.0,9.0,118778.00822642112,1.0,1.0,0.0,78753.12,1.0
691.0,France,Female,33.0,6.0,0.0,2.0,1.0,1.0,100408.31,0.0
481.0,France,Female,39.0,6.0,0.0,1.0,1.0,1.0,24677.54,0.0
752.0,France,Male,33.0,4.0,0.0,2.0,1.0,1.0,39570.78,0.0
658.0,France,Female,38.0,6.0,102895.1,1.0,0.0,0.0,155665.76,0.0
679.0,Spain,Male,42.0,2.0,86541.19526747639,1.0,1.0,1.0,168294.27,0.0
754.0,Germany,Male,27.0,7.0,117578.35,2.0,0.0,1.0,87908.01,0.0
663.2864873037506,France,Male,47.56549815188536,10.0,45861.43410488154,2.0,1.0,1.0,128383.27264715116,1.0
633.0,Spain,Female,39.0,2.0,0.0,2.0,0.0,0.0,191207.03,0.0
674.0,France,Female,31.0,1.0,0.0,1.0,1.0,0.0,128954.05,0.0
600.0,Germany,Male,28.0,2.0,116623.31,1.0,0.0,1.0,59905.29,0.0
645.0,Spain,Male,49.0,8.0,0.0,2.0,1.0,1.0,162012.6,0.0
698.0,France,Male,36.0,6.0,0.0,2.0,0.0,1.0,19231.98,0.0
652.7245853766003,Spain,Male,54.0,10.0,0.0,1.0,1.0,1.0,93094.65247619293,0.0
555.0,France,Female,44.0,3.0,105770.7,3.0,1.0,0.0,60533.96,1.0
751.0,France,Female,48.0,9.0,0.0,1.0,1.0,0.0,137508.42,1.0
738.0,France,Female,39.0,5.147058444141523,94435.45,2.0,0.0,1.0,189430.86,0.0
706.0,Germany,Female,39.0,8.0,112889.91,1.0,0.0,1.0,6723.66,0.0
595.0,France,Female,53.0,7.0,0.0,2.0,1.0,0.0,41371.68,1.0
619.9940692350563,Germany,Female,43.0,3.0,127940.47,1.0,0.0,0.0,125140.72,1.0
578.0,Germany,Male,36.0,8.0,129745.1,1.0,1.0,1.0,143683.75,0.0
699.0,France,Male,32.0,6.320344063862617,24727.88400325508,2.0,1.0,1.0,170770.44,0.0
826.0,France,Female,30.0,5.0,0.0,2.0,0.0,1.0,157397.57,0.0
656.0,Germany,Female,46.0,7.0,141535.52,1.0,1.0,0.0,50595.15,1.0
556.0,France,Female,47.0,2.0,139914.27,1.0,1.0,1.0,50390.98,0.0
629.0329283176475,France,Male,41.0,4.0,120243.49,1.0,1.0,0.0,163150.03,1.0
765.0,France,Male,34.0,9.0,91835.16,1.0,0.0,0.0,138280.17,0.0
544.0,Spain,Male,37.0,2.0,0.0,2.0,0.0,0.0,135067.02,0.0
588.0,Spain,Male,45.57411376394748,9.0,79487.49899669601,1.9403556919719716,1.0,1.0,163534.75,1.0
740.0,Spain,Female,31.0,8.0,0.0,2.0,0.0,0.0,86657.48,0.0
652.8778627078848,France,Male,38.06855138067906,7.0,115378.94,1.0,0.0,1.0,162087.82,0.0
766.0,Germany,Male,30.0,4.0,127786.28,2.0,1.0,1.0,28879.3,0.0
849.0,France,Male,45.29116431331587,6.0,91333.61777718426,2.0,1.0,0.0,126320.69843444542,1.0
612.0,France,Female,33.0,0.0,64900.32,2.0,1.0,0.0,102426.12,0.0
517.0,Germany,Male,53.0,0.0,109172.88,1.0,1.0,0.0,54676.1,1.0
645.0,France,Female,55.0,7.0,0.0,2.0,1.0,1.0,18369.33,0.0
696.0,Germany,Male,43.0,4.0,114091.38,1.0,0.0,1.0,159888.1,1.0
716.0,France,Female,40.0,3.0,0.0,2.0,0.0,1.0,167636.15,0.0
671.3327958430374,France,Male,32.0,9.0,0.0,2.0,1.0,0.0,138889.15,0.0
656.0,France,Female,45.0,7.0,145933.27,1.0,1.0,1.0,199392.14,0.0
473.0,Germany,Female,35.0,7.0,131504.73,1.0,1.0,0.0,189560.43,0.0
649.4588698707271,Germany,Female,44.0,3.8555637418624356,107926.02,1.0,0.0,1.0,17375.27,1.0
834.0,Germany,Female,37.610479529990606,8.0,124874.20207845788,1.4829071896029895,1.0,0.0,98882.33703552958,0.0
721.0,France,Male,41.0,7.0,0.0,2.0,0.0,1.0,61018.85,0.0
642.6357076393698,Spain,Male,29.0,10.0,0.0,1.0,1.0,1.0,51907.72,1.0
516.0,Spain,Female,31.0,7.0,82468.52848948442,1.0,1.0,0.0,47018.75,0.0
850.0,France,Male,33.0,0.0,124781.67,1.0,0.0,1.0,33700.52,0.0
748.0,France,Female,39.0,9.0,132865.56,1.0,1.0,1.0,59636.43,1.0
798.0,Germany,Female,38.0,4.0,129055.13,1.0,1.0,0.0,157147.59,0.0
612.0,Germany,Male,76.0,6.0,127293.2361175738,1.0,1.0,1.0,191393.26,0.0
540.0,France,Female,40.0,3.0,165298.12,1.0,0.0,1.0,199862.75,0.0
662.7237280124608,Spain,Female,33.0,7.0,0.0,2.0,1.0,0.0,20016.59,0.0
643.5478430151577,Germany,Male,48.0,6.0,120682.53,1.0,1.0,0.0,30635.52,1.0
796.0,France,Male,56.529440605283924,6.351082759740103,102773.15,1.2292113694461007,1.0,1.0,117832.88,0.0
624.6136610830262,Germany,Male,42.0,0.0,144386.32,1.0,1.0,1.0,22497.1,1.0
850.0,Germany,Female,40.0,3.1209815254571174,104449.8,1.0,1.0,1.0,747.88,0.0
599.0,Spain,Male,35.0,6.0,137102.65,1.0,0.0,0.0,76870.81,0.0
724.0,France,Female,30.0,9.0,142475.87,1.2653514578337834,1.0,1.0,107848.24,0.0
508.0,France,Female,43.0,9.0,0.0,1.0,1.0,0.0,103726.71,0.0
773.0,Spain,Male,37.0,2.0,103195.2,2.0,1.0,1.0,178268.36,0.0
526.0,France,Male,28.0,1.0,112070.44,1.0,0.0,1.0,126281.83,0.0
542.0,France,Female,29.0,7.0,30159.238101252264,2.0,0.0,1.0,196651.72,0.0
470.0,France,Male,35.0,1.0,96473.59,1.0,0.0,0.0,5962.3,0.0
805.0,Spain,Male,37.0,5.0,0.0,1.746311376744194,1.0,0.0,21928.81,0.0
548.0,Germany,Male,49.0,9.0,108437.89,1.0,0.0,0.0,127022.87,1.0
672.0,France,Male,37.0,5.0,153195.59,1.0,1.0,1.0,162763.01,0.0
669.4491449845515,France,Male,45.0,8.0,96877.21,1.0,1.0,1.0,113950.51,0.0
614.0,France,Male,44.0,6.0,0.0,2.0,0.0,1.0,104930.46,0.0
537.0,France,Female,38.0,10.0,0.0,1.0,0.0,0.0,52337.97,1.0
704.0,France,Female,40.0,6.0,95452.89,1.0,0.0,1.0,179964.55,0.0
586.0,Spain,Male,35.690639748848035,3.0,63873.56,1.0,1.0,0.0,83753.64,0.0
677.0,France,Female,24.0,0.0,148298.59,2.0,0.0,0.0,182913.95,0.0
558.0,Spain,Male,31.0,7.0,0.0,2.0,1.0,0.0,166720.28,0.0
630.859386982958,Germany,Female,34.9832164043647,7.0,143258.85,2.0,1.0,0.0,192721.98,0.0
655.0,Germany,Male,37.0,9.0,121342.24,1.0,1.0,1.0,88135.1178059958,0.0
619.0,Germany,Female,28.0,6.0,99152.73,2.0,1.0,0.0,48475.12,0.0
662.0,France,Female,41.0,4.0,0.0,2.0,1.0,0.0,126551.48,0.0
705.0,France,Male,33.0,7.0,68423.89,1.0,1.0,1.0,64872.55,0.0
527.0,Spain,Female,43.26026265038679,8.0,0.0,1.0,1.0,0.0,98031.53,1.0
630.0,Germany,Female,25.0,7.0,79656.81,1.0,1.0,0.0,93524.22,0.0
850.0,France,Male,35.0,2.0,0.0,2.0,1.0,1.0,56991.66,0.0
668.0,France,Female,53.0,10.0,110240.04,1.0,0.0,0.0,183980.56,1.0
672.1821905778672,France,Female,32.0,9.0,22998.602572638643,2.0,1.0,1.0,130234.63,0.0
680.0,France,Male,27.0,3.0,0.0,1.0,1.0,0.0,32454.26,0.0
758.0,France,Female,32.0,2.0,84378.9,1.0,1.0,1.0,75396.43,0.0
597.0,France,Male,45.0,7.0,0.0,2.0,0.0,0.0,167756.45,0.0
580.0,Germany,Male,35.0,10.0,126403.4995793041,2.0,1.0,1.0,24799.47,0.0
622.0,France,Male,59.0,5.0,119380.37,1.0,1.0,1.0,60429.43,0.0
638.0,Germany,Male,62.0,4.0,108716.59,2.0,1.0,1.0,95821.0876344633,0.0
640.0,France,Female,20.0,4.0,0.0,2.0,0.0,1.0,78310.82,0.0
644.0,Spain,Male,28.0,0.0,0.0,2.0,1.0,0.0,119419.37,0.0
753.0,France,Female,31.0,6.0,106596.29,1.0,0.0,0.0,91305.77,0.0
629.0,France,Female,37.0,10.0,36957.39298197012,3.0,0.0,1.0,25136.95,1.0
775.0,France,Female,30.0,5.0,0.0,1.0,1.0,0.0,193880.6,1.0
701.0,France,Female,41.0,2.0,0.0,1.0,1.0,0.0,47856.78,0.0
708.0,Spain,Male,19.0,7.0,112615.86,1.0,1.0,1.0,4491.77,0.0
521.0,Spain,Female,22.0,10.0,0.0,1.0,1.0,1.0,101311.95,0.0
636.0,France,Female,24.0,9.0,0.0,2.0,0.0,1.0,38830.72,0.0
529.0,France,Female,31.0,5.0,0.0,2.0,1.0,0.0,26817.23,0.0
757.0,France,Male,28.0,3.0,75381.15,1.0,1.0,1.0,199727.72,0.0
767.0,Spain,Female,24.0,5.0,0.0,2.0,1.0,1.0,67445.85,0.0
525.0,France,Male,33.0,5.0,0.0,2.0,1.0,0.0,161002.29,0.0
759.0,Spain,Male,38.0,4.851895951033006,0.0,2.0,1.0,0.0,20778.39,0.0
520.0,Germany,Female,45.0,1.0,123086.39,1.0,1.0,1.0,41042.4,1.0
646.8231860689165,France,Female,26.0,3.0,0.0,2.0,1.0,0.0,67484.16,0.0
548.0,Spain,Male,37.0,4.0,0.0,1.0,1.0,0.0,121763.68,0.0
666.2734778691843,Spain,Male,40.079635853721,9.0,109472.47,1.2159575742988535,1.0,1.0,157358.43,0.0
615.0,France,Male,59.0,4.0,104335.59381705224,1.0,1.0,1.0,89986.92323297118,0.0
850.0,Germany,Male,38.0,7.0,101985.81,2.0,0.0,0.0,43801.27,0.0
487.0,France,Female,34.0,2.0,96019.5,1.0,0.0,0.0,9085.0,0.0
731.0,France,Male,30.0,7.0,0.0,2.0,1.0,1.0,143086.09,0.0
726.0,Spain,Female,35.0,9.0,0.0,2.0,0.0,1.0,87048.22786163865,0.0
609.0,France,Female,35.0,2.0,147900.43,1.0,1.0,0.0,140000.29,0.0
714.0,France,Male,52.0,4.0,100755.66,1.0,1.0,1.0,186775.25,0.0
694.0,Spain,Female,35.0,7.0,0.0,1.0,1.0,0.0,133570.43,1.0
786.0,France,Female,33.0,0.0,83036.05,1.0,0.0,1.0,154990.58,1.0
698.0,Spain,Male,27.0,6.0,125427.37,2.0,0.0,0.0,27654.44,0.0
601.0,France,Female,46.0,3.0,98202.76,1.0,0.0,0.0,137763.93,0.0
769.0,Spain,Male,41.0,1.0,72509.91,1.0,1.0,0.0,25723.73,0.0
850.0,France,Male,44.0,3.0,21821.196005394864,2.0,1.0,1.0,186285.52,0.0
646.0,France,Male,50.0,5.936805384135313,84528.57758748978,2.0,1.0,1.0,118312.55610609749,1.0
659.0,France,Female,46.37078122415487,9.0,23503.31,1.0,0.0,1.0,169862.01,1.0
487.0,Spain,Male,33.0,8.0,95774.19440359213,1.0,1.0,0.0,41365.85,0.0
740.0,Germany,Female,39.02449720521952,2.0,122295.17,1.6666482238639546,1.0,1.0,30812.84,0.0
686.0,France,Male,39.0,4.0,0.0,2.0,1.0,0.0,155023.93,0.0
612.0,Spain,Male,36.0,5.0,119799.27,2.0,1.0,0.0,159416.58,0.0
655.0,Spain,Male,36.38724801007847,8.0,163708.58,2.0,0.0,1.0,76259.23,0.0
617.0,France,Male,34.0,1.0,61687.33,2.0,1.0,0.0,105965.25,0.0
674.0,France,Female,27.0,4.0,79144.34,1.0,0.0,1.0,50743.83,0.0
711.0,Spain,Male,32.0,5.0,0.0,2.0,1.0,1.0,96376.06921401733,0.0
624.0,Germany,Female,27.0,7.0,104848.68,1.4486359849106727,1.0,1.0,167387.36,0.0
597.0,Spain,Male,26.0,5.0,32153.745620342026,2.0,0.0,1.0,95159.13,0.0
682.0,France,Male,39.22769898283302,4.0,0.0,1.0,1.0,1.0,99942.84313946869,0.0
775.0,France,Male,45.0,8.0,0.0,1.801771589285817,1.0,0.0,130376.68,0.0
727.0,France,Female,29.0,1.0,146652.01,1.0,1.0,1.0,173486.39,0.0
629.0,France,Male,36.51729909697746,6.0,31232.272789777428,2.0,1.0,0.0,93881.75,0.0
684.0,France,Male,46.0,0.0,0.0,2.0,1.0,1.0,36376.97,0.0
617.323962870954,Germany,Female,37.0,1.0,130622.34,2.0,1.0,1.0,128499.94,0.0
593.0,Germany,Male,69.0,2.0,187013.13,2.0,0.0,1.0,105898.69,0.0
536.0,Spain,Male,40.0,9.0,0.0,2.0,1.0,1.0,69146.53513819513,0.0
707.0,France,Female,36.0,6.0,0.0,1.0,0.0,0.0,98810.78,0.0
592.0,Spain,Male,41.0,0.0,0.0,2.0,1.0,0.0,65906.07,0.0
703.0,France,Male,44.0,6.0,98862.54,1.2050879628182085,1.0,0.0,151516.7,0.0
723.0,Spain,Female,45.0,4.0,0.0,2.0,1.0,0.0,37214.39,0.0
452.0,Germany,Male,52.0,1.0,98443.14,2.0,0.0,0.0,92033.98,0.0
670.5281093848034,Spain,Male,42.0,4.0,0.0,2.0,0.0,0.0,195692.3,0.0
633.0,France,Female,47.0,0.0,0.0,1.0,1.0,1.0,6342.84,1.0
479.0,Germany,Female,23.0,9.0,123575.51,1.0,0.0,1.0,95148.28,0.0
768.0,France,Male,25.0,6.0,0.0,2.0,1.0,1.0,21215.67,0.0
647.8182951707846,France,Male,31.0,4.0,105239.1,1.0,1.0,1.0,19700.24,0.0
682.5855442651612,Germany,Male,56.0,9.0,110993.79,1.161036034975024,1.0,0.0,134396.64,1.0
707.0,Spain,Male,44.0,3.0,0.0,2.0,1.0,1.0,135077.01,0.0
754.0,Spain,Male,48.484589037289226,4.188530083559554,53411.87718057963,2.0,1.0,1.0,121647.43298591544,1.0
544.0,Germany,Male,47.0,5.0,105245.21,1.0,0.0,0.0,99922.08,1.0
667.1603066888617,Spain,Male,32.0,8.0,0.0,2.0,1.0,1.0,41399.33,0.0
762.0,France,Male,36.61065032604702,7.0,117687.35,1.0,1.0,1.0,159344.43,0.0
772.0,France,Male,23.0,2.0,0.0,2.0,1.0,0.0,18364.19,0.0
691.0,Germany,Male,37.0,7.0,123067.63,1.0,1.0,1.0,98162.44,1.0
502.0,France,Male,45.0,0.0,0.0,1.0,0.0,0.0,84663.21,0.0
563.0,France,Male,34.0,6.0,0.0,2.0,0.0,0.0,36536.93,0.0
676.0,France,Female,41.0,4.0,101457.14,1.0,1.0,1.0,79101.67,0.0
576.0,Spain,Male,52.0,2.0,100549.43,2.0,1.0,1.0,16644.16,0.0
629.0,Spain,Male,35.0,4.0,174588.8,2.0,1.0,1.0,158420.14,0.0
625.0,Spain,Male,52.0,8.0,121161.57,1.0,1.0,0.0,48988.28,0.0
628.0,France,Male,45.0,9.0,25547.900110570034,2.0,1.0,1.0,96862.56,0.0
471.0,Germany,Female,36.0,5.0,90063.74,2.0,1.0,1.0,96366.7,0.0
811.0,France,Female,37.72242883409833,5.0,0.0,2.0,1.0,1.0,146123.19,0.0
504.0,France,Male,42.0,3.0,134936.97,2.0,0.0,0.0,135178.91,0.0
687.0,France,Female,24.0,3.0,110495.27,1.0,1.0,0.0,158615.41,0.0
660.0,Germany,Female,37.0,2.0,133200.09,1.0,0.0,0.0,71433.88,0.0
548.0,France,Female,41.0,4.0,82596.8,1.0,0.0,1.0,55672.09,0.0
609.0,Germany,Male,31.0,9.0,103837.75,1.0,1.0,1.0,150218.11,0.0
659.0,Spain,Female,42.0,2.0,0.0,1.0,0.0,0.0,162734.31,1.0
526.0,France,Male,52.0,8.0,93590.47,1.0,0.0,1.0,21228.71,1.0
661.8559746767042,Germany,Male,40.0,8.0,104149.66,1.0,1.0,0.0,62027.9,0.0
519.0,Germany,Male,38.0,1.0,114141.64,1.0,1.0,1.0,60988.21,1.0
562.0,Germany,Female,31.0,9.0,117153.0,1.0,1.0,1.0,108675.01,0.0
482.0,France,Male,45.0,4.614172857957949,156353.46,1.0,1.0,0.0,72643.95,1.0
659.0702798254321,Spain,Male,36.53947052886886,3.0,175534.78,2.0,1.0,1.0,88093.36359364695,0.0
561.0,France,Male,43.85605194613253,5.089539501349055,135637.0,1.0,1.0,0.0,153080.4,1.0
661.0,France,Female,30.0,7.0,0.0,2.0,1.0,0.0,72196.57,0.0
771.0,France,Male,27.0,2.0,0.0,2.0,1.0,1.0,199527.34,0.0
545.0,France,Male,26.0,7.0,0.0,2.0,0.0,1.0,156598.23,0.0
850.0,Germany,Female,33.0,2.0,83415.04,1.0,0.0,1.0,74917.64,0.0
601.0,Germany,Male,43.0,3.0,123244.05206494719,1.643460094537252,1.0,1.0,111249.62,0.0
712.0,France,Male,38.0,7.0,24468.221825182944,2.0,1.0,1.0,59115.77,0.0
589.0,France,Female,31.0,10.0,98609.72774516272,1.0,1.0,0.0,98603.33648259156,0.0
662.2776533908493,Spain,Male,34.33677278802717,8.0,177657.35,1.0,1.0,1.0,77142.32,0.0
642.0,Germany,Male,41.0,4.0,157777.58,1.0,1.0,0.0,67484.6,0.0
704.6722734625326,Germany,Male,43.40705647603318,4.584869407848622,107915.94,1.711286734503141,1.0,1.0,63452.18,1.0
570.0,Germany,Female,57.0,4.19705525483854,86568.75,1.0,0.0,1.0,103660.31,0.0
532.0,Germany,Male,45.114932814082096,9.0,123016.23762425061,1.428505284294603,1.0,0.0,163191.99,1.0
796.0,France,Male,30.0,2.0,137262.71,2.0,1.0,0.0,62905.29,0.0
653.2273751976345,France,Male,32.0,6.0,0.0,1.0,1.0,0.0,44323.22,1.0
642.0,Spain,Female,36.0,6.0,0.0,2.0,1.0,1.0,97938.59,0.0
655.0,France,Male,28.0,10.0,0.0,2.0,0.0,1.0,126565.21,0.0
736.0,France,Male,50.0,9.0,97044.10235772213,1.0,1.0,0.0,95530.57848538308,1.0
617.0,France,Female,34.0,0.0,131244.65,2.0,1.0,0.0,183229.02,0.0
680.7886238978031,Germany,Male,28.0,4.9886533732571055,125155.83,2.0,1.0,1.0,106024.02,0.0
703.0,Germany,Male,35.40791851922788,5.0,140691.08,2.0,1.0,0.0,167810.26,0.0
507.0,France,Male,41.0,5.350889422661952,58820.32,2.0,1.0,1.0,138536.09,0.0
581.0,Germany,Female,26.0,3.0,105099.45,1.0,1.0,1.0,184520.0,1.0
593.0,France,Male,31.0,9.0,0.0,2.0,0.0,1.0,20492.16,0.0
648.0,France,Male,23.0,9.0,168372.52,1.0,1.0,0.0,134676.72,0.0
462.0,Germany,Male,34.0,1.0,94682.56,2.0,1.0,0.0,138478.2,0.0
596.0,Spain,Male,36.0,2.0,0.0,2.0,1.0,0.0,125557.95,0.0
627.0,France,Female,44.0,5.0,0.0,2.0,1.0,0.0,107552.63686020614,1.0
494.0,France,Male,40.0,7.0,0.0,2.0,0.0,1.0,158071.69,0.0
627.0,France,Male,73.0,0.0,146329.73,1.0,0.0,1.0,43615.67,0.0
850.0,Spain,Male,37.0,2.0,0.0,1.8748494605630468,1.0,0.0,119969.99,0.0
632.0,France,Female,49.0,5.0,167962.7,1.0,0.0,0.0,140201.21,0.0
490.0,France,Male,33.0,1.0,0.0,2.0,1.0,1.0,80792.83,0.0
715.0,France,Male,40.0,7.0,0.0,1.0,1.0,1.0,141359.11,0.0
679.0,France,Male,48.0,8.0,0.0,2.0,1.0,0.0,23344.94,0.0
619.0,France,Male,44.0,5.131183851021247,116967.68,1.0,1.0,0.0,5075.17,1.0
465.0,Spain,Female,33.0,6.0,0.0,2.0,1.0,1.0,95500.98,0.0
736.0,Spain,Male,32.0,4.851510108958824,0.0,1.0,1.0,1.0,79082.62,0.0
501.0,Germany,Female,34.0,7.0,93244.42,1.0,0.0,1.0,199805.63,0.0
535.0,France,Female,29.0,5.0,0.0,2.0,0.0,1.0,52709.55,0.0
759.0,France,Female,33.0,2.0,0.0,2.0,1.0,0.0,56583.88,0.0
819.0,France,Male,35.0,1.0,0.0,2.0,0.0,1.0,3385.04,0.0
533.0,Germany,Male,43.0,4.0,80442.06,2.0,0.0,1.0,12537.42,0.0
632.0,Germany,Female,35.0,2.0,150561.03,2.0,0.0,0.0,64722.61,0.0
686.0,France,Male,60.0,5.568076388067826,0.0,3.0,1.0,1.0,113724.11628542726,0.0
687.0,France,Female,34.0,9.0,125474.44,1.0,1.0,0.0,198929.84,0.0
667.0,Germany,Female,33.0,4.0,127076.68,2.0,1.0,0.0,69011.66,0.0
699.0,Spain,Female,25.0,8.0,0.0,2.0,1.0,1.0,52404.47,0.0
497.0,Spain,Male,37.0,8.0,31167.701213231896,2.0,1.0,1.0,163641.53,0.0
780.0,Spain,Female,37.79553760273453,6.0,145580.61,1.0,1.0,1.0,154598.56,0.0
652.0,France,Female,51.0,3.0,0.0,1.0,1.0,0.0,173989.47,1.0
477.0,France,Male,47.0,9.0,144900.58,1.0,1.0,0.0,61315.37,1.0
652.0,France,Female,37.0,4.0,0.0,2.0,1.0,0.0,143393.24,0.0
488.0,France,Female,31.0,8.0,97588.6,1.0,0.0,0.0,124210.53,0.0
572.0,France,Male,24.0,1.0,0.0,2.0,1.0,1.0,151460.84,0.0
755.0,France,Female,38.0,1.0,0.0,2.0,1.0,0.0,20734.81,0.0
779.0,Germany,Female,24.0,10.0,122200.31,2.0,1.0,0.0,43705.56,0.0
693.0,Spain,Female,46.0,3.0,151709.33,1.0,1.0,0.0,180736.24,0.0
530.0,Spain,Female,22.0,7.0,0.0,2.0,1.0,0.0,104170.48,0.0
738.0,Spain,Female,33.0,4.602067745030287,122134.4,2.0,0.0,1.0,27867.59,0.0
690.0,Germany,Male,31.0,2.0,137260.45,2.0,1.0,0.0,99551.3298922553,0.0
611.0,France,Female,30.0,9.0,88594.14,1.0,1.0,0.0,196332.45,0.0
643.0,Spain,Male,34.0,6.0,0.0,2.0,1.0,1.0,116046.22,0.0
684.8033507887187,France,Male,48.767943823427075,5.377811622731701,106226.86724236328,4.0,1.0,0.0,132120.66363416566,1.0
727.0,Spain,Female,31.0,10.0,96997.09,2.0,0.0,0.0,76614.04,0.0
508.0,France,Female,64.0,2.0,0.0,1.0,1.0,1.0,6076.62,0.0
550.0,France,Male,40.6424249026637,5.0,142200.19,2.0,1.0,1.0,122221.71,0.0
754.0,Germany,Female,39.0,3.0,160761.41,1.0,1.0,1.0,24156.03,0.0
759.0,France,Male,26.0,4.0,0.0,2.0,1.0,0.0,135394.62,0.0
794.0,Spain,Male,33.0,8.0,0.0,2.0,0.0,0.0,91340.02,0.0
549.0,France,Male,29.0,3.0,0.0,2.0,1.0,0.0,146090.38,0.0
671.0,France,Male,31.0,0.0,116234.61,1.0,1.0,0.0,172096.08,0.0
756.0,Germany,Female,26.0,5.0,155143.52,1.0,0.0,1.0,135034.57,1.0
632.0,France,Female,21.0,1.0,0.0,2.0,1.0,0.0,84008.66,0.0
579.0,France,Male,38.0,8.0,0.0,2.0,0.0,0.0,91763.67,0.0
748.0,France,Male,34.0,4.337000851126261,84009.47,1.0,1.0,1.0,137001.1,0.0
488.0,Germany,Female,28.0,7.0,139246.22,2.0,1.0,0.0,106799.49,0.0
710.0,Germany,Male,58.0,7.0,170113.0,2.0,1.0,1.0,96098.93258087808,0.0
619.0,Spain,Male,41.0,8.0,0.0,3.0,1.0,1.0,79866.73,0.0
773.0,France,Male,64.0,4.453377301792393,145578.28,1.0,0.0,1.0,186172.85,0.0
657.0,France,Male,75.0,7.0,126273.95,1.0,1.0,1.0,91673.6,0.0
579.0,France,Female,26.0,10.0,162482.76,1.0,1.0,1.0,18458.2,0.0
542.0,France,Male,29.0,9.0,0.0,1.0,1.0,0.0,8342.35,0.0
709.0,France,Female,32.0,2.0,87814.89,1.0,1.0,1.0,138578.37,0.0
633.0655963248257,Spain,Male,61.0,3.0,113858.95,1.0,1.0,1.0,38129.22,0.0
700.3123549536264,France,Male,40.57463402185769,5.0,59458.40467115512,4.0,1.0,1.0,121945.85289656489,0.0
769.0,France,Female,73.0,1.0,0.0,1.0,1.0,1.0,29792.11,0.0
608.0,Germany,Male,26.0,1.0,106648.98,1.0,0.0,1.0,7063.6,0.0
503.0,Spain,Male,37.77841659826975,4.0,42120.35511386166,2.0,1.0,1.0,21645.06,0.0
608.0,Germany,Male,38.0,8.0,103653.51,2.0,1.0,1.0,137079.86,0.0
731.0,Germany,Male,44.36985222595948,3.0,116880.53,1.0,1.0,0.0,172718.35,1.0
850.0,Germany,Female,40.0,4.0,114987.68651065652,2.0,0.0,0.0,106691.02,0.0
591.0,Germany,Female,34.0,4.0,150635.3,1.0,1.0,1.0,72274.84,0.0
678.5161755031439,Spain,Male,37.0,4.0,30454.198407340085,2.0,1.0,1.0,32246.63,0.0
570.0,France,Male,39.0,10.0,129674.89,2.0,1.0,0.0,80552.36,0.0
709.0,France,Female,37.0,9.0,0.0,2.0,1.0,0.0,16733.59,0.0
611.0,France,Male,53.0,3.0,83568.26,1.0,0.0,0.0,1235.49,0.0
775.0,Spain,Female,48.0,4.043100266370463,48162.65532344222,2.0,0.0,0.0,50168.41,1.0
699.0,Germany,Male,37.31436080447132,6.0,147137.74,1.4664007232550778,1.0,1.0,33687.9,0.0
618.0,France,Male,37.0,5.0,69411.06697709997,1.0,0.0,1.0,178705.45,1.0
704.0,France,Male,38.6119574501782,3.0,114370.41,1.0,0.0,1.0,66810.48,0.0
835.0,Germany,Female,47.0,5.0,108289.28,2.0,1.0,1.0,93744.40787706686,1.0
714.0,Germany,Male,39.0,3.0,149887.49,2.0,1.0,0.0,63846.36,0.0
581.0,Spain,Female,43.35809223386653,4.0,170172.9,1.0,0.0,1.0,100236.02,0.0
592.0,France,Male,27.0,3.0,0.0,2.0,1.0,1.0,19645.65,0.0
551.0,France,Male,43.0,7.0,0.0,1.829748098013281,1.0,0.0,178393.68,0.0
689.0,Germany,Female,28.0,2.0,64808.32,2.0,0.0,0.0,78591.15,0.0
604.0,France,Female,56.0,0.0,62732.65,1.3466188634213545,0.0,1.0,124954.56,0.0
514.0,France,Female,41.0,7.0,0.0,2.0,1.0,1.0,3756.65,0.0
698.0,France,Male,29.0,5.0,95167.55,1.0,1.0,1.0,152723.23,0.0
581.0,Germany,Female,54.0,2.0,152508.99,1.3391781210198528,1.0,0.0,187597.98,1.0
573.0,Germany,Male,31.0,0.0,134644.19,1.0,1.0,1.0,70381.49,0.0
449.0,Spain,Female,33.0,8.0,0.0,2.0,0.0,0.0,156792.89,0.0
850.0,Germany,Female,31.0,3.0,51293.47,1.0,0.0,0.0,35534.68,0.0
612.0,France,Male,41.0,5.0,0.0,3.0,0.0,0.0,151256.22,0.0
690.0,France,Male,49.0,8.0,128258.678931247,1.1597500715466487,0.0,1.0,51011.29,0.0
599.0,Spain,Female,49.0,2.0,0.0,2.0,1.0,0.0,111190.53,0.0
498.0,France,Male,33.0,1.0,198113.86,1.0,1.0,0.0,69664.35,0.0
497.0,France,Female,29.0,4.0,85646.81,1.0,0.0,0.0,63233.02,1.0
802.0,Spain,Male,51.0,7.0,0.0,1.0,0.0,1.0,40855.79,0.0
644.0,France,Male,33.0,9.0,141234.98,1.0,1.0,0.0,95673.05,0.0
714.0,France,Male,34.0,10.0,29131.94972648772,2.0,1.0,1.0,80234.14,0.0
641.9751475476354,France,Female,49.281194170176676,9.0,77641.99,1.0,0.0,0.0,189051.59,1.0
522.0,Spain,Male,30.0,3.0,0.0,2.0,1.0,0.0,145490.85,0.0
502.0,Germany,Female,40.0,7.0,117304.29,1.0,0.0,0.0,196278.32,0.0
730.0,Spain,Male,39.29152631994039,2.0,0.0,1.8852684514244575,1.0,1.0,162889.1,0.0
590.0,Germany,Male,36.0,6.0,92340.69,2.0,1.0,0.0,174667.58,0.0
458.0,Germany,Male,35.0,9.0,146780.52,2.0,1.0,1.0,3476.38,0.0
668.336553425544,Spain,Male,41.0,5.027608095195299,144974.55,1.202058618814532,1.0,1.0,19344.92,0.0
479.0,France,Male,47.0,1.0,0.0,1.0,1.0,0.0,95270.83,0.0
693.0,France,Male,31.0,5.267316537300429,0.0,2.0,1.0,1.0,99917.64412753501,0.0
707.0,Spain,Male,43.0,10.0,0.0,2.0,1.0,0.0,118368.2,0.0
636.0,Spain,Male,37.0,1.0,115137.26,1.2112705278112172,1.0,0.0,52484.01,0.0
807.0,France,Male,33.0,10.0,27751.859357759804,2.0,1.0,0.0,178153.65,0.0
513.0,France,Female,45.0,0.0,164649.52,3.0,1.0,0.0,49915.52,1.0
582.0,France,Male,31.0,2.0,0.0,2.0,1.0,1.0,85934.89171732948,0.0
694.0,France,Male,32.0,0.0,91956.49,1.0,1.0,1.0,59961.81,0.0
777.0,France,Male,39.0,8.0,0.0,2.0,1.0,1.0,18613.52,0.0
598.0,Germany,Male,32.0,9.0,123938.6,2.0,1.0,1.0,198894.42,0.0
762.0,Germany,Male,46.0,6.0,123571.77,3.0,0.0,1.0,100312.9710223705,1.0
588.0,France,Male,34.0,3.0,120777.88,1.0,1.0,1.0,131729.52,0.0
663.0,Germany,Male,42.0,5.0,90248.79,1.0,1.0,1.0,79169.73,0.0
777.0,France,Male,36.0,7.0,0.0,1.0,1.0,0.0,106472.34,0.0
592.0,France,Male,71.0,4.0,0.0,1.862146614182374,0.0,1.0,17013.54,0.0
687.6891621767998,Germany,Male,48.0,5.50104906272656,106396.48,1.0,1.0,1.0,110589.75534238308,1.0
725.0,Germany,Female,47.0,1.0,104887.43,1.0,0.0,0.0,86622.56,1.0
850.0,France,Male,34.0,2.0,72079.71,1.0,1.0,1.0,115767.93,0.0
540.0,France,Male,37.0,6.0,0.0,2.0,1.0,0.0,141998.89,0.0
674.0,Spain,Male,36.0,2.0,45437.86722333618,2.0,1.0,1.0,182787.17,0.0
553.0,France,Male,38.0,3.0,99844.68,1.0,0.0,0.0,187915.7,0.0
630.0,France,Female,28.0,1.0,0.0,1.8482902264251657,1.0,1.0,133267.78,0.0
466.0,France,Male,26.0,4.970301304289845,156815.71,1.0,1.0,1.0,137476.09,0.0
613.0,France,Male,47.0,6.0,146034.74,1.0,1.0,1.0,77146.14,0.0
558.0,France,Male,27.0,1.0,152283.39,1.0,1.0,0.0,183271.15,0.0
775.0,Germany,Female,35.466285918208214,1.0,118897.1,2.0,1.0,1.0,26362.4,0.0
698.0,Germany,Male,39.87206714654905,8.0,96781.39,1.680728767803674,1.0,1.0,127354.78349089506,0.0
608.0,Germany,Male,35.83044525088302,1.0,102772.67,2.0,1.0,0.0,70705.58,0.0
670.0,Spain,Female,35.399787986539984,4.0,0.0,2.0,1.0,0.0,119759.24,0.0
591.0,Spain,Male,39.0,8.0,0.0,2.0,0.0,0.0,42392.24,0.0
633.0,France,Male,40.0,4.0,150578.0,1.0,0.0,1.0,34670.62,1.0
678.0,France,Female,46.0,1.0,0.0,2.0,0.0,0.0,82106.19,0.0
590.0,France,Male,47.0,3.0,18651.25197242352,2.0,1.0,0.0,171774.5,0.0
705.0,France,Female,48.0,0.0,0.0,2.0,0.0,0.0,149772.61,0.0
608.0,France,Male,35.97611830661022,10.0,163548.07,1.0,1.0,1.0,38866.85,0.0
682.0,France,Female,37.0,8.0,148580.12,1.0,1.0,0.0,35179.18,0.0
596.0,Germany,Male,32.0,3.0,96709.07,2.0,0.0,0.0,41788.37,0.0
395.0,Germany,Female,34.0,5.0,106011.59,1.0,1.0,1.0,17376.57,1.0
578.0,Germany,Male,37.0,1.0,135650.88,1.0,1.0,0.0,199428.19,0.0
547.0,Germany,Female,43.94206292160617,4.0,111362.76,3.0,1.0,0.0,16922.28,1.0
609.0,France,Male,37.0,1.0,39344.83,1.0,1.0,1.0,178291.89,1.0
600.7548605675249,Germany,Male,38.90150141187749,9.0,130809.77,1.6901220346871604,1.0,1.0,152290.28,0.0
712.0,France,Female,27.0,2.0,133009.51,1.0,1.0,0.0,126809.15,0.0
585.0,Germany,Female,28.0,9.0,135337.49,2.0,1.0,0.0,88685.32859192802,0.0
666.0,France,Female,32.0,10.0,112536.57,2.0,1.0,1.0,34350.54,0.0
708.0,Spain,Female,35.0,8.0,122570.69,1.0,0.0,0.0,199005.88,0.0
513.0,France,Male,44.0,5.359871794410885,63562.02,2.0,0.0,1.0,52629.73,0.0
677.9035695583406,France,Male,37.0,3.0,0.0,2.0,1.0,1.0,180012.39,0.0
690.0,Germany,Male,44.0,9.0,100368.63,2.0,0.0,0.0,35342.33,0.0
653.9072807696732,France,Male,37.0,6.0,0.0,2.0,1.0,1.0,109291.22,0.0
537.0,Spain,Female,33.0,7.0,136082.0,1.0,1.0,0.0,62746.54,0.0
631.0000105756897,Germany,Male,48.0,9.0,114169.16,1.0,0.0,0.0,173273.2,1.0
670.0,France,Female,45.0,5.0,47884.92,1.8743046200600293,1.0,1.0,54340.24,0.0
652.0,Spain,Female,36.0,1.0,0.0,2.0,1.0,1.0,19302.78,0.0
696.0,Spain,Male,24.0,9.0,0.0,1.0,0.0,0.0,10883.52,0.0
747.0,France,Male,49.0,5.012897862746118,202904.64,1.0,1.0,1.0,17298.72,1.0
511.0,France,Female,46.0,1.0,0.0,1.0,1.0,1.0,115779.48,1.0
621.7961610026596,Spain,Male,44.27460839233384,2.0,161807.18,2.0,0.0,0.0,93228.86,1.0
532.0,Germany,Male,52.0,3.0,110791.97,1.0,1.0,0.0,148704.77,1.0
642.0,Spain,Female,42.73604395540218,4.9304657038181405,0.0,2.0,1.0,1.0,150475.14,0.0
554.0,Germany,Female,54.0,6.0,108755.0,1.1611567822824675,1.0,0.0,40914.32,1.0
604.0,Spain,Female,34.0,3.0,0.0,2.0,1.0,0.0,38587.7,0.0
602.0,France,Female,72.0,3.0,0.0,2.0,1.0,1.0,171260.66,0.0
757.0,Germany,Male,49.41414788743049,6.994160059326866,123916.85835701067,1.1775353145432994,1.0,1.0,94187.47,1.0
491.0,Germany,Male,26.0,4.0,102251.14,1.0,1.0,1.0,145900.89,0.0
850.0,France,Male,31.0,4.0,0.0,2.0,0.0,0.0,152298.28,0.0
521.0,France,Male,22.0,5.0,0.0,2.0,1.0,1.0,99828.45,0.0
726.0,France,Male,37.0,2.0,132057.92,2.0,1.0,1.0,34743.98,0.0
596.0,France,Male,33.0,8.0,0.0,1.0,1.0,0.0,121189.3,1.0
850.0,Germany,Female,35.0,7.0,114285.2,1.0,0.0,1.0,129660.59,0.0
637.0,France,Female,41.0,9.0,0.0,2.0,1.0,0.0,104368.70575701717,0.0
690.0,Spain,Male,32.0,4.763434346613652,76087.98,1.0,0.0,1.0,151822.66,0.0
689.0,France,Male,40.0,8.0,160272.27,1.0,1.0,0.0,49656.24,0.0
633.0,Spain,Male,63.0,4.0,114552.6,1.668221913632677,1.0,0.0,116762.85800012972,1.0
682.5900652542482,France,Female,40.65280480536515,8.0,102000.17,1.0,1.0,1.0,116757.0,0.0
563.0,Spain,Male,24.0,7.0,0.0,2.0,0.0,0.0,16319.56,0.0
494.0,France,Female,33.0,1.0,137853.0,1.0,0.0,1.0,90273.85,0.0
534.0,France,Male,27.0,9.0,0.0,2.0,1.0,0.0,161344.13,0.0
611.6392230460701,Germany,Male,35.720458679872934,7.0,162318.61,1.0,1.0,0.0,121061.89,0.0
535.0,Spain,Female,50.0,1.0,140292.58,3.0,0.0,0.0,69531.22,1.0
600.0,France,Male,34.0,0.0,0.0,2.0,1.0,1.0,3756.23,0.0
807.0,France,Female,34.0,1.0,0.0,1.0,0.0,0.0,114448.13,0.0
714.0,France,Female,52.0,2.0,77379.81282360436,1.0,0.0,1.0,144045.08,1.0
590.0,France,Male,24.0,7.0,126431.54,1.0,1.0,0.0,58781.11,0.0
614.0,France,Female,41.0,3.0,123475.04,1.0,1.0,1.0,179227.52,0.0
766.0,Germany,Female,45.0,6.0,97652.96,1.0,1.0,0.0,127332.33,0.0
557.0,Spain,Male,42.0,4.0,0.0,2.0,0.0,1.0,86642.38,0.0
788.0,Germany,Female,49.0,4.0,137455.99,1.0,1.0,0.0,184178.29,1.0
648.0,France,Female,38.0,2.0,0.0,2.0,0.0,1.0,9551.49,0.0
726.0,Germany,Female,33.0,7.0,99046.31,2.0,1.0,1.0,56053.06,0.0
773.0,France,Male,33.0,9.0,0.0,2.0,1.0,0.0,95623.75422970542,0.0
583.0,Germany,Male,39.66197056441976,4.0,105907.42,2.0,1.0,1.0,89275.31479032633,0.0
614.8846299592141,Germany,Male,52.0,5.0,97720.35,2.0,1.0,1.0,175070.94,1.0
705.0,France,Male,25.0,9.0,0.0,2.0,0.0,1.0,88154.41517144005,0.0
685.0,Spain,Male,43.0,4.0,97392.18,2.0,1.0,0.0,96718.0056479005,0.0
741.0,France,Male,29.0,8.0,0.0,2.0,1.0,1.0,115994.52,0.0
658.0,Germany,Female,28.0,9.0,152812.58,1.0,1.0,0.0,166682.57,0.0
575.0,France,Male,27.0,3.0,139301.68,1.0,1.0,0.0,99843.98,0.0
844.0,France,Female,41.0,10.0,76319.64,1.0,1.0,1.0,141175.18,1.0
647.8503483340011,France,Male,35.79278223963745,4.863291674868241,102691.0070787422,1.0,1.0,0.0,175910.95,0.0
725.0,France,Male,37.0,6.0,124348.38,2.0,0.0,1.0,176984.34,0.0
450.0,France,Male,29.0,7.0,117199.8,1.0,1.0,1.0,43480.63,0.0
738.0,France,Male,57.0,9.0,148384.64,1.0,1.0,0.0,155047.11,1.0
642.0,Germany,Female,19.0,3.0,113905.48,1.0,1.0,1.0,176137.2,0.0
618.0,Spain,Male,32.0,4.46772842287129,133476.09,1.0,0.0,1.0,94505.39750212905,0.0
590.0,France,Male,47.0,0.0,117879.32,1.0,1.0,1.0,8214.46,0.0
735.0,France,Male,50.0,2.0,28734.640493057206,2.0,1.0,1.0,147075.69,0.0
550.0,France,Male,34.0,8.0,122359.5,1.0,0.0,0.0,116495.55,0.0
729.0,Spain,Female,45.71219587511001,0.0,0.0,2.0,1.0,1.0,31165.06,1.0
626.7245320032982,Germany,Male,59.0,5.0,108585.35,1.590948597432304,1.0,1.0,192127.22,0.0
555.0,France,Male,31.0,8.0,145875.74,1.0,1.0,0.0,137491.23,0.0
667.0,Spain,Female,36.0,4.934625263432416,121542.57,2.0,1.0,1.0,186841.71,0.0
790.0,Spain,Female,41.0,7.0,109508.68,1.0,0.0,0.0,86776.38,0.0
727.0,Germany,Male,34.0,2.0,146407.11,1.0,1.0,1.0,72073.72,0.0
744.0,France,Female,39.0,6.0,0.0,1.0,0.0,0.0,10662.58,0.0
655.2503081203371,Germany,Male,35.0,8.0,112330.83,1.0,1.0,1.0,91001.02,0.0
619.0,France,Female,35.0,4.0,90413.12,1.0,1.0,1.0,20555.21,0.0
634.0,France,Male,34.0,8.0,105302.66,1.0,1.0,1.0,96813.82208135807,0.0
608.0,Spain,Female,35.0,6.0,0.0,2.0,1.0,1.0,143463.28,0.0
507.0,France,Female,35.0,1.0,0.0,2.0,0.0,0.0,92131.54,0.0
536.0,Germany,Female,35.0,4.0,121520.36,1.0,0.0,0.0,77178.42,0.0
730.0,Spain,Male,43.0,1.0,103960.38,1.0,1.0,1.0,92900.16574085664,0.0
583.0,France,Male,39.0,8.0,102945.01,1.0,0.0,0.0,52861.89,0.0
644.0,France,Female,24.0,8.0,92760.55,1.0,1.0,0.0,35896.75,0.0
650.1355269346963,Spain,Male,37.0,8.0,0.0,2.0,1.0,1.0,149418.41,0.0
807.0,Germany,Male,40.0,1.0,134590.21,1.0,1.0,1.0,46253.65,0.0
581.0,France,Female,37.0,10.0,104255.03,1.0,1.0,0.0,86609.37,0.0
627.0,Spain,Female,55.0,4.48889843128357,0.0,1.0,0.0,0.0,91943.94,1.0
850.0,France,Male,41.0,3.0,0.0,2.0,1.0,0.0,128892.36,0.0
754.0,France,Female,35.0,4.762590281498363,0.0,2.0,1.0,0.0,44830.71,0.0
551.0,Germany,Male,50.0,1.0,121399.98,1.0,0.0,1.0,84508.44,1.0
637.0,Germany,Male,35.0,8.0,147127.81,2.0,1.0,1.0,84760.7,0.0
699.0,Spain,Male,31.0,8.0,125927.51,2.0,1.0,0.0,147661.47,0.0
542.0,France,Female,25.0,7.0,0.0,2.0,0.0,1.0,82393.08,0.0
640.0,Germany,Male,48.0,5.237503526988472,111599.32,1.0,0.0,1.0,135995.58,0.0
553.0,France,Female,27.0,3.0,0.0,2.0,0.0,0.0,159800.16,0.0
741.0,France,Male,38.0,9.0,0.0,2.0,1.0,0.0,14379.01,0.0
598.0,France,Male,35.0,8.0,114212.6,1.0,1.0,1.0,74322.85,0.0
597.021362569025,France,Female,42.0,5.0,0.0,3.0,1.0,1.0,189016.24,1.0
618.0,Spain,Male,41.0,4.0,92647.90691139875,1.0,0.0,0.0,136435.75,0.0
647.0,France,Male,43.0,9.0,0.0,2.0,1.0,1.0,78488.39,0.0
491.0,France,Female,68.0,3.0,107571.61,1.0,0.0,1.0,113695.99,0.0
652.0,France,Female,32.0,2.0,0.0,2.0,1.0,0.0,54628.11,0.0
650.0,Germany,Female,43.13188017314314,4.83223637738606,112158.1633053965,3.0,1.0,0.0,150835.21,1.0
413.0,Germany,Male,39.0,1.0,130969.77,2.0,1.0,1.0,158891.79,0.0
416.0,Germany,Female,25.0,0.0,97738.97,2.0,1.0,1.0,160523.33,0.0
672.3484575547653,Spain,Male,34.0,5.354428517049745,61281.16349135328,2.0,1.0,1.0,101877.92443217781,0.0
678.0,Spain,Male,40.0,4.0,113794.22,1.0,1.0,0.0,16618.76,0.0
527.0,Spain,Male,35.73820152705308,6.0,128396.33,2.0,1.0,0.0,79919.97,0.0
743.0,Spain,Female,48.0,3.8483060037361456,118207.69,2.0,0.0,0.0,186489.14,0.0
683.0,Germany,Male,73.0,5.0410953290029195,124730.26,1.4866449638655743,1.0,1.0,51999.5,0.0
536.0,France,Female,41.0,9.0,0.0,1.0,1.0,0.0,121299.14,0.0
630.6579152745798,Spain,Male,44.15260647443714,0.0,136298.65,1.0,1.0,0.0,144593.3,1.0
646.0,France,Female,38.0,2.0,0.0,2.0,0.0,0.0,178752.73,0.0
679.5723307333766,France,Male,35.0,2.0,0.0,3.0,1.0,1.0,94148.3,0.0
602.0,France,Male,34.0,5.0,0.0,2.0,1.0,1.0,101521.49972778921,0.0
635.0,France,Female,47.0,2.0,125724.95,2.0,1.0,0.0,63236.97,0.0
597.0,France,Male,67.0,2.0,0.0,2.0,0.0,1.0,108645.85,0.0
503.0,France,Male,38.0,1.0,0.0,2.0,1.0,1.0,95153.24,0.0
524.0,Spain,Female,64.0,5.0,0.0,1.0,1.0,0.0,136079.64,1.0
700.0,France,Male,46.0,5.160907364601592,95872.86,1.0,1.0,0.0,98273.01,1.0
637.9393985307821,France,Male,33.0,9.0,0.0,1.0,1.0,0.0,113505.93,1.0
562.0,France,Male,37.0,2.0,0.0,1.0,0.0,1.0,52525.15,1.0
679.0,France,Male,37.0,7.0,74260.03,1.0,1.0,0.0,194617.98,0.0
603.0,Germany,Male,35.0,1.0,123407.69,1.3071511781555798,1.0,1.0,152541.89,1.0
720.0,Spain,Male,33.0,3.0,17648.202479809177,2.0,1.0,1.0,113728.03695669149,0.0
797.0,France,Male,24.0,5.0,0.0,2.0,1.0,0.0,182257.61,0.0
594.0,France,Male,36.0,6.0,153880.15,1.0,0.0,0.0,135431.72,0.0
529.0,France,Female,38.809528087154526,7.0,0.0,2.0,1.0,1.0,175697.87,0.0
606.0,Germany,Female,32.0,1.0,106301.85,2.0,0.0,1.0,59061.25,0.0
621.0,Spain,Female,40.0,7.0,76227.11437420225,2.0,0.0,0.0,131283.6,1.0
513.0,France,Female,43.0,9.0,0.0,1.7756058022926537,1.0,0.0,152499.8,0.0
753.0,Germany,Male,44.0,3.0,138076.47,1.0,1.0,0.0,15523.09,1.0
605.0,France,Female,30.0,9.0,135422.31,1.0,0.0,1.0,186418.85,0.0
574.0,Spain,Female,37.0,7.0,0.0,2.0,1.0,0.0,32262.28,0.0
726.0,France,Female,38.0,5.0,126875.62,1.0,1.0,0.0,128052.29,0.0
611.0,Spain,Female,28.0,4.730696894234211,96381.68,2.0,1.0,0.0,181419.29,0.0
657.2083311043274,Germany,Female,41.0,4.0,119703.1,2.0,1.0,1.0,109783.29,0.0
466.0,Germany,Male,41.0,2.0,152102.18,2.0,1.0,0.0,181879.56,0.0
741.0,Germany,Male,36.0,0.0,127675.39,2.0,1.0,0.0,74260.16,0.0
684.0,Germany,Female,44.0,2.0,133776.86,2.0,0.0,1.0,49865.04,0.0
550.0,Spain,Female,33.0,9.0,72788.03,1.0,1.0,1.0,103608.06,0.0
593.0,Spain,Male,26.0,9.0,101120.65593559174,1.0,1.0,1.0,167564.82,0.0
601.0,Germany,Male,48.0,9.0,163630.76,1.0,0.0,1.0,41816.49,1.0
676.0,Spain,Female,30.0,5.0,15714.167496280832,2.0,0.0,0.0,179066.58,0.0
556.0,France,Female,46.0,10.0,0.0,2.0,0.0,0.0,109184.24,0.0
719.0,France,Male,36.0,3.0,155423.17,1.4525949549036332,1.0,1.0,199841.32,0.0
850.0,Germany,Male,55.0,3.81742651232363,118659.08551492039,1.0,1.0,1.0,83617.17,1.0
649.0,Spain,Female,49.0,2.0,46392.00337837094,1.0,1.0,0.0,84863.85,1.0
644.245641447619,Spain,Male,41.0,7.0,126683.8,1.0,0.0,1.0,114775.53,0.0
684.0,France,Male,33.0,4.0,140700.61,1.0,1.0,0.0,103557.93,0.0
806.0,Germany,Male,44.67247149913345,8.0,168078.83,1.0,1.0,0.0,85028.36,1.0
729.0,Spain,Male,44.0,5.434379822094803,107726.93,1.2529746643697413,1.0,0.0,153064.87,0.0
683.0,France,Female,33.0,9.0,0.0,2.0,1.0,1.0,38784.42,0.0
689.0,France,Male,63.0,1.0,0.0,2.0,1.0,1.0,186526.12,0.0
672.0,Germany,Male,21.0,1.0,35741.69,1.0,1.0,0.0,28789.94,0.0
602.0,Germany,Female,53.0,5.0,127530.12112969717,1.0,0.0,1.0,45038.29,1.0
739.0,France,Female,20.0,4.0,133800.98,1.0,0.0,1.0,98650.78171206493,0.0
618.0,France,Female,21.0,2.0,125682.79,1.0,0.0,0.0,57762.0,0.0
674.0,France,Female,42.0,9.0,0.0,2.0,1.0,0.0,4292.72,0.0
762.0,France,Male,26.0,6.0,130428.78,1.0,1.0,0.0,173365.89,0.0
790.0,Spain,Male,40.3679478914131,5.627651196778597,0.0,2.0,1.0,1.0,119484.01,0.0
754.0,France,Female,27.0,8.0,0.0,2.0,0.0,0.0,121821.16,0.0
729.0,France,Male,44.0,6.0,0.0,2.0,1.0,1.0,151733.43,0.0
606.0,Germany,Female,47.0,0.0,137138.2,2.0,0.0,1.0,53784.22,0.0
616.0,France,Male,23.0,8.0,73112.95,1.0,1.0,1.0,62733.05,0.0
772.0,France,Male,47.0,9.0,152347.01,1.0,1.0,1.0,17671.78,0.0
652.0,Spain,Male,38.5225957801251,8.0,115144.68,1.0,1.0,1.0,188905.43,0.0
743.0,France,Male,44.015023886954296,5.0,0.0,2.0,0.0,0.0,113079.19,1.0
793.0,France,Male,39.0,3.0,137817.52,1.0,0.0,0.0,83997.79,0.0
618.2500384077365,Spain,Male,45.0,7.0,157332.26,1.0,1.0,1.0,125424.42,0.0
746.0,France,Male,34.29792679004643,2.0,0.0,2.0,1.0,0.0,143194.05,0.0
627.0,Germany,Female,39.0,5.0,124586.93,1.0,1.0,0.0,97442.56047456968,1.0
657.7073166425987,Spain,Male,38.0,6.0,116980.78,2.0,0.0,1.0,76038.38,0.0
678.0,Spain,Female,40.0,4.646802490265411,128398.38,1.0,1.0,1.0,168658.3,0.0
540.0,Spain,Male,39.0,1.0,0.0,1.0,0.0,1.0,108419.41,0.0
615.0,Germany,Female,33.0,3.0,137657.25,2.0,1.0,1.0,171657.57,0.0
415.0,Spain,Male,53.0,5.0,167259.44,1.0,1.0,1.0,22357.25,0.0
628.0,France,Female,45.0,8.0,0.0,2.0,1.0,0.0,193903.06,0.0
700.0,France,Male,26.0,4.0,119009.57,1.0,1.0,0.0,141926.43,0.0
623.0,Germany,Male,33.0,2.0,80002.33,1.0,1.0,1.0,104079.62,0.0
623.0,France,Female,37.0,4.0,140211.88,1.0,1.0,1.0,93832.33,0.0
679.0,France,Female,44.0,3.0,118742.74,2.0,1.0,0.0,1568.91,0.0
632.0,Spain,Male,37.0,1.0,138207.08,1.2123178712845353,1.0,0.0,60778.11,0.0
646.0922973818341,France,Female,47.0,10.0,65710.88369092149,1.0,0.0,0.0,16119.96,1.0
514.0,France,Male,45.0,1.0,178827.79,1.0,1.0,0.0,60375.18,0.0
491.0,France,Male,33.0,5.0,83134.3,1.0,1.0,0.0,187946.55,0.0
634.7934446001651,France,Male,92.0,3.0,77588.21177333637,1.0,0.0,1.0,195563.99,0.0
693.0,Germany,Female,37.0,6.0,95900.04,1.0,1.0,1.0,38196.24,0.0
679.0,France,Female,35.89174576490633,1.0,112543.42,1.0,1.0,1.0,179435.21,0.0
529.0,Spain,Male,34.0,9.0,91938.7653569822,1.0,1.0,1.0,93208.22,0.0
619.0,Spain,Female,31.0,3.0,141751.82,1.0,0.0,1.0,61531.86,0.0
680.0,Spain,Male,37.0,6.0,124140.57,2.0,1.0,1.0,92826.35,0.0
693.0,Germany,Male,45.0,2.0,116546.59,2.0,0.0,0.0,23140.28,1.0
834.0,France,Female,28.0,6.0,0.0,1.0,1.0,0.0,74287.53,0.0
636.0,Spain,Female,29.0,6.0,108158.72155122206,1.231540404259679,1.0,1.0,101102.39,0.0
538.0,Spain,Male,43.0,5.0,26645.10177097987,2.0,1.0,0.0,126933.73,0.0
566.0,Germany,Female,44.0,5.0,141428.99,2.0,0.0,0.0,68408.74,0.0
635.4385517893214,Spain,Male,35.0,0.0,127510.99,1.0,1.0,1.0,155356.34,0.0
711.0,France,Female,29.0,9.0,0.0,2.0,0.0,1.0,3234.8,0.0
606.0,France,Male,33.3919889561647,10.0,0.0,2.0,1.0,0.0,195209.4,0.0
615.0,Spain,Male,40.740493092200616,7.2491279415830485,131079.41949208005,1.4426293052525325,1.0,1.0,169149.38,0.0
589.0,France,Male,36.0,1.0,100895.54,1.0,1.0,1.0,68075.14,0.0
606.0,Germany,Male,45.0,5.653666094032371,63832.43,1.0,1.0,1.0,93707.8,0.0
582.0,France,Male,29.0,4.0,0.0,2.0,0.0,0.0,156153.27,0.0
710.0,France,Female,36.0,4.0,116085.06,1.0,1.0,0.0,58601.61,0.0
467.0,France,Male,57.0,1.0,0.0,2.0,1.0,1.0,114448.77,0.0
749.0,France,Male,30.0,1.0,0.0,2.0,0.0,0.0,126551.65,0.0
564.0,Germany,Female,33.0,2.0,115761.51,1.0,1.0,1.0,112350.21,1.0
637.3767891018222,France,Male,26.0,6.0,28868.201864395327,2.0,1.0,1.0,87560.39233672652,0.0
678.0,Germany,Male,43.94015468833844,4.0,139626.01,1.0,1.0,1.0,118235.52,1.0
540.0,France,Female,31.0,7.0,0.0,1.0,0.0,1.0,183051.6,1.0
767.0,France,Female,35.0,6.0,115576.44,1.0,0.0,1.0,27922.45,0.0
615.0,France,Female,23.0,4.0,0.0,2.0,1.0,0.0,196476.19,0.0
583.0,Germany,Female,41.0,5.0,77647.6,1.0,1.0,0.0,190429.52,0.0
850.0,France,Female,40.0,5.0,0.0,1.8437488571402143,1.0,0.0,35034.15,0.0
651.0,Germany,Female,34.0,10.0,148962.46,1.0,1.0,0.0,66389.43,1.0
798.0,France,Male,22.0,8.0,0.0,2.0,1.0,0.0,107615.43,0.0
695.0,France,Male,37.0,2.0,0.0,2.0,1.0,1.0,99692.65,0.0
497.0,Germany,Male,41.0,5.0,80542.81,1.0,0.0,0.0,88729.22,1.0
739.0,France,Female,40.0,5.240916282388436,0.0,2.0,1.0,0.0,173321.65,0.0
549.0,France,Female,34.0,4.0,0.0,2.0,0.0,0.0,139463.57,0.0
850.0,France,Male,35.0,9.0,74582.63694761047,1.0,1.0,1.0,3769.71,0.0
648.0,Spain,Male,49.0,5.0,0.0,1.0,1.0,0.0,149946.43,1.0
679.0,France,Female,24.0,6.0,114948.76,2.0,0.0,1.0,135768.25,0.0
606.0,Germany,Male,39.0,8.0,136000.45,2.0,1.0,0.0,31708.53,0.0
629.1331219519756,France,Male,35.374141419129934,4.0,156001.68,2.0,1.0,1.0,151677.31,0.0
619.0,Germany,Male,41.0,3.0,147974.16,2.0,1.0,0.0,170518.83,0.0
719.0,Spain,Male,44.0,2.0,19956.8862686178,2.0,1.0,0.0,196582.19,0.0
640.0,Germany,Male,40.99877563549265,5.0,90402.77,1.0,1.0,1.0,3298.65,0.0
710.0,France,Male,40.0,5.0,0.0,2.0,0.0,0.0,162878.96,0.0
580.0,France,Male,31.0,2.0,0.0,2.0,0.0,1.0,64014.24,0.0
632.6458271288335,France,Male,44.0,9.0,0.0,2.0,1.0,0.0,26257.01,0.0
841.0,France,Female,31.0,3.0,162701.65,2.0,1.0,1.0,126794.56,0.0
760.0,France,Male,34.0,2.0,0.0,2.0,1.0,0.0,95776.74476020096,0.0
687.0,France,Female,30.0,6.0,0.0,2.0,1.0,0.0,179206.92,0.0
753.0,Germany,Female,35.0,5.0,82453.96,2.0,0.0,0.0,18254.75,0.0
661.0,France,Male,35.0,9.0,100107.99,1.0,1.0,0.0,83949.68,0.0
699.0,France,Male,28.0,7.0,0.0,2.0,1.0,1.0,22684.78,0.0
614.9662404896102,Germany,Female,39.0,5.0,83348.89,3.0,1.0,0.0,7953.62,1.0
634.261624641056,Germany,Female,44.0,4.0,117949.88748429004,2.0,1.0,0.0,143952.24,1.0
693.2694123377134,France,Male,50.0,9.0,201009.64,1.0079027671810423,1.0,0.0,93593.39997332025,1.0
613.0,France,Female,27.0,5.0,125167.74,1.0,1.0,1.0,101138.16754967324,0.0
782.0,France,Male,32.0,9.0,0.0,1.0,1.0,1.0,87566.97,0.0
582.0,France,Female,43.0,5.0,153313.67,1.0,0.0,0.0,170563.73,0.0
679.0,France,Male,30.0,9.0,14580.953282488188,2.0,1.0,0.0,157871.55,0.0
611.0,France,Female,40.0,2.0,125879.29,1.0,1.0,0.0,93203.43,0.0
455.0,Germany,Female,37.0,6.0,170057.62,1.0,0.0,1.0,54398.56,0.0
621.0,France,Male,32.0,1.0,0.0,2.0,1.0,1.0,168779.47,0.0
596.0,Germany,Male,48.0,2.0,131326.47,1.0,0.0,0.0,1140.02,1.0
585.0,Spain,Female,56.0,1.0,128472.8,1.4283764723550632,1.0,0.0,186476.91,1.0
742.0,France,Male,32.0,6.0,160485.16,1.0,1.0,0.0,29023.03,0.0
657.2655933342578,Germany,Male,38.244221572950494,6.0,84445.68,3.0,0.0,1.0,60021.34,0.0
738.0,Germany,Female,40.0,1.0,115409.18,2.0,0.0,1.0,180456.8,0.0
619.0,Spain,Male,46.519165813330716,8.0,62400.48,1.0,1.0,0.0,132498.39,1.0
628.0,France,Female,50.0,4.0,143054.56,1.0,0.0,0.0,109608.81,1.0
660.7771213230632,France,Male,24.0,7.0,133628.09,2.0,1.0,1.0,98570.01,0.0
513.0,Spain,Male,38.17344506949571,9.0,107135.04,2.0,1.0,1.0,160546.58,0.0
563.0,Spain,Male,26.0,7.0,0.0,2.0,1.0,0.0,6139.74,0.0
803.0,France,Female,65.0,2.0,151659.52,2.0,0.0,1.0,6930.17,0.0
607.0,Spain,Female,32.0,7.0,0.0,3.0,0.0,1.0,10674.62,0.0
628.0,Germany,Female,36.66117385636356,9.0,155903.82,1.5081864703049195,1.0,1.0,71159.84,0.0
521.0,Spain,Male,49.0,4.0,82940.25,1.5907057230085546,0.0,0.0,62413.01,1.0
669.0,Germany,Female,50.0,4.0,112650.89,1.0,0.0,0.0,166386.22,1.0
686.0,France,Female,41.0,10.0,0.0,1.0,1.0,0.0,133086.45,0.0
700.0,Germany,Male,35.0,4.0,95853.39,1.5445759877810727,1.0,1.0,192933.37,0.0
649.7946429664779,France,Female,42.0,1.0,82228.67,2.0,1.0,0.0,71359.78,0.0
671.0,Spain,Female,31.0,4.0,0.0,2.0,0.0,1.0,79270.02,0.0
651.0,Germany,Female,35.0,1.0,163700.78,3.0,1.0,1.0,29583.48,1.0
651.158342224466,France,Male,34.0,4.0,106328.08,1.0,1.0,0.0,88680.65,0.0
574.0,France,Female,34.0,7.0,152992.91,1.0,1.0,1.0,134691.2,0.0
464.0,France,Male,38.0,3.0,116439.65,1.0,1.0,0.0,75574.48,0.0
604.0,Spain,Male,27.0,9.0,101352.78,1.0,0.0,1.0,30252.3,0.0
836.0,Spain,Female,37.0,10.0,0.0,1.8069453887666544,1.0,0.0,77078.42532101052,0.0
511.0,Germany,Female,75.0,9.0,105609.17,1.0,0.0,1.0,105425.18,0.0
518.0,France,Female,45.0,8.0,0.0,2.0,1.0,1.0,36193.07,0.0
756.0,France,Male,67.0,4.0,0.0,3.0,1.0,1.0,83384.82997688609,0.0
489.0,France,Female,47.0,8.0,103894.38,2.0,1.0,1.0,107625.46,0.0
709.6851252333358,France,Male,27.0,9.0,139834.93,1.2662881696082602,1.0,1.0,107867.61307899849,0.0
652.0,France,Female,36.0,6.0,112518.71,2.0,0.0,1.0,110421.31,0.0
625.0,France,Female,37.0,7.0,115895.42,1.0,1.0,0.0,48486.25,0.0
521.0,Spain,Female,39.0,3.0,146408.68,1.0,0.0,0.0,72993.67,0.0
546.0,France,Male,34.0,4.0,165363.31,2.0,1.0,1.0,25744.13,1.0
697.0,France,Female,45.0,1.0,0.0,2.0,1.0,0.0,46807.62,1.0
571.0,Germany,Male,33.0,3.0,71843.15,1.0,1.0,0.0,26772.04,0.0
748.0,Spain,Male,35.0,5.0,105492.53,1.0,1.0,1.0,150057.2,0.0
591.0,France,Male,35.0,7.0,183027.25,1.0,1.0,1.0,56028.79,0.0
814.0,Germany,Male,34.9180505561768,1.0,131968.57,2.0,1.0,1.0,147693.92,0.0
709.0,France,Female,45.0,3.0,104118.5,1.0,0.0,1.0,174032.0,0.0
433.0,Spain,Male,27.0,2.0,0.0,2.0,1.0,1.0,153698.65,0.0
781.0,France,Male,20.0,0.0,125023.1,2.0,1.0,1.0,108301.45,0.0
656.0,France,Female,30.0,4.0,74323.2,1.0,1.0,1.0,22929.08,0.0
683.0,France,Male,42.53207233053524,7.0,109346.13,2.0,1.0,1.0,102665.92,0.0
620.0,France,Male,32.0,6.0,32798.965859629454,2.0,1.0,0.0,56139.09,0.0
637.0,Germany,Male,39.0,3.0,109698.41,1.0,1.0,1.0,88391.29,1.0
525.0,Spain,Female,30.0,5.0,0.0,2.0,0.0,1.0,149195.44,0.0
793.0,Germany,Female,34.0,5.0,127758.09,1.0,1.0,0.0,143357.03,0.0
638.0,Germany,Male,50.0,1.0,102645.48,1.0,1.0,0.0,168359.98,1.0
520.0,France,Male,31.0,4.0,93249.4,1.0,1.0,0.0,77335.75,0.0
641.0,France,Male,35.0,5.0,0.0,2.0,1.0,0.0,93148.93,0.0
840.0,Germany,Female,51.0,1.0,87779.83,1.2275140508859488,0.0,1.0,36687.11,1.0
504.0,France,Male,40.0,5.0,0.0,2.0,0.0,0.0,146703.36,0.0
686.0,France,Male,38.0,0.0,138131.34,1.0,0.0,1.0,115927.85,0.0
673.0536614728431,Germany,Male,37.977511985435285,4.0,70362.52,2.0,1.0,1.0,104189.46,0.0
577.0,France,Female,32.0,1.0,0.0,2.0,1.0,0.0,9902.39,0.0
445.0,Germany,Female,48.0,7.0,168286.58,1.0,1.0,0.0,16645.77,1.0
720.0,France,Male,44.0,3.0,70821.38878476186,1.0,1.0,0.0,180134.88,1.0
643.0,Germany,Male,25.0,4.0,115142.9,1.0,1.0,1.0,148098.95,0.0
652.0,Germany,Male,47.0,0.0,126597.89,1.431528199679505,1.0,1.0,38798.79,1.0
663.0,France,Female,33.0,2.0,0.0,2.0,1.0,0.0,153295.0,0.0
525.0,Germany,Female,30.0,0.0,157989.21,2.0,1.0,1.0,100687.67,0.0
662.0,Spain,Female,54.0,1.0,187997.15,1.0,0.0,0.0,111442.71,1.0
724.0,Germany,Male,37.0501959457446,5.4494895051702334,172192.49,1.5971370092276749,1.0,1.0,81226.20006434139,0.0
647.5529345614141,Germany,Male,38.0,4.856270066641374,133105.47,1.0,1.0,0.0,105732.9,0.0
685.0,Spain,Male,38.73374751449875,4.0,0.0,2.0,1.0,1.0,35884.91,0.0
595.0,France,Male,46.0,10.0,0.0,1.0,1.0,0.0,73489.15,1.0
588.0,France,Female,21.0,8.0,0.0,2.0,1.0,0.0,110114.19,0.0
647.0,Germany,Male,35.0,3.0,192407.97,1.0,1.0,1.0,40145.28,0.0
785.0,Germany,Female,38.0,9.0,117718.84544168189,1.0,0.0,1.0,146398.51,0.0
671.1789639422975,Germany,Male,55.0,6.0,115796.7,1.069961285670779,1.0,0.0,160526.36,1.0
823.0,France,Male,36.364781289403,5.0,164858.18,1.0,1.0,1.0,90122.44828524321,0.0
687.0,Germany,Male,38.0,4.0,117633.28,1.0,0.0,1.0,88396.6,0.0
850.0,France,Female,28.0,9.0,0.0,2.0,1.0,0.0,185821.41,0.0
496.0,France,Female,36.0,7.0,0.0,2.0,0.0,0.0,108098.28,0.0
527.0,Germany,Male,30.0,6.0,126663.51,1.0,1.0,1.0,162267.91,0.0
576.0,France,Female,71.0,4.379525540630827,45790.64429455969,1.0,1.0,1.0,193135.25,1.0
525.0,Spain,Female,60.0,7.0,0.0,2.0,0.0,1.0,168034.9,0.0
727.0,France,Male,36.322762052780845,8.0,153344.72,1.0,1.0,1.0,163295.87,0.0
671.0,Germany,Female,23.0,9.0,123943.18,1.0,1.0,1.0,159553.27,0.0
625.0,France,Male,39.0,5.0,0.0,1.0,1.0,0.0,106521.43041237222,0.0
643.0,Germany,Male,36.50778732471279,7.0,98630.31,2.0,1.0,1.0,40250.82,0.0
707.0,France,Female,33.0,2.0,58036.33,1.0,1.0,1.0,83335.78,0.0
539.0,Spain,Male,28.0,5.0,0.0,2.0,1.0,0.0,48382.4,0.0
498.0,Germany,Male,45.0,7.0,109200.74,2.0,0.0,1.0,165990.44,0.0
696.0,Spain,Male,30.0,0.0,0.0,2.0,1.0,1.0,9002.8,0.0
758.0,France,Female,33.0,7.0,0.0,1.0,1.0,0.0,188156.34,0.0
685.0,France,Male,33.0,6.0,0.0,2.0,0.0,1.0,186785.01,0.0
655.0,Germany,Male,30.0,4.515364107335375,83173.98,1.5841475381315842,1.0,1.0,184259.6,0.0
747.0,France,Female,40.0,3.0,0.0,1.7892433449381315,0.0,0.0,57817.84,1.0
601.0,Spain,Male,24.0,7.0,0.0,2.0,1.0,0.0,144660.42,0.0
477.0,France,Female,22.0,5.0,82559.42,2.0,0.0,0.0,163112.9,1.0
558.0,France,Male,32.0,5.0,73494.21,1.0,0.0,0.0,136301.1,0.0
586.0,Spain,Male,29.0,2.0,132450.24,1.0,1.0,1.0,36176.63,0.0
850.0,France,Male,47.442116738085666,6.0,128663.9,1.0,1.0,0.0,96961.86159630868,1.0
505.0,France,Female,36.0,2.0,79951.9,1.0,0.0,1.0,174123.16,1.0
591.0,Germany,Female,51.0,8.0,132508.3,1.0,1.0,1.0,161304.68,1.0
761.0,Germany,Female,38.0,1.0,120530.13,2.0,1.0,0.0,94785.2841979373,0.0
554.0,France,Female,35.0,10.0,74988.59,2.0,0.0,1.0,190155.13,0.0
660.2673080437909,France,Female,47.0,6.0,94722.88,1.0,0.0,1.0,61450.96,0.0
771.0,Spain,Female,33.0,5.0,0.0,2.0,1.0,0.0,89388.17466024008,0.0
792.0,France,Male,31.0,6.0,71269.89,2.0,0.0,1.0,125912.77,0.0
673.0,Germany,Female,41.0,9.0,98612.1,1.4966836383365831,1.0,0.0,151349.35,0.0
765.0,France,Male,40.0,6.0,138033.55,1.0,1.0,1.0,103431.28075747608,0.0
748.0,France,Female,41.0,2.0,91621.69,1.0,1.0,1.0,71139.31,0.0
422.0,France,Male,54.0,3.0,140014.42,1.0348906711832422,0.0,1.0,86350.97,0.0
662.302455827103,Spain,Male,27.0,5.3410045798340935,126815.97,2.0,1.0,1.0,118648.12,0.0
502.0,France,Female,64.0,3.0,139663.37,1.0,0.0,1.0,100995.11,0.0
524.0,France,Female,28.0,7.0,0.0,2.0,0.0,1.0,147100.72,0.0
689.0,France,Male,34.0,1.0,165312.27,1.0,1.0,0.0,91467.87407866502,0.0
661.0,France,Male,26.0,8.0,0.0,2.0,0.0,0.0,196875.87,0.0
606.0,Spain,Male,33.0,8.0,0.0,2.0,1.0,1.0,95941.53612731649,0.0
678.0,Germany,Female,54.0,4.624637513250532,123699.28,2.0,0.0,1.0,105221.76,0.0
636.0,Germany,Female,29.0,3.0,97325.15,1.0,0.0,1.0,131924.38,0.0
647.0,France,Male,32.0,5.0,97041.16,1.1267717459184607,1.0,1.0,23132.73,0.0
732.0,France,Male,36.0,5.0,0.0,2.0,1.0,0.0,161428.25,0.0
646.0,France,Male,50.0,0.0,104129.24,2.0,1.0,1.0,181794.86,1.0
559.0,France,Female,38.57738571838373,1.0,0.0,1.0,0.0,1.0,86634.3,0.0
581.0,France,Male,28.0,3.0,104367.5,1.0,1.0,1.0,29937.75,0.0
660.7126116366576,France,Male,46.0,7.0,135369.71,1.0,1.0,1.0,140130.22,0.0
657.0,Spain,Female,41.0,6.0,112119.48,1.0,1.0,0.0,17536.82,0.0
847.0,France,Male,66.0,7.0,123760.68,1.0,0.0,1.0,53157.16,0.0
558.0,France,Female,41.0,6.0,0.0,1.0,1.0,1.0,143585.29,1.0
596.0,France,Male,57.0,6.0,39432.237835185275,2.0,1.0,1.0,119716.9000423863,0.0
659.6282670129752,France,Male,39.0,5.0,0.0,2.0,0.0,1.0,39891.84,0.0
741.0,France,Female,36.0,3.0,0.0,2.0,1.0,1.0,89804.83,0.0
613.0,France,Male,44.0,3.0,0.0,2.0,0.0,1.0,136491.72,0.0
694.0,Spain,Male,31.0,5.0,0.0,1.0,1.0,1.0,35593.18,0.0
729.0,Spain,Female,42.0,7.0,97825.95418624692,1.2737485975004683,1.0,0.0,58268.2,1.0
480.0,France,Female,42.0,1.0,152160.21,2.0,1.0,0.0,101778.9,0.0
650.6715975091216,France,Female,59.0,5.0,0.0,2.0,1.0,1.0,185123.09,0.0
651.5149201648039,France,Male,24.0,2.0,0.0,2.0,1.0,1.0,119927.81,0.0
850.0,France,Male,36.0,3.0,0.0,2.0,1.0,0.0,195033.07,0.0
740.0,France,Male,36.0,4.0,172381.8,1.0,1.0,1.0,86480.29,0.0
588.0,France,Male,41.0,5.89090354411026,28680.987038894826,2.0,1.0,1.0,198766.61,0.0
681.0,France,Male,36.0,5.0,141952.07,1.0,1.0,1.0,185144.08,0.0
611.0,Spain,Female,33.0,7.0,0.0,2.0,1.0,1.0,3729.89,0.0
589.0,France,Female,37.0,6.0,138497.84,1.0,0.0,1.0,18988.58,0.0
717.0,Spain,Female,34.0,1.0,0.0,2.0,1.0,0.0,119313.74,0.0
675.3935613511316,Germany,Male,33.0,3.0,124213.36,2.0,1.0,0.0,62627.55,0.0
850.0,France,Male,37.0,4.0,126872.6,1.0,1.0,0.0,197266.58,0.0
685.0,Spain,Female,42.0,2.0,0.0,2.0,0.0,0.0,199992.48,0.0
713.0,France,Female,37.0,8.0,0.0,1.0,1.0,1.0,16403.41,0.0
437.0,France,Female,26.0,1.0,120923.52,1.0,0.0,1.0,78854.57,0.0
605.0,Spain,Male,47.0,7.0,142643.54,1.194208358218402,1.0,0.0,189310.27,0.0
758.0,Germany,Male,41.0,5.843839353344592,79857.64,1.684267665738052,1.0,1.0,108552.9036768742,0.0
600.0,France,Male,46.0,10.0,95502.21,1.0,0.0,0.0,19842.18,0.0
827.0,France,Male,38.0,5.0,0.0,2.0,0.0,1.0,103305.01,0.0
608.0,Germany,Male,34.874908284120835,8.0,197715.93,2.0,1.0,1.0,116124.28,0.0
608.0,France,Female,30.0,8.0,85859.76,1.0,0.0,0.0,142730.27,0.0
554.0,France,Male,44.0,7.0,85304.27,1.0,1.0,1.0,58076.52,0.0
683.0,Germany,Female,35.0,1.0,132371.3,2.0,0.0,0.0,186123.57,0.0
660.0,Spain,Male,33.0,4.0,0.0,1.0,1.0,0.0,29664.45,0.0
628.0,France,Female,31.0,5.0,0.0,1.0,0.0,0.0,147963.07,1.0
668.0,Germany,Male,39.0,4.0,79896.0,1.0,1.0,0.0,38466.39,0.0
639.2471660805495,France,Female,41.01637377019735,5.0,0.0,2.0,1.0,1.0,143301.49,0.0
820.0,France,Male,36.0,4.0,0.0,2.0,1.0,0.0,31422.69,0.0
665.0,France,Male,36.0,1.0,0.0,2.0,0.0,1.0,121505.61,0.0
850.0,Germany,Male,31.0,4.0,146587.3,1.0,1.0,1.0,89874.82,0.0
703.0,France,Female,42.0,7.0,0.0,2.0,1.0,1.0,72500.68,0.0
506.0,Spain,Male,32.0,4.545157911447058,124677.62743622453,1.2492184198156757,0.0,1.0,182692.8,0.0
588.0,Spain,Male,32.0,3.0,90257.87919056149,1.0,1.0,1.0,4993.94,0.0
622.0,Spain,Female,37.374844992124174,8.0,0.0,2.0,1.0,1.0,124964.82,0.0
606.0,France,Male,34.0,5.0,0.0,1.0,1.0,0.0,161971.42,0.0
517.0,France,Male,56.0,9.0,142147.32,1.5880941434171996,0.0,0.0,113664.22066883625,1.0
758.0,Spain,Female,43.0,10.0,0.0,2.0,1.0,1.0,55313.44,0.0
677.0,France,Female,49.0,3.0,0.0,2.0,1.0,1.0,187811.71,0.0
827.0,Spain,Female,35.0,0.0,0.0,2.0,0.0,1.0,184514.01,0.0
729.0,France,Female,36.0,8.0,115781.75995131435,1.2362907541126766,0.0,0.0,121311.12,0.0
654.0,France,Male,36.0,2.0,112262.84,1.0,1.0,0.0,12873.39,0.0
654.0,Spain,Female,36.0,5.0,0.0,2.0,0.0,0.0,157238.05,0.0
619.0,Spain,Male,52.0,8.0,0.0,1.7552892946212286,1.0,1.0,123242.11,0.0
642.0,Spain,Male,26.0,8.0,144238.7,1.0,1.0,0.0,184399.76,0.0
472.0,Spain,Female,32.0,1.0,159397.75,1.0,0.0,1.0,57323.18,0.0
470.0,Spain,Male,30.0,4.0,125385.01,1.0,1.0,0.0,68293.93,0.0
633.0,France,Female,60.0,8.0,69365.25,1.0,1.0,1.0,10288.24,0.0
602.0,France,Male,31.0,7.0,155271.83,1.0,1.0,1.0,179446.31,0.0
645.6773374895404,Spain,Male,29.0,5.0,197200.04,1.3018577036668146,1.0,1.0,141453.62,0.0
454.0,Spain,Female,48.0,5.0,144837.79,1.0,1.0,1.0,93151.77,0.0
562.0,France,Female,57.0,3.0,0.0,3.0,1.0,0.0,6554.97,1.0
636.0,France,Male,34.0,8.0,0.0,2.0,1.0,0.0,38570.13,0.0
637.7491118966475,Spain,Male,50.0,3.0,163085.79,1.0,0.0,1.0,131048.36,0.0
649.5204877642359,Germany,Male,38.0,7.0,119268.08263047192,2.0,1.0,1.0,127068.92,0.0
550.0,France,Male,22.0,6.0,154377.3,1.0,1.0,1.0,51721.52,0.0
630.0,Spain,Male,41.0,7.0,107511.52,1.2604011088849294,1.0,1.0,46156.87,0.0
573.0,Germany,Male,30.0,8.0,127406.5,1.4108392390714597,1.0,0.0,192950.6,0.0
561.0,France,Male,24.0,8.0,143656.55,1.2227593829164722,1.0,1.0,180932.46,0.0
662.0,France,Female,39.0,5.0,138106.75,1.0,0.0,0.0,19596.73,0.0
637.0,France,Male,27.0,9.0,128940.24,1.2642253201771485,1.0,0.0,46786.92,0.0
659.183965028613,Germany,Male,37.0,9.0,114453.58,1.0,0.0,1.0,94244.89012122457,0.0
646.0,France,Female,33.0,2.0,0.0,2.0,0.0,0.0,198208.0,0.0
567.0,France,Female,48.0,3.0,94107.31612014885,1.0,1.0,0.0,55362.45,0.0
638.0,France,Male,41.0,1.0,131762.94,1.0,1.0,1.0,47675.29,0.0
725.0,France,Female,31.0,6.0,0.0,1.0,0.0,0.0,61326.43,0.0
709.0,France,Female,34.585464634383804,3.0,150300.65,2.0,1.0,0.0,71672.86,0.0
787.0,France,Male,40.87361497482469,10.0,108935.39,1.0,1.0,1.0,101168.3,0.0
653.0,France,Male,37.0,7.0,135847.47,1.0,1.0,0.0,144880.81,0.0
661.0,France,Male,37.0,7.0,109908.06,2.0,1.0,0.0,115037.67,1.0
681.0,France,Male,49.0,8.0,73866.15353857337,1.0,0.0,0.0,187280.51,1.0
436.0,France,Male,45.0,3.0,50385.150625903785,2.0,1.0,1.0,183540.22,1.0
663.0,France,Male,33.0,5.0,157274.36,2.0,1.0,1.0,28531.81,0.0
662.0,France,Male,64.0,0.0,98848.19,1.2315063092032947,0.0,1.0,42730.12,0.0
607.0,Germany,Female,39.0,8.0,105103.33,1.0,1.0,0.0,104721.5,1.0
754.0,France,Male,34.0,7.0,0.0,1.7992182970450457,1.0,1.0,65219.85,0.0
850.0,Germany,Female,66.0,4.8011123803197115,123794.82916338026,1.0,1.0,1.0,118929.64,1.0
578.0,France,Male,39.0,2.0,0.0,2.0,1.0,0.0,70563.9,0.0
666.0,Germany,Female,36.0,3.0,129118.5,2.0,0.0,0.0,139435.12,0.0
599.0,France,Female,43.0,4.0,0.0,1.0,1.0,0.0,170347.1,0.0
586.0,France,Female,46.0,0.0,0.0,3.0,0.0,1.0,131553.82,1.0
825.0,France,Female,36.0,3.0,146053.66,1.0,1.0,1.0,97637.50045593349,0.0
710.6404092333601,France,Female,67.0,4.527428923280086,124577.15,1.2613024801173798,0.0,1.0,169894.4,0.0
515.0,Spain,Male,29.0,4.0,151012.55,2.0,1.0,0.0,9770.97,0.0
624.3993641859641,Spain,Female,58.0,5.0,216109.88,1.0,0.0,1.0,74176.71,1.0
444.0,France,Male,34.0,2.0,144318.97,1.0,1.0,0.0,112668.06,0.0
650.0,France,Female,39.0,4.0,0.0,2.0,0.0,0.0,186275.7,0.0
609.0,France,Male,26.0,7.0,0.0,2.0,1.0,0.0,98463.99,0.0
824.0,Germany,Male,77.0,3.8092657790631748,27517.15,2.0,1.0,1.0,2746.41,0.0
662.0,France,Male,29.0,5.103925175962309,147092.65,1.0,1.0,0.0,10928.3,0.0
699.0,Germany,Female,51.0,2.0,92246.14,2.0,0.0,1.0,91346.03,0.0
752.0,France,Female,41.0,8.0,0.0,2.0,1.0,0.0,139844.04,1.0
603.0,Germany,Female,40.0,8.0,148897.02,1.0,0.0,0.0,105052.9,0.0
618.9267680948053,Spain,Male,50.0,8.0,0.0,1.0,0.0,0.0,144366.83,1.0
745.0,France,Female,36.0,9.0,0.0,1.0,1.0,0.0,19605.18,1.0
804.0,France,Female,33.0,4.502544788959679,138335.96,1.0,1.0,1.0,80483.76,0.0
454.0,Germany,Female,50.0,10.0,124623.35860626302,1.0,1.0,0.0,154344.0,1.0
631.0,Spain,Male,46.0,9.0,160736.63,1.0,0.0,1.0,93503.02,0.0
503.0,France,Male,32.0,4.0,0.0,2.0,1.0,1.0,153036.97,0.0
548.0,France,Female,37.0,9.0,0.0,2.0,0.0,0.0,98029.58,0.0
668.0,France,Male,28.0,4.0,107141.27,1.0,1.0,0.0,193018.71,0.0
619.0,France,Female,55.0,0.0,0.0,3.0,0.0,0.0,60810.64,1.0
842.0,Germany,Female,37.0,4.0,132446.08,2.0,1.0,0.0,87071.18,1.0
707.0,France,Female,57.0,1.0,92053.0,1.0,1.0,1.0,164064.44,1.0
715.0,Spain,Male,38.0,2.0,96798.79,2.0,1.0,1.0,4554.67,0.0
618.4154141439775,Germany,Male,35.0,9.0,134498.54,2.0,1.0,0.0,111760.5070733452,0.0
509.0,France,Male,55.0,5.0572501130363525,132387.91,2.0,1.0,1.0,170360.11,0.0
670.0,Germany,Female,40.0,2.0,147171.2,1.0,0.0,1.0,69850.04,0.0
613.0,Spain,Male,44.0,9.0,100524.69,1.0,1.0,1.0,47298.95,0.0
678.0,France,Female,26.0,4.378123963749006,0.0,2.0,1.0,0.0,45443.68,0.0
555.0,Germany,Female,51.0,9.0,138214.5,1.211602384498455,1.0,0.0,198715.27,1.0
777.0,France,Female,30.0,4.0,0.0,2.0,0.0,1.0,115611.97,0.0
552.0,Spain,Male,55.0,3.0,0.0,1.0,1.0,1.0,40333.94,0.0
640.0,Spain,Male,39.0,3.0,0.0,1.0,1.0,1.0,105997.25,0.0
541.0,France,Male,34.0,3.0,128743.55,1.0,1.0,0.0,134851.12,0.0
756.0,France,Male,31.0,10.0,122647.32,1.0,0.0,0.0,61666.87,0.0
628.1764259333698,Spain,Female,24.0,9.0,79263.9,1.0,0.0,0.0,196574.48,0.0
618.0,France,Female,42.0,2.0,0.0,4.0,0.0,0.0,111097.39,1.0
604.0,France,Male,53.0,2.0,121389.78,1.0,1.0,0.0,48201.64,1.0
624.0,Spain,Male,35.17905653184492,7.0,123906.55,1.0,1.0,0.0,135096.78,0.0
661.0,Spain,Male,38.0,7.0,143006.7,1.0,1.0,1.0,15650.89,0.0
627.0,Spain,Female,28.0,3.0,157597.61,1.0,1.0,1.0,34097.22,0.0
812.0,Spain,Male,38.0,3.0,115361.15265147395,1.3192874171682516,1.0,1.0,121596.80412840332,0.0
473.0,France,Female,39.0,5.113166553858982,117103.26,2.0,1.0,1.0,113611.41225764976,1.0
717.0,Spain,Male,36.0,2.0,102989.83,2.0,1.0,1.0,49185.57,0.0
693.0,Spain,Male,28.0,1.0,89039.39509010388,1.0,0.0,1.0,77742.38,0.0
705.0,Germany,Male,92.0,1.0,126076.24,2.0,1.0,1.0,34436.83,0.0
661.0,France,Male,41.0,5.0,0.0,1.0,0.0,1.0,88279.6,0.0
573.0,France,Female,35.79577805794871,4.0,0.0,2.0,1.0,1.0,157549.6,0.0
661.9947531524297,France,Male,37.0,5.0,98186.7,1.0,0.0,1.0,173386.95,0.0
718.0,France,Female,41.906854341956176,7.0,32133.556129735985,3.0,1.0,1.0,82782.08,0.0
570.0,France,Male,37.0,6.0,0.0,1.7896916839697494,1.0,1.0,187758.5,0.0
461.0,France,Female,40.0,7.0,0.0,2.0,1.0,0.0,176547.8,0.0
638.0,Germany,Female,33.0,5.0,129335.65,1.0,1.0,1.0,56585.2,1.0
608.0,Spain,Male,48.0,7.0,75801.74,1.2814848166529613,1.0,0.0,125762.95,0.0
599.0,Spain,Male,42.0,6.0,30240.40053716191,2.0,1.0,0.0,121475.06070425057,0.0
762.0,France,Female,44.0,7.0,159316.64,1.0,0.0,0.0,24780.13,0.0
662.0,France,Female,38.0,2.0,96479.81,1.0,1.0,0.0,120259.41,0.0
747.0,Germany,Male,29.0,3.9850416421320145,117726.33,1.0,1.0,1.0,175398.34,0.0
539.0,France,Male,39.0,6.0,0.0,2.0,1.0,1.0,86867.08896247776,0.0
625.0,France,Male,43.0,4.0,122351.29,1.0,1.0,0.0,71216.6,0.0
656.0,France,Female,48.0,9.0,0.0,2.0,1.0,1.0,85240.61,1.0
469.0,France,Female,48.0,5.0,0.0,1.0,1.0,0.0,160529.71,1.0
621.0,Spain,Female,43.0,8.0,0.0,1.0,0.0,0.0,102806.6,0.0
754.0,France,Female,27.0,7.0,0.0,2.0,1.0,0.0,144134.64,0.0
679.0,Germany,Female,38.08028215547208,6.0,132598.38,2.0,1.0,1.0,184017.98,0.0
535.0,France,Male,38.0,2.0,119272.29,1.3060842003762805,0.0,0.0,195896.59,1.0
487.0,France,Male,37.0,2.0,0.0,2.0,1.0,1.0,126722.57,0.0
850.0,France,Female,42.0,3.0,0.0,2.0,1.0,1.0,176883.42,0.0
673.96698832301,France,Male,40.803285126568156,10.0,32645.908180997998,3.0,1.0,1.0,130611.7364437962,0.0
603.0,France,Male,31.0,4.0,0.0,2.0,0.0,1.0,9607.1,0.0
728.0,Germany,Female,38.10628478977626,9.0,127772.1,1.5463559899149686,1.0,1.0,152643.48,0.0
621.0,Spain,Male,41.0,5.7085504095850395,104631.67,1.0,1.0,1.0,95551.22,0.0
642.5547553098224,France,Male,30.0,1.0,0.0,2.0,1.0,0.0,141860.62,0.0
502.0,France,Male,37.0,10.0,0.0,1.0,1.0,1.0,76642.68,0.0
825.0,Germany,Male,37.0,6.0,118050.79,1.0,0.0,1.0,52301.15,0.0
668.0,France,Male,46.0,0.0,0.0,2.0,0.0,0.0,29388.02,0.0
487.0,Spain,Female,40.0,6.0,136093.74,1.0,1.0,1.0,193408.43,0.0
600.0,Germany,Female,35.343465625629726,7.0,88477.36,2.0,1.0,0.0,58632.37,0.0
606.0,Spain,Male,34.0,3.0,161572.24,1.4668080205785656,1.0,1.0,191076.22,0.0
623.0,Germany,Male,50.0,7.0,126608.37,1.0,0.0,1.0,645.61,1.0
575.0,France,Female,38.35448429205639,9.0,68332.96,1.0,1.0,1.0,144390.75,0.0
577.0,Spain,Male,48.0,6.0,179852.26,1.041559783274412,1.0,0.0,193580.32,0.0
651.0,France,Female,25.0,8.0,0.0,2.0,1.0,0.0,126761.2,0.0
693.0,Germany,Male,46.0,2.0,104763.41,1.0,1.0,1.0,62368.33,0.0
800.0,France,Male,60.0,6.0,29208.964622122247,2.0,1.0,1.0,131718.12,0.0
760.0,France,Male,38.0,6.011467348244061,162888.73,1.0,1.0,0.0,91098.76,1.0
711.0,France,Female,35.0,8.0,0.0,1.0,1.0,1.0,67508.01,0.0
637.0,Spain,Male,43.0,8.0,0.0,1.0,1.0,0.0,12156.93,1.0
662.0,France,Male,32.0,9.0,0.0,2.0,0.0,0.0,65089.38,0.0
568.0,France,Female,44.0,7.0,0.0,2.0,0.0,0.0,62370.67,1.0
692.0,France,Female,30.0,7.0,0.0,2.0,1.0,1.0,18826.34,0.0
614.0,France,Female,35.0,1.0,0.0,2.0,1.0,1.0,3342.62,0.0
478.0,France,Male,35.0,1.0,92474.05,1.0,1.0,0.0,178626.07,0.0
562.0,France,Male,36.0,6.0,0.0,2.0,1.0,0.0,32845.32,0.0
634.9351393142009,Germany,Male,30.0,9.0,110978.70207735265,2.0,1.0,1.0,134732.99,0.0
684.0,France,Female,26.0,5.0,87098.91,1.0,0.0,0.0,106095.82,0.0
546.0,Germany,Female,36.355427253256344,9.0,86351.85,1.5527092292120108,1.0,0.0,57380.13,0.0
779.0,France,Female,42.0,5.0,0.0,2.0,1.0,0.0,25951.91,0.0
652.8687688845239,Germany,Male,63.0,5.397257104677601,148843.56,1.0,1.0,0.0,98822.50274563122,1.0
481.0,Germany,Male,44.0,3.0,163714.52,1.5247209886818316,1.0,0.0,96123.72,0.0
445.0,France,Male,25.0,6.0,0.0,2.0,1.0,0.0,119425.94,0.0
606.0,Spain,Male,36.0,0.0,94153.56,1.0,0.0,1.0,120138.27,0.0
559.0,France,Male,50.0,5.0,162702.35,1.0,0.0,0.0,150548.5,1.0
608.0,France,Female,56.0,10.0,36601.35572235971,2.0,1.0,0.0,142492.04,1.0
698.0,France,Male,41.0,3.0,90605.29,1.0,1.0,1.0,14357.0,0.0
650.6214412083546,Spain,Male,39.0,5.0,0.0,2.0,1.0,1.0,129569.92,0.0
528.0,France,Male,29.0,3.0,102787.42,1.0,1.0,0.0,55972.56,0.0
802.0,France,Female,39.0,7.0,120145.96,2.0,1.0,1.0,59497.01,1.0
625.5759481696248,Germany,Male,47.0,6.206150605698711,117479.99999423693,2.0,1.0,1.0,181928.25,0.0
648.1628776063495,Spain,Female,38.772311573775376,10.0,159203.71,1.0,1.0,1.0,102517.83,0.0
640.0,France,Male,38.0,9.0,0.0,2.0,1.0,0.0,88827.67,0.0
529.0,Spain,Female,44.0,1.0,0.0,2.0,0.0,0.0,14161.3,0.0
547.0,France,Female,51.0,1.0,0.0,2.0,1.0,1.0,56908.41,0.0
718.0,France,Female,49.0,10.0,0.0,1.0,1.0,0.0,184474.72,1.0
707.0,Germany,Male,36.83954625799964,9.0,162691.16,2.0,1.0,0.0,94912.78,0.0
735.0,France,Male,43.0,5.19201487966751,127806.91,1.0,1.0,1.0,73069.59,0.0
765.0,France,Male,43.0,9.0,157960.49,2.0,0.0,0.0,136602.8,0.0
469.0,Germany,Female,52.0,8.0,139493.25,3.0,0.0,0.0,150093.32,1.0
594.0,Germany,Female,21.0,2.0,87096.82,2.0,1.0,0.0,168186.11,0.0
602.5682299301155,France,Female,34.0,10.0,84944.58,1.0,0.0,0.0,146230.63,0.0
703.0,France,Male,50.0,8.0,160139.59,2.0,1.0,1.0,107563.00627588567,0.0
810.0,France,Male,33.0,6.0,26126.48599343124,2.0,1.0,1.0,77965.67,0.0
715.0,Spain,Male,42.0,6.0,0.0,2.0,1.0,1.0,128745.69,0.0
664.0,France,Male,40.0,9.0,0.0,1.8510535631127039,1.0,1.0,194767.3,0.0
850.0,France,Male,29.0,6.0,0.0,2.0,1.0,1.0,10672.54,0.0
724.0,Germany,Male,36.0,6.0,111160.87152763935,2.0,1.0,1.0,10627.21,0.0
563.0,France,Male,30.0,7.0,90727.79,1.0,1.0,0.0,122268.75,0.0
714.0,Germany,Male,26.0,3.0,119545.48,2.0,1.0,0.0,65482.94,0.0
614.0,France,Male,36.0,1.0,118311.76,1.0,1.0,0.0,146134.68,0.0
740.0,France,Male,33.0,1.0,129574.98,1.0,1.0,1.0,123300.38,0.0
587.0,France,Male,33.0,8.0,148163.57,1.0,0.0,0.0,122925.4,0.0
465.0,Germany,Male,24.0,5.0,117154.9,1.0,1.0,1.0,127744.02,0.0
689.0,Spain,Female,40.0,5.0,154251.67,1.0,0.0,1.0,118319.5,0.0
656.0,France,Male,30.0,3.0,0.0,2.0,0.0,1.0,17104.0,0.0
579.0,France,Female,33.0,1.0,65667.79,2.0,0.0,0.0,164608.98,0.0
656.4861715375034,France,Female,44.0,5.160909257569388,0.0,1.0,1.0,1.0,152108.47,0.0
551.0,France,Male,42.0,1.0,50194.59,1.0,1.0,1.0,23399.58,0.0
527.0,Germany,Female,39.0,9.0,96748.89,2.0,1.0,0.0,94711.43,0.0
600.0,France,Female,45.215210734271636,4.0,0.0,3.0,1.0,0.0,7312.25,1.0
685.0,France,Female,36.831335112276676,1.0,106620.03808176749,1.0,1.0,1.0,41876.98,0.0
738.0,Spain,Male,36.0,5.0,34234.78534575871,2.0,1.0,0.0,96881.32,0.0
622.0,Germany,Male,41.0,2.0,127087.06,1.0,1.0,0.0,102402.91,1.0
639.9029085113393,France,Male,34.0,1.0,125566.9,1.0,1.0,1.0,176763.27,0.0
546.0,Germany,Female,52.0,1.0,106074.89,1.0,1.0,1.0,23548.45,1.0
576.0,Germany,Male,46.0,4.0,137367.94,1.6329913948160277,1.0,1.0,119238.63827363373,0.0
733.0,France,Female,38.0,3.0,157658.36,1.0,0.0,0.0,19658.43,0.0
667.4665487729869,Germany,Male,46.54193672707343,6.0,114422.85,2.040267182455289,1.0,1.0,120563.30233416337,1.0
605.0,Spain,Male,41.0,5.0,103154.66,1.0,0.0,0.0,143203.78,0.0
586.0,France,Male,33.0,4.424730818836467,0.0,1.0,1.0,1.0,6975.02,0.0
564.0,Spain,Female,24.0,5.15801463318642,149592.14,1.0,1.0,1.0,153771.8,0.0
593.0,Germany,Female,46.3912450245904,3.0,133903.12,1.637588138083098,1.0,1.0,85902.39,1.0
736.0,Germany,Female,26.0,0.0,84587.9,1.0,0.0,1.0,188037.76,0.0
675.0,Spain,Male,32.0,8.0,197436.82,1.0,1.0,1.0,86901.46913289759,0.0
656.0,Spain,Female,32.0,1.0,104254.27,1.0,1.0,1.0,17034.37,0.0
462.0,France,Male,39.0,4.0,140133.08,2.0,0.0,0.0,131304.45,0.0
685.0,Spain,Male,48.062637554589564,3.828508958237904,49800.57030572651,3.0,1.0,1.0,172576.43,1.0
850.0,Germany,Female,36.0,4.808122864263709,136980.23,2.0,1.0,1.0,99019.65,0.0
636.0,Germany,Female,48.0,3.0,120568.41,1.0,1.0,0.0,190160.04,1.0
850.0,France,Female,27.0,7.0,43658.33,2.0,1.0,1.0,3025.49,0.0
628.0,France,Female,37.0,9.0,0.0,1.8235722966518098,1.0,1.0,34689.77,0.0
798.0,France,Male,28.0,3.0,0.0,2.0,1.0,0.0,2305.27,0.0
610.0,France,Female,57.0,7.0,91563.21221697892,4.0,1.0,1.0,120417.35080670044,1.0
591.0,France,Female,42.0,10.0,0.0,2.0,0.0,0.0,171099.22,0.0
614.0,Spain,Female,37.0,9.0,26383.69843151436,2.0,1.0,1.0,62023.1,0.0
651.0,France,Male,35.0,0.0,181821.96,2.0,0.0,1.0,36923.67,0.0
665.0,France,Male,25.0,7.0,90920.75,1.0,0.0,1.0,112256.57,0.0
570.0,France,Male,23.0,2.0,0.0,1.0,0.0,0.0,198830.98,0.0
675.2640090447898,Spain,Male,29.0,3.989676795095056,0.0,2.0,1.0,1.0,197963.46,0.0
586.0,France,Male,32.0,1.0,0.0,2.0,0.0,0.0,31635.99,0.0
691.0,France,Male,34.5313532020329,9.0,0.0,1.0,1.0,0.0,49594.02,0.0
639.0,France,Male,35.0,8.0,0.0,2.0,1.0,0.0,170483.9,0.0
698.0,France,Female,27.0,1.0,94920.71,1.0,1.0,1.0,40339.9,0.0
733.0,Germany,Male,45.0,2.0,113939.36,2.0,1.0,0.0,3218.71,0.0
850.0,France,Male,19.0,8.0,0.0,1.0,1.0,1.0,68569.89,0.0
618.0,France,Female,31.0,4.0,0.0,2.0,1.0,0.0,29176.04,0.0
473.0,France,Female,25.0,6.0,110666.42,2.0,0.0,0.0,46758.42,0.0
490.0,France,Male,39.0,1.0,0.0,3.0,1.0,0.0,171060.01,0.0
754.0,Germany,Female,48.0,7.0,141819.02,1.0,1.0,0.0,84963.19235919314,1.0
649.0,France,Female,56.0,8.0,156974.26,1.0,1.0,0.0,89405.26,1.0
578.0,Germany,Male,50.0,5.0,151215.34,2.0,1.0,0.0,169804.4,0.0
690.0,Spain,Male,26.0,8.0,116318.23,1.0,1.0,1.0,91895.77871753498,0.0
629.6806494789122,Germany,Male,49.0,6.0,113882.33,1.3090261951245972,1.0,0.0,195813.81,1.0
596.0,France,Male,42.0,7.0,0.0,2.0,1.0,1.0,121568.37,0.0
492.0,France,Male,48.0,6.0,127253.98,1.0,1.0,1.0,92144.09,0.0
575.0,Spain,Male,41.0,2.0,100062.39,1.0,0.0,0.0,126307.25,0.0
569.0,France,Male,49.33436100997919,2.0,0.0,1.1950573148987977,1.0,0.0,130784.2,1.0
639.8069177786052,Spain,Male,41.0,4.0,126605.14,1.0,1.0,1.0,166694.93,0.0
507.0,France,Female,31.0,0.0,106942.08,1.0,0.0,1.0,44001.11,0.0
457.0,Spain,Male,44.0,7.0,0.0,2.0,0.0,0.0,185992.36,0.0
584.0,Germany,Female,41.0,3.0,123044.65048710078,1.0,1.0,0.0,178997.89,0.0
744.0,Germany,Male,29.0,6.0,123737.04,2.0,1.0,0.0,141558.04,0.0
687.0,France,Female,35.0,1.0,110752.15,2.0,1.0,1.0,47921.22,0.0
688.0,Spain,Male,38.03359133870763,3.0,0.0,2.0,0.0,1.0,104902.68,0.0
519.0,France,Male,34.0,5.0,0.0,1.0,1.0,0.0,68479.6,0.0
733.0,Spain,Female,38.0,5.0,0.0,2.0,1.0,1.0,1271.51,0.0
666.0,Spain,Male,43.0,5.0,0.0,2.0,1.0,0.0,29346.1,0.0
511.0,France,Female,40.0,1.0,0.0,1.0,1.0,1.0,184118.73,0.0
615.6883107873922,Germany,Female,44.50272209584479,3.0,125889.3,3.0,1.0,0.0,96013.5,1.0
620.2688137431313,France,Male,48.0,10.0,78314.63,3.0,1.0,1.0,103713.93,1.0
564.0,France,Female,36.0,7.0,206329.65,1.0,1.0,1.0,46632.87,1.0
702.0,France,Male,40.0,7.0,145536.9,1.0,0.0,1.0,135334.24,0.0
658.0,Germany,Male,31.0,2.0,77082.65,2.0,0.0,0.0,13482.28,0.0
654.0,France,Female,24.0,8.0,145081.73,1.0,1.0,1.0,92634.35388415436,0.0
649.0,Germany,Female,41.0,5.077219619194437,115897.73,1.0,1.0,0.0,143544.48,0.0
597.0,Spain,Female,24.0,0.0,108058.07,2.0,1.0,1.0,187826.11,0.0
782.0,France,Male,33.0,7.0,191523.09,1.0,1.0,1.0,167058.75,0.0
644.0,France,Male,38.0,3.0,0.0,2.0,1.0,1.0,79928.41,0.0
679.0,Spain,Female,39.0,7.0,91187.9,1.0,0.0,1.0,95183.15044187107,0.0
678.0,France,Male,60.0,2.0,0.0,2.0,1.0,1.0,43821.56,0.0
806.0,France,Male,34.0,5.0,113958.55,1.0,0.0,1.0,32125.98,0.0
668.0,Spain,Male,35.033547521583166,1.0,147167.25,1.0,0.0,0.0,141679.73,0.0
659.0,Germany,Male,29.0,9.0,82916.48,1.0,1.0,1.0,84133.48,0.0
660.0,France,Male,34.0,1.0,0.0,2.0,1.0,0.0,9692.58,0.0
601.0,France,Female,37.0,5.0,0.0,1.0,0.0,0.0,20708.6,0.0
781.0,France,Female,48.0,0.0,57098.96,1.0,1.0,0.0,85644.06,1.0
670.8134500773374,Germany,Male,39.0,5.605691266225003,115341.19,1.0,1.0,1.0,107674.3,0.0
751.0,France,Male,30.0,3.0,165257.2,1.0,0.0,0.0,134822.05,0.0
531.0,France,Female,37.0,1.0,0.0,1.0,1.0,0.0,4606.97,0.0
647.0,France,Female,42.0,9.0,0.0,2.0,1.0,1.0,94476.89651942065,0.0
708.0,Spain,Male,46.0,4.872599805085408,68799.72,1.0,1.0,1.0,39704.14,0.0
550.0,Spain,Male,39.0,6.828928747851468,116120.19,2.0,1.0,1.0,195638.13,0.0
670.0,France,Male,33.0,1.0,0.0,2.0,1.0,1.0,86413.11,0.0
592.0,France,Female,31.0,2.0,84102.11,2.0,0.0,1.0,116385.24,0.0
690.5165262549039,France,Female,50.0,4.0,0.0,2.0,0.0,1.0,182076.97,0.0
725.0,France,Female,33.0,4.0,0.0,1.0,1.0,1.0,67879.8,0.0
570.0,France,Female,43.0,9.0,0.0,2.0,1.0,1.0,11417.26,0.0
575.0,France,Male,46.0,5.092699885206999,0.0,2.0,1.0,1.0,65998.26,0.0
501.0,Germany,Male,25.0,6.0,104013.79,1.0,1.0,0.0,114774.35,0.0
654.6410307972485,Germany,Male,33.61037720898787,8.0,120822.86,2.0,1.0,0.0,126153.24,0.0
664.8655839494365,Spain,Male,40.0,4.0,98117.6936143284,1.0,1.0,1.0,96055.11013869624,0.0
850.0,France,Male,36.0,5.347631356973931,102800.72,1.0,1.0,1.0,87352.43,0.0
554.0,Germany,Male,31.0,6.0,135470.9,1.5051853980894518,1.0,0.0,107074.81,0.0
418.0,France,Male,36.0,7.0,90145.04,1.0,1.0,1.0,69157.93,0.0
715.0,France,Male,38.479561810102105,7.0,0.0,1.0,1.0,1.0,149970.59,0.0
750.0,Spain,Female,33.0,3.0,161801.47,1.0,0.0,0.0,153288.97,1.0
766.0,Germany,Male,35.64136004123771,2.0,99660.13,2.0,0.0,1.0,147700.78,0.0
680.9275034241837,Spain,Female,39.45710692628505,6.0,123081.84,1.216112432264115,1.0,1.0,188657.97,0.0
637.454823926723,France,Male,42.0,8.0,102870.93,1.0,0.0,1.0,103764.55,1.0
659.0,France,Female,37.0,1.0,151105.68,1.0,1.0,1.0,140934.57,0.0
574.0,Germany,Male,35.0,5.0,163856.76,1.0,1.0,1.0,15118.2,0.0
611.0,France,Male,38.0,7.0,0.0,1.0,1.0,1.0,63202.0,0.0
738.0,Spain,Male,34.07000230186941,8.0,127290.61,1.0,1.0,0.0,16081.62,0.0
571.0,France,Male,49.0,4.0,180614.04,1.0,1.0,0.0,523.0,0.0
686.0,France,Female,44.0,7.0,55053.62,1.0,1.0,0.0,181757.19,1.0
679.0,Spain,Male,33.0,4.0,96110.22,1.0,1.0,0.0,1173.23,0.0
617.0,Spain,Female,46.0,3.0,106521.49,1.0,0.0,1.0,86587.37,0.0
673.0,France,Male,39.0,7.0,82255.51,2.0,1.0,0.0,109545.56,0.0
745.0,France,Female,33.0,1.0,0.0,2.0,1.0,1.0,174431.01,0.0
677.0,Germany,Female,26.0,3.0,102395.79,1.0,1.0,0.0,119368.99,0.0
613.0,Spain,Male,39.0,8.0,118201.41,1.0,1.0,1.0,23315.59,0.0
576.0,France,Female,55.0,6.0,54407.8092557244,3.0,0.0,1.0,67539.85,1.0
584.0,Spain,Male,30.0,5.457722800982637,27834.716358520534,2.0,1.0,1.0,185201.58,0.0
630.45527977057,France,Male,22.0,6.0,0.0,2.0,0.0,1.0,131827.15,0.0
466.0,France,Male,26.0,9.0,105522.06,1.0,1.0,0.0,10842.46,0.0
510.0,Germany,Female,50.0,7.0,123936.54,1.0,1.0,1.0,23768.01,0.0
660.3817154108909,Spain,Female,38.0,6.0,0.0,2.0,1.0,1.0,117616.29,0.0
696.0,Germany,Male,66.0,7.0,119499.42,2.0,1.0,1.0,174027.3,0.0
554.0,France,Female,44.0,9.0,135814.7,2.0,0.0,0.0,115091.38,0.0
595.0,France,Male,52.0,4.7902673977598065,0.0,1.0,1.0,1.0,106340.66,1.0
614.6266068118822,Germany,Male,39.0,8.0,106259.63,2.0,1.0,1.0,198103.32,0.0
662.0,France,Male,44.0,8.0,27124.58046481871,2.0,1.0,1.0,175314.87,0.0
556.0,Spain,Male,38.0,2.0,115463.16,1.0,1.0,0.0,150679.65,0.0
701.0,Spain,Female,39.0,9.0,0.0,2.0,1.0,1.0,110043.88,0.0
587.0,Spain,Male,42.0,5.0,117470.45262172302,1.3858450215278055,1.0,1.0,111771.60146216405,0.0
571.0,France,Female,47.0,7.0,0.0,2.0,0.0,0.0,112366.98,0.0
539.0,France,Female,40.0,7.0,81132.21,1.0,1.0,0.0,167289.82,0.0
644.0,Germany,Female,41.70107556751323,10.0,122196.99,2.0,1.0,1.0,101780.77483703262,0.0
572.0,Germany,Male,39.0,4.0,112290.22,1.0,1.0,0.0,49373.97,1.0
753.0,France,Female,50.0,4.0,0.0,2.0,1.0,1.0,861.4,0.0
706.0,France,Male,35.0,5.0,0.0,2.0,1.0,1.0,81718.37,0.0
643.1829740315817,France,Male,44.0,8.0,154409.74,1.0,1.0,0.0,49324.03,1.0
825.0,France,Male,32.0,9.0,0.0,2.0,0.0,0.0,9751.03,0.0
627.0,Spain,Male,48.0,5.140436004930925,132759.8,1.0,1.0,0.0,78899.22,0.0
532.0,France,Male,60.0,5.0,76705.87,2.0,0.0,1.0,13889.73,0.0
764.0,France,Female,44.0,1.0,0.0,2.0,1.0,1.0,11467.38,0.0
700.0,France,Male,36.0,4.0,0.0,2.0,1.0,0.0,130789.15,0.0
660.0,France,Male,41.0,3.0,0.0,2.0,1.0,1.0,108665.89,0.0
623.8022142199388,Germany,Male,44.87082501988404,9.0,117280.6662861125,1.6238996006383046,1.0,1.0,160303.08,1.0
557.0,France,Female,39.0,7.0,49572.73,1.0,1.0,0.0,115287.99,1.0
639.0,France,Female,35.0,1.0,103015.12,2.0,1.0,1.0,139094.12,0.0
557.0,France,Female,24.0,4.0,0.0,1.0,0.0,0.0,20515.72,0.0
633.0,France,Female,32.0,1.0,104001.38,1.0,0.0,1.0,36642.65,0.0
623.0,Spain,Female,50.0,2.0,87116.71,1.0,1.0,1.0,104382.11,0.0
647.2799401537741,France,Male,68.0,5.0,82547.11,2.0,1.0,1.0,146448.01,0.0
666.0,Spain,Female,47.0,5.0,0.0,1.0,1.0,0.0,166650.9,1.0
521.0,France,Male,27.0,4.0,121325.84,1.0,1.0,1.0,164223.7,1.0
775.0,France,Male,28.0,9.0,111167.7,1.0,1.0,0.0,149331.01,0.0
681.0,Germany,Male,48.0,5.0,139714.4,2.0,0.0,1.0,73066.72,0.0
564.0,Germany,Female,32.0,10.0,139875.2,2.0,1.0,0.0,95263.94774867638,0.0
646.0,Germany,Female,44.0,2.0,113063.83,1.0,0.0,0.0,53072.49,1.0
670.0,France,Female,50.0,8.0,138340.06,1.0,0.0,1.0,3159.15,0.0
751.0,France,Male,43.0,1.0,114974.24,1.0,1.0,0.0,125920.54,0.0
544.0,France,Female,33.0,6.0,0.0,2.0,1.0,1.0,124113.04,0.0
639.0,France,Female,38.0,5.0,0.0,2.0,0.0,0.0,93716.38,0.0
635.0,France,Female,65.0,5.0,81337.18976831269,1.0,1.0,0.0,155799.86,1.0
672.0,France,Female,28.0,6.0,0.0,1.0,0.0,1.0,8814.69,0.0
639.0,France,Female,35.0,8.0,0.0,1.0,0.0,0.0,164453.98,0.0
697.0,France,Female,25.0,1.0,0.0,2.0,0.0,0.0,87803.32,0.0
850.0,Spain,Male,44.0,8.0,48790.101651411554,2.0,1.0,1.0,110931.83756975604,0.0
748.0,France,Female,34.0,8.0,0.0,2.0,1.0,0.0,53584.03,0.0
463.0,Spain,Female,35.0,2.0,0.0,2.0,1.0,1.0,1950.93,0.0
572.0,France,Female,30.0,6.0,0.0,1.0,0.0,1.0,175025.27,0.0
741.0,Spain,Male,39.52111401796514,1.0,78737.61,1.0,1.0,1.0,13018.96,0.0
646.0,Spain,Male,39.241483486444665,5.0,182876.88,2.0,1.0,1.0,42537.59,1.0
707.7769281795386,Germany,Male,46.7252440139392,6.4125206697625625,130023.38,1.2515095924967539,1.0,0.0,106096.25841597709,1.0
637.0,France,Male,36.0,2.0,152606.82,1.2707695495883071,1.0,1.0,71692.8,0.0
651.0,France,Male,28.0,4.718486039657594,0.0,2.0,1.0,0.0,823.96,0.0
663.8146558500816,France,Male,28.0,4.0,167268.98,1.0,1.0,1.0,169469.3,0.0
493.0,France,Male,54.0,3.0,167831.88,2.0,1.0,1.0,150159.95,1.0
524.0,Germany,Male,33.644076394783426,9.0,144287.6,2.0,1.0,0.0,32063.3,0.0
633.9368555284952,Germany,Female,45.0,5.0,151855.33,1.0,1.0,0.0,68794.15,0.0
569.0,Spain,Female,51.0,3.0,69163.55491991076,3.0,1.0,0.0,95467.55225842928,1.0
677.0,France,Female,27.0,2.0,0.0,2.0,0.0,1.0,114685.92,0.0
464.0,Germany,Male,37.0,4.0,155994.15,1.0,0.0,0.0,143665.44,0.0
718.0,Germany,Male,26.0,7.0,147527.03,1.0,0.0,0.0,51099.56,0.0
594.0,France,Female,53.0,4.0,0.0,1.0,1.0,0.0,5408.74,1.0
574.0,France,Male,33.0,4.8069605291124144,100267.03,1.0,1.0,0.0,103006.27,0.0
478.0,Spain,Male,44.30216390805559,0.0,83287.05,2.0,1.0,1.0,44147.95,1.0
615.0,Spain,Male,41.0,4.0,0.0,1.0,0.0,1.0,149278.96,0.0
651.0,France,Male,45.0,4.0,0.0,2.0,0.0,1.0,100781.22255410986,0.0
465.0,Germany,Male,53.0,1.0,117438.17,1.0,0.0,0.0,74898.8,1.0
558.0,France,Male,56.0,7.0,121235.05,2.0,1.0,1.0,116253.1,0.0
540.0,Germany,Male,37.0,3.0,129965.18,1.0,0.0,0.0,19374.08,0.0
568.0,Germany,Male,46.0,8.0,150836.92,1.0,0.0,0.0,64516.8,1.0
630.0,France,Male,31.0,0.0,0.0,2.0,1.0,1.0,34475.14,0.0
523.0,Germany,Male,60.0,1.0,163894.35,1.0,1.0,1.0,57061.71,0.0
678.0,France,Female,48.0,2.0,0.0,2.0,1.0,1.0,32301.88,0.0
438.0,France,Male,38.0,2.0,0.0,2.0,1.0,0.0,136859.55,0.0
544.0,France,Male,44.0,1.0,0.0,2.0,0.0,1.0,69244.24,0.0
595.0,Germany,Male,34.0,2.0,87967.42,2.0,0.0,1.0,156309.52,0.0
678.0,France,Male,26.0,3.0,0.0,2.0,1.0,0.0,4989.33,0.0
850.0,France,Female,36.0,6.0,0.0,2.0,1.0,1.0,190194.95,0.0
589.0,Germany,Female,20.0,2.0,121093.29,2.0,1.0,0.0,3529.72,0.0
785.0,Spain,Female,31.0,2.0,121691.54,2.0,0.0,0.0,81778.72,0.0
648.4287242820367,Spain,Male,57.0,6.0,0.0,2.0,1.0,1.0,39297.48,0.0
602.0,France,Female,39.0,6.0,154121.32,2.0,1.0,0.0,176614.86,1.0
591.0,France,Male,29.0,6.0,39686.707382824934,2.0,1.0,1.0,108684.65,0.0
643.0,Spain,Male,43.0,5.308315509595964,0.0,2.0,1.0,1.0,145764.4,0.0
605.0,France,Female,32.0,5.0,0.0,2.0,1.0,1.0,42135.28,0.0
755.0,France,Male,43.0,5.63602434052996,165048.5,1.708937758720006,1.0,0.0,110648.4210050279,1.0
769.0,Spain,Male,38.0,6.0,0.0,2.0,0.0,1.0,104393.78,0.0
620.0,France,Female,33.0,9.0,127638.35,1.0,1.0,1.0,192717.57,0.0
725.0,France,Male,31.0,8.0,0.0,2.0,1.0,1.0,59650.42,0.0
818.0,Germany,Female,72.0,4.88310810226279,135290.42,1.3281274626806514,1.0,1.0,63729.72,0.0
724.47431270051,France,Male,38.68220412464847,4.819245984794868,170252.05,3.0,1.0,1.0,108596.53296697792,0.0
669.0,Germany,Female,35.0,4.0,108269.2,2.0,1.0,0.0,174969.92,0.0
712.0,France,Female,32.0,1.0,0.0,2.0,1.0,0.0,1703.58,0.0
603.0,Germany,Female,35.0,5.310437329165949,145623.36,1.0,1.0,0.0,163181.62,0.0
597.0,France,Female,41.0,4.0,145809.53,2.0,1.0,1.0,52319.26,0.0
580.0,Germany,Male,76.0,4.706407259352735,130334.84,2.0,1.0,1.0,51672.08,0.0
718.0,France,Female,39.0,3.0,0.0,2.0,1.0,1.0,145355.11,0.0
687.7464802729841,France,Male,53.0,4.544662619395317,92585.33508798436,1.0,1.0,1.0,51711.57,0.0
729.0,Spain,Female,42.0,1.0,0.0,2.0,1.0,1.0,149535.97,0.0
746.0,France,Female,24.0,4.0,0.0,1.0,0.0,1.0,94105.0,0.0
699.0,Germany,Female,54.0,3.0,116055.90828016485,1.0,1.0,1.0,155905.79,1.0
759.0,France,Female,46.0,2.0,0.0,1.0,1.0,1.0,138380.11,0.0
748.0,France,Female,39.0,3.0,157371.54,1.0,0.0,1.0,97734.3,0.0
698.0,Spain,Female,63.0,5.0,0.0,1.0,1.0,1.0,173576.71,0.0
686.0,France,Male,37.0,9.0,134560.62,1.0,1.0,0.0,27596.39,0.0
679.0,France,Male,40.0,1.0,0.0,1.0,1.0,1.0,16897.19,0.0
682.0,Germany,Male,36.0,5.0,72373.62,2.0,1.0,0.0,36895.99,0.0
778.0,France,Female,34.0,7.0,109564.1,1.0,0.0,1.0,113046.81,0.0
742.0,France,Female,25.0,4.0,132116.13,2.0,1.0,0.0,129933.5,0.0
649.0,Germany,Male,24.0,7.0,101195.23,1.0,0.0,0.0,133091.32,0.0
763.0,France,Male,67.0,5.217894586990861,149436.73,2.0,0.0,1.0,106282.74,0.0
595.0,Germany,Male,30.0,9.0,130682.11,2.0,1.0,1.0,57862.88,0.0
628.0,Germany,Female,51.0,10.0,115280.49,2.0,0.0,0.0,12628.61,1.0
625.0,France,Female,36.0,8.0,129944.39,2.0,0.0,0.0,198914.8,0.0
733.0,France,Male,36.0,5.0,0.0,2.0,1.0,1.0,109127.54,0.0
665.0,Spain,Female,32.0,10.0,0.0,1.0,1.0,1.0,22487.45,0.0
805.0,Germany,Female,56.0,6.471986067582197,122622.91511942515,1.1848409738655836,1.0,0.0,46791.09,1.0
725.0,France,Male,38.0,6.0,29151.523929660743,2.0,1.0,1.0,158697.28,0.0
554.0,France,Female,38.0,3.0,138731.95,1.0,1.0,1.0,194138.36,0.0
675.0,Spain,Female,36.619442988019934,8.0,155621.08,1.0,0.0,1.0,35177.31,0.0
556.0,France,Male,54.0,4.0,68044.86784405308,1.0,1.0,0.0,157015.5,1.0
635.0,Spain,Female,48.0,2.0,0.0,2.0,1.0,1.0,136551.25,0.0
601.0,France,Male,47.0,1.0,64430.06,2.0,1.0,1.0,96517.97,0.0
600.0,Germany,Male,48.431586167205076,5.580199482336498,106261.63,1.0,1.0,0.0,93629.66,1.0
758.0,Spain,Male,40.0,3.0,0.0,1.827501724060543,0.0,1.0,96097.65,0.0
606.0,Germany,Female,41.0,4.0,132670.53,1.3532841777535556,1.0,0.0,156476.36,1.0
640.0,France,Female,67.0,3.0,0.0,1.0,0.0,1.0,42964.63,0.0
753.0,Germany,Female,38.0,1.0,117314.92,1.0,1.0,0.0,122021.33,1.0
559.0,Spain,Male,48.38099997308417,3.0,145874.35,1.262329544525492,1.0,0.0,56311.39,1.0
754.0,France,Female,50.0,7.0,146777.44,1.14300763801634,0.0,1.0,73950.67909328571,0.0
621.0,Germany,Male,51.0,4.0,109978.83,1.249213739677079,0.0,0.0,177740.58,1.0
654.0,France,Female,37.0,5.0,0.0,1.0,0.0,1.0,71492.28,0.0
650.0,Spain,Male,24.0,8.0,108881.73,1.0,1.0,0.0,104492.83,0.0
831.0,Spain,Female,44.0,10.0,0.0,1.0,0.0,1.0,47729.33,0.0
519.0,France,Male,39.0,2.0,112957.26,2.0,1.0,0.0,87701.45256838485,0.0
552.0,Germany,Female,42.0,8.0,103362.14,1.0,0.0,1.0,186869.58,1.0
577.0,Spain,Male,41.0,4.0,89015.61,1.0,0.0,1.0,135227.23,0.0
576.0,France,Male,45.0,5.0,133618.01,1.0,0.0,0.0,135244.87,0.0
646.0,France,Male,40.0,5.0,93680.43,2.0,1.0,1.0,179473.26,0.0
711.0,Germany,Male,45.0,1.0,97486.15,2.0,1.0,0.0,50610.62,0.0
806.0,Spain,Female,37.0,2.0,137794.18,2.0,0.0,1.0,75232.02,0.0
670.0,France,Female,39.0,8.0,101928.51,1.0,0.0,0.0,89205.54,0.0
679.0,Spain,Female,28.0,9.0,0.0,2.0,0.0,1.0,61761.77,0.0
850.0,Spain,Female,34.04527791820154,6.0,0.0,2.0,1.0,0.0,103921.43,0.0
670.0,France,Female,35.0,2.0,79585.96,1.0,0.0,1.0,198802.9,0.0
733.0,France,Female,24.0,3.0,161884.99,1.0,1.0,1.0,9617.24,0.0
764.0,France,Female,39.0,1.0,129068.54,2.0,1.0,1.0,187905.12,0.0
642.326976085541,France,Female,42.0,4.0,0.0,2.0,1.0,0.0,121440.8,0.0
588.0,Germany,Male,49.0,6.0,125355.81723055005,3.0,1.0,0.0,36292.94,1.0
564.0,Spain,Male,31.0,5.0,121461.87,1.0,1.0,0.0,20432.09,1.0
715.0,France,Male,32.0,8.0,175307.32,1.0,1.0,0.0,187051.23,0.0
621.0,France,Male,31.0,7.0,136658.61,1.0,1.0,1.0,148689.13,0.0
796.0,Spain,Female,23.0,3.0,146584.19,2.0,1.0,0.0,125445.8,0.0
672.0,France,Male,34.0,6.0,0.0,1.0,0.0,0.0,22736.06,0.0
527.0,Germany,Female,46.0,10.0,131414.76,1.4421715016167351,1.0,0.0,54947.51,1.0
722.0,France,Female,38.0,3.0,0.0,2.0,0.0,0.0,167984.72,0.0
596.0,Germany,Male,34.0,4.0,99441.21,2.0,0.0,1.0,4802.27,0.0
746.0,France,Female,32.0,4.0,0.0,2.0,1.0,1.0,96473.46175477639,0.0
523.0,France,Female,26.0,4.0,0.0,2.0,1.0,0.0,185488.81,0.0
624.0,France,Male,44.0,3.0,0.0,2.0,1.0,0.0,88407.51,0.0
553.0,Spain,Male,41.03676061580617,1.0,181110.13,1.1701241928764239,1.0,0.0,184544.59,0.0
850.0,Spain,Male,33.0,3.0,120506.9485524688,1.2843569641208776,1.0,1.0,136539.13,0.0
599.0,Germany,Male,33.0,2.0,51949.95,2.0,1.0,0.0,85045.92,0.0
492.0,France,Male,35.0,8.0,121063.49,1.0,0.0,0.0,85421.48,0.0
707.0,France,Male,54.877997451450895,6.048790812700049,118880.01711622304,1.208883149748567,1.0,1.0,119903.2,0.0
743.0,France,Female,30.0,1.0,127023.39,1.0,1.0,1.0,97795.89681142956,0.0
643.0635144426957,France,Male,41.0,5.0,144147.68,1.0,1.0,1.0,14789.9,0.0
681.0,France,Female,57.0,2.0,99595.2381918187,1.1296646830186696,1.0,1.0,131964.66,0.0
826.0,France,Female,49.0,0.0,0.0,1.0,0.0,0.0,178709.98,1.0
630.0,Germany,Female,28.0,8.0,106425.75,1.0,1.0,1.0,20344.84,0.0
430.0,Germany,Female,66.0,6.0,121418.6472453776,1.5141221003546583,1.0,1.0,124387.17057059605,0.0
806.0,France,Male,67.0,5.827781350838417,0.0,1.912859522151944,0.0,1.0,103945.58,0.0
703.0,Spain,Male,39.0,6.0,152685.4,1.0,0.0,0.0,183656.12,0.0
755.0,Germany,Female,38.0,1.0,82083.52,1.0,0.0,1.0,10333.78,0.0
612.0,Spain,Female,63.0,2.0,80462.42184649596,1.5973388123531016,1.0,0.0,122109.58,1.0
719.0,France,Female,54.0,7.0,0.0,2.0,1.0,1.0,125041.52,0.0
554.0,Germany,Female,55.0,0.0,108477.27,1.0,0.0,0.0,140003.0,1.0
683.0,France,Male,30.0,4.0,114779.35,1.0,0.0,0.0,183171.47,0.0
749.0,France,Male,41.0,5.0,57568.94,1.0,1.0,1.0,61128.29,0.0
724.0,Spain,Male,36.0,1.0,0.0,2.0,1.0,0.0,52462.25,0.0
770.0,Spain,Male,30.0,8.0,34038.83920168112,2.0,0.0,1.0,50839.85,0.0
680.0,France,Male,37.0,4.0,0.0,2.0,1.0,0.0,61240.87,0.0
699.0,France,Female,32.0,4.0,110559.46,1.0,1.0,1.0,127429.56,0.0
442.0,France,Male,34.0,4.0,0.0,2.0,1.0,0.0,68343.08,0.0
529.0,France,Male,46.0,8.0,0.0,1.0,0.0,0.0,126511.94,1.0
574.0,Spain,Male,36.0,3.0,0.0,2.0,1.0,1.0,8559.66,0.0
605.0,France,Male,33.0,9.0,128152.82,1.0,0.0,0.0,106359.41091441344,0.0
515.0,Germany,Male,45.0,7.0,120961.5,3.0,1.0,1.0,109907.48434965982,1.0
632.0,Germany,Male,65.0,6.0,129472.33,1.2842034839652647,1.0,1.0,85179.48,1.0
558.0,France,Male,32.0,10.0,89978.78688387161,1.0,1.0,0.0,190019.61,0.0
664.9435432219292,France,Male,46.304634152660654,5.960523515309877,109339.17,2.0,1.0,0.0,114830.78973538785,1.0
525.0,France,Female,59.0,6.0,55328.4,1.0,1.0,0.0,83342.73,1.0
640.0,France,Male,23.0,3.0,72012.76,1.0,1.0,0.0,161333.13,0.0
690.0,France,Female,36.0,6.0,110480.48,1.0,0.0,0.0,81292.33,0.0
607.0,Spain,Male,34.0,4.940560114002068,132439.99,1.0,1.0,0.0,177747.72,0.0
850.0,France,Female,46.0,3.0,0.0,2.0,1.0,1.0,187980.21,0.0
665.0778166070402,France,Male,34.0,5.0,94108.54,1.2335902405710573,1.0,0.0,177235.21,0.0
616.0,Germany,Female,28.0,10.0,105173.99,1.0,0.0,0.0,29835.37,1.0
618.0,France,Female,40.0,8.0,0.0,2.0,1.0,0.0,87983.56991323944,0.0
676.0,France,Male,29.0,7.0,131959.86,1.0,0.0,0.0,189268.81,0.0
507.0,France,Male,33.0,7.0,0.0,2.0,1.0,1.0,85411.01,0.0
490.0,France,Male,34.0,5.0,122952.9,2.0,1.0,0.0,154360.97,0.0
678.0,France,Male,36.0,0.0,107379.68,1.0,1.0,1.0,84460.18,0.0
655.118198409008,Germany,Male,30.0,6.0,122641.56,2.0,1.0,0.0,65618.01,0.0
602.0,France,Male,33.0,8.0,0.0,2.0,1.0,1.0,112928.74,0.0
744.0,Spain,Female,30.0,1.0,124037.28,1.0,1.0,1.0,142210.94,0.0
640.0,France,Female,50.0,9.0,117565.03,2.0,0.0,0.0,82559.77,0.0
684.0,France,Female,38.0,5.0,133189.4,1.0,0.0,0.0,127388.06,0.0
495.0,Germany,Male,38.57658666949042,8.0,120252.02,2.0,1.0,1.0,10160.23,0.0
559.0,Germany,Female,28.0,3.0,152264.81,1.0,0.0,0.0,64242.31,0.0
684.0,Spain,Male,38.0,5.0,30253.998446278187,2.0,1.0,1.0,198355.28,0.0
613.0,France,Male,42.0,7.0,115076.06,1.0,1.0,1.0,79323.61,0.0
794.0,France,Male,30.0,8.0,0.0,2.0,1.0,1.0,24113.91,0.0
736.0,France,Female,42.0,7.0,117280.23,3.0,0.0,0.0,41921.06,1.0
692.0,Germany,Male,40.001016296439644,6.0,110540.43,2.0,0.0,1.0,107618.52614224842,0.0
703.0,Spain,Male,36.0,4.8991055994537405,135095.47,1.0,1.0,0.0,102263.412506576,0.0
720.0,Germany,Male,23.0,0.0,187861.18,2.0,1.0,1.0,104120.17,0.0
777.0,Germany,Male,44.0,3.0,124655.59,2.0,1.0,1.0,78840.74795327887,0.0
653.0,France,Male,44.0,8.0,27206.069657993048,2.0,1.0,1.0,154639.72,0.0
552.0,France,Female,38.0,9.0,134105.01,1.0,0.0,0.0,57850.1,0.0
708.0,France,Female,34.0,4.0,0.0,1.0,1.0,1.0,62868.33,0.0
647.0,France,Female,40.0,9.0,0.0,2.0,1.0,1.0,94849.0714872171,0.0
715.1476456053944,France,Male,52.0,8.0,83693.34,1.1830401872039649,1.0,1.0,94029.8805050832,0.0
501.0,France,Male,42.0,9.0,114631.23,1.0,0.0,1.0,90977.89284473172,0.0
709.0,France,Male,44.0,5.10049055840657,128601.98,1.0,1.0,0.0,117031.2,0.0
621.0,Germany,Female,34.0,2.0,91258.52,2.0,1.0,0.0,44857.4,0.0
799.0,France,Male,70.0,8.0,70416.75,1.0,1.0,1.0,98202.26707101885,0.0
675.0,France,Female,33.0,6.0,32337.50745413882,2.0,1.0,0.0,34045.61,0.0
561.0,France,Female,35.0,5.0,0.0,2.0,1.0,0.0,59981.62,0.0
635.0765896399499,France,Female,42.0,10.0,0.0,2.0,1.0,1.0,152944.39,0.0
670.0,France,Male,33.0,6.0,88294.6,1.0,1.0,0.0,66979.06,0.0
649.0,Spain,Female,32.0,7.0,0.0,1.0,1.0,0.0,28797.32,0.0
524.0,France,Male,28.0,1.0,93577.3,1.0,1.0,1.0,51670.82,0.0
689.0,Germany,Female,30.0,5.0,136650.89,1.0,1.0,1.0,41865.72,1.0
573.0,Spain,Female,72.0,8.0,98765.84,0.9986086301286524,1.0,1.0,96015.53,0.0
657.0,France,Male,33.0,1.0,84309.57,2.0,1.0,0.0,103914.4,0.0
686.0,Spain,Male,39.0,10.0,136258.06,1.1632899534091552,1.0,1.0,89199.51,0.0
683.0,France,Female,29.0,9.0,0.0,2.0,1.0,1.0,48849.89,0.0
753.0,Germany,Female,47.0,1.0,131160.85,1.0,1.0,0.0,197444.69,0.0
520.0,Spain,Female,30.0,4.0,145222.99,2.0,0.0,0.0,145160.96,0.0
547.0,Germany,Male,38.607438803280644,4.0,98141.57,2.0,1.0,1.0,52309.8,0.0
653.0,France,Male,47.0,6.0,0.0,1.0,1.0,0.0,109756.11890894944,1.0
648.0,Spain,Female,28.0,9.0,102282.61,1.0,1.0,1.0,157891.11,0.0
639.0,France,Female,37.0,4.0,34762.64836217113,2.0,0.0,1.0,181850.74,0.0
711.0,France,Female,25.0,5.0,190066.54,1.0,0.0,0.0,51345.39,1.0
484.0,Germany,Female,55.0,4.395642682449047,149349.58,1.3685766499152199,1.0,0.0,137519.92,1.0
721.0,France,Male,36.0,1.0,155176.83,2.0,1.0,1.0,49653.37,0.0
548.0,Germany,Male,32.0,2.0,98986.28,1.0,1.0,1.0,95689.08026925294,0.0
679.0,France,Male,45.76816690165519,5.480591400449153,147726.98,3.0,1.0,1.0,119798.74232483991,1.0
553.0,France,Male,41.0,1.0,0.0,2.0,1.0,0.0,90607.31,0.0
648.1337616044948,France,Male,36.0,7.0,144852.06,1.0,0.0,0.0,130861.95,0.0
581.0,France,Male,54.0,4.0,89299.81,1.0,0.0,0.0,5558.47,1.0
718.0,France,Male,40.0,9.0,0.0,2.0,0.0,0.0,121537.91,0.0
625.0,France,Male,41.0,6.0,97663.16,2.0,1.0,0.0,57128.78,0.0
744.0,Spain,Male,39.0,4.0,95161.75,1.0,1.0,0.0,19409.77,0.0
799.0,Germany,Male,31.0,9.0,154586.92,1.0,0.0,1.0,88604.89,1.0
751.0,Spain,Female,34.0,8.0,127095.14,2.0,0.0,0.0,479.54,0.0
781.0,Germany,Male,35.0,3.4654367716537258,117913.01382353943,2.0,1.0,1.0,173837.54,0.0
777.0,Germany,Female,46.0,0.0,107362.8,1.0,1.0,0.0,487.3,0.0
704.0,Spain,Female,24.0,2.0,0.0,1.0,1.0,0.0,82607.77405194838,1.0
539.0,France,Female,47.0,2.0,127286.04,2.0,1.0,1.0,166929.43,1.0
716.0,France,Female,29.0,6.0,27248.74896253522,2.0,1.0,1.0,98998.61,0.0
670.0,France,Male,37.0,2.0,0.0,2.0,1.0,1.0,54229.74,0.0
663.7029509396388,France,Male,40.0,10.0,139930.18,1.0,1.0,1.0,105720.09,0.0
679.0,Germany,Female,30.0,4.0,77949.69,1.0,1.0,1.0,121151.46,0.0
656.3468173787037,France,Male,38.0,5.534842954573822,121405.04,1.0,1.0,1.0,154844.22,0.0
512.0,Spain,Female,35.0,5.0,124580.69,1.0,1.0,1.0,18785.48,0.0
697.0,France,Male,35.0,5.0,133087.76,1.0,1.0,0.0,64771.61,0.0
424.0,Spain,Male,34.0,7.0,0.0,1.0,1.0,1.0,16250.61,0.0
684.0,France,Female,37.411806131658885,7.0,0.0,2.0,1.0,1.0,131093.99,0.0
665.8916279490965,France,Male,41.305973833592134,7.0,113600.02544849031,1.0,1.0,1.0,95490.64601959486,0.0
580.0,Germany,Male,45.0,8.0,103741.14,1.0,1.0,0.0,47428.73,1.0
600.0,France,Female,32.0,7.0,98877.95,1.0,1.0,0.0,132973.21,0.0
663.6969085037458,France,Male,37.0,5.0,105843.26,2.0,1.0,1.0,84908.2,0.0
664.0,Spain,Male,44.0,7.0,77526.66,3.0,0.0,1.0,57338.56,0.0
634.0,France,Male,77.0,5.0,0.0,2.0,1.0,1.0,161579.85,0.0
642.6167105629013,France,Female,33.0,7.0,0.0,2.0,1.0,0.0,122625.68,0.0
702.0,Germany,Male,36.0,2.0,105264.88,2.0,1.0,1.0,52909.87,0.0
485.0,France,Male,37.0,5.0,0.0,2.0,0.0,1.0,101121.92476681039,0.0
582.0,Germany,Female,40.0,3.0,117316.97027901058,1.0,1.0,1.0,191757.65,0.0
605.0,Spain,Female,57.0,4.947481400810226,63768.91574028141,3.0,1.0,0.0,113677.79913540029,1.0
628.0,France,Male,36.81537143055519,7.0,0.0,2.0,1.0,1.0,195977.75,0.0
604.0,Spain,Female,28.0,6.0,0.0,2.0,1.0,1.0,69056.26,0.0
724.0,Germany,Male,31.0,9.0,138166.3,1.0,1.0,0.0,12920.43,0.0
567.0,Germany,Male,40.0,4.937407796540138,122265.24,1.0,1.0,0.0,138552.74,0.0
779.0,Spain,Female,55.0,0.0,133295.98,1.0,1.0,0.0,22832.71,1.0
785.0,France,Male,36.0,2.0,107651.55304914012,1.0,0.0,1.0,61811.1,0.0
563.0,France,Female,32.0,0.0,80691.24187704053,1.0,1.0,0.0,191604.27,1.0
821.0,Germany,Female,31.0,2.0,68927.57,1.0,1.0,1.0,25445.0,0.0
702.305879350651,France,Female,39.50981700493916,5.0,139914.6,4.0,1.0,1.0,129964.56,0.0
600.0,Germany,Female,58.0,8.0,118723.11,1.0,0.0,0.0,6209.51,1.0
625.0,France,Male,32.0,7.0,106957.28,1.0,1.0,1.0,134794.02,0.0
773.0,France,Female,41.0,7.0,190238.93,1.0,1.0,1.0,57549.65,0.0
726.0,France,Female,53.0,1.0,113537.73,1.0,0.0,1.0,28367.21,0.0
659.3358197724407,France,Male,40.0,4.0,101090.27,1.0,1.0,1.0,51703.09,0.0
649.0,France,Female,46.0,2.0,0.0,2.0,1.0,1.0,66602.7,0.0
434.0,Spain,Male,33.0,3.0,0.0,1.0,1.0,1.0,2739.71,0.0
738.0,France,Female,38.0,7.0,23027.517751284,2.0,0.0,1.0,69227.42,0.0
653.4772576171641,Spain,Female,60.0,10.0,168920.75,1.143657329277716,1.0,0.0,31445.03,1.0
507.0,Germany,Male,31.0,9.0,111589.67,1.0,1.0,0.0,150037.19,0.0
606.0,Germany,Female,27.0,6.0,172310.33,1.0,0.0,1.0,111448.92,0.0
655.0,Germany,Male,34.0,7.0,118028.35,1.0,1.0,0.0,51226.32,1.0
619.7117156694273,Germany,Male,51.0,1.0,147910.3,1.0,1.0,1.0,53581.14,0.0
504.0,Germany,Male,42.0,7.0,131287.36,2.0,1.0,1.0,113808.69749316238,0.0
653.0,France,Female,74.0,0.0,95486.80380078893,1.0,0.0,1.0,160348.31,0.0
660.0,Spain,Male,38.0,6.0,109869.32,1.2784560789762494,1.0,1.0,154641.91,0.0
652.0,France,Male,34.0,6.0,97435.85,2.0,1.0,1.0,104331.76,0.0
669.0,France,Female,42.0,9.0,0.0,2.0,0.0,0.0,135630.32,0.0
647.3141310344249,France,Male,35.0,2.0,133853.27,1.0,1.0,1.0,65361.66,0.0
650.870596295908,Germany,Male,32.0,0.0,109528.16,2.0,1.0,1.0,56176.31,0.0
642.0,France,Female,33.0,4.0,84607.34,2.0,0.0,1.0,60059.47,0.0
486.0,Germany,Male,37.0,1.0,101438.0,1.0,0.0,0.0,51364.56,0.0
804.0,France,Male,55.0,7.0,36979.02924412653,2.0,1.0,1.0,118752.6,0.0
629.0,France,Male,59.0,9.0,113657.83,1.8554104274020307,1.0,1.0,116848.79,1.0
581.0,Spain,Male,44.0,7.0,189318.16,2.0,1.0,0.0,45026.23,1.0
667.0,France,Male,31.0,3.0,99513.91,1.0,1.0,1.0,189657.26,0.0
667.0,Spain,Male,35.0,4.0,97585.32,2.0,0.0,0.0,97093.70585872068,0.0
679.0,France,Male,29.0,3.0,0.0,2.0,1.0,1.0,63687.06,0.0
680.0,France,Female,43.0,4.0,0.0,2.0,1.0,1.0,58761.33,0.0
644.0,Spain,Male,32.0,3.0,136659.74,1.1818635162711353,1.0,1.0,14187.78,0.0
571.0,France,Female,30.0,4.0,85755.86,1.0,1.0,0.0,145115.95,0.0
627.0,Spain,Female,35.0,7.0,0.0,1.8205493382501925,1.0,0.0,187718.26,0.0
536.0,France,Male,39.0,4.0,0.0,2.0,1.0,0.0,27150.35,0.0
599.0,Spain,Male,33.0,4.0,51690.89,1.0,1.0,0.0,111622.76,1.0
744.0,Spain,Male,34.0,3.0,0.0,2.0,1.0,0.0,27244.35,0.0
709.0,France,Female,34.0,2.0,111669.68,1.0,1.0,0.0,57029.66,0.0
653.0,Germany,Male,31.0,2.0,154741.45,2.0,0.0,0.0,25183.01,0.0
648.0,Germany,Male,31.0,7.0,125681.51,1.0,0.0,1.0,129980.93,0.0
663.0,Germany,Female,37.0,8.0,155303.71,1.0,1.0,0.0,118716.63,0.0
613.0,Germany,Female,43.0,4.0,140681.68,1.0,0.0,1.0,20134.07,0.0
620.0,France,Male,38.56485510491513,9.0,71902.52,1.0,0.0,1.0,190208.23,0.0
661.0,France,Male,51.0,6.0,146606.6,1.0,1.0,1.0,68021.9,0.0
669.0,Germany,Male,45.0,1.0,123949.75,1.0,0.0,0.0,110881.56,0.0
767.0,France,Female,33.0,1.0,144753.21,1.0,1.0,1.0,132480.75,0.0
491.0,France,Female,72.0,6.0,91285.22,1.0,1.0,1.0,7032.95,0.0
653.0,France,Male,43.0,0.0,0.0,2.0,1.0,0.0,27862.58,0.0
652.6738458571352,Germany,Male,58.0,8.0,125850.53,2.0,1.0,1.0,98934.6589132358,0.0
687.0,France,Male,28.0,7.0,108116.66,1.0,1.0,1.0,27411.19,0.0
837.0,France,Female,38.0,4.926392910019076,0.0,2.0,1.0,1.0,46395.21,0.0
698.1580690081313,France,Male,40.07588698996403,8.0,128408.57891768572,1.2127672577726518,1.0,1.0,194245.29,0.0
663.0,France,Female,40.95394669925513,5.168432406080412,150200.23,1.0,0.0,1.0,151317.27,0.0
547.0,Spain,Female,22.0,7.0,141287.15,1.0,1.0,0.0,118142.79,0.0
627.0,France,Female,41.0,6.0,89321.7142593841,3.0,1.0,1.0,138700.75,1.0
707.0,France,Male,37.0,1.0,0.0,2.0,0.0,1.0,6035.51,0.0
629.0,France,Female,43.0,0.0,0.0,2.0,1.0,1.0,41263.69,0.0
687.0,France,Female,36.0,4.0,97157.96,1.0,0.0,1.0,63185.05,0.0
588.0,France,Female,36.0,2.0,0.0,2.0,1.0,0.0,92536.0,1.0
632.0234185105594,Germany,Female,33.0,6.0,125241.17,2.0,1.0,1.0,158736.07,0.0
793.0,Germany,Male,54.0,2.0,128966.13,1.0,1.0,0.0,18633.4,1.0
727.0,Germany,Male,59.0,5.170820078108071,122333.7767672959,1.2878616816515167,1.0,0.0,119174.81725271289,1.0
632.0,Spain,Female,32.0,1.0,0.0,2.0,1.0,0.0,19525.65,0.0
474.0,Germany,Female,37.0,5.0,142688.57,2.0,1.0,1.0,110953.33,0.0
850.0,Germany,Female,31.0,1.0,130089.56,2.0,1.0,1.0,4466.21,0.0
584.0,France,Male,36.0,4.660907419074065,0.0,1.0,1.0,1.0,105818.51,0.0
713.0,France,Female,32.0,1.0,117094.02,1.0,0.0,0.0,149558.83,1.0
742.0,Spain,Male,24.0,8.0,23431.95381937478,2.0,1.0,0.0,4070.28,0.0
607.0,France,Female,39.0,10.0,0.0,3.0,1.0,0.0,132741.13,1.0
761.0,Spain,Female,34.0,2.0,0.0,2.0,1.0,0.0,61251.25,0.0
600.0,France,Male,49.0,7.0,90218.9,1.0,1.0,0.0,91347.76,0.0
568.0151978190352,Spain,Male,42.0,4.3003987224271105,194532.66,1.8496384083809365,1.0,1.0,171045.31,1.0
850.0,Germany,Male,56.0,1.0,169743.83,1.0,1.0,0.0,155850.4,1.0
501.0,France,Female,34.0,5.0,0.0,1.0,1.0,0.0,27380.99,0.0
418.0,France,Male,34.93909981325063,8.0,155973.88,1.0,1.0,0.0,154208.96,0.0
710.2398313018277,Spain,Male,59.0,4.0,129321.44,1.1322596757476184,1.0,1.0,93624.55,0.0
788.0,Germany,Female,42.0,6.0,138650.49,1.5293770261118829,1.0,0.0,64746.07,0.0
699.0,Spain,Male,43.0,2.0,136487.86,2.0,1.0,0.0,82815.93,0.0
616.0,France,Male,18.0,6.0,0.0,2.0,1.0,1.0,27308.58,0.0
651.0,France,Female,41.0,4.0,38617.2,1.0,1.0,1.0,104876.8,0.0
654.0,France,Female,37.08610185179352,7.0,30456.24641964518,2.0,1.0,0.0,151316.37,0.0
654.694504807898,France,Female,34.0,8.0,82909.14,1.0,1.0,0.0,91817.38,0.0
708.0,Germany,Female,54.0,8.0,145151.4,1.0,0.0,1.0,125311.17,1.0
499.0,Spain,Female,42.0,0.0,147187.84,1.0,1.0,1.0,14868.94,1.0
689.0,France,Male,39.0,4.0,0.0,2.0,1.0,0.0,196112.45,0.0
850.0,Spain,Female,54.0,3.583751249349701,108185.81,2.0,0.0,0.0,24093.4,1.0
502.0,France,Male,30.0,4.0,0.0,2.0,1.0,1.0,66263.87,0.0
643.0,France,Male,34.0,7.0,0.0,2.0,0.0,1.0,100304.13,0.0
762.0,France,Male,28.0,2.0,0.0,2.0,1.0,0.0,167909.52,0.0
635.0823156157221,France,Male,49.0,5.0,105918.1,1.0,1.0,1.0,16246.59,0.0
789.0,France,Male,34.96207607663242,6.0,0.0,2.0,1.0,0.0,103603.65,0.0
553.0,Spain,Male,42.0,7.0,0.0,2.0,1.0,0.0,85574.03845598707,0.0
448.0,Spain,Male,25.0,2.0,0.0,2.0,0.0,0.0,95215.73,0.0
611.6708240527959,Germany,Male,42.0,6.0,59972.26,2.0,0.0,1.0,113938.75623334775,0.0
669.0,France,Male,34.42824076580964,7.0,157228.61,2.0,1.0,0.0,93100.09517307553,0.0
654.0,Spain,Male,34.0,5.0,0.0,2.0,1.0,0.0,159311.46,0.0
726.0,France,Female,38.0,4.0,0.0,2.0,0.0,0.0,6787.48,0.0
596.0,France,Male,21.0,4.0,210433.08,2.0,0.0,0.0,197297.77,1.0
733.0,Germany,Female,30.0,1.0,102452.71,1.0,1.0,0.0,21556.95,0.0
529.0,Spain,Female,35.0,5.0,0.0,2.0,1.0,0.0,56518.0,0.0
493.0,France,Female,37.0,8.0,142987.46,2.0,1.0,0.0,158840.99,0.0
615.0,Spain,Female,38.80779110503338,7.0,143330.56,2.0,1.0,1.0,126396.01,0.0
600.0,France,Female,49.0,6.0,62963.01106132557,1.0,0.0,1.0,148087.88,1.0
666.0,France,Male,36.0,4.0,120165.4,2.0,1.0,0.0,99691.21687206473,0.0
644.0,Spain,Male,54.0,6.0,0.0,1.0,0.0,1.0,87746.893318283,0.0
692.0,France,Female,36.0,4.0,57647.52635186839,1.0,1.0,0.0,185580.89,1.0
707.0,France,Male,38.32261195469145,6.0,66573.17,1.0,1.0,1.0,62768.8,0.0
603.0,Germany,Male,40.0,4.0,102833.46,2.0,1.0,1.0,38829.11,0.0
671.0,France,Female,34.0,5.0,164757.56,1.0,1.0,0.0,110748.88,0.0
568.0,Spain,Female,42.75362285327409,10.0,153610.61,1.3804043708702587,1.0,1.0,54083.8,1.0
598.0,Spain,Female,35.0,8.0,0.0,3.0,0.0,1.0,88658.73,0.0
638.6681451036437,Spain,Male,42.0,10.0,0.0,2.0,1.0,0.0,177938.52,0.0
631.4617673631107,Germany,Male,36.0,3.0,169025.83,1.0,1.0,0.0,174235.06,0.0
644.0,Spain,Female,41.13266644500245,4.0,153455.72,2.0,1.0,1.0,82696.84,0.0
655.0,France,Male,37.0,4.0,0.0,2.0,1.0,1.0,142415.97,0.0
850.0,France,Male,33.278449015745416,10.0,153972.89,2.0,1.0,0.0,62811.03,0.0
683.0,Spain,Male,34.0,9.0,31392.795496010276,2.0,0.0,1.0,25339.29,0.0
663.0,France,Male,37.0,7.0,51156.87124837494,2.0,0.0,1.0,111693.2971085927,0.0
682.0,Germany,Male,42.21525618660769,1.0,116520.28,1.0,1.0,1.0,49833.5,1.0
628.1250853563348,France,Male,39.780932581131374,6.0,80926.02,2.0,1.0,1.0,55829.25,0.0
704.0,France,Male,23.0,6.0,166594.78,1.0,1.0,1.0,155823.2,0.0
691.0,France,Female,40.0,0.0,115465.98,1.0,1.0,1.0,60622.61,0.0
599.0,France,Male,34.0,5.16385163767291,121155.14167109065,1.2877212737986343,1.0,1.0,174196.68,0.0
573.0,France,Female,36.0,1.0,0.0,1.0,1.0,1.0,56905.38,0.0
589.0,Germany,Female,41.0,7.0,92618.62,1.0,1.0,1.0,101178.85,0.0
620.0,France,Female,25.0,8.0,141825.88,1.0,1.0,1.0,73857.94,0.0
616.6546888923135,Spain,Male,28.0,6.0,149594.02,2.0,1.0,0.0,97699.63359851504,0.0
737.0,Spain,Female,39.0,7.0,130051.66,2.0,0.0,0.0,55356.39,1.0
634.0,France,Female,41.0,7.0,0.0,2.0,1.0,1.0,131284.93,0.0
660.0,France,Male,38.0,4.0,0.0,2.0,0.0,0.0,96670.02431728123,0.0
666.0,Germany,Female,37.0,2.0,158468.76,1.0,0.0,1.0,93266.01,0.0
696.0,France,Male,44.0,8.0,161889.79,1.0,0.0,0.0,75562.47,0.0
836.0,France,Female,29.0,9.0,133681.78,1.0,1.0,1.0,153747.73,0.0
667.0,Spain,Female,34.0,5.0,51572.153848036054,2.0,1.0,1.0,163830.64,0.0
596.0,Spain,Male,36.61644671838527,3.0,93132.53302024516,1.0,1.0,0.0,103456.47,0.0
430.0,France,Male,31.0,5.0,0.0,1.0,1.0,0.0,95655.16,0.0
596.0,Spain,Male,67.0,6.0,0.0,1.8467939919335579,1.0,1.0,112782.11456291987,0.0
599.0,France,Male,28.0,7.0,119706.22,1.0,0.0,0.0,31190.42,0.0
519.0,France,Female,22.0,8.0,0.0,1.0,0.0,1.0,167553.06,0.0
721.0,Germany,Female,45.0,7.0,138523.2,1.0,0.0,0.0,59604.45,1.0
603.0,Spain,Female,56.0,5.0,90778.76,2.0,1.0,0.0,162223.67,1.0
572.0,Germany,Female,47.0,4.24729684290082,99353.42,1.0,1.0,0.0,196549.85,1.0
453.0,Germany,Female,40.0,1.0,111524.49,1.0,1.0,1.0,120373.84,1.0
668.0,France,Female,37.0,7.0,128645.67,1.0,1.0,0.0,92149.64,0.0
762.0,Germany,Male,35.0,3.535561234846887,117458.51,1.7068788933036185,0.0,1.0,178361.48,0.0
633.0,France,Female,39.0,9.0,129189.15,2.0,0.0,0.0,170998.83,0.0
647.0,Spain,Male,35.67860308977873,7.0,121260.19,2.0,1.0,0.0,77216.48,0.0
627.8062400949848,Spain,Male,56.0,6.0,61228.48102626861,1.0,0.0,0.0,121164.6,1.0
733.0,France,Male,39.0,4.580185913661541,0.0,2.0,1.0,1.0,102140.00564165051,0.0
556.0,France,Male,34.0,8.0,163757.06,1.0,1.0,1.0,104000.06,0.0
489.0,Spain,Male,58.0,4.0,0.0,1.8172830341862805,1.0,1.0,191419.32,0.0
639.0,France,Male,22.0,4.0,0.0,2.0,1.0,0.0,28188.96,0.0
715.0,France,Male,35.0,2.0,141005.47,1.0,1.0,1.0,60407.93,0.0
807.0,Germany,Female,40.63656582777169,5.13010635782306,105356.09,2.0,1.0,1.0,113413.36345289,0.0
714.0,Spain,Male,34.0,5.0,0.0,2.0,1.0,0.0,193040.32,0.0
626.0,Germany,Female,23.0,6.0,85897.95,1.0,1.0,0.0,109742.8,0.0
697.0,France,Male,36.0,7.0,0.0,2.0,1.0,1.0,74760.32,0.0
850.0,Germany,Female,31.0,4.0,164672.66,1.0,0.0,1.0,61936.1,0.0
737.0,Germany,Female,45.0,2.0,99169.67,2.0,1.0,1.0,78650.95,0.0
812.0,France,Male,33.017392036449785,6.0,0.0,2.0,0.0,0.0,168023.6,0.0
583.0,France,Male,36.0,8.0,0.0,2.0,0.0,1.0,5571.59,0.0
730.0,Germany,Female,37.0,5.0,124053.03,1.0,1.0,0.0,118591.67,0.0
677.0,France,Male,36.0,4.0,7858.977327860215,2.0,1.0,0.0,7824.31,0.0
748.0,Germany,Female,40.0,3.0,103499.09,2.0,0.0,0.0,38153.19,0.0
753.0,Germany,Female,38.0,9.0,151766.71,1.0,1.0,1.0,180829.99,0.0
634.0,Spain,Female,36.0,1.0,0.0,1.0,1.0,1.0,143960.72,0.0
622.0,France,Male,29.0,7.0,101486.96,1.1790948203503293,1.0,1.0,8788.35,0.0
699.0,Germany,Male,36.0,2.0,123601.56,2.0,1.0,0.0,103557.85,0.0
628.5526265297548,Germany,Male,42.98041614504316,1.0,127201.58,1.0,1.0,0.0,147168.28,1.0
552.0,Germany,Male,33.0,3.0,144962.74,1.0,1.0,0.0,58844.84,0.0
619.0,France,Female,48.0,4.0,0.0,1.0,0.0,0.0,18094.96,1.0
714.0,Spain,Male,33.0,8.0,122017.19,1.0,0.0,0.0,162515.17,0.0
503.0,Spain,Male,41.224639932279224,9.0,100262.88,2.0,1.0,1.0,107894.02873624867,0.0
685.0,Spain,Female,43.0,6.0,117302.62,1.0,0.0,0.0,68701.73,0.0
606.0,France,Female,35.0,0.0,135984.15,2.0,1.0,0.0,186778.89,0.0
678.0,France,Male,38.0,4.769430598129328,0.0,2.0,1.0,0.0,66561.6,0.0
724.0,Germany,Male,31.0,2.0,160997.54,2.0,0.0,1.0,64831.36,0.0
779.0,Germany,Female,37.0,2.0,128389.63,1.0,1.0,1.0,6589.16,1.0
638.0,Spain,Male,35.0,1.0,0.0,2.0,1.0,0.0,165370.66,0.0
680.6230196125604,Germany,Male,46.98166746868403,5.0,118134.12144228572,1.9540626250980446,1.0,1.0,113653.59989887475,1.0
646.0,Germany,Female,57.0,6.0,90212.0,1.0,1.0,0.0,13911.27,1.0
628.0,France,Female,29.0,9.0,71996.29,1.0,1.0,1.0,34857.46,0.0
528.0,France,Female,32.0,4.0,85615.66,2.0,1.0,0.0,156192.43,0.0
432.0,France,Female,27.0,6.0,62339.81,2.0,0.0,0.0,53874.67,0.0
622.0,Spain,Female,37.60569977026869,6.0,142319.03,1.0,0.0,0.0,100183.05,0.0
721.0,France,Male,54.0,5.0,0.0,2.0,1.0,1.0,4493.12,0.0
614.0,Spain,Male,36.0,5.0,0.0,2.0,1.0,0.0,130610.78,0.0
634.0,France,Female,24.0,2.0,87413.19,1.0,1.0,0.0,63340.65,0.0
742.0,France,Male,29.0,4.0,0.0,2.0,1.0,1.0,180066.59,0.0
516.0,France,Female,45.0,4.0,0.0,1.0,1.0,0.0,95273.73,1.0
718.0,France,Male,35.0,3.0,97560.16,1.0,1.0,1.0,53511.74,0.0
636.0,Germany,Male,40.975087374602126,8.0,124873.96215898104,2.0,1.0,1.0,109685.61,0.0
691.0,Spain,Male,36.0,7.0,129934.64,1.0,0.0,0.0,75664.56,1.0
698.0,France,Female,37.0,2.0,166178.02,2.0,1.0,1.0,71972.95,0.0
712.0,Spain,Male,39.0,5.0,24954.47695818513,2.0,1.0,1.0,125484.66836258784,0.0
659.0,France,Male,20.0,8.0,0.0,2.0,0.0,0.0,112572.02,0.0
573.0,Spain,Male,44.0,8.0,0.0,2.0,0.0,0.0,62424.46,0.0
619.2110564913505,France,Female,35.0,1.0,151958.19,3.0,1.0,1.0,131238.37,1.0
732.0,France,Male,46.0,0.0,19932.72508744988,2.0,1.0,1.0,184350.78,0.0
550.0,Germany,Male,44.159956944160015,4.0,118400.91,1.407619978929979,0.0,1.0,13999.64,1.0
790.0,Spain,Male,20.0,8.0,0.0,2.0,1.0,0.0,168152.76,0.0
665.0,Germany,Female,43.0,2.0,116322.27,4.0,1.0,0.0,96006.61258159939,1.0
728.0,Spain,Female,43.0,5.0,0.0,1.0,1.0,1.0,120088.17,0.0
645.0,France,Female,29.0,4.0,0.0,2.0,1.0,1.0,74346.11,0.0
647.0,Germany,Male,30.0,6.0,143138.91,2.0,1.0,0.0,2955.46,0.0
596.0,Spain,Male,32.0,4.0,0.0,2.0,0.0,1.0,146504.35,0.0
610.0,France,Male,40.0,9.0,0.0,1.0,1.0,1.0,149602.54,0.0
512.0,France,Male,36.0,0.0,129804.17,1.0,1.0,0.0,53020.9,0.0
768.0,Germany,Male,46.94971779053195,9.0,108308.11,1.2208008745188734,1.0,0.0,41788.25,1.0
666.0,Germany,Male,30.0,3.0,110153.27,1.0,0.0,1.0,74849.46,0.0
700.0,Germany,Female,30.0,4.0,116377.48,1.0,1.0,1.0,134417.31,0.0
651.0,Germany,Female,37.0,10.0,119746.06044055527,2.0,1.0,1.0,104424.78916629366,0.0
542.0,Spain,Female,26.0,2.0,0.0,2.0,1.0,1.0,54869.54,0.0
686.0,France,Female,35.0,8.0,105419.73,1.0,1.0,1.0,35356.46,0.0
850.0,Germany,Female,47.0,4.0,118114.35013731262,2.0,1.0,1.0,122141.13,0.0
658.0,Germany,Female,55.0,8.0,119327.93,1.0,0.0,1.0,119439.66,0.0
448.0,France,Female,36.0,6.0,83947.12,2.0,1.0,0.0,81999.53,0.0
609.0,Spain,Male,32.0,4.0,91200.66854219986,1.0,1.0,1.0,120594.85,0.0
704.0,France,Male,50.0,4.0,165438.26,1.0,1.0,0.0,120770.75,1.0
698.0,France,Male,31.0,1.0,156111.24,1.0,0.0,0.0,134790.74,0.0
759.0,France,Male,44.0,2.0,111095.58,2.0,1.0,0.0,100137.7,0.0
677.0,France,Female,56.0,0.0,119963.45,1.0,0.0,0.0,158325.87,1.0
544.0,Spain,Male,22.0,4.0,20010.39113691827,2.0,1.0,0.0,70007.67,0.0
567.0,France,Male,35.0,8.0,153137.74,1.0,1.0,0.0,88659.07,0.0
490.0,Spain,Male,40.0,6.0,156111.08,1.0,0.0,0.0,190889.13,0.0
626.0,France,Male,34.0,7.0,113014.7,2.0,1.0,1.0,56646.28,0.0
718.0,Germany,Male,43.0,5.0,132615.73,2.0,1.0,0.0,32999.1,0.0
616.0,Germany,Male,43.293937446143836,5.0,102016.38,1.0,0.0,1.0,178235.37,1.0
772.0,France,Female,35.0,9.0,0.0,1.0,0.0,1.0,25448.31,0.0
561.0,France,Male,32.0,5.0,0.0,2.0,1.0,0.0,84871.99,0.0
814.0,France,Male,49.0,8.0,0.0,2.0,0.0,0.0,157822.54,0.0
651.0,France,Female,56.0,4.0,0.0,1.0,0.0,0.0,84383.22,1.0
538.0,Germany,Female,42.0,4.0,80380.24,1.0,1.0,0.0,119216.46,0.0
600.0,France,Female,26.0,6.0,108909.12,1.0,1.0,0.0,82547.01,0.0
654.0,France,Female,35.0,2.0,90865.8,1.0,1.0,1.0,86764.46,0.0
659.6665723613789,France,Male,35.5033631488577,4.0,50723.99582837384,2.0,1.0,0.0,117169.33082463783,0.0
682.0,France,Male,28.0,10.0,200724.96,1.3056785325554525,1.0,1.0,82872.64,1.0
610.0,Spain,Male,37.0,10.0,140363.95,2.0,1.0,1.0,129563.86,0.0
795.0,France,Female,36.0,1.0,151844.64,1.0,1.0,1.0,135388.89,0.0
557.0,France,Female,27.0,2.0,0.0,2.0,0.0,1.0,4497.55,0.0
824.0,Germany,Male,33.009805953905214,8.0,133231.48,1.0,1.0,0.0,67885.37,0.0
698.0,France,Male,27.0,7.0,0.0,2.0,1.0,0.0,111471.55,0.0
630.0,Germany,Female,36.0,8.0,126598.99,2.0,1.0,0.0,106504.53858230873,0.0
609.0,Germany,Female,71.0,5.328247978933212,113317.1,1.0,1.0,0.0,111819.2293657216,1.0
694.0,France,Male,47.0,4.0,0.0,2.0,1.0,0.0,197528.62,0.0
681.0,France,Male,58.0,8.0,93173.88,1.0,1.0,1.0,139761.25,0.0
721.0,France,Female,46.297304275354136,10.0,58820.77294648798,1.0,1.0,0.0,136119.96,1.0
563.0,Germany,Male,44.0,7.0,105007.31,2.0,1.0,1.0,197812.16,0.0
654.0,Spain,Female,32.0,2.0,0.0,1.0,1.0,1.0,51972.92,1.0
659.0,Spain,Male,27.0,4.0,0.0,2.0,1.0,0.0,99341.87,0.0
674.0,Germany,Female,44.0,4.0,131593.85,1.0,0.0,1.0,75659.26289136404,1.0
667.9963480140718,Germany,Male,44.0,9.0,119530.52,1.0,1.0,0.0,103805.05808827448,1.0
605.9833120611759,Germany,Male,54.0,6.110257392419426,118614.6,2.0,1.0,1.0,172601.62,0.0
545.0,Germany,Male,37.0,9.0,95829.13,2.0,0.0,0.0,104936.88,0.0
798.0,France,Male,36.0,4.761766406565583,0.0,2.0,1.0,1.0,159044.1,0.0
757.0,France,Male,38.0,0.0,0.0,1.0,1.0,0.0,83263.06,0.0
641.0,France,Male,50.0,6.302057776276863,35588.26222181694,2.0,1.0,1.0,130910.78,0.0
718.0,France,Male,29.0,2.0,0.0,1.0,1.0,0.0,126336.72,0.0
699.0,France,Male,64.0,9.0,113109.52,1.1834467607095474,1.0,0.0,27980.8,1.0
623.0,France,Female,35.0,0.0,130557.24,1.0,1.0,1.0,47880.71,0.0
644.0,France,Male,40.0,8.0,93183.19,1.2559732444643328,1.0,0.0,73882.49,0.0
586.0,France,Male,58.0,6.064906151532205,76516.0634804202,2.009157609856368,1.0,1.0,162960.05,1.0
500.0,Germany,Male,30.0,2.0,121239.53566240372,2.0,1.0,0.0,68807.47,0.0
583.0,France,Female,42.0,7.0,28767.64891491123,2.0,1.0,0.0,144039.05,0.0
595.0,Germany,Female,36.50790283192434,8.0,118547.72,1.0,1.0,1.0,151192.18,0.0
670.0,Spain,Male,43.0,1.0,97792.21,1.1752263515654133,0.0,0.0,120225.62,0.0
610.0,France,Male,41.0,6.0,0.0,3.0,0.0,0.0,56118.81,1.0
814.0,Spain,Female,72.0,2.0,0.0,2.0,1.0,1.0,130853.03,0.0
614.483314527445,France,Female,40.0,8.0,167181.01,1.0,1.0,1.0,185156.94,0.0
580.0,Germany,Male,35.0,9.0,121355.19,1.0,0.0,1.0,35671.45,0.0
850.0,France,Female,81.0,1.0,0.0,2.0,1.0,1.0,59568.24,0.0
676.0,Spain,Male,35.0,0.0,0.0,1.7473766544821174,0.0,0.0,139911.58,0.0
578.0,France,Male,46.0,5.0,113226.47,1.0,1.0,0.0,95462.01870567606,0.0
579.0,France,Female,33.0,1.0,118392.75,1.0,1.0,1.0,157564.75,0.0
711.0,Germany,Female,52.0,8.0,145262.54,1.0,0.0,1.0,131473.31,0.0
692.0,France,Male,40.0,6.0,163505.16,1.0,0.0,0.0,88596.89499165432,0.0
760.0,Spain,Male,33.0,1.0,118114.28,2.0,0.0,1.0,156660.21,0.0
630.0,Germany,Female,51.0,0.0,112537.26560972899,3.0,0.0,0.0,88372.69,1.0
808.0,France,Male,32.0,5.196496986882958,0.0,2.0,1.0,1.0,46200.71,0.0
611.0,Germany,Female,36.0,10.0,103294.56,1.0,1.0,0.0,160548.12,0.0
697.0,France,Female,42.0,1.0,0.0,1.0,1.0,0.0,1262.83,1.0
655.0,France,Female,38.0,6.0,0.0,1.0,1.0,1.0,188639.28,0.0
601.0,Spain,Male,28.0,6.0,0.0,2.0,1.0,0.0,14665.28,0.0
755.0,France,Male,42.0,2.0,119919.12,1.0,1.0,0.0,156868.21,0.0
553.0,France,Male,37.0,1.0,0.0,1.0,1.0,0.0,30461.55,0.0
723.0,France,Male,28.0,4.0,0.0,2.0,1.0,1.0,123885.88,0.0
507.0,Spain,Female,34.0,4.0,0.0,2.0,1.0,1.0,60688.38,0.0
777.0,France,Male,43.0,1.0,51726.40730336286,2.0,1.0,1.0,21785.91,0.0
566.0,France,Male,34.0,3.0,0.0,1.0,0.0,0.0,188135.69,0.0
732.0,France,Male,26.0,7.0,0.0,2.0,1.0,0.0,154364.66,0.0
697.0,France,Female,35.36146103111179,10.0,0.0,2.0,1.0,0.0,61312.15,0.0
555.0,France,Male,29.0,4.0,128744.04,1.0,1.0,1.0,96341.11044861599,0.0
584.0,Germany,Female,62.0,9.0,137727.34,2.0,0.0,1.0,121102.9,0.0
705.0,Germany,Female,34.36277433334349,10.0,113793.9525451316,1.0,1.0,0.0,137419.87,0.0
688.0,France,Female,38.0,7.0,123544.21,1.0,1.0,1.0,157664.02,0.0
626.0,France,Male,37.0,2.0,133968.96,2.0,1.0,0.0,148689.65,0.0
636.0,Spain,Male,76.0,9.0,126534.6,1.2375930947432425,1.0,1.0,104593.46754580978,0.0
719.0,Spain,Female,35.0,8.0,0.0,1.767604103241161,1.0,1.0,165162.4,0.0
706.0,Spain,Male,45.004117934923784,6.0,87609.68,2.0,0.0,0.0,137674.55,1.0
731.0,Spain,Male,41.0,3.0,0.0,2.0,1.0,0.0,101371.72,0.0
640.7815582065638,Spain,Male,49.0,4.718111272451852,67458.5545389849,3.0,1.0,1.0,65066.48,1.0
681.2296299305137,France,Male,34.0,9.0,0.0,2.0,1.0,0.0,107876.91,0.0
622.0,Spain,Female,43.43570123381727,0.0,108960.0,2.0,1.0,0.0,111180.3,1.0
701.0,Spain,Female,30.0,2.0,0.0,2.0,1.0,0.0,115650.63,0.0
512.0,France,Male,51.0,6.0,144953.31,1.283141666447296,1.0,1.0,165035.17,0.0
635.0,Germany,Male,41.0,4.0,103544.88,2.0,1.0,0.0,193746.55,0.0
685.0,France,Male,33.0,6.0,0.0,1.0,1.0,0.0,58458.26,0.0
609.0,France,Male,53.0,7.0,0.0,2.0,0.0,1.0,52332.85,0.0
598.0,Germany,Male,38.0,1.0,101487.18,1.0,1.0,0.0,75959.1,1.0
708.0,France,Male,52.0,10.0,105355.81,1.0,1.0,0.0,99186.57663216734,1.0
574.0,Spain,Male,36.0,5.014583057544268,77967.5,1.8839817725338683,1.0,1.0,110894.4658933529,1.0
635.7281345052551,France,Male,44.0,5.0,0.0,4.0,0.0,0.0,117572.59,1.0
422.0,Spain,Female,54.0,4.0,0.0,2.0,1.0,1.0,7166.71,0.0
656.0,Spain,Male,28.0,8.0,120047.77,1.2680916593739295,1.0,1.0,137173.39,0.0
697.0,France,Male,32.0,3.610634578531094,175464.85,3.0,1.0,0.0,75380.39412207626,1.0
718.0,France,Male,40.600191154268714,4.8441419304737225,79475.3,3.0,1.0,1.0,32421.32,0.0
586.0,Germany,Male,37.0,8.0,167735.69,1.6724007456470855,0.0,1.0,104665.79,0.0
659.689676618989,Spain,Female,37.0,8.0,0.0,2.0,1.0,0.0,44215.86,0.0
749.0,France,Female,33.0,1.0,74385.98,1.0,1.0,0.0,20164.47,0.0
561.0,Germany,Male,49.0,5.0,94754.0,1.0,1.0,1.0,26691.31,0.0
676.0,Spain,Male,27.0,4.0,0.0,1.0,1.0,1.0,107955.67,0.0
615.0,Germany,Male,43.0,3.0,86920.86,1.0,1.0,1.0,150048.37,0.0
582.0,France,Female,39.0,1.0,132077.48,2.0,1.0,0.0,192255.15,0.0
601.0,France,Male,40.0,10.0,127847.86,1.2468507028719398,0.0,0.0,173245.68,0.0
708.0,France,Male,46.09944788767886,3.0,0.0,1.0,0.0,1.0,121457.88,1.0
663.1096878305866,Germany,Male,38.89008730296289,9.0,176702.36,2.0,1.0,1.0,104804.74,0.0
797.0,Germany,Female,33.0,10.0,83555.58,1.0,0.0,0.0,69767.14,0.0
682.0,France,Male,26.0,8.0,0.0,2.0,1.0,0.0,178373.43,0.0
694.0,Spain,Female,39.0,9.0,0.0,2.0,0.0,0.0,99924.04,0.0
490.0,France,Female,40.0,1.0,0.0,1.0,1.0,1.0,49594.19,1.0
686.949641916114,Spain,Male,42.56618168679724,10.0,120244.45726227175,1.2235238133782051,1.0,1.0,186071.14,0.0
594.0,Spain,Female,38.0,7.0,96858.35,1.0,1.0,0.0,77511.45,0.0
579.0,Spain,Male,39.93149616442575,1.0,0.0,2.0,1.0,1.0,54816.57,0.0
723.0,France,Female,35.0,0.0,0.0,2.0,0.0,1.0,61290.99,0.0
633.6632689526723,Germany,Female,44.44369981340156,8.0,120460.25829782916,3.0,1.0,1.0,121088.64202526619,1.0
794.0,Spain,Female,30.0,1.0,154970.54,1.257405791252902,0.0,1.0,156768.45,0.0
674.0,Germany,Male,44.0,5.2507357478746135,88902.21,1.0,1.0,0.0,73731.32,0.0
418.0,France,Male,28.0,7.0,98738.92,1.0,1.0,0.0,122190.22,0.0
502.0,France,Male,33.0,8.0,0.0,2.0,1.0,1.0,123509.01,0.0
678.0,France,Female,50.0,6.0,0.0,1.0,1.0,0.0,8199.5,0.0
599.0,Germany,Male,40.0,5.0695450560666835,137456.28,2.0,1.0,1.0,14113.11,0.0
736.0,France,Male,29.0,4.0,0.0,2.0,0.0,0.0,51705.01,0.0
430.0,France,Female,60.0,7.0,73937.02,1.8017484726719404,1.0,0.0,161937.62,1.0
537.0,France,Female,45.0,7.0,158621.04,1.0,1.0,0.0,120892.96,1.0
683.0,Spain,Male,30.0,1.0,113257.2,1.0,1.0,1.0,65035.02,0.0
828.0,France,Male,31.0,9.0,0.0,1.0,1.0,1.0,164257.37,0.0
691.0,France,Female,29.0,9.0,116536.43,1.0,1.0,0.0,51987.99,0.0
608.0,Spain,Female,28.0,4.0,0.0,2.0,1.0,0.0,10899.63,1.0
691.0,France,Female,44.004138929829566,6.0,101070.69,1.6107265557757429,1.0,0.0,177355.8,1.0
718.0,Spain,Male,39.0,6.0,0.0,2.0,0.0,1.0,63889.1,0.0
680.0,Germany,Female,31.0,3.0,127331.46,3.0,1.0,1.0,176433.6,0.0
838.0,Spain,Female,41.0,4.762701017472143,0.0,2.0,1.0,1.0,81313.51,0.0
695.0,Spain,Female,39.58085652077474,5.0,0.0,2.0,0.0,1.0,103252.26912763117,0.0
681.0,France,Male,46.0,0.0,105969.42,1.0,1.0,0.0,5771.56,0.0
762.0,France,Male,36.0,5.0,119547.46,1.0,1.0,1.0,42693.65,0.0
751.0,Spain,Male,38.0,7.0,26924.490467870113,2.0,0.0,0.0,90839.61,0.0
678.0,Spain,Male,28.0,5.0,138668.18,1.0,1.0,1.0,54144.01,0.0
639.595878715161,France,Female,38.15041907489965,7.0,51582.5,2.0,1.0,1.0,184312.88,0.0
749.0,France,Male,37.0,7.0,0.0,2.0,1.0,0.0,20306.79,0.0
590.0,Spain,Male,38.496158101747724,6.0,94243.6151095467,1.0,1.0,1.0,128256.18,0.0
610.0,France,Female,27.0,4.0,87262.4,1.5072368479436336,1.0,0.0,182720.07,0.0
502.0,France,Male,33.0,7.0,0.0,2.0,0.0,1.0,4082.52,0.0
578.0,France,Female,40.0,7.0,0.0,2.0,0.0,0.0,102233.73,0.0
547.0,France,Female,32.0,2.0,0.0,2.0,1.0,0.0,132002.83,0.0
579.0,France,Female,27.0,9.0,0.0,2.0,1.0,0.0,126838.7,0.0
661.0,France,Male,39.0,5.0,0.0,2.0,0.0,0.0,181461.46,0.0
794.0,France,Male,46.0,6.0,0.0,2.0,1.0,1.0,195325.74,0.0
719.0,France,Male,61.0,5.0,0.0,2.0,0.0,1.0,29132.43,0.0
728.0,France,Female,69.0,1.0,0.0,2.0,1.0,1.0,131804.86,0.0
598.0,Germany,Male,19.0,3.0,150348.37,1.0,1.0,1.0,173784.04,0.0
822.0,Germany,Female,46.0,3.0,115074.02,2.0,1.0,0.0,26249.86,0.0
670.0,Spain,Female,40.0,3.0,0.0,1.0,1.0,1.0,182650.15,0.0
850.0,France,Male,34.439353703658675,8.0,99986.98,1.0,1.0,0.0,196582.55,0.0
723.0,Germany,Male,68.0,5.947092949845158,110357.0,1.2981738646682421,0.0,0.0,141977.54,1.0
643.053472906777,France,Male,42.0,8.0,166685.92,2.0,1.0,1.0,55313.51,0.0
677.0,Spain,Male,40.0,7.0,95312.8,1.0,1.0,1.0,62944.75,0.0
736.0,France,Male,43.0,4.0,202443.47,1.0,1.0,0.0,72375.03,0.0
661.0,Germany,Female,47.0,0.0,109493.62,1.0,0.0,0.0,188324.01,1.0
501.0,Germany,Male,38.0,9.0,88977.39,2.0,0.0,1.0,133403.07,0.0
516.0,France,Female,29.0,2.0,104982.57,1.0,1.0,0.0,157378.5,0.0
517.0,France,Female,59.0,4.77077289097131,154110.99,2.0,1.0,0.0,101240.08,1.0
766.0,France,Male,32.0,6.0,185714.28,1.0,1.0,1.0,102502.5,0.0
520.0,Germany,Female,23.0,3.0,116022.53,2.0,1.0,1.0,37577.66,0.0
541.0,France,Male,46.0,6.0,0.0,2.0,1.0,1.0,83456.67,0.0
790.0,Germany,Female,34.0,2.0,164011.48,1.0,1.0,1.0,199420.41,0.0
797.0,France,Male,31.0,9.0,0.0,2.0,1.0,1.0,96816.91645875704,0.0
811.0,France,Male,40.0,1.0,101514.89,1.0,1.0,1.0,121765.0,0.0
722.0,Spain,Male,32.0,4.0,0.0,2.0,1.0,1.0,113666.48,0.0
675.0,France,Male,28.0,9.0,0.0,1.0,1.0,0.0,134110.93,0.0
660.0,Germany,Male,35.39531375439364,9.0,134599.33,2.0,1.0,0.0,183095.87,0.0
566.0,Spain,Male,32.0,10.0,147511.26,1.2014785736940952,1.0,1.0,159891.03,0.0
768.0,France,Male,25.0,4.253829350114341,78396.08,1.0,1.0,1.0,8316.19,0.0
610.0,Spain,Female,31.0,5.0,0.0,2.0,0.0,0.0,63736.36,0.0
715.0,France,Female,31.0,3.0,110581.29,1.0,1.0,1.0,94715.24,0.0
750.0,Germany,Male,36.45152062491812,4.8973692178889765,151836.36,2.0,1.0,0.0,68695.38,0.0
431.0,Germany,Male,45.0,4.632324421848603,83624.55,2.0,0.0,1.0,36899.62,0.0
704.0,France,Male,24.0,2.0,148197.15,2.0,1.0,0.0,99213.28869690507,0.0
535.0,Spain,Female,30.0,5.0,122924.75,1.0,0.0,0.0,62390.59,1.0
614.0,France,Female,38.0,4.0,72594.0,1.0,1.0,1.0,76042.48,0.0
748.0,France,Male,38.0,4.0,115221.36,1.0,0.0,1.0,70956.75,0.0
492.0,Germany,Male,51.0,8.0,117808.74,1.4838611181900194,1.0,1.0,67311.12,0.0
573.0,France,Male,40.0,7.0,147754.68,1.0,1.0,1.0,101972.06619138224,0.0
706.0,Spain,Female,53.0,3.0,0.0,3.0,0.0,0.0,88479.02,1.0
625.7769510046277,France,Male,31.0,10.0,113292.17,1.0,1.0,1.0,122639.73,0.0
458.0,Spain,Male,36.0,5.0,0.0,2.0,1.0,1.0,79723.78,0.0
612.0,Germany,Male,44.0,2.0,115163.38,1.0,1.0,1.0,89705.47655886182,1.0
809.0,Germany,Male,50.0,10.0,119180.46930168755,1.1045703659022854,1.0,1.0,79360.10057309858,1.0
590.0,France,Male,39.0,9.0,0.0,2.0,1.0,1.0,104730.52,0.0
602.0,France,Male,35.0,8.0,0.0,1.0,1.0,1.0,22499.29,0.0
540.0,Spain,Male,34.35702802503279,0.0,120825.7,1.0,1.0,0.0,28257.89,0.0
494.0,France,Male,25.0,6.0,0.0,2.0,0.0,1.0,109988.09,0.0
797.0,France,Female,29.0,1.0,0.0,1.0,0.0,1.0,149991.32,0.0
649.9313186471933,Germany,Male,43.51738921308548,6.0,133845.28,1.699405138664453,1.0,1.0,118066.14627681805,0.0
606.2306938283082,Spain,Male,38.0,7.0,0.0,2.0,1.0,0.0,181605.85,0.0
576.0,France,Female,29.0,5.0,100045.04267558576,1.0,1.0,1.0,126469.09,0.0
405.0,France,Male,39.0,10.0,0.0,1.0,1.0,0.0,160810.85,1.0
555.0,France,Male,30.0,1.0,0.0,2.0,0.0,0.0,88146.86,0.0
750.0,Spain,Female,37.0,2.0,113817.06,1.0,0.0,1.0,88333.74,0.0
665.0,France,Male,28.0,8.0,137300.23,1.0,1.0,0.0,90174.83,0.0
640.0,France,Male,37.0,5.0,158024.38,1.0,1.0,1.0,81298.09,0.0
457.0,France,Female,33.0,7.0,127837.54,1.0,0.0,1.0,60013.17,0.0
695.0,France,Male,36.74306768986952,4.0,161533.0,1.0,1.0,0.0,100940.91,0.0
624.5327290785452,France,Male,31.0,7.0,161171.7,2.0,1.0,1.0,12599.94,1.0
629.7939014410615,Spain,Male,32.0,9.0,80958.36,1.0,1.0,1.0,128590.73,0.0
808.0,Spain,Male,25.0,7.0,0.0,2.0,1.0,1.0,23180.37,0.0
640.2329772985554,France,Male,33.0,2.0,146193.6,2.0,1.0,1.0,93322.86652994568,1.0
700.0,Spain,Male,29.0,8.0,0.0,2.0,0.0,1.0,152097.02,0.0
660.0,Germany,Male,26.0,4.0,115021.76,1.0,0.0,1.0,162443.05,0.0
615.0,Spain,Male,41.0,1.0,126773.43,1.24648940333393,1.0,1.0,55551.26,0.0
705.0,Germany,Female,40.0,3.0,92889.91,1.0,1.0,1.0,109496.69,0.0
718.0,France,Male,46.171784334678506,9.0,123973.48018339288,1.2492130582809176,1.0,1.0,72105.63,0.0
754.0,France,Female,61.0,3.556791361241546,52445.068384257866,1.0,1.0,1.0,41815.22,1.0
713.0,Germany,Male,45.0,4.0,131038.14,1.0,1.0,0.0,74005.04,1.0
616.0362949880614,France,Female,46.0,6.0,88820.29,1.0,0.0,0.0,70224.34,0.0
569.0,Spain,Male,31.0,1.0,115406.97,1.0,0.0,0.0,145528.22,0.0
568.0,France,Female,38.0,3.0,132951.92,1.0,0.0,1.0,124486.28,0.0
634.0,Germany,Male,74.0,5.0,108891.7,1.0,1.0,1.0,10078.02,0.0
770.0,Germany,Female,46.0,4.584077352755443,141788.63,2.0,0.0,0.0,164967.21,0.0
676.0,Spain,Female,64.0,5.499420543537245,116954.32,1.0,1.0,1.0,91149.48,0.0
723.0,Germany,Female,47.0,10.0,90450.0,1.5326132469961247,0.0,1.0,103379.31,0.0
633.0000521181407,Germany,Female,36.41619368291417,8.0,125997.22,1.0,1.0,1.0,128049.34,0.0
601.0,Spain,Female,41.0,3.0,0.0,2.0,1.0,0.0,54342.83,0.0
684.5279411183617,France,Male,60.0,9.0,0.0,4.0,1.0,1.0,106711.58036223458,0.0
605.0,Spain,Female,36.0,9.0,0.0,2.0,0.0,1.0,35521.63,0.0
629.0571743466771,Spain,Female,31.0,4.0,144637.86,2.0,1.0,0.0,40496.72,0.0
677.0,France,Female,29.0,3.0,86616.35,1.0,0.0,0.0,91903.9,1.0
850.0,France,Male,31.0,5.82080504104403,27171.53220475645,2.0,1.0,0.0,178667.7,0.0
608.0,Germany,Female,48.0,2.0,127924.25,2.0,1.0,0.0,32202.61,0.0
786.0,France,Female,34.0,9.0,0.0,2.0,1.0,0.0,117034.32,0.0
777.0,Germany,Female,29.0,9.0,131240.61,1.0,1.0,1.0,163746.09,1.0
667.0,Spain,Male,31.0,5.0,0.0,2.0,1.0,1.0,20346.69,0.0
848.0,Spain,Male,35.0,5.458745794851025,120046.74,2.0,1.0,0.0,84710.65,0.0
486.0,France,Female,39.0,8.0,97819.36,1.0,1.0,1.0,120531.31,0.0
663.8848550473714,Spain,Male,64.0,4.250133080239449,62979.93,1.3927980715124435,1.0,1.0,152273.57,0.0
506.0,France,Female,40.0,3.0,0.0,1.0,1.0,1.0,144345.58,0.0
681.3440076300379,Germany,Male,46.0,5.461053889576376,161450.03,1.0,1.0,1.0,100083.00658706922,0.0
545.0,France,Male,30.0,3.0,0.0,2.0,1.0,0.0,170307.43,0.0
793.0,France,Male,56.0,8.0,119496.25,2.0,1.0,0.0,29880.99,0.0
682.0,France,Male,30.0,9.0,0.0,2.0,1.0,0.0,195104.91,0.0
517.0,France,Male,62.0,5.747802163109415,93053.9029390181,3.0,1.0,0.0,187756.24,1.0
684.0,France,Male,32.0,9.0,100249.41,2.0,0.0,1.0,67599.69,0.0
692.0,Spain,Male,48.90801837825832,2.0,16582.23637444205,2.0,1.0,1.0,105983.09,0.0
740.0,France,Female,60.0,5.0,108028.08,2.0,0.0,0.0,25980.42,1.0
666.0,Germany,Male,71.0,1.0,53013.29,2.0,1.0,1.0,112222.64,0.0
693.0,France,Male,68.0,2.0,19280.002730879372,2.0,1.0,1.0,59864.96,0.0
757.0,Germany,Male,33.0,1.0,110500.27056614042,1.0,1.0,0.0,42581.09,0.0
684.0,Germany,Male,18.0,9.0,90544.0,1.0,0.0,1.0,4777.23,0.0
616.8041875124344,Spain,Male,35.0,6.0,0.0,2.0,1.0,1.0,178038.17,0.0
842.0,France,Male,46.43930743510348,5.535098024159408,121512.1436112971,4.0,1.0,1.0,128521.16,1.0
482.0,France,Female,35.0,5.0,147813.05,2.0,0.0,0.0,109029.72,0.0
735.0,France,Male,55.0,6.0,134140.68,1.0,1.0,0.0,2267.88,1.0
681.0,France,Female,63.0,7.0,28407.36437805246,2.0,1.0,1.0,55054.48,0.0
616.0,France,Female,31.0,8.0,0.0,1.0,0.0,1.0,76456.17,0.0
850.0,France,Female,35.0,2.0,128548.49,4.0,1.0,0.0,75478.95,0.0
635.0,France,Male,43.0,10.0,122198.21,2.0,1.0,1.0,179144.54,0.0
638.0,Germany,Male,45.67198757883786,8.0,145177.84,1.0,1.0,0.0,193471.74,1.0
820.0,Spain,Female,31.0,2.0,94222.53,1.0,1.0,0.0,103570.8,0.0
694.0,Germany,Female,58.0,1.0,143212.22,1.0,0.0,0.0,102628.56,1.0
713.0,France,Male,41.0,3.0,0.0,2.0,1.0,0.0,55772.04,0.0
543.0,Germany,Male,41.0,6.0,120563.30952294228,1.4462143021902967,1.0,1.0,192070.16,1.0
649.0,France,Female,41.0,3.0,130931.83,1.0,1.0,1.0,144808.37,0.0
777.0,France,Female,30.0,4.0,137851.31,1.0,1.0,0.0,5008.23,1.0
561.0,France,Male,33.0,6.0,0.0,2.0,1.0,0.0,173680.39,0.0
724.0,Spain,Male,41.0,4.498420313294757,0.0,1.0,0.0,1.0,115753.94,0.0
650.0335526544931,Spain,Female,51.0,8.0,0.0,1.0,1.0,1.0,91274.09447568542,0.0
441.0,France,Male,60.0,1.0,140614.15,1.0,0.0,1.0,174381.23,0.0
579.0,Spain,Male,22.0,3.0,118680.57,1.0,1.0,1.0,49829.8,0.0
777.0,Germany,Male,35.0,7.0,122917.69,1.5748115460265046,1.0,1.0,76169.68,0.0
739.0,France,Female,36.0,0.0,0.0,2.0,0.0,0.0,133465.57,0.0
660.0,France,Male,40.0,5.0,131754.11,1.2546830140606577,1.0,1.0,38761.61,0.0
554.0,France,Male,37.56915549676927,8.0,0.0,2.0,1.0,1.0,176779.46,0.0
850.0,France,Female,24.0,6.0,0.0,2.0,1.0,1.0,13159.9,0.0
842.0,Germany,Female,35.0,9.0,119948.09,1.0,1.0,0.0,48217.97,1.0
785.0,France,Female,38.0,1.0,0.0,1.0,1.0,0.0,134964.85,1.0
550.0,France,Male,25.0,0.0,34748.264876279325,2.0,1.0,1.0,184221.11,0.0
750.0,France,Female,39.0,6.0,0.0,2.0,0.0,0.0,19264.33,0.0
490.0,Spain,Female,38.0,3.0,97266.1,1.0,1.0,1.0,92797.23,0.0
653.2060950784743,Germany,Male,28.0,10.0,113690.83,1.0,1.0,1.0,33114.24,0.0
563.0,Spain,Female,42.0,6.0,99056.22,1.6398678051881963,1.0,0.0,154347.95,1.0
675.0,France,Male,37.48269060611664,8.0,0.0,2.0,1.0,1.0,184842.21,0.0
621.0,Spain,Female,36.0,7.0,116338.68,1.0,1.0,1.0,97762.42152986451,0.0
850.0,France,Male,40.0,6.0,97339.99,1.0,0.0,1.0,88815.25,0.0
711.0,France,Male,40.09160065824781,5.534269182230446,0.0,1.8486570771481654,1.0,1.0,193747.57,0.0
549.0,Germany,Female,55.0,1.0,137592.31,2.0,0.0,1.0,116548.02,1.0
764.0,France,Male,34.0,6.0,108760.27,2.0,1.0,0.0,166324.79,1.0
627.0,Germany,Male,30.0,3.0,128770.88,2.0,1.0,1.0,106594.50884964489,0.0
850.0,France,Female,34.0,2.0,0.0,2.0,0.0,0.0,51919.04,0.0
614.0,Spain,Female,36.0,1.0,44054.84,1.0,1.0,1.0,73329.08,0.0
685.0,Germany,Female,44.0,2.0,119657.53,1.0,1.0,0.0,145387.05,1.0
683.0,Germany,Female,49.0,7.0,108797.63,2.0,0.0,0.0,140763.18,0.0
643.0,Spain,Male,35.0,2.0,0.0,2.0,0.0,0.0,67979.35,0.0
561.0,Germany,Female,49.0,1.0,102025.32,1.0,1.0,0.0,133051.64,1.0
669.4391645492794,Spain,Female,20.0,9.0,122446.61,2.0,1.0,0.0,86791.9,0.0
766.0,France,Female,27.0,7.0,158786.67,2.0,0.0,1.0,47579.25,0.0
699.0,France,Male,35.616658364753484,3.0,125689.29,1.0,1.0,1.0,151623.71,0.0
850.0,France,Male,29.0,1.0,154640.41,1.0,1.0,1.0,164039.51,0.0
792.0,Germany,Female,50.0,4.0,146710.76,0.8814143411540681,1.0,0.0,16528.4,1.0
636.0,Germany,Male,44.383096152808086,7.0,136709.35,1.0,0.0,1.0,112891.8158232531,1.0
850.0,Germany,Female,43.0,5.0,129305.09,2.0,0.0,1.0,19244.58,0.0
628.0,Spain,Male,37.70405725956062,10.0,0.0,2.0,1.0,0.0,103832.58,0.0
736.0,France,Female,63.0,10.0,0.0,2.0,0.0,1.0,502.7,0.0
711.0,France,Female,21.0,0.0,82844.33,2.0,0.0,1.0,1408.68,0.0
583.0,Spain,Female,22.0,2.0,0.0,2.0,0.0,1.0,5985.36,0.0
757.0,France,Male,46.0,0.0,0.0,2.0,1.0,0.0,37460.05,0.0
749.0,Germany,Female,33.0,10.0,76692.22,1.0,0.0,1.0,30396.43,0.0
705.0,France,Male,34.0,7.0,117715.84,1.0,1.0,0.0,2498.67,0.0
633.7341948363473,France,Male,54.0,4.252978339109984,87105.32,1.0,1.0,1.0,55346.14,0.0
437.0,France,Female,43.0,6.0,40237.302009135616,1.0,1.0,0.0,148330.97,1.0
741.0,France,Female,64.0,2.0,69311.16,1.0,1.0,1.0,59237.72,0.0
738.0,France,Male,26.0,9.0,0.0,2.0,1.0,1.0,48644.94,0.0
658.3535741997634,Spain,Female,39.61997228851328,10.0,66948.67,2.0,1.0,1.0,140759.03,0.0
627.0,France,Female,57.0,9.0,0.0,2.0,1.0,1.0,107712.42,0.0
637.9057791551862,Spain,Male,76.0,2.0,128410.71,2.0,1.0,1.0,84000.26764190813,0.0
606.0,Germany,Male,38.0,3.0,99897.53,1.0,0.0,0.0,37054.65,0.0
674.0,France,Male,22.0,3.0,0.0,1.0,1.0,1.0,173940.59,0.0
584.0,France,Male,31.0,6.0,152622.34,1.0,1.0,0.0,99298.8,0.0
590.0,France,Male,40.0,8.0,0.0,2.0,1.0,0.0,62933.03,0.0
585.0,France,Male,56.0,4.0,138227.19,2.0,1.0,1.0,55287.84,0.0
508.0,France,Female,25.0,2.0,111395.53,1.0,0.0,1.0,48197.06,0.0
635.808729898991,Germany,Male,44.0,7.0,84386.57,1.0,1.0,1.0,178642.73,0.0
692.0,France,Female,36.0,3.0,0.0,2.0,1.0,1.0,8282.22,0.0
502.0,Germany,Male,33.0,5.0,174673.65,2.0,1.0,0.0,33300.56,0.0
518.0,France,Male,46.0,3.0,0.0,2.0,1.0,1.0,76515.79,0.0
660.0,Germany,Male,46.0,5.0,109019.65,1.5522675176572673,1.0,1.0,33680.56,0.0
698.0,Germany,Female,52.0,1.0,107906.75,1.0,1.0,0.0,168886.39,1.0
678.0,Germany,Male,54.0,7.0,128914.97,1.0,0.0,0.0,191746.23,1.0
707.5141433141514,Spain,Male,63.0,9.0,116336.27918009464,1.195908593433808,1.0,1.0,93091.02,0.0
619.0,Germany,Female,52.0,8.0,120998.48460062555,1.0,0.0,0.0,23904.52,0.0
684.0,Germany,Male,59.0,9.0,122471.09,1.0,0.0,1.0,15807.07,0.0
635.0,France,Male,34.0,3.0,123216.02999718922,1.2366962269140362,1.0,1.0,83773.02,0.0
680.0,France,Female,25.0,4.0,123816.5,1.0,1.0,1.0,90162.35,0.0
608.0,Germany,Male,34.0,3.0,106288.54,1.0,1.0,1.0,36639.25,0.0
600.2386246752865,Germany,Female,43.51916668178363,7.0,127723.25,2.0,1.0,0.0,139469.11,1.0
685.0209685298148,Germany,Female,42.97573628779819,4.740807780222741,145843.82,1.0,1.0,0.0,198402.37,1.0
756.0,Germany,Female,34.0,2.0,148200.72,1.0,0.0,0.0,194584.48,0.0
611.0,France,Male,30.0,2.0,104145.65,1.0,0.0,0.0,159629.64,0.0
532.0,Germany,Male,24.0,8.0,142755.25,1.0,0.0,0.0,34231.48,0.0
684.0,Germany,Female,63.0,3.0,81245.79,1.0,1.0,0.0,69643.31,1.0
647.0,Germany,Female,33.0,3.0,168560.46,2.0,0.0,0.0,90270.16,0.0
583.0,France,Male,38.0,8.0,0.0,1.0,1.0,0.0,47848.56,0.0
774.0,Germany,Male,42.0,2.0,132193.94,2.0,1.0,1.0,81437.48529467049,0.0
677.0,France,Male,58.0,9.0,0.0,1.0,0.0,1.0,168650.4,0.0
542.0,Germany,Male,25.0,8.0,139330.1,1.0,0.0,0.0,54372.37,0.0
613.0,Spain,Male,29.0,0.0,0.0,2.0,0.0,1.0,133897.32,0.0
666.0,France,Male,40.0,5.0,0.0,2.0,1.0,0.0,147878.05,0.0
777.0,France,Female,28.0,2.0,134571.5,1.0,0.0,1.0,118313.38,0.0
581.0,Germany,Male,50.0,2.0,143829.2,1.1355875131355242,1.0,0.0,85361.02347048193,1.0
705.0,France,Male,32.0,7.0,0.0,2.0,1.0,1.0,7921.57,0.0
673.0,France,Female,44.0,8.0,133444.97,1.0,0.0,1.0,88548.9807571129,0.0
594.0,Germany,Female,23.0,4.0,104753.84,2.0,1.0,0.0,56756.52,1.0
648.0,Germany,Female,51.0,2.0,116574.84,1.0,1.0,0.0,4121.04,1.0
605.0,France,Male,41.0,10.0,0.0,2.0,0.0,1.0,97213.09,0.0
734.0,France,Female,40.0,9.0,176914.8,1.0,1.0,1.0,12799.23,0.0
572.0,France,Female,36.0,8.0,68348.18,2.0,0.0,1.0,50400.32,0.0
595.0,France,Female,33.0,9.0,0.0,2.0,1.0,1.0,41447.86,0.0
749.0,France,Male,42.0,2.0,56726.83,2.0,0.0,1.0,185543.35,0.0
573.0,Spain,Male,46.0,4.406725683524751,72546.66533417827,1.7478657770527517,0.0,1.0,189988.65,1.0
624.0,Spain,Male,33.0,6.0,66220.17,1.0,0.0,1.0,170819.01,0.0
703.0,France,Male,56.0,9.0,0.0,1.0,0.0,0.0,85547.33,1.0
665.0,France,Female,41.0,5.973463822498051,96147.55,1.2227312434846584,1.0,0.0,137037.97,0.0
648.0,France,Male,33.643332568756705,4.0,0.0,2.0,1.0,0.0,19283.14,0.0
668.3562251956663,Spain,Male,48.0,2.0,57762.27884454702,1.6143086701640101,1.0,1.0,169425.3,1.0
569.0,Germany,Female,32.0,8.0,145330.43,1.0,1.0,1.0,132038.65,0.0
566.0,France,Female,21.0,3.0,0.0,2.0,1.0,1.0,3626.47,0.0
670.7748138265011,Germany,Female,47.0,4.5795768566882185,124192.28,2.0,1.0,1.0,50881.51,0.0
706.0,Germany,Female,46.0,7.0,111288.18,1.6135608919273168,1.0,1.0,149170.25,1.0
734.0,France,Male,43.0,7.0,107805.67,1.0,0.0,0.0,182505.68,0.0
586.0,Germany,Female,36.0,5.0,103700.69,1.0,1.0,0.0,194072.56,1.0
612.0,France,Female,38.0,1.0,0.0,2.0,1.0,1.0,9209.21,0.0
648.0,France,Male,43.942427743694374,5.086560486612949,0.0,1.0,1.0,1.0,167931.81,0.0
557.0,France,Female,27.0,3.0,87739.08,1.0,1.0,1.0,123096.56,0.0
643.0,Spain,Female,20.0,0.0,133313.34,1.0,1.0,1.0,3965.69,0.0
433.0,France,Female,49.0,10.0,0.0,1.7671317020000021,1.0,1.0,87711.61,0.0
643.0,Germany,Male,41.0,7.0,154902.66,1.0,1.0,1.0,49667.28,0.0
488.0,France,Female,36.0,0.0,0.0,2.0,1.0,0.0,136675.22,0.0
758.0,Germany,Male,68.0,6.0,112595.85,1.1606642016538498,1.0,0.0,35865.44,1.0
743.0,Germany,Male,39.0,3.0,119695.75,1.0,0.0,1.0,26136.13,0.0
730.0,France,Female,47.0,7.0,0.0,1.0,1.0,0.0,33373.26,1.0
746.0,France,Male,49.0,7.0,0.0,2.0,0.0,1.0,10096.25,0.0
604.7780032446118,Germany,Female,59.0,8.0,152614.51,2.0,1.0,1.0,188782.3,0.0
580.0,Germany,Female,33.0,7.0,131647.01,2.0,0.0,0.0,79775.19,0.0
850.0,France,Male,27.0,6.0,96654.72,2.0,0.0,0.0,152740.16,0.0
563.0,France,Male,22.0,3.0,137583.04,1.0,0.0,1.0,5791.85,0.0
766.0,Germany,Female,28.0,3.0,62717.84,2.0,1.0,1.0,13182.43,0.0
662.3929301181961,France,Male,32.0,9.0,95377.13,1.0,0.0,1.0,187551.24,0.0
607.0,Spain,Male,28.0,5.188553415476627,135936.1,2.0,1.0,1.0,110560.14,0.0
671.4908284921898,Germany,Male,35.0,5.0,161591.11,3.0,1.0,1.0,63795.62,0.0
746.0,France,Male,47.0,8.0,142382.03,1.0,1.0,1.0,62086.62,0.0
696.8632910979031,Spain,Male,33.0,5.568178670488292,0.0,1.8523670136992856,1.0,1.0,12483.56,0.0
691.0,Spain,Male,30.0,9.0,0.0,2.0,0.0,1.0,10963.04,0.0
666.0,France,Female,38.0,6.0,127043.09,1.0,1.0,1.0,8247.0,0.0
645.1711482061618,Spain,Female,46.0,3.0,0.0,1.0,1.0,1.0,156260.08,0.0
611.0,Germany,Female,29.0,4.0,78885.88,2.0,1.0,1.0,26927.69,0.0
634.5351598226792,Spain,Female,45.0,8.0,95922.9,2.0426328026976037,1.0,1.0,116396.25361595613,1.0
529.0,France,Female,34.854923337437455,8.0,0.0,2.0,1.0,0.0,19842.11,0.0
676.0,France,Female,36.0,3.0,91711.59,1.0,1.0,1.0,95393.43,0.0
639.0,Germany,Female,34.245930369125205,10.0,110031.09,2.0,1.0,0.0,133995.59,0.0
782.0,France,Male,36.0,5.0,81210.72,2.0,0.0,1.0,108003.38,0.0
641.0,Germany,Male,32.0,5.0,122947.92,1.0,1.0,1.0,99154.86,0.0
697.0,France,Female,38.0,1.0,182065.85,1.0,1.0,0.0,49503.5,0.0
623.0,France,Male,45.0,0.0,0.0,1.0,1.0,0.0,196533.72,1.0
494.0,Spain,Female,41.0,2.0,69974.66,2.0,1.0,0.0,188426.13,1.0
731.0,France,Female,38.0,10.0,32895.50498224604,2.0,1.0,0.0,171340.68,1.0
657.0,France,Male,44.0,6.0,76495.04,1.0,1.0,0.0,79071.89,0.0
744.0,France,Female,38.0,9.0,0.0,2.0,0.0,0.0,20940.76,0.0
621.1448166289758,Spain,Male,46.0,9.0,0.0,2.0,1.0,1.0,34774.26,0.0
850.0,Germany,Female,45.0,1.0,121874.89,1.0,0.0,0.0,6865.41,1.0
551.0,France,Female,45.0,6.0,0.0,2.0,1.0,1.0,108064.64416279999,0.0
638.0,France,Male,36.0,6.0,188455.19,1.0,0.0,0.0,117643.30366054624,1.0
792.0,France,Female,42.0,0.0,99045.93,2.0,1.0,0.0,47160.01,0.0
666.0,France,Female,36.0,8.0,0.0,1.0,0.0,1.0,158666.99,0.0
716.0,Germany,Female,30.0,2.0,205770.78,2.0,0.0,0.0,65464.66,0.0
594.0,France,Female,31.0,0.0,79340.95,1.0,1.0,0.0,78255.86,0.0
600.0,Germany,Female,57.0,9.0,138456.03,2.0,1.0,1.0,103548.25,0.0
565.0,France,Male,49.0,7.0,0.0,2.0,1.0,1.0,89609.26,0.0
678.0,Germany,Male,48.0,2.0,101099.9,2.0,1.0,1.0,193476.04,0.0
648.0,Spain,Female,31.0,5.0,0.0,2.0,1.0,1.0,5199.02,0.0
657.766003304435,France,Male,40.0,8.0,109219.83,1.0,1.0,0.0,52827.51,0.0
633.5469198098621,France,Male,67.0,5.662708601575846,94105.41691614654,2.0,1.0,1.0,124079.78610589202,1.0
668.0,Spain,Male,43.0,10.0,113034.31,1.0,1.0,1.0,100423.88,0.0
635.0,Spain,Male,41.0,1.0,0.0,2.0,1.0,0.0,175611.5,0.0
603.0,Spain,Male,42.19335286077093,6.0,129548.5,2.0,1.0,1.0,111907.29195898895,0.0
635.0,France,Female,72.0,4.0,74812.84,1.0,0.0,1.0,27448.33,0.0
642.0,France,Female,40.0,7.0,0.0,2.0,1.0,0.0,183963.34,0.0
785.0,Spain,Female,54.0,3.9418566039005403,0.0,2.0,1.0,0.0,45113.92,1.0
628.0,Germany,Female,28.0,3.0,153538.13,2.0,1.0,0.0,110776.01,0.0
499.0,France,Female,38.0,9.0,0.0,2.0,0.0,1.0,183042.2,0.0
567.0,Spain,Male,34.0,10.0,24073.06239787149,2.0,1.0,1.0,119022.08423184881,0.0
449.0,Spain,Male,39.710790702789645,0.0,155619.36,1.0,1.0,1.0,166692.03,0.0
701.0,France,Male,41.70957428820149,10.0,36185.57315262336,2.0,1.0,1.0,130209.22324249649,0.0
668.4200203201558,Spain,Male,37.0,3.0,171653.17,1.0,0.0,1.0,5353.12,0.0
683.0,Germany,Male,39.0,2.0,110395.72576623556,2.0,1.0,1.0,86019.48,0.0
581.0,France,Male,35.0,4.0,0.0,2.0,0.0,1.0,86383.82,0.0
620.0,France,Male,61.0,5.0,0.0,1.0,0.0,0.0,31641.52,1.0
561.0,Spain,Male,28.0,6.0,123692.0,1.0,1.0,1.0,70548.96,0.0
558.0,Germany,Male,26.0,1.0,148853.29,2.0,1.0,1.0,24411.02,0.0
642.0,France,Male,35.0,2.0,133161.95,1.0,0.0,1.0,122254.86,0.0
805.0,Germany,Male,24.0,6.0,143221.35,2.0,1.0,0.0,186035.72,0.0
687.0,France,Male,35.0,9.0,0.0,2.0,0.0,1.0,73133.82,0.0
695.0,France,Male,46.93627444283802,4.197736746817083,0.0,3.0,1.0,1.0,187734.49,1.0
562.0,France,Male,33.0,6.0,0.0,2.0,1.0,0.0,111590.35,0.0
613.0,Germany,Male,38.0,9.0,126265.88,2.0,0.0,0.0,15859.95,0.0
589.0,France,Male,37.0,5.0,0.0,1.0,1.0,0.0,61324.87,0.0
593.0,France,Male,31.0,8.0,95506.53646069541,1.0,1.0,1.0,176868.89,0.0
714.0,France,Male,34.0,5.0,141173.03,1.0,0.0,1.0,98896.06,0.0
588.0,Spain,Female,35.0,7.0,0.0,2.0,1.0,1.0,108739.15,0.0
679.0,Spain,Male,39.0,6.0,0.0,2.0,1.0,0.0,92619.71859442096,0.0
730.0,France,Male,38.0,5.0,118866.36,1.0,1.0,1.0,163317.5,0.0
833.0,France,Male,47.0,2.0,0.0,2.0,1.0,1.0,182247.77,0.0
586.0,France,Female,33.0,7.0,115111.54589650176,1.2312757837792763,1.0,1.0,168261.4,0.0
567.0,Spain,Female,54.0,5.0,92316.31,2.0,1.0,0.0,158590.66,1.0
637.0,Germany,Male,30.0,1.0,122185.53,1.0,1.0,0.0,102566.46,1.0
711.0,France,Male,38.0,4.0,123345.85,1.2321985648522125,1.0,0.0,141827.83,0.0
828.0,France,Male,30.0,4.0,73070.18,2.0,0.0,0.0,161671.15,0.0
500.0,Spain,Male,38.0,7.0,0.0,2.0,0.0,1.0,192013.23,0.0
807.0,France,Male,47.0,1.0,95120.59,1.0,0.0,0.0,127875.1,0.0
850.0,France,Male,40.0,8.0,102800.65,1.0,1.0,0.0,91533.5278388173,0.0
782.0,France,Female,70.0,7.0,97072.42,1.0,0.0,1.0,131177.22,0.0
629.0,France,Male,31.0,6.0,132876.55,1.1978423445806874,1.0,1.0,130862.11,0.0
683.6051683848522,Spain,Male,33.0,4.978229407825937,0.0,2.0,0.0,1.0,72970.93,0.0
468.0,France,Male,22.0,2.0,0.0,2.0,1.0,0.0,28123.99,0.0
670.0,France,Male,44.91739201813789,3.0,0.0,1.0,1.0,0.0,140754.19,1.0
805.0,France,Male,39.0,2.0,0.0,1.0,0.0,0.0,166650.32,0.0
720.0,France,Male,26.0,10.0,51962.91,2.0,1.0,0.0,45507.24,0.0
781.0,Spain,Female,29.0,6.0,98759.89,1.0,0.0,0.0,112202.64,0.0
592.0,Germany,Male,33.0,2.0,156570.86,1.0,1.0,1.0,37140.2,0.0
542.0,France,Female,42.0,1.0,0.0,1.0,1.0,1.0,178256.58,1.0
532.0,France,Male,42.0,1.0,159024.71,1.0,1.0,0.0,100982.93,1.0
520.0,France,Female,39.0,1.0,73493.17,1.282786189474836,0.0,1.0,112782.11517663945,1.0
759.0,France,Female,45.0,8.0,33394.58755476625,2.0,1.0,1.0,99251.24,0.0
473.0,France,Female,35.0,6.0,69617.36,1.0,1.0,0.0,143345.69,0.0
639.0,Spain,Female,35.0,5.0,136526.26,2.0,1.0,0.0,59653.03,0.0
705.0,France,Male,25.0,3.0,113736.27,1.0,0.0,1.0,196864.61,0.0
530.0,France,Male,52.0,1.0,106723.28,1.0,0.0,0.0,109960.4,1.0
516.0,Germany,Female,33.0,10.0,138847.9,1.0,1.0,1.0,127256.7,0.0
850.0,France,Female,40.0,0.0,0.0,2.0,1.0,0.0,1099.95,0.0
746.0,Germany,Female,33.0,2.0,107868.14,2.0,1.0,1.0,146192.4,0.0
622.0,Germany,Male,33.0,3.0,96926.12,2.0,1.0,0.0,48553.77,0.0
743.0,France,Male,30.0,7.0,77599.23,1.0,0.0,0.0,144407.1,0.0
620.003964047365,Germany,Male,38.0,5.0,178787.54,1.0,1.0,1.0,195760.53,0.0
850.0,France,Female,81.0,5.0,0.0,1.8012086266892198,1.0,1.0,44827.47,0.0
850.0,Germany,Female,34.0,5.3583559047671905,129668.43,2.0,1.0,1.0,88743.99,0.0
686.0,France,Male,34.0,6.0,146178.13,2.0,1.0,1.0,88837.11,0.0
556.0,France,Female,40.0,8.0,0.0,2.0,1.0,0.0,93198.06281993374,0.0
673.0,France,Male,37.0,5.279313293683613,0.0,2.0,1.0,0.0,163563.07,0.0
809.0,France,Male,38.0,2.0,154763.21,2.0,1.0,1.0,174800.31,0.0
634.0,Germany,Female,45.54083889086971,3.0,116251.24,1.0,0.0,1.0,42429.88,1.0
630.0,France,Male,37.0,5.065517099617205,0.0,2.0,1.0,1.0,82647.65,0.0
564.0,Germany,Female,30.0,0.0,100954.88,2.0,0.0,0.0,134175.15,0.0
625.0,France,Female,43.84663829958792,4.0,124620.01,2.0,1.0,0.0,92243.94,1.0
677.0,Spain,Female,34.0,4.0,0.0,2.0,1.0,1.0,6175.53,0.0
583.0,France,Male,40.0,9.0,112701.04,1.0,0.0,0.0,29213.63,0.0
592.0,Spain,Male,45.0,8.0,84692.5,1.0,1.0,1.0,67214.02,0.0
637.0,Germany,Male,49.0,2.0,108204.52,1.0,1.0,0.0,114003.27811207266,1.0
850.0,France,Male,30.0,6.0,86449.39,1.0,1.0,1.0,188809.23,0.0
633.0,France,Male,42.0,10.0,0.0,1.0,0.0,1.0,79408.17,0.0
751.0,Germany,Male,38.66830949621095,5.0,73194.99,1.5293093304404586,1.0,1.0,89222.66,0.0
592.0,Germany,Male,31.0,4.941934241102649,124593.23,1.0,1.0,0.0,86079.67,0.0
716.0,Germany,Male,50.0,2.0,119655.77,1.0,1.0,1.0,12944.17,1.0
641.0,Germany,Male,42.0,3.0,121765.37,1.6229568649158428,1.0,1.0,166516.84,0.0
849.0,France,Male,35.0,4.0,110837.73,1.0,0.0,1.0,126419.8,0.0
647.0,Spain,Male,47.0,10.0,99835.17,1.0,0.0,1.0,89103.05,0.0
608.0,Germany,Female,30.0,2.0,91057.37,2.0,1.0,0.0,132973.17,0.0
555.0,France,Female,26.0,7.0,0.0,2.0,1.0,0.0,93122.41,0.0
658.742742568745,Spain,Male,27.0,7.0,149400.27,1.224989076975585,0.0,0.0,167522.19,0.0
599.0,Germany,Male,38.0,9.0,89111.63,1.0,0.0,0.0,157239.6,0.0
545.0,Germany,Male,33.0,1.0,132527.9,2.0,0.0,1.0,107429.71,0.0
774.0,France,Female,36.0,9.0,114997.42,1.0,1.0,0.0,75304.09,0.0
464.0,France,Male,46.0,6.0,161798.53,1.0,1.0,0.0,182944.47,0.0
696.0,Germany,Male,27.0,2.0,96129.32,2.0,1.0,1.0,5983.7,0.0
667.0,Spain,Male,45.0,3.0,0.0,2.0,1.0,0.0,163655.01,0.0
812.0,France,Male,32.0,5.644682610660933,133050.97,2.0,1.0,0.0,89385.92,0.0
516.0,France,Male,42.37028760192648,8.0,120124.35,1.2580782348944184,0.0,1.0,168773.54,0.0
645.0,France,Male,39.0,8.0,0.0,2.0,0.0,0.0,96864.36,0.0
664.0,Spain,Male,32.0,5.0,133705.74,1.0,0.0,0.0,134455.84,0.0
427.0,Spain,Female,39.0,9.0,0.0,2.0,1.0,0.0,28368.37,0.0
685.0,France,Female,40.0,7.0,0.0,2.0,1.0,0.0,103898.59,0.0
585.0,France,Female,33.0,4.0,152805.05,1.0,1.0,0.0,63239.65,0.0
519.0,Germany,Male,44.95078029133093,1.0,151701.45,3.0,1.0,1.0,170138.68,1.0
708.0,France,Female,67.0,1.0,0.0,2.0,0.0,1.0,3837.08,0.0
717.0,France,Female,22.0,5.0,112465.06,1.0,1.0,1.0,92977.75,0.0
465.0,Germany,Male,24.0,6.0,156007.09,1.0,1.0,0.0,191368.37,0.0
636.3269173777271,Germany,Male,43.72009357879245,3.0,132405.52,3.0,1.0,0.0,104889.2,1.0
826.0,France,Male,26.0,5.0,142662.68,1.0,0.0,0.0,60285.3,0.0
747.0,Germany,Male,36.0,8.0,119707.87571926283,2.0,1.0,1.0,180693.61,0.0
707.0,Spain,Male,32.0,9.0,0.0,2.0,1.0,0.0,126475.79,0.0
590.0,Spain,Male,37.0,1.0,0.0,2.0,0.0,0.0,133535.99,0.0
603.0,Germany,Female,57.0,4.057991633305931,105000.85,2.0,1.0,1.0,87412.24,1.0
615.0,France,Male,45.0,5.0,0.0,2.0,1.0,1.0,164886.64,0.0
634.0,France,Female,36.0,1.0,69518.95,1.0,1.0,0.0,116238.39,0.0
716.0,Germany,Male,41.0,8.0,126145.54,2.0,1.0,1.0,138051.19,0.0
647.0,France,Male,41.0,5.725131645119581,138937.35,1.0,1.0,1.0,101617.64,1.0
591.0,Germany,Female,44.0,10.0,113581.98,1.0,1.0,0.0,1985.41,1.0
574.0,France,Male,34.0,1.0,88118.82175666484,1.0,0.0,0.0,165626.6,0.0
467.0,France,Female,42.51155673007186,10.0,33287.47018428089,2.0,1.0,0.0,177784.68,1.0
701.0,France,Female,35.0,2.0,0.0,2.0,1.0,1.0,65765.22,0.0
747.0,France,Female,34.0,10.0,36398.462627858906,2.0,1.0,1.0,50759.8,0.0
628.8553588579024,France,Male,32.0,2.0,84906.45,1.0,1.0,0.0,163216.48,0.0
731.0,Spain,Female,39.0,5.2448955552787915,126816.18,1.0,1.0,1.0,74850.93,0.0
638.0,Germany,Female,26.0,1.0,105249.76,2.0,1.0,1.0,23491.09,0.0
569.0,Spain,Male,41.0,4.675005852507298,0.0,2.0,1.0,0.0,134272.57,0.0
635.4402426294425,Germany,Male,50.0,5.0,109387.9,1.0,1.0,0.0,98758.26733137516,0.0
632.0,Germany,Male,23.0,3.0,122478.51,1.0,1.0,0.0,147230.77,1.0
683.0,France,Male,73.0,8.0,137732.23,2.0,1.0,1.0,133210.44,0.0
850.0,France,Female,46.0,2.0,157866.77,1.0,1.0,1.0,18986.12,0.0
512.0,France,Female,41.0,6.0,0.0,1.0,1.0,1.0,100507.81,0.0
616.0,France,Female,31.0,3.0,136789.14,1.0,1.0,0.0,59346.4,1.0
664.0,France,Male,36.0,1.0,0.0,2.0,1.0,1.0,95372.64,0.0
638.9852936137327,France,Male,30.0,10.0,144684.03,1.0,1.0,1.0,31805.49,0.0
655.0,France,Male,24.0,9.0,107065.31,1.0,1.0,1.0,51959.82,0.0
607.0,France,Female,33.0,8.0,91301.72,1.0,0.0,1.0,130824.57,0.0
663.6447121342977,Germany,Male,39.0,4.0,115519.53219323854,2.0,1.0,0.0,86597.84380620181,1.0
763.0,France,Male,33.40025046979112,8.0,0.0,2.0,1.0,0.0,933.38,0.0
671.0,Spain,Male,50.0,8.0,0.0,1.0,1.0,1.0,2560.11,0.0
592.0,Spain,Male,38.0,3.0,0.0,1.0,1.0,1.0,90720.99592876999,1.0
611.4156111037706,Spain,Female,36.0,6.0,0.0,2.0,1.0,0.0,176692.87,0.0
667.0,France,Male,34.0,4.9525705440719685,63556.10886518605,2.0,1.0,1.0,102908.63,0.0
850.0,Spain,Male,36.0,6.0,0.0,2.0,1.0,1.0,41291.05,0.0
622.0,Spain,Male,42.0,9.0,26946.570049933944,2.0,1.0,0.0,119127.06,0.0
577.0,France,Female,30.0,8.0,92472.1,2.0,0.0,1.0,126434.61,0.0
555.0,Spain,Male,21.0,1.0,0.0,2.0,0.0,0.0,103901.35,0.0
644.1231344021605,France,Male,62.0,10.0,127738.75,2.0,1.0,1.0,108426.74798922682,0.0
613.0,Germany,Female,50.0,5.0,101242.98,2.0,1.0,0.0,12493.61,0.0
672.0,France,Female,43.0,4.0,110180.0466825517,1.22463636702444,1.0,1.0,167336.78,0.0
624.0,Spain,Female,36.0,10.0,0.0,1.8200330590623601,0.0,1.0,186180.42,0.0
698.0,Spain,Female,38.684564156790316,1.0,51668.71002649282,4.0,1.0,0.0,88566.9,0.0
606.0,France,Male,37.0,6.0,61396.7274977315,1.0,1.0,0.0,172526.9,1.0
720.0,Spain,Male,38.960473450115884,4.0,141356.47,1.0,0.0,1.0,98914.8608923592,0.0
835.0,France,Male,23.0,6.6025594027236805,0.0,1.0,1.0,0.0,19793.73,1.0
771.0,Spain,Female,47.0,3.0,14638.833235014054,2.0,1.0,1.0,106211.71250005509,0.0
811.0,Germany,Female,47.0,3.0,123365.34,2.0,0.0,0.0,171995.34,0.0
734.0,Germany,Male,33.0,5.0,121898.58,1.0,1.0,0.0,61829.89,0.0
548.0,Spain,Male,33.0,6.0,0.0,1.0,1.0,1.0,31728.35,0.0
652.0,Germany,Female,42.82308574583973,3.0,103696.97,3.0,0.0,0.0,155221.05,1.0
707.0,France,Male,33.0,2.0,0.0,2.0,0.0,0.0,130866.95,0.0
605.0,Germany,Female,56.0,1.0,74129.18,2.0,1.0,1.0,62199.78,0.0
623.0,France,Female,34.0,9.0,0.0,1.0,1.0,0.0,24255.21,0.0
686.0,Germany,Male,29.0,3.0,185379.02,1.0,1.0,0.0,64679.07,0.0
525.0,Germany,Female,47.0,1.0,118087.68,1.0,1.0,0.0,88120.78,1.0
660.2769638187901,Spain,Male,41.0,8.0,109402.13,1.0,1.0,1.0,66463.62,0.0
730.0,Germany,Female,33.0,7.0,130367.87,1.0,1.0,0.0,15142.1,1.0
816.0,Germany,Female,34.0,2.0,108410.87,2.0,1.0,0.0,102908.91,0.0
484.0,France,Female,50.0,2.0,90408.16,2.0,0.0,0.0,48170.57,0.0
728.0,France,Female,34.0,6.0,90425.15,2.0,1.0,1.0,11597.69,0.0
730.0,Spain,Female,39.0,6.0,140094.59,1.2041419255239614,1.0,1.0,172450.04,0.0
477.0,Spain,Male,36.074611737316566,9.0,0.0,2.0,0.0,1.0,184061.17,0.0
660.2111607628211,Germany,Female,46.0,6.0,95439.4,1.0,1.0,1.0,21038.58,1.0
549.0,Germany,Male,34.0,6.0,204017.4,2.0,1.0,0.0,109538.35,0.0
714.0,Spain,Male,29.0,9.0,0.0,2.0,1.0,1.0,93635.64679699954,0.0
633.6171454889447,Germany,Male,49.0,3.0,137115.16,1.0,1.0,0.0,146516.86,1.0
504.0,Germany,Male,43.0,5.0,134740.19,2.0,1.0,0.0,181430.91,0.0
530.0,France,Female,29.0,5.0,0.0,2.0,0.0,0.0,121451.21,0.0
619.0,Germany,Male,29.0,4.0,98955.87,1.0,0.0,1.0,131712.51,0.0
617.0,Germany,Male,44.0,9.0,49157.09,2.0,1.0,1.0,53294.17,0.0
791.0,Germany,Male,31.0,1.0,130240.33,1.0,0.0,1.0,96546.55,0.0
609.0,Germany,Male,48.0,6.145232942027874,108019.27,1.644273754048246,1.0,1.0,150068.89938662405,1.0
780.0,Germany,Male,51.0,5.097678722480508,126725.25,1.0,1.0,0.0,92476.79991614995,1.0
643.4232169681231,Germany,Female,34.0,5.0,96693.66,1.0,1.0,1.0,172618.52,0.0
817.0,Germany,Female,27.0,7.0,129810.6,1.0,1.0,1.0,59259.44,0.0
850.0,France,Female,58.0,8.0,156652.13,1.0,1.0,0.0,25899.21,1.0
732.0,France,Female,36.0,9.0,0.0,1.0,0.0,0.0,3749.0,1.0
693.0,France,Male,40.0,4.0,130661.96,1.0,1.0,1.0,101918.96,0.0
576.0,France,Female,50.0,8.0,0.0,2.0,1.0,1.0,57802.62,0.0
643.0,France,Male,37.0,6.0,0.0,2.0,0.0,0.0,142454.77,0.0
650.4445057726324,France,Male,47.0,3.0,88652.0446512527,1.0,1.0,0.0,143829.54,0.0
569.0,Germany,Male,30.0,6.0,106629.49,1.0,0.0,1.0,44114.88,0.0
772.0,Spain,Male,36.0,3.0,112029.83,1.0,1.0,1.0,89613.8154828594,0.0
576.0,Germany,Male,29.0,7.0,130575.26,1.0,0.0,1.0,173629.78,0.0
608.0,Germany,Male,28.0,4.0,96679.71,1.0,1.0,1.0,49133.45,0.0
794.0,France,Male,33.0,0.0,0.0,2.0,0.0,0.0,178122.71,0.0
593.0,France,Male,50.0,6.0,171740.69,1.0,0.0,0.0,20893.61,0.0
654.465507712418,Spain,Male,38.0,1.0,0.0,2.0,1.0,0.0,90092.3586658912,0.0
541.0,Germany,Female,39.0,3.9372717236819814,100116.67,1.0,1.0,1.0,199808.1,1.0
692.0,Germany,Male,24.0,2.0,118912.24597324884,1.0,0.0,1.0,180490.53,0.0
697.0,France,Female,48.0,1.0,0.0,2.0,1.0,1.0,87400.53,0.0
768.0,France,Male,29.0,2.0,95984.69,1.247426975692168,1.0,1.0,73686.75,0.0
658.0033701026164,France,Male,38.0,1.0,142557.11,1.0,1.0,1.0,100866.29716761326,0.0
584.0,France,Male,37.26422624093305,5.0,0.0,1.838306898685736,1.0,0.0,89286.29,0.0
614.0,Spain,Male,66.0,4.133752204404578,0.0,2.0,0.0,1.0,180082.7,0.0
850.0,Germany,Female,44.116609374801136,4.802401044653576,143644.16,1.0,1.0,0.0,22102.25,1.0
671.0,France,Female,38.0,5.420995988427161,132129.72,1.0,0.0,1.0,76068.95,0.0
626.0,France,Female,52.0,0.0,0.0,2.0,1.0,0.0,32159.46,1.0
770.0,France,Female,68.0,2.0,183555.24,1.0,0.0,0.0,159557.28,1.0
633.0,France,Male,38.0,2.0,91902.56,2.0,1.0,1.0,107673.35,0.0
663.0,France,Male,40.0,6.0,156218.19,1.0,0.0,1.0,33607.72,0.0
581.0,Germany,Female,45.68966908483911,5.0,93259.57,3.0,1.0,0.0,141035.65,1.0
561.0,Germany,Female,45.0,2.0,168085.38,2.0,1.0,1.0,115719.08,0.0
479.0,Germany,Male,51.0,1.0,121915.49253934449,3.0,1.0,0.0,86128.21,1.0
665.210655953221,France,Female,31.0,6.0,117852.26,2.0,1.0,1.0,147668.64,0.0
659.0,France,Male,60.0,2.0,0.0,1.0,1.0,0.0,177480.45,1.0
616.8632609869243,Spain,Male,51.0,10.0,84474.62,2.0,1.0,1.0,190937.09,0.0
560.0,France,Male,36.838590903155804,3.0,0.0,2.0,1.0,0.0,84531.79,0.0
437.0,Germany,Male,41.61131602404902,6.0,126803.34,2.0,1.0,1.0,161133.4,0.0
661.0,France,Male,34.0,0.0,0.0,2.0,1.0,0.0,185555.63,0.0
677.0,Germany,Female,36.0,10.0,68806.84,1.0,1.0,0.0,33075.24,0.0
560.0,France,Female,34.99720713344861,3.0,115141.18,1.0,1.0,0.0,39806.75,0.0
578.0,France,Female,35.0,2.0,0.0,2.0,0.0,1.0,26389.92,0.0
421.0,Spain,Male,34.0,6.0,90723.36,1.0,1.0,1.0,12162.76,0.0
492.0,Germany,Female,49.0,2.0,151249.45,2.0,1.0,1.0,93790.75985381348,0.0
545.0,France,Female,32.0,6.0,0.0,2.0,1.0,1.0,52067.37,0.0
689.7910052419544,Germany,Female,43.0,9.0,94752.49,1.0886638265925983,1.0,0.0,184006.36,1.0
624.0,Spain,Female,34.0,6.0,0.0,1.0,1.0,0.0,582.59,1.0
577.0,Spain,Male,28.0,7.0,0.0,1.0,1.0,0.0,143274.41,0.0
704.0,Germany,Male,42.57174002268345,3.636346887471294,132084.66,3.0,1.0,1.0,54474.48,1.0
523.0,France,Male,45.0,4.93386577565285,0.0,2.0,1.0,1.0,121428.2,0.0
793.0,France,Male,35.0,5.358850733752436,0.0,2.0,1.0,1.0,79704.12,0.0
564.0,France,Female,53.0,2.0,45472.28,1.0,1.0,1.0,41055.71,1.0
711.0,France,Male,33.0,1.0,0.0,1.0,0.0,0.0,41590.4,0.0
640.5214781338392,Germany,Female,34.72355392567003,10.0,130229.71,2.0,1.0,0.0,54019.93,0.0
629.0,Germany,Female,38.0,9.0,123948.85,1.0,1.0,0.0,76053.07,0.0
634.053233685237,Germany,Male,39.0,6.0,127415.85,1.0,1.0,1.0,94372.85201264001,1.0
651.0,Germany,Male,35.0,8.0,110067.71,1.0,1.0,0.0,127678.95,1.0
695.0,France,Male,39.0,4.0,65521.2,1.0,1.0,1.0,99037.29696186894,0.0
847.0,Spain,Male,38.60448747057207,5.0,0.0,2.0,1.0,1.0,76326.67,0.0
704.0,France,Male,47.0,5.0,0.0,2.0,1.0,1.0,111234.9695828323,0.0
613.0,Germany,Male,33.0,3.0,155736.42,2.0,1.0,1.0,57751.21,0.0
692.0,Spain,Female,29.0,4.0,0.0,2.0,0.0,0.0,138880.24,0.0
720.0,France,Female,34.0,3.0,118307.57,2.0,1.0,1.0,136120.29,0.0
577.0,France,Male,41.0,6.0,0.0,1.0,1.0,1.0,167621.18,0.0
710.0,Germany,Male,24.0,7.0,103099.17,2.0,1.0,0.0,173276.62,0.0
716.0,France,Female,38.0,1.0,0.0,2.0,1.0,1.0,99661.46,0.0
410.0,France,Male,33.0,6.0,125789.69,1.0,0.0,0.0,66333.56,1.0
584.0,Germany,Female,36.0,4.0,109646.83,1.0,1.0,1.0,70240.79,0.0
792.0,France,Male,30.0,4.5900239876182285,127187.86,1.0,1.0,1.0,113553.42,0.0
605.0,France,Female,36.0,6.0,0.0,1.8728765114564845,0.0,1.0,690.84,0.0
486.0,Spain,Male,24.0,1.0,0.0,1.0,1.0,0.0,98802.76,0.0
615.0,France,Male,37.053371903391515,4.0,130385.82,1.0,0.0,1.0,130661.95,0.0
676.0,France,Male,23.0,1.0,107787.47,1.0,0.0,1.0,116378.82,0.0
571.0,France,Male,34.0,1.0,99325.04,2.0,0.0,1.0,186052.15,0.0
850.0,France,Female,37.0,9.0,0.0,1.0,0.0,0.0,100101.06,0.0
717.0,France,Male,44.15765420309437,5.3392618653917445,123764.95,1.0,1.0,1.0,113094.25500889285,0.0
642.0,Germany,Female,39.0,8.0,128264.03,1.3121532924883874,1.0,0.0,61792.76,1.0
646.0594177065753,Spain,Male,47.0,7.0,86006.21,1.2605543051360875,1.0,1.0,37973.13,0.0
492.0,Germany,Female,38.0,8.0,57068.43,2.0,1.0,0.0,188974.81,0.0
760.0,Germany,Male,29.0,5.0,103607.24,2.0,0.0,1.0,86334.64,0.0
500.0,Spain,Male,40.0,1.0,99004.24,1.0,1.0,1.0,152845.99,0.0
654.0,Spain,Female,36.0,2.0,45950.047717297566,2.0,1.0,1.0,146652.11,0.0
606.0,Spain,Female,25.0,3.0,147386.72,3.0,1.0,0.0,45482.04,1.0
634.4350706810067,Spain,Male,42.0,6.0,93608.28,1.0,1.0,0.0,168816.73,1.0
799.0,Spain,Male,38.0,4.539501449061788,0.0,2.0,1.0,1.0,106891.78912780069,0.0
650.4996852827704,Germany,Male,71.0,9.0,119496.87,1.0,1.0,0.0,93455.52113990422,1.0
719.0,Spain,Female,32.0,7.0,0.0,1.0,0.0,0.0,76264.27,0.0
641.0,France,Female,37.0,2.0,0.0,2.0,1.0,0.0,3939.87,0.0
461.0,Spain,Female,25.0,6.0,0.0,2.0,1.0,1.0,94640.77694076869,0.0
790.0,Germany,Female,25.0,5.0,152885.77,1.0,1.0,0.0,58214.79,0.0
588.0,France,Male,31.0,4.0141247086826155,99607.37,2.0,0.0,1.0,35877.03,0.0
621.0,France,Male,27.0,4.0,137003.68,1.0,1.0,0.0,21254.06,0.0
768.0,Germany,Male,48.0,3.0,122831.58,1.0,1.0,1.0,24533.89,1.0
666.1010534730606,Spain,Male,38.0,2.0,99811.44,2.0,1.0,0.0,23531.5,0.0
606.0,Germany,Male,37.0,8.0,154712.58,2.0,1.0,0.0,89099.18,0.0
542.0,Spain,Male,37.0,8.0,90138.14858740168,1.0,1.0,1.0,807.06,0.0
713.0,Germany,Female,36.42649071901181,7.0,147687.24,1.0,1.0,1.0,121592.5,0.0
597.0,Spain,Female,33.0,2.0,0.0,2.0,1.0,1.0,4700.66,0.0
635.0,France,Male,27.0,3.0,127009.83,1.0,1.0,1.0,161909.95,0.0
599.0,Germany,Female,61.0,1.0,124737.96,1.5434440546161208,1.0,1.0,110302.05886990065,1.0
496.0,Spain,Female,44.0,0.0,179356.28,1.4913671479425261,1.0,0.0,2919.21,1.0
759.0,Spain,Male,31.0,8.0,0.0,2.0,1.0,1.0,99086.74,0.0
757.0,Germany,Male,34.784800704370774,1.0,127320.36,3.0,1.0,0.0,163170.32,0.0
564.0,Spain,Male,31.0,0.0,125175.58,1.1760492386423211,1.0,1.0,72757.33,0.0
561.0,France,Female,22.0,6.0,33254.22846836425,2.0,1.0,0.0,73286.8,0.0
702.0,France,Male,40.0,3.0,148556.74,1.0,0.0,1.0,146056.29,0.0
678.0,Germany,Female,40.0,8.0,128644.46,1.0,0.0,0.0,167673.37,0.0
707.0,France,Female,46.0,7.0,127476.73,2.0,1.0,1.0,146011.55,0.0
610.0,France,Female,27.0,9.0,159561.93,1.0,1.0,1.0,103381.47,0.0
744.0,France,Male,42.0,1.0,112419.92,1.0,1.0,1.0,83022.92,0.0
598.0,France,Male,28.0,4.784452651692535,129991.76,2.0,0.0,1.0,46041.08,0.0
562.0,Spain,Male,36.0,5.0,0.0,1.0,0.0,1.0,182843.24,0.0
621.0,Spain,Male,59.0,2.0,39759.99001786424,2.0,1.0,1.0,171364.18,0.0
659.0,France,Female,50.0,3.0,0.0,1.0,1.0,0.0,183399.12,1.0
722.0,Germany,Female,40.0,6.0,89175.06,2.0,1.0,1.0,152883.95,0.0
606.0,France,Female,39.0,3.0,0.0,2.0,1.0,0.0,50560.45,1.0
603.0,Spain,Female,41.36526760557844,5.0,162390.52,2.0,1.0,0.0,54702.66,0.0
506.0,Germany,Female,59.0,3.0,190353.08,1.4456690422212741,1.0,0.0,78365.75,0.0
715.0,France,Male,21.0,8.0,0.0,2.0,1.0,0.0,68666.63,0.0
690.0,France,Male,47.0,2.0,0.0,2.0,1.0,0.0,151375.73,0.0
644.0,France,Female,40.0,10.0,139180.97,1.0,1.0,1.0,86925.61083971955,0.0
589.0,France,Male,36.0,8.0,88820.2861148373,1.0,1.0,0.0,26955.72,0.0
592.0,France,Female,66.0,5.0,149950.19,1.0,1.0,1.0,76267.59,0.0
632.0,France,Male,42.0,4.0,126115.6,1.0,1.0,1.0,100998.5,0.0
577.0,Germany,Female,59.0,7.0,111396.97,1.0,0.0,1.0,191070.01,0.0
588.0,France,Male,30.0,3.0,115007.08,1.0,0.0,0.0,176858.5,0.0
617.0,France,Male,54.0,6.0,102141.9,1.0,1.0,1.0,91253.40324083247,0.0
668.0,Spain,Female,36.0,5.001217786004183,93493.10916398233,1.7499144170457315,1.0,1.0,190958.48,1.0
810.0,Germany,Male,32.0,9.0,120879.73,2.0,0.0,1.0,78896.59,0.0
767.0,Spain,Male,47.0,5.0,0.0,1.0,1.0,0.0,121964.46,1.0
718.0,Spain,Female,49.0,10.0,82321.88,1.0,0.0,1.0,11144.4,0.0
589.0,Spain,Female,27.0,4.0,0.0,2.0,1.0,0.0,144181.48,0.0
778.0,Spain,Male,33.0,5.0,116474.28,2.0,1.0,1.0,32757.55,0.0
724.0,France,Female,34.0,3.0,132352.69,1.0,1.0,0.0,80320.3,0.0
477.0,Germany,Female,39.0,4.0,182491.57,1.0,1.0,0.0,185830.72,0.0
580.0,France,Male,34.0,6.0,0.0,2.0,1.0,1.0,160095.31,0.0
566.0,Spain,Male,63.0,4.487623955088321,120787.18,2.0,1.0,1.0,52198.84,0.0
711.0,France,Female,29.0,3.0,130181.47,2.0,1.0,1.0,31811.44,0.0
706.0,Germany,Male,40.27164735705103,5.0,88348.43,2.0,1.0,1.0,106361.50245646911,0.0
703.0,Spain,Male,31.0,6.0,0.0,1.8666619578558228,1.0,1.0,67667.19,0.0
613.6061713619957,Germany,Male,43.24285624137774,7.331896475274993,115682.04600389404,2.0,1.0,1.0,193974.47,0.0
603.0,France,Male,32.0,7.0,0.0,1.0,1.0,0.0,198055.94,0.0
598.0,Spain,Male,34.0,0.0,104488.17,1.0,0.0,1.0,43249.67,0.0
654.7879672326463,Germany,Female,32.0,4.0,109196.67,2.0,1.0,0.0,55218.02,0.0
687.0,France,Female,61.0,5.236766857805945,80538.56,1.0,1.0,0.0,131305.37,1.0
704.0,Germany,Male,41.0,4.0,109026.8,2.0,1.0,1.0,43117.1,0.0
605.0,Germany,Male,75.0,2.0,61319.63,1.0,0.0,1.0,81676.22857863155,0.0
516.0,France,Female,40.0,9.0,0.0,2.0,0.0,1.0,33266.29,0.0
572.0,France,Female,39.0,2.0,0.0,2.0,1.0,1.0,555.28,0.0
557.0,France,Male,42.0,6.0,177822.03,1.0,1.0,0.0,150944.31,1.0
443.0,Germany,Female,59.0,4.0,110939.3,1.0,1.0,0.0,72846.58,1.0
604.0,Germany,Male,25.0,7.0,165413.43,1.0,1.0,1.0,35279.74,0.0
483.0,France,Male,27.0,1.0,77805.66,1.0,1.0,1.0,2101.89,0.0
702.0,France,Male,50.0,3.0,0.0,2.0,0.0,0.0,94949.84,0.0
670.0,France,Female,57.0,3.0,61241.36806782839,1.308866027500106,1.0,0.0,99061.75,1.0
804.0,Spain,Female,38.0,3.0,124197.22,1.0,1.0,0.0,74692.06,0.0
850.0,France,Female,30.0,3.0,0.0,2.0,1.0,0.0,116692.8,0.0
554.0,France,Female,34.3899740344909,10.0,160132.75,1.0,1.0,0.0,32824.15,0.0
588.0,Germany,Female,37.0,7.0,70258.88,2.0,1.0,0.0,139607.61,0.0
758.0,France,Male,39.3473492341256,4.0,162657.64,2.0,1.0,1.0,115525.13,0.0
787.0,Germany,Male,43.0,0.0,132217.45,1.0,1.0,0.0,20955.03,1.0
582.0,Spain,Male,25.0,9.0,148042.97,2.0,1.0,0.0,76934.49332759938,0.0
633.0,Spain,Female,33.0,4.0,92855.02,1.0,1.0,1.0,159813.18,0.0
766.0,Germany,Male,47.0,9.0,129289.98,1.0,1.0,0.0,169935.46,1.0
564.0,Spain,Male,37.0,9.0,100252.18,1.0,1.0,1.0,146033.52,0.0
602.0,Spain,Male,37.0,3.0,107592.89,2.0,0.0,1.0,153122.73,0.0
649.0,France,Male,39.0,3.0,113096.41,1.0,1.0,1.0,60335.24,0.0
679.0,Spain,Female,40.0,7.0,30484.55729403606,2.0,1.0,1.0,163757.29,0.0
670.5288140644715,Spain,Male,34.0,7.0,149940.04,2.0,0.0,0.0,156648.81,0.0
694.3901595148584,Germany,Male,50.0,5.42025233611886,121438.58,1.0,1.0,1.0,92758.17696891438,1.0
595.281411216241,France,Male,32.0,9.0,0.0,2.0,1.0,0.0,5388.3,0.0
478.0,France,Female,50.0,2.0,0.0,1.0,0.0,1.0,93332.64,1.0
825.0,France,Male,29.0,3.0,148874.01,2.0,0.0,1.0,71192.82,0.0
528.0,Spain,Female,32.0,0.0,68138.37,1.0,1.0,1.0,170309.19,0.0
577.0,Germany,Male,35.0,5.0,110080.3,1.6776034536455073,1.0,1.0,109794.31,0.0
663.0,France,Male,24.0,7.0,0.0,2.0,1.0,1.0,166310.82,0.0
505.0,Germany,Female,37.23307963882882,5.0,114268.85,2.0,1.0,1.0,126728.27,0.0
633.0,Germany,Male,29.0,6.0,117412.35,1.0,0.0,0.0,30338.94,0.0
586.0,France,Female,38.0,6.0,0.0,2.0,1.0,1.0,37935.83,0.0
850.0,France,Female,35.0,9.0,0.0,2.0,0.0,0.0,25329.48,0.0
629.0,Germany,Female,37.0,1.0,35549.81,2.0,0.0,0.0,49676.33,0.0
657.8165196341855,France,Male,56.0,9.0,23571.10446746753,2.0,1.0,1.0,169498.61,0.0
696.1985804670061,Germany,Male,36.0,3.790697374124525,136492.92,3.0,1.0,1.0,26500.29,0.0
637.0,Germany,Male,28.0,5.1033110677161035,123675.69,1.0,1.0,1.0,166458.41,0.0
575.0,France,Female,40.0,4.678343036904605,139532.34,1.0,1.0,0.0,181294.39,0.0
671.0,Spain,Male,58.0,1.0,178713.98,1.0,1.0,1.0,21768.21,0.0
571.0,France,Male,40.0,5.0,0.0,2.0,0.0,0.0,72849.29,0.0
590.0,France,Male,41.0,1.0,89086.31,1.0,1.0,0.0,24499.97,0.0
619.0,Spain,Male,38.0,3.0,96143.47,1.0,0.0,0.0,98994.92,0.0
640.0,Germany,Female,30.0,5.0,32197.64,1.0,0.0,1.0,141446.01,0.0
670.0,France,Male,37.97763378545938,7.0,0.0,2.0,1.0,1.0,77864.41,0.0
737.0,France,Female,33.0,4.0,0.0,2.0,1.0,0.0,115115.32,0.0
643.3962863495564,Spain,Male,32.0,10.0,0.0,2.0,0.0,1.0,168605.96,0.0
742.0,France,Male,33.0,6.0,0.0,2.0,0.0,0.0,38550.4,0.0
618.0,Germany,Male,40.0,0.0,140306.38,1.0,1.0,0.0,90342.67251569837,1.0
560.0,France,Female,35.0,1.0,0.0,2.0,1.0,0.0,3701.63,0.0
654.0,France,Male,38.0,8.0,0.0,2.0,1.0,0.0,88659.44,0.0
787.0,Germany,Female,42.0,2.0,74483.97,2.0,0.0,1.0,44273.91,0.0
611.0,France,Female,53.0,7.0,0.0,2.0,0.0,1.0,156495.39,1.0
559.0,Spain,Male,34.0,0.0,0.0,1.0,1.0,0.0,182988.94,0.0
665.1839305594749,France,Male,37.0,8.0,152303.66,2.0,1.0,1.0,112546.79906853724,0.0
753.0,France,Male,32.0,5.0,159904.79,1.4566964289933042,1.0,0.0,148811.14,0.0
675.0,France,Male,32.0,1.0,23495.56468139296,3.0,1.0,0.0,85901.09,0.0
748.0,Germany,Female,31.0,1.0,99557.94,1.0,1.0,0.0,199255.32,0.0
610.0,Spain,Female,46.0,5.0,116886.59,1.0,0.0,0.0,107973.44,0.0
580.0,Spain,Male,32.0,4.8631797817011515,142188.2,2.0,0.0,1.0,87066.72252205748,0.0
624.0,Germany,Female,40.0,3.0,149961.99,2.0,1.0,0.0,104610.86,0.0
709.0,France,Female,36.0,8.0,0.0,2.0,1.0,0.0,89653.69795720864,0.0
605.0,France,Female,34.0,2.0,96325.2471645199,1.0,0.0,0.0,35982.42,0.0
706.0,Spain,Male,53.0,7.0,0.0,2.0,1.0,1.0,117939.17,0.0
567.0,Spain,Male,40.0,8.0,28649.64,1.0,1.0,1.0,95140.62,0.0
747.0,France,Female,21.0,4.0,81025.6,2.0,1.0,0.0,167682.57,0.0
664.0,France,Male,57.0,1.0,0.0,2.0,1.0,1.0,56562.57,0.0
711.0,France,Female,39.0,3.0,152462.79,1.3548818532168292,1.0,0.0,90305.97,0.0
609.0,France,Male,25.0,10.0,0.0,1.0,0.0,1.0,109895.16,0.0
632.0,Spain,Male,28.0,7.0,155519.59,1.0,1.0,0.0,1843.24,0.0
725.0,France,Female,36.0,1.0,118851.05,1.0,1.0,1.0,102747.02,0.0
850.0,France,Female,34.0,9.0,92899.27,2.0,1.0,0.0,97465.89,0.0
682.0,France,Male,40.0,4.0,0.0,1.0,0.0,1.0,105352.55,0.0
797.0,France,Male,37.0,4.0,75263.7,1.0,1.0,0.0,85801.77,0.0
668.0,Spain,Male,38.0,1.0,147904.31,1.0,1.0,1.0,69370.05,0.0
783.0,Germany,Female,41.0,3.749057763193081,106640.5,1.0,1.0,0.0,176945.96,0.0
766.0,Germany,Female,28.0,4.0,90696.78,1.0,0.0,1.0,21597.2,0.0
639.1943077493613,Spain,Female,36.0,2.0,175509.8,2.0,1.0,1.0,152039.67,0.0
722.0,France,Male,40.0,6.0,0.0,2.0,1.0,1.0,111893.09,0.0
692.0,France,Female,32.719124829931644,7.0,0.0,2.0,1.0,0.0,195074.62,0.0
584.0,France,Female,35.0,2.0,114321.28,2.0,0.0,0.0,15959.01,0.0
644.0,Germany,Male,51.0,4.0,95560.04,1.0,0.0,0.0,72628.84,1.0
598.0,France,Male,50.0,5.0,88379.81,3.0,0.0,1.0,64157.24,1.0
633.2207018304969,Germany,Male,48.0,7.0,119122.91599904523,1.0,1.0,1.0,23860.5,0.0
657.4471473872179,Germany,Male,58.0,4.389329503719677,119708.29690676715,1.0,1.0,1.0,85687.09,1.0
850.0,France,Female,39.0,2.0,0.0,2.0,1.0,0.0,179451.42,0.0
521.0,France,Male,38.98792996740065,8.0,0.0,1.0,1.0,1.0,93180.09,0.0
675.0,France,Male,69.0,4.88841071487752,0.0,2.0,1.0,0.0,157097.09,0.0
746.0,France,Male,58.0,3.0,65365.73579873902,1.218122380772484,1.0,1.0,80344.96,1.0
770.0,France,Female,33.0,4.0,0.0,1.0,1.0,0.0,95006.61749543562,1.0
618.0,France,Male,30.0,4.609120016996359,133844.22,1.0,1.0,1.0,31406.93,0.0
556.0,France,Male,36.0,7.0,154872.08,2.0,1.0,1.0,32044.64,0.0
749.0,France,Female,27.0,9.0,0.0,2.0,1.0,0.0,132734.87,0.0
702.0,Spain,Male,43.0,6.0,116121.67,1.0,1.0,0.0,61602.42,0.0
555.0,Germany,Male,42.0,3.640923744908768,107104.5,1.0,1.0,1.0,41304.44,1.0
587.0,France,Male,47.0,6.0,71026.77,1.0,1.0,0.0,57962.41,0.0
639.0,France,Male,38.0,3.0,0.0,1.0,1.0,0.0,42862.82,0.0
643.0,France,Male,33.0,5.158383198830769,0.0,2.0,1.0,1.0,152992.04,0.0
600.0,France,Female,41.0,1.0,0.0,2.0,1.0,1.0,91193.65,0.0
651.0,France,Male,53.0,7.0,0.0,2.0,1.0,1.0,92589.98045700854,0.0
666.0,France,Female,27.0,4.0,0.0,2.0,0.0,0.0,88751.45,0.0
520.0,France,Female,39.0,6.0,145644.05,1.0,0.0,0.0,104118.93,0.0
650.0,Spain,Female,50.0,7.0,129667.77,1.0,0.0,0.0,42028.16,0.0
564.0,Germany,Male,33.0,3.0,109341.87,1.0,1.0,0.0,75632.78,0.0
586.0,France,Male,64.0,4.846504637695919,0.0,2.0,1.0,1.0,53710.23,0.0
617.0,France,Female,35.0,5.0,0.0,2.0,0.0,1.0,13066.3,0.0
712.0,Spain,Female,30.0,6.0,0.0,2.0,1.0,0.0,152417.97,0.0
654.0,France,Male,55.0,3.0,87485.67,1.0,1.0,1.0,3299.01,0.0
605.0,France,Male,33.272928938313605,9.0,0.0,2.0,1.0,0.0,198091.81,0.0
491.0,France,Female,36.0,0.0,53369.13,1.0,1.0,1.0,103934.12,0.0
707.0,France,Female,35.0,9.0,0.0,2.0,1.0,1.0,70403.65,0.0
638.0,Spain,Male,34.0,5.0,146679.77,1.0,1.0,0.0,102179.86,0.0
683.0,France,Male,43.0,2.0,112499.42,2.0,1.0,0.0,30375.18,0.0
815.0,Spain,Male,38.0,2.0,48387.0,1.0,1.0,0.0,184796.84,0.0
645.0,Spain,Male,38.0,1.0,68079.8,1.0,0.0,1.0,101342.81784677219,0.0
645.0,Germany,Male,49.0,4.0,160133.88,1.0,0.0,1.0,88391.97,0.0
666.3493551132101,France,Male,30.0,4.0,66190.33,1.0,1.0,1.0,115186.97,0.0
705.0,France,Female,37.0,10.0,0.0,2.0,1.0,1.0,13935.53,1.0
647.0,France,Male,35.0,4.0,123761.68,1.0,1.0,0.0,83910.4,0.0
786.0,Germany,Female,33.0,0.0,122325.58,1.0,0.0,0.0,34712.34,1.0
534.0,France,Male,41.0,9.0,0.0,2.0,1.0,0.0,13871.34,0.0
602.0,Spain,Male,42.0,1.0,138912.17,1.0,1.0,1.0,139494.75,0.0
695.0,France,Female,42.0,0.0,0.0,2.0,0.0,1.0,140724.64,0.0
553.0,Germany,Female,25.0,7.0,128524.19,2.0,1.0,0.0,20682.46,0.0
516.0,Spain,Female,31.0,3.0,0.0,2.0,1.0,0.0,124202.26,0.0
655.0,France,Female,34.0,3.0,0.0,2.0,1.0,0.0,159638.77,0.0
849.0,Germany,Female,49.0,9.0,132934.89,1.0,1.0,0.0,85012.55687876994,1.0
520.0,France,Male,43.0,4.773835808458822,150805.17,3.0,0.0,1.0,25333.03,1.0
568.0,Spain,Female,46.0,3.0,0.0,2.0,1.0,1.0,29372.62,0.0
695.0,Spain,Male,32.0,9.0,0.0,3.0,0.0,1.0,38533.79,0.0
649.6287957716708,France,Male,28.0,7.0,165969.26,3.0,1.0,1.0,85932.26857200223,1.0
652.3166809208592,Germany,Male,36.0,4.302303560727162,125404.67184527348,3.0,1.0,1.0,57904.22,1.0
703.0,Germany,Male,39.0,1.0,119044.15990377944,1.5025677032174682,1.0,1.0,93734.18109930154,1.0
556.0,France,Male,38.0,2.0,114756.14,1.0,1.0,0.0,193214.05,0.0
585.0,France,Female,30.0,6.0,0.0,2.0,1.0,1.0,137757.69,0.0
587.0,Germany,Female,49.0,7.0,155393.98,2.0,1.0,0.0,100733.12586944482,1.0
524.0,Spain,Female,32.0,6.0,0.0,1.0,1.0,1.0,132861.9,1.0
556.0,Germany,Female,31.0,1.0,128663.81,2.0,1.0,0.0,125083.29,0.0
504.0,Spain,Male,44.0,4.0,113522.64,1.0,1.0,1.0,12405.2,0.0
731.0,Spain,Female,35.121961988236635,3.0,0.0,2.0,1.0,0.0,37697.29,0.0
651.0,France,Male,34.0,3.0,0.0,2.0,1.0,1.0,93912.74681849463,0.0
675.0,Spain,Female,44.63459749473638,8.0,79035.95,1.0,1.0,0.0,142783.98,1.0
624.0170032999939,Spain,Female,46.14120637325588,4.305806817308989,0.0,3.0,0.0,1.0,168412.07,1.0
686.0,Germany,Male,34.698781575252475,9.0,141918.09,2.0,0.0,0.0,184036.47,0.0
690.0,France,Female,35.0,9.0,107944.33,2.0,0.0,0.0,48478.47,0.0
567.0,France,Male,36.0,7.0,0.0,2.0,0.0,1.0,3896.08,0.0
557.0,Germany,Male,57.0,1.0,120043.13,1.0,1.0,0.0,132370.75,1.0
446.0,Spain,Female,45.0,10.0,125191.69,1.0,1.0,0.0,128260.86,0.0
850.0,France,Male,31.0,1.0,96399.31,2.0,1.0,0.0,106534.15,0.0
637.0,France,Male,41.0,2.0,0.0,2.0,0.0,1.0,102515.42,0.0
499.0,France,Male,60.0,7.0,76961.6,2.0,1.0,1.0,83643.87,0.0
622.0,Germany,Female,34.0,7.0,98675.74,1.0,1.0,0.0,138906.85,1.0
684.0,Germany,Male,37.0,1.0,126817.13,2.0,1.0,1.0,29995.83,0.0
612.0,France,Male,32.0,3.0,121394.42,1.0,1.0,0.0,164081.42,0.0
813.0,Germany,Female,29.0,5.0,106059.4,1.0,0.0,0.0,187976.88,1.0
850.0,Germany,Female,44.0,4.263632086427902,112755.34,2.0,0.0,0.0,158171.36,0.0
795.0,Spain,Male,29.0,4.0,0.0,2.0,0.0,0.0,155711.64,0.0
628.0,Spain,Female,55.0,7.0,83551.75017725128,3.0,1.0,0.0,85890.75,1.0
565.0,Germany,Female,37.05458686436704,7.0,145400.69,2.0,1.0,1.0,83844.79,0.0
601.0,France,Male,39.0,3.0,72647.64,1.0,1.0,0.0,41777.9,1.0
802.0,France,Male,40.0,4.0,0.0,2.0,1.0,1.0,108669.00040107511,0.0
614.0,Germany,Female,37.0,6.0,96340.81,2.0,1.0,1.0,139377.24,1.0
434.0,Spain,Male,55.0,6.0,0.0,1.0,0.0,1.0,73562.05,1.0
522.0,Germany,Male,32.0,8.0,124450.36,2.0,1.0,1.0,165786.1,0.0
550.0,Germany,Male,37.57393713248468,2.0,113877.23,1.559442300540432,1.0,0.0,174921.91,0.0
599.0,Spain,Male,25.0,3.0,0.0,2.0,1.0,1.0,120790.02,0.0
493.0,France,Female,36.0,5.0,148667.81,2.0,1.0,0.0,56092.51,0.0
755.0,Germany,Male,34.0,3.0,119275.92790451067,1.646811410994771,1.0,1.0,158816.03,0.0
605.0,Germany,Female,62.0,4.0,111065.93,2.0,0.0,1.0,125660.99,0.0
708.0,France,Male,41.0,0.0,0.0,1.0,1.0,0.0,128400.62,0.0
699.0,France,Male,44.0,8.0,107308.60957287133,1.0,1.0,0.0,107181.22,0.0
763.0,France,Female,53.0,4.0,0.0,1.0,1.0,0.0,77203.72,1.0
743.0,Spain,Male,25.0,6.0,0.0,2.0,1.0,0.0,129740.11,0.0
660.0,France,Female,48.0,0.0,90044.32,2.0,0.0,1.0,187604.97,1.0
619.0,Germany,Male,38.0,10.0,84651.79,1.0,1.0,1.0,92441.83821312356,0.0
739.0,Germany,Male,32.0,3.0,118916.09949364595,1.5419420800219388,1.0,0.0,63981.37,1.0
769.0,France,Male,60.0,9.0,63310.67182184541,1.0,1.0,0.0,192831.67,1.0
692.0,France,Male,39.59911231674973,10.0,154953.94,1.2651632019456798,1.0,1.0,121440.52754155255,0.0
560.0,France,Female,30.0,0.0,108883.29,1.0,1.0,0.0,27914.95,0.0
666.9457496932442,France,Female,48.0,4.0,112070.86,3.0,1.0,1.0,109053.99443000992,1.0
630.0,Germany,Male,50.06596291551635,6.0,131354.39,1.0,0.0,1.0,9324.31,1.0
767.0,France,Female,45.0,5.909072537177349,132746.2,1.1362844176915234,1.0,1.0,26628.88,0.0
632.7585511338015,France,Female,34.0,8.0,0.0,2.0,0.0,1.0,145601.8,0.0
776.0,France,Male,39.0,8.0,125211.55,1.243978455780798,1.0,0.0,116288.85627226865,0.0
535.0,Spain,Male,45.47799581883994,1.0,0.0,2.0,1.0,1.0,102651.19303278346,1.0
549.0,Germany,Male,36.0,6.0,139422.37,1.0,0.0,0.0,83983.39,1.0
643.9863086615178,France,Female,28.0,4.0,0.0,2.0,0.0,1.0,123318.37,0.0
586.0,Germany,Female,47.0,5.0,157099.47,2.0,1.0,1.0,65481.86,0.0
583.0,France,Male,40.0,3.0,0.0,2.0,1.0,0.0,47728.0,0.0
701.0,Spain,Male,26.0,5.0,83600.24,1.0,0.0,1.0,59195.05,0.0
726.0,France,Male,28.0,2.0,0.0,1.0,0.0,0.0,98060.51,0.0
829.0,Germany,Male,36.0,4.0,81795.74,2.0,1.0,0.0,90106.94,0.0
649.8191711603768,Spain,Male,38.0,4.3986121348756075,129378.32,1.0,1.0,1.0,13549.34,0.0
743.0,France,Female,46.0,9.0,0.0,1.0,1.0,0.0,113436.08,0.0
619.0,Spain,Male,56.0,7.0,0.0,1.869043933857864,1.0,1.0,42442.21,0.0
699.0,Germany,Male,22.0,9.0,99339.0,1.0,1.0,0.0,68297.61,1.0
749.0,Spain,Male,36.0,7.0,0.0,2.0,0.0,0.0,80134.65,0.0
600.0,Germany,Female,29.0,6.0,74430.1,2.0,1.0,1.0,100959.46935039041,0.0
760.0,Spain,Male,38.0,3.0,91241.85,1.0,0.0,1.0,80682.35,0.0
528.0,Germany,Male,32.0,2.0,99092.45,1.0,0.0,1.0,111149.98,0.0
630.0,France,Female,26.0,5.0,0.0,2.0,1.0,0.0,182612.38,0.0
683.0,Germany,Female,39.0,2.0,100062.16,2.0,1.0,1.0,109201.43,0.0
677.0,Germany,Female,26.0,6.0,98723.67,1.0,0.0,1.0,151146.67,0.0
669.0,Spain,Male,29.0,9.0,0.0,1.0,1.0,1.0,93901.61,0.0
654.1646426386172,France,Male,43.0,6.0,128760.32,1.0,1.0,0.0,112897.85442094837,0.0
612.0,Spain,Female,52.0,5.0,144772.69,1.0,0.0,0.0,98302.57,1.0
719.0,Spain,Male,44.0,4.644697095103938,0.0,1.0,0.0,0.0,84972.9,0.0
702.0,France,Male,26.0,2.0,71281.29,1.0,1.0,1.0,108747.12,1.0
601.3358600774166,France,Male,29.0,9.0,117035.89,1.0,1.0,1.0,21862.19,0.0
514.0,France,Male,26.0,1.0,0.0,2.0,0.0,0.0,121551.93,0.0
753.0,France,Female,40.0,5.9377396557060065,3768.69,2.0,1.0,0.0,177065.24,1.0
548.0,Germany,Female,36.0,2.0,108913.84,2.0,1.0,1.0,140460.01,0.0
850.0,Germany,Male,28.0,2.0,101100.22,2.0,1.0,1.0,35337.31,0.0
612.0,France,Female,38.0,7.0,110615.47,1.0,1.0,1.0,193502.93,0.0
628.0,France,Male,36.21191668815297,8.0,152143.89,1.0,1.0,1.0,32174.03,0.0
479.0,France,Male,47.0,4.210547435339813,121797.09,1.0,0.0,1.0,5811.9,1.0
724.0,France,Female,41.0,5.0,109798.25,1.0,0.0,1.0,102891.01687331645,0.0
512.0,Germany,Male,41.0,7.0,122403.24,1.0,0.0,1.0,110480.13221501233,1.0
638.0,France,Female,43.0,3.0,73735.02845838612,1.0,1.0,1.0,103942.36262210544,1.0
654.3225794234677,Spain,Male,40.0,7.0,40634.26261605264,2.0,1.0,0.0,45038.74,0.0
781.0,France,Male,29.0,9.0,0.0,2.0,0.0,0.0,172097.4,0.0
707.0,Germany,Male,48.0,4.979475420299835,122810.3976493976,1.4624794817645745,1.0,1.0,180344.69,1.0
670.0,France,Male,22.0,2.0,114991.45,1.0,1.0,1.0,37392.56,0.0
663.0,Spain,Female,33.0,8.0,96769.04,1.0,1.0,1.0,36864.05,0.0
624.0,France,Female,23.0,5.0,0.0,2.0,0.0,0.0,132418.59,0.0
598.0,France,Female,34.0,4.0,0.0,2.0,0.0,0.0,60894.26,0.0
619.0,Germany,Male,23.0,5.0,132725.1,1.0,1.0,1.0,143913.33,0.0
792.0,France,Female,70.0,3.0,0.0,2.0,1.0,1.0,172240.27,0.0
683.0,France,Female,26.0,7.0,0.0,2.0,1.0,0.0,86619.77,0.0
691.0,France,Female,33.0,6.0,0.0,2.0,1.0,0.0,164074.89,0.0
765.0,France,Female,37.62937643564662,5.0,84557.82,1.0,1.0,1.0,69039.43,0.0
508.0,France,Male,44.874029302031886,1.0,93817.41,2.0,1.0,1.0,132468.76,1.0
637.0,France,Female,33.0,9.0,113913.53,1.0,0.0,1.0,65316.5,0.0
667.0,Germany,Male,44.0,5.0,140406.68,2.0,0.0,1.0,57164.19,0.0
575.0,Spain,Male,22.0,8.0,105229.34,1.0,1.0,1.0,34397.08,0.0
744.0,Spain,Female,48.295141634740176,3.758698493765873,0.0,3.0,1.0,1.0,103456.3539075265,1.0
567.0,France,Female,41.0,9.0,137891.35,1.0,1.0,0.0,142009.46,1.0
502.0,France,Female,42.34528183664007,6.0,29018.36958829855,2.0,1.0,1.0,80618.47,0.0
609.0,France,Female,53.0,6.0,0.0,2.0,1.0,1.0,124218.27,0.0
715.0,France,Male,37.0,9.0,165252.52,1.0,1.0,0.0,85286.3,0.0
541.0,France,Male,32.0,8.0,0.0,2.0,0.0,0.0,40889.14,0.0
850.0,France,Female,71.0,4.0,117695.43265896586,1.403398195003072,1.0,1.0,107236.87,0.0
629.2740312601003,Spain,Male,23.0,7.0,0.0,2.0,1.0,1.0,168085.97,0.0
650.0,Germany,Male,28.0,4.7173862859687,122034.4,3.0,0.0,1.0,146663.43,1.0
625.0,France,Female,44.0,7.0,0.0,1.0,1.0,0.0,4791.8,0.0
817.0,France,Male,59.0,1.0,118962.58,1.0,1.0,1.0,120819.58,0.0
636.9047167379358,Spain,Male,49.0,2.0,0.0,1.0,1.0,0.0,114539.67,1.0
850.0,France,Female,34.0,4.0,71379.53,2.0,1.0,1.0,107211.1173427052,0.0
598.0,France,Female,40.0,2.0,171178.25,1.0,1.0,0.0,137980.58,1.0
613.0,France,Male,36.0,9.0,131307.11,1.0,0.0,0.0,83343.73,0.0
709.0,Spain,Male,44.3781060172736,3.0,120114.300768443,1.2568824160584928,1.0,1.0,82195.15,0.0
678.0,Spain,Female,27.0,5.0,87099.85,2.0,1.0,0.0,149550.95,0.0
630.7815703534822,France,Male,71.0,5.0,183135.39,1.3704405633340637,1.0,1.0,197688.5,0.0
662.0,France,Male,26.0,0.0,0.0,2.0,0.0,1.0,72929.96,0.0
617.2328474894265,France,Male,45.83092264389328,10.0,0.0,3.0,1.0,0.0,171045.35,1.0
662.0,France,Male,31.0,3.0,0.0,2.0,0.0,1.0,27731.05,0.0
770.0,France,Female,33.0,6.0,0.0,2.0,1.0,0.0,126131.9,0.0
721.0,Spain,Female,33.0,4.0,72535.45,1.0,1.0,1.0,103931.49,0.0
633.0,Germany,Male,58.0,2.0,128137.42,2.0,1.0,1.0,87297.98092038099,0.0
609.3179402608366,France,Male,51.0,9.0,0.0,2.0,0.0,0.0,61961.57,0.0
556.0,Germany,Male,42.0,0.0,115915.53,2.0,0.0,1.0,125435.47,1.0
639.0,France,Male,66.0,0.0,0.0,2.0,0.0,1.0,42240.54,0.0
632.0,France,Male,50.0,2.0,0.0,2.0,0.0,0.0,57942.88,0.0
456.0,France,Male,29.0,5.0,107000.49,1.0,1.0,1.0,153419.62,0.0
729.0,Spain,Female,38.0,10.0,19653.693193537736,2.0,1.0,0.0,189727.12,0.0
632.0,France,Female,34.0,2.0,0.0,2.0,0.0,0.0,165385.55,0.0
433.0,Spain,Male,34.0,9.0,152806.74,1.0,1.0,0.0,19687.99,0.0
802.0,France,Female,60.0,5.080138544790724,72730.66664599616,1.0,1.0,0.0,39473.63,1.0
670.0,France,Male,25.0,7.0,0.0,2.0,1.0,1.0,144723.38,0.0
738.0,Germany,Female,40.0,4.207127332692639,114940.67,2.0,1.0,1.0,97461.59683252101,1.0
706.0,Germany,Male,37.17777618465762,0.0,140641.26,1.5187916023898407,1.0,1.0,77271.91,0.0
592.0,Germany,Female,70.0,5.0,71816.74,2.0,1.0,0.0,105096.82,1.0
522.0,France,Female,41.0,7.0,0.0,2.0,0.0,1.0,176780.39,0.0
633.4166051974809,France,Male,48.0,5.229032594548429,165282.42,1.0,1.0,0.0,153786.46,1.0
651.0,Spain,Male,42.0,2.0,143145.87,2.0,1.0,0.0,87085.87758721698,0.0
494.0,France,Male,28.0,9.0,114731.76,2.0,0.0,1.0,101026.32089599659,0.0
753.0,France,Female,46.0,9.0,113909.69,3.0,1.0,0.0,92320.37,1.0
671.0,Germany,Male,36.0,2.0,116695.27,1.0,0.0,0.0,193201.86,0.0
696.0,France,Male,42.0,4.0,91663.80401929551,1.0,0.0,0.0,126353.13,1.0
577.0,Spain,Male,43.0,3.0,127968.92648212847,1.2148965505836096,1.0,1.0,114531.38805874171,0.0
587.0,France,Male,36.0,1.0,0.0,2.0,0.0,1.0,17135.6,0.0
673.1214208762242,Germany,Male,37.0,7.0,93978.96,1.5536053447841656,1.0,0.0,60651.77,0.0
498.0,Germany,Male,35.0,6.100702266938069,118757.51778792388,2.0,0.0,1.0,188343.05,0.0
660.0,France,Male,37.0,2.0,97324.91,1.0,1.0,0.0,23291.83,0.0
678.0,Spain,Male,29.0,6.0,0.0,2.0,1.0,0.0,64443.75,0.0
530.0,France,Male,37.0,8.0,0.0,2.0,1.0,1.0,287.99,0.0
559.0,France,Female,48.0,2.0,0.0,2.0,0.0,1.0,137961.41,0.0
627.1140117823679,France,Male,42.0,3.0,145155.37,1.0,1.0,0.0,72169.95,1.0
592.0,France,Male,28.0,5.0,137222.77,1.0,0.0,0.0,39608.58,0.0
767.0,France,Male,48.0,9.0,0.0,2.0,1.0,1.0,175458.21,0.0
653.0,Germany,Female,38.0,5.0,114268.22,2.0,1.0,1.0,89524.83,0.0
678.0,Spain,Male,27.0,4.169096411383416,0.0,2.0,1.0,1.0,13221.25,0.0
586.0,Spain,Female,42.0,2.0,0.0,1.0,1.0,0.0,102889.34,0.0
656.8074870929742,France,Female,40.0,5.0228549525789665,150490.32,1.0,0.0,0.0,166468.21,1.0
643.0,Germany,Male,28.0,9.0,160858.13,2.0,1.0,0.0,27149.27,0.0
665.5298552182367,France,Male,39.0,5.0,95263.37014025357,1.0,1.0,1.0,59601.15,0.0
674.0,Germany,Female,27.0,4.0,111568.01,1.0,0.0,1.0,22026.18,0.0
657.0,Spain,Male,35.89598470904924,7.0,83889.03,1.0,1.0,1.0,153059.62,0.0
724.0,Germany,Female,35.0,4.080905265531504,171982.95,2.0,0.0,1.0,167313.07,0.0
500.0,France,Female,34.0,4.0,0.0,2.0,1.0,0.0,12833.96,0.0
688.0,France,Male,45.19940289244007,8.0,33847.072788742356,2.0,1.0,1.0,131563.4399974097,0.0
599.0,Germany,Male,50.0,3.0,121159.65,1.0,0.0,0.0,4033.39,1.0
631.0,France,Male,29.0,7.0,0.0,2.0,0.0,1.0,125877.22,0.0
673.8635185536141,Spain,Male,52.0,1.0,0.0,2.0,1.0,1.0,176913.42,0.0
653.7411412847023,France,Male,37.0,3.0,91184.01,1.0,1.0,0.0,105476.65,0.0
644.0,Spain,Male,18.0,8.0,0.0,2.0,1.0,0.0,59172.42,0.0
690.0,Germany,Male,54.0,1.0,144027.8,1.0,1.0,1.0,108731.02,1.0
711.0,France,Female,34.0,6.0,0.0,2.0,1.0,1.0,175310.38,0.0
712.0,France,Female,29.0,8.0,140170.61,1.0,1.0,1.0,38170.04,0.0
627.0,France,Male,27.0,1.0,62092.9,1.0,1.0,1.0,105887.04,0.0
694.0,Spain,Male,39.0,3.0,0.0,1.0,1.0,1.0,95625.03,0.0
534.0,Spain,Male,35.0,4.0,0.0,2.0,0.0,0.0,9541.15,0.0
603.0,France,Male,45.0,9.0,0.0,1.0,0.0,0.0,148516.79,0.0
808.0,France,Female,33.0,2.0,103516.87,1.0,1.0,0.0,113907.8,0.0
723.0,Spain,Male,35.88035137745514,1.0,19617.97596735714,3.0,1.0,0.0,164647.72,0.0
585.0,France,Female,35.0,2.0,0.0,2.0,1.0,0.0,98621.04,1.0
706.0,France,Male,34.0,8.0,0.0,2.0,1.0,1.0,37479.97,0.0
671.0,France,Female,37.50322839835038,6.0,0.0,2.0,1.0,1.0,15846.42,0.0
609.9416815572814,Spain,Male,43.0,2.0,85162.26,1.0,0.0,1.0,5104.08,1.0
646.0,France,Female,43.0,8.0,143061.88,1.0,1.0,0.0,61937.6,0.0
801.0,Spain,Male,46.0,3.7879323877655753,0.0,2.0,1.0,1.0,170008.74,0.0
731.0,Spain,Female,33.0,5.547311254322848,23475.805522010116,2.0,1.0,0.0,165000.68,0.0
620.0,Germany,Female,25.0,1.0,137712.01,1.0,1.0,1.0,76197.05,0.0
484.0,Germany,Male,40.0,7.0,106901.42,2.0,0.0,0.0,106215.64287829956,0.0
647.0,Spain,Male,47.0,5.0,105603.21,2.0,1.0,1.0,108048.96309342966,0.0
688.0,Germany,Female,34.6952031444875,8.0,150679.71,2.0,0.0,1.0,196226.38,0.0
680.0,Germany,Male,30.0,4.0,108300.27,1.3233707718141674,0.0,1.0,44384.57,1.0
689.0,France,Female,46.0,7.0,52016.08,2.0,1.0,1.0,72993.65,0.0
627.650255018007,Germany,Male,34.0,7.0,60515.13,1.0,0.0,0.0,124571.09,0.0
553.0,Germany,Male,35.0,2.0,158584.28,2.0,1.0,0.0,43640.16,0.0
689.0,Germany,Male,47.0,2.0,118812.5,2.0,0.0,0.0,31121.42,0.0
517.0,Spain,Male,46.0,4.0,0.0,1.0,1.0,0.0,22372.78,0.0
731.0,France,Male,37.0,8.0,0.0,2.0,1.0,1.0,170338.35,0.0
687.0,Germany,Female,47.0,1.0,91219.29,1.0,0.0,0.0,158845.49,1.0
507.0,Spain,Male,32.0,7.0,0.0,1.7946075924708997,1.0,0.0,67926.18,0.0
468.0,France,Female,22.0,1.0,76318.64,1.0,1.0,1.0,194783.12,0.0
682.0,Spain,Female,58.0,4.42419026729084,0.0,1.0,1.0,0.0,176036.01,1.0
603.0,France,Female,24.0,3.0,0.0,1.0,1.0,1.0,198826.03,1.0
522.0,Germany,Male,25.0,1.0,111432.13,1.0,1.0,1.0,168683.57,0.0
629.0,Spain,Male,41.0,10.0,150148.51,1.0,0.0,0.0,6936.27,0.0
729.0,France,Female,32.0,7.0,38550.06,1.0,0.0,1.0,179230.23,0.0
574.0,France,Female,39.0,5.0,119013.86,1.0,1.0,0.0,103421.91,0.0
648.0668643514686,Germany,Female,39.0,0.0,111213.64,1.5354760971526806,1.0,1.0,147578.26,0.0
627.0,Germany,Male,28.0,5.0,71097.23,1.0,1.0,1.0,130504.49,0.0
788.0,France,Male,36.0,10.0,109632.85,1.0066303194292936,1.0,1.0,16149.13,0.0
697.0,France,Female,63.0,7.0,148368.02,1.0,1.0,0.0,84078.00735540659,1.0
618.9541711400094,France,Male,45.0,1.0,148600.91,1.0,1.0,0.0,143397.14,1.0
639.5883785676939,France,Male,36.91098354026801,10.0,71083.98,1.0,1.0,0.0,137959.0,0.0
632.0,France,Female,40.0,9.0,139625.34,1.0,1.0,0.0,93702.96,1.0
679.0,France,Female,39.0,4.0,0.0,1.0,0.0,0.0,172939.3,1.0
699.0,France,Male,30.0,9.0,94193.6557060345,1.0,1.0,1.0,108162.13,0.0
615.0,France,Male,64.0,0.0,81564.1,2.0,0.0,1.0,35896.09,0.0
622.0,Spain,Male,36.0,5.045133436269107,0.0,2.0,1.0,1.0,104852.6,0.0
755.0,France,Female,28.0,7.0,124540.28,1.0,1.0,0.0,188850.89,0.0
767.0,France,Female,42.0,2.0,133616.39,1.0,1.0,0.0,28615.8,0.0
752.0,Germany,Female,38.0,10.0,101648.5,2.0,1.0,0.0,87053.88596278915,0.0
633.0,France,Female,26.0,8.0,124281.84,1.0,1.0,1.0,60116.57,0.0
717.0,France,Female,59.0,4.0,0.0,2.0,1.0,1.0,170528.63,0.0
585.0,Spain,Male,45.0,0.0,0.0,2.0,0.0,0.0,189683.7,0.0
751.0,France,Female,37.0,9.0,183613.66,2.0,0.0,0.0,49734.94,0.0
754.0,France,Male,45.00182500145306,1.0,71357.57881723832,1.5196936518825217,1.0,1.0,105920.96703680561,1.0
495.0,France,Male,47.0,10.0,137682.68,1.0,1.0,0.0,71071.47,0.0
650.0,France,Male,37.47069426446752,4.0,106005.54,1.0,0.0,1.0,142995.32,0.0
529.0,France,Female,31.0,6.0,152310.55,1.0,1.0,0.0,13054.25,0.0
585.0,France,Female,43.0,2.0,0.0,2.0,1.0,0.0,89402.54,0.0
668.0,Spain,Male,32.0,1.0,99292.31136281682,1.0,0.0,1.0,111241.37,0.0
591.0,France,Female,38.0,2.0,142289.28,1.0,0.0,1.0,119638.85,0.0
731.0,France,Male,19.0,6.0,0.0,2.0,1.0,1.0,151581.79,0.0
754.0,France,Female,45.0,6.0,0.0,1.0,1.0,0.0,100453.70857787677,1.0
650.0,Germany,Female,46.0,9.0,149003.76,2.0,1.0,0.0,176902.83,0.0
588.0,Germany,Male,41.0,2.0,105920.01441811235,2.0,0.0,1.0,7034.94,0.0
712.0,Spain,Female,29.0,7.0,77919.78,1.0,1.0,0.0,122547.58,0.0
691.0,France,Female,34.0,7.0,0.0,2.0,0.0,1.0,161559.12,0.0
713.3316381944338,France,Female,41.0,5.05890791507022,48176.350655125956,4.0,1.0,1.0,144020.40052868114,0.0
678.0,Spain,Female,39.0,6.0,0.0,1.0,0.0,1.0,185366.56,0.0
719.0,Spain,Female,40.0,9.0,0.0,2.0,1.0,0.0,182224.14,0.0
610.0,Germany,Male,36.0,7.0,115462.02,1.0,0.0,1.0,42581.04,0.0
722.0,Spain,Male,37.0,9.0,0.0,2.0,1.0,0.0,31921.95,0.0
758.0,France,Female,23.0,5.0,83756.454074946,1.0,1.0,0.0,102460.84,1.0
709.0,France,Female,32.0,2.0,0.0,2.0,0.0,0.0,109681.29,0.0
634.0,Germany,Female,53.0,3.0,113781.5,2.0,1.0,1.0,106345.05,1.0
678.0,Spain,Female,49.0,1.0,0.0,2.0,1.0,1.0,102472.9,0.0
633.0,France,Male,35.0,3.0,0.0,2.0,1.0,0.0,36249.76,0.0
642.0634110408936,Germany,Male,43.0,9.0,128284.45,1.0,1.0,0.0,107805.60155191289,1.0
640.0,Germany,Male,45.0,8.0,120591.19,1.6177121595086028,0.0,0.0,195123.94,0.0
656.0,France,Male,63.0,8.0,0.0,2.0,0.0,1.0,57014.43,0.0
519.2510812138505,France,Female,59.0,2.0,166968.28,1.7402437372660406,1.0,1.0,159483.76,1.0
786.0,Spain,Female,39.0,7.0,0.0,2.0,0.0,0.0,100929.59,0.0
561.0,France,Female,49.0,8.0,0.0,2.0,1.0,1.0,82843.84171135968,0.0
641.3961699811131,Spain,Male,42.0,5.0,0.0,2.0,1.0,1.0,74900.9,0.0
602.0,Germany,Male,38.0,2.0,71667.97,2.0,0.0,0.0,137111.89,0.0
727.0,Germany,Female,31.0,3.0,82729.47,2.0,1.0,0.0,60212.51,0.0
678.0,France,Male,40.0,1.0,40355.40383016364,2.0,1.0,1.0,187343.4,0.0
730.0,France,Male,33.54487569403539,8.0,0.0,2.0,1.0,0.0,183284.53,0.0
596.0,France,Female,30.0,1.0,0.0,2.0,1.0,0.0,8125.39,0.0
686.0,Germany,Male,39.0,3.0,129626.19,2.0,1.0,1.0,103220.56,0.0
684.0,Germany,Female,26.0,2.0,114035.39,1.0,0.0,0.0,96885.19,0.0
797.0,Germany,Male,32.0,1.0,151922.94,1.0,1.0,0.0,8877.06,0.0
658.0,France,Female,39.0,4.0,0.0,1.0,1.0,1.0,147530.06,0.0
653.0,Spain,Female,27.0,6.0,107751.68,2.0,1.0,1.0,33389.42,0.0
641.0,France,Male,37.0,6.0,0.0,2.0,1.0,0.0,45309.24,0.0
659.876114594557,Spain,Female,41.0,6.0,101179.23,2.0,1.0,1.0,35230.61,0.0
750.0,Spain,Female,36.0,6.0,0.0,2.0,1.0,1.0,59816.41,0.0
768.0,France,Female,40.0,8.0,0.0,2.0,0.0,1.0,69080.46,0.0
568.0,France,Male,33.0,7.0,27394.13131966997,2.0,1.0,0.0,143450.61,0.0
706.0,Germany,Male,36.0,4.5566745425290405,58571.18,2.0,1.0,0.0,111395.39467965758,0.0
430.0,Germany,Male,38.0,8.0,153058.64,1.0,1.0,0.0,99377.27,0.0
745.0,Germany,Male,35.0,4.0,98270.34,1.0,1.0,0.0,133617.43,0.0
747.0,Germany,Male,43.0,1.0,130788.71,1.0,0.0,1.0,101495.0,1.0
657.0,Germany,Female,40.0,7.0,99165.84,1.0,1.0,1.0,119333.95,1.0
639.0,France,Female,42.0,4.0,0.0,2.0,0.0,0.0,167682.37,0.0
704.0,France,Male,44.0,4.672289356100007,0.0,2.0,0.0,1.0,152884.85,0.0
651.0,Spain,Male,23.0,4.0,115636.05,2.0,1.0,0.0,70400.86,0.0
706.0,Germany,Female,44.0,2.0,185932.18,2.0,1.0,0.0,65413.41,0.0
681.7368980672211,Germany,Male,30.0,2.0,72549.0,2.0,0.0,1.0,182728.8,0.0
751.0,France,Male,46.85649917240247,4.0,18802.656556984395,2.0,1.0,1.0,81442.6,0.0
767.0,France,Female,35.0,5.076234958409347,0.0,2.0,0.0,0.0,144251.38,0.0
741.0,France,Male,39.0,5.0,0.0,1.0,0.0,1.0,40207.06,0.0
651.0,Germany,Male,29.0,3.0,121890.06,1.53999844604311,1.0,0.0,54530.51,1.0
601.0,France,Male,46.0,2.0,91036.56664968515,1.0,1.0,1.0,32683.88,0.0
520.0,France,Male,39.40530253234672,3.0,0.0,2.0,1.0,1.0,104703.96,0.0
626.0,Germany,Male,27.0,4.0,115084.53,2.0,0.0,1.0,26907.43,0.0
811.0,France,Male,30.0,6.0,0.0,1.8658977691732237,1.0,1.0,180591.32,0.0
730.0,France,Female,32.0,9.0,127661.69,1.0,0.0,0.0,60905.51,0.0
604.0,Germany,Female,47.0,4.0,118907.6,1.0,0.0,1.0,47777.15,1.0
499.0,Germany,Female,44.0,6.0,77627.33,2.0,1.0,0.0,108222.68,0.0
754.0,Spain,Male,40.0,2.0,160625.17,1.0,0.0,1.0,3554.63,0.0
650.3796954568796,Spain,Female,29.0,8.0,0.0,2.0,1.0,0.0,78616.92,0.0
636.0,France,Female,20.0,10.0,124266.86,1.0,0.0,0.0,100566.81,0.0
470.0,France,Female,37.10528417933384,8.0,127974.06,2.0,1.0,1.0,183259.35,0.0
444.0,France,Male,43.0,3.0,0.0,2.0,1.0,1.0,159131.21,0.0
809.0,Spain,Female,48.0,2.0,0.0,1.0,1.0,0.0,160976.85,1.0
850.0,Germany,Female,38.19748244834716,3.0,104911.35,2.0,1.0,1.0,42933.26,0.0
637.0,France,Male,27.0,1.0,0.0,2.0,1.0,0.0,91291.2,0.0
512.0,France,Male,43.0,1.0,0.0,2.0,1.0,1.0,52471.36,0.0
774.0,Spain,Female,43.0,1.0,110646.54,1.0,0.0,0.0,108804.28,0.0
641.0,France,Male,57.0,5.0,36940.61417957309,2.0,1.0,1.0,122449.18,0.0
586.0,Germany,Male,42.0,6.0,126704.49,2.0,1.0,0.0,41682.3,0.0
611.0,France,Male,36.8849224529117,9.0,0.0,2.0,1.0,1.0,148887.69,0.0
660.0,Spain,Male,35.929392032734114,1.0,84560.04,1.0,1.0,1.0,137784.25,0.0
532.0,France,Male,43.0,9.0,0.0,2.0,0.0,0.0,190573.91,1.0
557.0,Germany,Female,38.0,2.0,129893.56,1.0,0.0,0.0,102076.03,0.0
730.0,Spain,Male,25.0,5.0,167385.81,1.3764402855775544,1.0,1.0,56307.51,0.0
535.0,France,Female,27.0,6.0,0.0,2.0,0.0,1.0,49775.58,0.0
773.0,Germany,Female,36.0,4.0,105858.71,1.0,0.0,1.0,4395.45,0.0
510.0,Germany,Female,44.0,4.455652475950567,123070.89,1.0,1.0,0.0,28461.29,1.0
539.0,France,Male,39.0,1.0,0.0,1.0,1.0,1.0,28184.7,0.0
690.0,Spain,Female,36.68653310563401,2.0,0.0,2.0,1.0,1.0,3149.1,0.0
821.0,France,Female,40.0,1.0,0.0,2.0,1.0,0.0,194273.12,0.0
687.0,Germany,Male,35.0,1.0,125141.24,1.6739621218644218,1.0,1.0,148537.07,0.0
557.0,France,Female,46.0,4.0,32576.879674679545,2.0,1.0,1.0,116378.31,0.0
532.0,Spain,Female,37.0,5.0,0.0,2.0,0.0,1.0,6761.84,0.0
540.0,Spain,Male,39.0,2.0,0.0,2.0,1.0,0.0,81995.92,0.0
705.0,France,Female,55.0,8.0,0.0,1.7563840828474127,1.0,1.0,14392.68,0.0
542.0,France,Female,35.0,9.0,127543.11,2.0,1.0,0.0,88896.00545160641,1.0
706.0,France,Male,38.0,1.0,23049.4787694945,2.0,1.0,0.0,122379.54,0.0
765.0,France,Female,56.0,1.0,0.0,1.0,1.0,0.0,13228.93,1.0
658.2380858326816,France,Male,67.0,8.0,103101.56,2.0,1.0,1.0,154002.02,1.0
714.0,France,Male,54.0,7.0,126113.28,1.0,1.0,0.0,112777.38,0.0
582.0,France,Male,41.0,1.0,40488.76,1.0,1.0,0.0,128528.83,0.0
609.0,Germany,Female,40.0,10.0,137389.77,2.0,1.0,0.0,102445.77524265203,0.0
518.0,France,Female,28.0,9.0,85146.36,1.0,0.0,0.0,2803.89,0.0
791.0,Germany,Male,35.0,3.6820770727877417,129828.58,1.206326809616327,1.0,1.0,181918.26,1.0
747.0,France,Male,42.0,4.913145385182018,80214.36,1.0,1.0,0.0,115241.96,1.0
565.0,France,Female,40.0,5.938159827211818,30767.43133542006,2.0,1.0,1.0,129956.13,0.0
735.0,France,Male,34.0,1.0,141796.43,1.0,1.0,0.0,45858.49,0.0
697.0,France,Female,40.36233016597815,4.850142972860227,195238.29,4.0,0.0,1.0,108003.5011430407,1.0
813.0,Germany,Male,27.0,6.0,114153.81731339803,1.0,1.0,0.0,46422.46,0.0
772.0,France,Male,37.454650272779745,6.0,0.0,2.0,1.0,1.0,96059.33703529174,0.0
606.0,France,Female,71.0,8.0,0.0,2.0,1.0,1.0,169741.96,0.0
667.0,Germany,Female,42.0,10.0,64404.26,2.0,0.0,0.0,26022.37,0.0
665.7281666940704,France,Male,40.0,9.0,154309.67,1.0,1.0,1.0,125334.16,0.0
542.0,France,Male,67.0,10.0,129431.36,1.0,0.0,1.0,21343.74,0.0
762.0,Spain,Male,43.0,5.736871913114075,134204.67,1.4490936592851282,1.0,1.0,139971.01,0.0
698.0,France,Female,39.0,4.0,0.0,2.0,0.0,1.0,47455.82,0.0
850.0,France,Female,32.0,8.0,0.0,2.0,1.0,1.0,55593.8,0.0
612.1959146392776,France,Female,50.0,5.0,0.0,1.377393413169873,1.0,0.0,191756.54,1.0
671.0,Germany,Female,48.0,9.0,116711.06,2.0,0.0,0.0,76373.38,0.0
775.0,France,Male,31.0,9.0,0.0,2.0,1.0,0.0,169278.51,0.0
662.5210382675593,Spain,Male,34.0,0.0,54980.81,1.0,1.0,1.0,136909.88,0.0
751.0,Spain,Male,37.0,3.0,99773.85,2.0,1.0,0.0,54865.92,0.0
691.0,Germany,Male,30.0,7.0,109584.76029071659,2.0,0.0,0.0,156529.44,0.0
841.0,France,Male,32.0,2.0,117070.21,1.0,1.0,0.0,113482.2,0.0
709.0,Germany,Male,23.0,8.0,73314.04,1.5852309769615347,1.0,0.0,63446.47,0.0
673.0,France,Male,37.0,2.0,0.0,1.0,1.0,1.0,13624.02,0.0
541.0,France,Male,37.0,9.0,212314.03,1.0,1.0,1.0,148814.54,0.0
661.0,France,Female,31.0,3.0,136067.82,2.0,1.0,0.0,65567.91,0.0
784.0,Spain,Female,42.0,2.0,109052.04,2.0,1.0,0.0,6409.55,0.0
742.0,France,Female,35.0,2.0,79126.17,1.0,1.0,1.0,126997.53,0.0
850.0,Spain,Male,55.0,7.0,0.0,1.0,0.0,0.0,171762.87,1.0
630.954003873547,France,Female,35.0,9.0,108308.0,1.0,1.0,0.0,129031.19,1.0
778.0,Germany,Female,48.0,3.6742331030911344,118725.19156695885,1.3765251697291694,1.0,0.0,182691.31,0.0
529.0,France,Male,39.0,6.0,102025.08,2.0,1.0,0.0,12351.01,0.0
678.0,France,Female,37.0,2.0,113383.07,1.0,1.0,1.0,135123.96,0.0
516.0,Spain,Male,65.0,9.0,102541.1,1.0,1.0,0.0,181490.42,0.0
469.0,Spain,Male,35.0,5.0,0.0,2.0,1.0,0.0,186490.37,0.0
786.0,Spain,Male,40.0,6.0,0.0,2.0,0.0,1.0,41248.8,0.0
703.0,France,Female,41.0,6.0,109941.51,1.0,1.0,0.0,116267.28,0.0
579.0,Germany,Male,41.0,0.0,141749.68,1.0,0.0,1.0,9201.53,0.0
565.0,France,Male,38.0,5.0,0.0,2.0,0.0,1.0,80630.32,0.0
443.0,France,Male,44.0,2.0,0.0,1.0,1.0,0.0,159165.7,0.0
589.0,France,Male,37.0,7.0,85146.48,2.0,1.0,0.0,86490.09,1.0
691.0,France,Female,44.0,6.0,134066.1,2.0,1.0,1.0,197572.41,0.0
711.0,France,Female,28.0,8.0,0.0,2.0,0.0,0.0,105159.89,0.0
775.0,Spain,Female,27.0,4.0,0.0,1.0,1.0,1.0,90065.2273897373,0.0
621.0,France,Male,35.0,7.0,87619.29,1.0,1.0,0.0,143.34,0.0
350.0,France,Male,51.0,10.0,32633.808013060207,1.0,1.0,1.0,125823.79,1.0
654.4501468765418,France,Female,30.0,8.0,0.0,2.0,1.0,0.0,138465.7,0.0
633.0,Spain,Male,41.990949540343244,3.0,0.0,2.0,1.0,1.0,44008.91,0.0
697.0,Germany,Male,43.0,8.0,103409.16,1.0,1.0,0.0,103671.14452227132,1.0
734.0,Germany,Female,30.0,7.0,123040.38,1.0,1.0,1.0,76503.06,0.0
434.0,France,Male,41.0,4.0,108128.52,1.0,0.0,1.0,56784.11,0.0
646.0,Germany,Male,40.30770090034886,8.0,117441.98422539208,1.64521829944053,1.0,1.0,175657.55,0.0
764.0,France,Male,30.0,5.0,0.0,2.0,0.0,1.0,105155.66,0.0
727.0,Spain,Female,41.0,10.0,0.0,2.0,0.0,1.0,47468.56,0.0
724.0,France,Female,29.0,6.0,0.0,2.0,0.0,1.0,64729.51,0.0
749.0,Spain,Male,42.0,4.497368040479041,222267.63,1.0,0.0,0.0,101108.85,1.0
600.6409124182169,Germany,Female,49.173839601248,5.7651181885522895,144090.42,1.3988062579532028,1.0,0.0,140938.95,1.0
728.0,France,Male,30.0,10.0,114835.43,1.0,0.0,0.0,37662.49,0.0
636.0,France,Male,44.0,2.0,0.0,2.0,1.0,0.0,86414.41,0.0
641.8112509589608,France,Male,34.0,3.0,145030.92,1.0,1.0,1.0,41820.65,0.0
627.0,France,Male,43.0,8.0,71240.3,1.0,0.0,1.0,127734.16,0.0
518.0,France,Male,59.0,5.0,138772.15,1.0,0.0,1.0,123872.0,0.0
687.0,Spain,Female,29.0,7.0,93617.07,1.0,0.0,1.0,113050.92,0.0
622.0,Spain,Female,23.0,8.0,0.0,2.0,1.0,1.0,131389.39,0.0
693.0,Spain,Female,45.0,4.0,0.0,2.0,1.0,1.0,26589.56,0.0
450.0,Spain,Male,25.0,9.0,74237.2,2.0,0.0,1.0,195463.35,0.0
664.0,France,Female,49.0,5.0,59877.87929501134,2.386537429752201,1.0,1.0,108876.75,1.0
663.0,Spain,Female,37.83700573476758,5.546157246130398,61274.7,2.0,1.0,0.0,136054.45,0.0
660.0,France,Male,34.0,8.0,106486.66,2.0,0.0,1.0,101785.71715858098,0.0
579.0,France,Female,29.0,10.0,73194.52,2.0,1.0,0.0,129209.09,0.0
655.0,Germany,Female,43.647740944934704,6.0,121690.04351696037,1.4275861922743802,1.0,0.0,64853.51,1.0
683.0,France,Male,47.0,1.0,0.0,2.0,1.0,0.0,148989.15,0.0
655.0,France,Female,32.0,2.0,0.0,1.0,1.0,1.0,71047.51,0.0
667.5753589119822,Spain,Female,30.0,8.0,0.0,2.0,1.0,1.0,89302.5775234566,0.0
574.0,Spain,Male,30.0,4.989145531885163,120355.0,1.0,1.0,0.0,137793.35,0.0
795.0,France,Male,32.0,2.0,117265.21,1.204104868600106,1.0,1.0,198317.23,0.0
776.0,France,Female,43.0,4.0,30510.970286744337,2.0,0.0,1.0,162137.5,0.0
707.0,Spain,Female,52.0,7.0,0.0,1.0,1.0,0.0,109688.82,1.0
705.0,Germany,Female,37.0,4.142927481085283,109974.22,1.0,1.0,1.0,36320.87,1.0
678.0,Germany,Male,44.0,2.0,98009.13,2.0,0.0,1.0,31384.86,0.0
663.0,France,Male,34.0,10.0,102639.34243780044,1.0,1.0,1.0,114083.73,0.0
748.0,France,Male,66.0,6.26433721047543,116960.38839777817,1.2522473261451337,1.0,1.0,163331.65,0.0
677.0,Spain,Male,34.0,10.0,171671.9,1.0,1.0,1.0,50777.77,0.0
720.9238595564448,Spain,Female,53.04016091081638,4.3372197199488784,0.0,1.2948355320959635,1.0,0.0,30772.86,1.0
350.0,France,Female,60.0,3.0,0.0,1.0,0.0,0.0,113796.15,1.0
661.9246818150878,France,Male,61.0,0.0,19979.83387403221,2.0,1.0,1.0,188729.08,0.0
773.0,Germany,Male,37.56717866657833,8.0,120032.86452704853,2.0,1.0,1.0,109931.5146724817,0.0
644.3976684075316,France,Male,39.0,1.0,0.0,2.0,1.0,0.0,153129.22,0.0
649.0,Spain,Male,36.0,6.0,86607.39,1.0,0.0,0.0,19825.09,0.0
552.0,France,Male,29.0,10.0,0.0,2.0,1.0,0.0,12186.83,0.0
761.0,France,Male,62.0,5.0,98854.34,1.0,0.0,0.0,86920.97,1.0
622.0,France,Male,31.0,7.0,0.0,1.0,1.0,0.0,35408.77,0.0
615.0,France,Male,59.0,8.0,0.0,1.7457422166451009,1.0,1.0,165576.55,0.0
681.0,Germany,Male,31.0,4.0,97338.19,2.0,1.0,0.0,48226.76,0.0
768.0,France,Male,30.0,6.0,0.0,2.0,1.0,1.0,199454.37,0.0
617.0,Spain,Male,34.0,9.0,121648.62723788754,1.289280278022765,1.0,0.0,118749.58,0.0
452.0,France,Female,33.0,6.0,131698.57,2.0,1.0,0.0,151623.91,0.0
653.5165728184986,France,Male,37.0,10.0,26973.52753180653,2.0,1.0,1.0,118903.06017829571,0.0
567.0,Spain,Male,44.0,9.0,0.0,2.0,1.0,1.0,87677.15,0.0
603.0,Spain,Male,24.0,1.0,165149.13,2.0,1.0,1.0,21858.28,0.0
617.0,Spain,Male,37.0,5.183662970307347,101707.8,1.0,1.0,0.0,123866.28,0.0
701.0,France,Female,34.0,3.0,105588.66,1.0,0.0,1.0,74694.41,0.0
820.0,Germany,Male,39.0,9.0,111336.89,1.0,1.0,0.0,82692.297847141,1.0
438.0,France,Male,60.0,7.0,78391.17,1.0,0.0,1.0,49424.6,0.0
600.0,Spain,Female,27.0,6.0,0.0,2.0,1.0,1.0,172031.22,0.0
782.0,France,Male,34.0,9.0,0.0,1.0,1.0,0.0,183021.06,1.0
659.4266537015164,Germany,Female,41.0,9.0,144326.09,1.0,1.0,0.0,73979.85,1.0
850.0,Germany,Male,27.0,1.0,101278.25,2.0,1.0,1.0,26265.18,0.0
741.0,Germany,Female,19.0,8.0,108711.57,2.0,1.0,0.0,24857.25,0.0
689.0,Spain,Male,73.0,1.0,108555.07,1.237194368019557,0.0,1.0,167969.15,0.0
743.0,Germany,Female,35.0,5.500049088131131,146781.24,1.0,1.0,0.0,189307.7,0.0
493.0,France,Female,36.0,2.0,0.0,2.0,0.0,1.0,99770.3,0.0
416.0,Spain,Male,35.0,8.0,0.0,1.0,0.0,0.0,119712.78,0.0
725.0,France,Female,25.0,9.0,0.0,2.0,1.0,1.0,168607.74,0.0
497.0,France,Male,34.0,2.0,0.0,2.0,1.0,1.0,83087.13,0.0
646.2292324626593,Germany,Male,66.0,8.0,103291.25,2.0,1.0,1.0,130664.79,0.0
706.0,Spain,Female,29.0,1.0,209490.21,1.0,1.0,1.0,133267.69,1.0
666.8937029678511,France,Male,38.0,4.961516492461437,0.0,3.0,1.0,0.0,96708.30462404566,1.0
648.2158031368994,France,Male,33.0,2.0,0.0,2.0,0.0,1.0,141031.08,0.0
797.0,France,Male,45.0,8.0,0.0,1.0,0.0,0.0,125110.02,0.0
543.0,Spain,Male,23.0,5.0,0.0,2.0,1.0,0.0,117832.39,0.0
454.0,France,Male,34.0,5.273979307830696,0.0,2.0,1.0,0.0,198817.72,0.0
691.0,France,Male,37.0,9.0,149405.18,1.0,1.0,1.0,96846.47523084965,0.0
510.0,France,Male,52.0,4.5768546655145945,191665.21,1.6266566601414865,1.0,1.0,131312.56,1.0
792.0,Spain,Female,40.0,4.697660954602569,0.0,1.0,1.0,0.0,141652.2,0.0
721.0,France,Male,41.0,6.0,135071.12,1.0,1.0,1.0,105395.31699357885,0.0
765.0,France,Male,41.0,2.0,0.0,2.0,0.0,0.0,191215.61,0.0
850.0,Spain,Male,39.0,8.0,21613.478636038413,2.0,1.0,1.0,37090.44,0.0
681.0,Germany,Male,38.0,6.0,181804.34,2.0,1.0,1.0,57517.71,0.0
586.0,France,Female,60.0,3.0,47020.65,2.0,1.0,1.0,63241.21,1.0
753.0,France,Male,36.0,7.0,128518.98,1.4409482436896774,1.0,1.0,44567.83,1.0
593.0,Germany,Female,38.0,5.0,142658.04,2.0,0.0,1.0,135337.11,0.0
674.0,France,Female,21.0,9.0,120150.39,2.0,1.0,1.0,33964.03,0.0
610.0,France,Female,35.0,7.0,81905.95,1.0,1.0,1.0,61623.19,0.0
652.0,France,Male,26.0,3.0,137998.2,2.0,0.0,1.0,168989.77,0.0
850.0,Germany,Female,26.0,8.0,123126.29,1.0,1.0,0.0,74425.41,0.0
740.0,France,Female,51.0,4.0,0.0,1.8125485039844247,1.0,1.0,178929.84,0.0
637.0,Germany,Male,43.0,5.54879624055412,135645.29,2.0,1.0,1.0,101382.86,1.0
685.0,Spain,Male,41.69995196734085,7.0,38772.90922254326,2.0,1.0,1.0,180769.55,0.0
558.0,Spain,Male,40.0,4.0,161766.87,1.0,0.0,0.0,92378.54,0.0
677.0,France,Female,37.0,3.0,0.0,2.0,1.0,1.0,38252.25,0.0
592.0,Germany,Male,41.53565713835538,10.0,123187.51,1.6841825228168725,0.0,1.0,146111.35,0.0
627.888830521991,Germany,Male,36.0,9.0,150956.71,1.5307220174792135,0.0,0.0,72350.17,0.0
662.0,Spain,Female,42.0,6.0,105021.28,1.0,1.0,0.0,48242.38,0.0
543.0,France,Male,64.0,4.0,0.0,2.0,1.0,1.0,148305.82,0.0
675.0,Spain,Female,50.0,1.0,133204.91,1.0,0.0,1.0,8270.06,0.0
643.0,Spain,Male,35.0,6.0,0.0,2.0,1.0,1.0,97967.18855931066,0.0
611.0,Germany,Female,41.503388282725204,5.602741284517444,115488.52,2.0,1.0,1.0,133066.37214517745,0.0
412.0,France,Male,29.0,5.0,0.0,2.0,0.0,0.0,12510.53,0.0
638.0,Spain,Male,41.0,5.337471150983644,34060.904212848065,2.0,1.0,0.0,43889.41,0.0
824.0,Spain,Female,38.0,3.0,0.0,2.0,1.0,0.0,192800.25,0.0
683.0,France,Female,40.0,1.0,0.0,2.0,0.0,0.0,75762.0,0.0
562.0,Germany,Female,39.0,6.0,130565.02,1.0,1.0,0.0,9854.72,1.0
599.0,France,Female,41.0,2.0,91328.71,1.0,1.0,0.0,115724.78,0.0
753.0,France,Male,35.0,4.0,0.0,2.0,1.0,1.0,106303.4,0.0
594.0,France,Male,50.0,7.0,81310.34,1.0,1.0,1.0,183868.01,0.0
657.0,France,Male,34.0,3.0,107136.6,1.0,1.0,0.0,153895.46,0.0
716.0,Spain,Male,34.0,4.901551881862755,0.0,1.0,1.0,1.0,66695.71,0.0
850.0,France,Male,32.08115922683309,7.0,0.0,2.0,1.0,1.0,173851.11,0.0
664.0,France,Male,46.0,2.0,0.0,1.0,1.0,1.0,177423.02,1.0
558.0,Germany,Male,33.0,0.0,108477.49,1.0,1.0,1.0,109096.71,1.0
606.0,Germany,Male,35.79210269957353,1.0,144757.97,2.0,1.0,1.0,166656.18,0.0
776.0,Spain,Male,33.0,2.0,42936.778643296486,2.0,1.0,1.0,176921.0,0.0
557.0,Spain,Male,36.0,1.0,113110.26,1.0,1.0,0.0,104260.47969640746,0.0
614.0,France,Female,27.0,9.0,106414.57,2.0,1.0,0.0,77500.81,0.0
620.0,Spain,Male,38.88178966172046,4.0,106920.91,1.0,0.0,1.0,119747.08,0.0
695.0,Spain,Male,36.54037597747574,5.178340490310922,0.0,2.0,1.0,0.0,160387.98,0.0
729.0,Germany,Female,39.0,1.0,131513.26,1.0,1.0,1.0,193715.0,0.0
571.0,France,Female,53.0,2.0,0.0,2.0,1.0,0.0,28045.77,0.0
457.0,France,Male,40.0,10.0,134320.23,2.0,1.0,0.0,150757.35,0.0
559.0,France,Female,29.0,3.0,79715.36,1.0,1.0,0.0,82252.28,0.0
664.0,France,Female,38.0,4.0,74306.19,2.0,1.0,0.0,154395.56,0.0
652.5708575491141,France,Female,50.0,5.0,0.0,4.0,1.0,1.0,116661.220782358,1.0
782.0,France,Male,34.58358413412296,7.0,126428.38,1.0,1.0,0.0,39830.1,0.0
708.0,Spain,Male,38.0,8.0,99640.89,1.0,1.0,0.0,12429.22,0.0
681.0,France,Male,43.0,3.0,121226.59816480846,1.0,1.0,1.0,18772.5,1.0
674.0,Spain,Female,39.0,6.0,0.0,2.0,1.0,1.0,9574.83,0.0
697.0,Spain,Male,43.0,10.0,128226.37,1.1939438552770105,0.0,1.0,188486.94,0.0
774.0,France,Female,26.0,5.0,0.0,2.0,1.0,1.0,64716.08,0.0
624.0,France,Male,36.0,6.0,0.0,2.0,0.0,0.0,84749.96,0.0
747.0,Spain,Male,37.0,1.0,43788.63275843221,2.0,0.0,1.0,180551.76,0.0
715.0,France,Female,32.0,10.0,0.0,2.0,1.0,1.0,60907.49,0.0
808.0,France,Male,24.0,4.0,122168.65,1.0,1.0,0.0,174107.04,0.0
678.0,France,Female,43.0,7.0,178074.33,1.0,0.0,0.0,110405.9,0.0
813.0,Germany,Male,59.0,2.0,135078.41,1.0,1.0,1.0,187636.06,0.0
650.7134298315873,France,Female,38.0,8.0,87222.6056260301,2.0,1.0,1.0,66580.13,1.0
832.0,France,Female,29.0,5.0,0.0,2.0,1.0,0.0,178779.52,0.0
668.0,France,Male,72.0,5.458722871849528,0.0,2.0,1.0,1.0,70783.61,0.0
526.0,Germany,Male,34.0,3.0,122726.56,1.0,1.0,1.0,46772.36,0.0
457.0,France,Female,38.0,7.0,164496.99,1.0,1.0,1.0,163327.27,0.0
649.0,Spain,Female,38.0,8.0,0.0,1.0,1.0,0.0,103760.53,0.0
669.0,France,Female,41.0,0.0,150219.41,2.0,0.0,0.0,107839.03,0.0
668.0,France,Male,42.0,8.0,187534.79,1.2860247908024673,1.0,1.0,32900.41,1.0
466.0,France,Female,30.0,3.0,0.0,1.0,1.0,0.0,193984.6,0.0
641.4891836612645,France,Male,30.0,2.0,0.0,2.0,1.0,1.0,140889.32,0.0
610.0,France,Male,34.0,0.0,103108.17,1.0,0.0,0.0,125646.82,0.0
582.0,Germany,Female,50.0,6.0,96486.57,2.0,1.0,1.0,20344.02,0.0
702.0,Germany,Male,36.0,9.0,90560.48,1.5473538239696956,1.0,0.0,174268.87,0.0
556.0,Spain,Male,45.351876648297846,3.0,131764.96,1.0,1.0,1.0,108500.66,1.0
812.0,Spain,Female,24.0,1.0,92476.88,1.0,0.0,0.0,83247.14,0.0
638.3520781310157,Germany,Male,47.0,9.0,152076.93,1.0,1.0,0.0,121840.2,1.0
809.0,France,Male,43.0,2.0,36746.605668326614,2.0,1.0,1.0,132908.07,0.0
560.0,France,Male,49.0,4.0,73471.75011029527,1.0,1.0,1.0,100075.1,1.0
744.0,France,Male,29.0,1.0,43504.42,1.0,1.0,1.0,119327.75,0.0
731.0,Spain,Male,39.0,2.0,0.0,2.0,1.0,0.0,136737.13,0.0
471.0,Spain,Female,28.0,5.0,0.0,2.0,1.0,1.0,22356.97,0.0
686.0,Germany,Female,38.0,2.0,93569.86,3.0,0.0,0.0,10137.34,1.0
668.0,Spain,Male,39.18633422809319,4.0,102486.21,2.0,1.0,1.0,94845.74690680826,0.0
575.0,France,Male,36.0,1.0,90837.39798339744,1.0,0.0,1.0,94570.56,0.0
435.0,Germany,Male,37.0,4.155524904441415,114346.3,1.0,0.0,1.0,980.93,1.0
743.0,France,Male,23.0,3.0,110203.77,1.0,1.0,0.0,95583.45,0.0
580.0,France,Female,39.0,9.0,128362.59,1.0,1.0,0.0,86044.98,0.0
557.2485072264876,Germany,Male,44.883768873138635,10.0,143888.22,1.7375331750130243,1.0,1.0,166236.38,1.0
534.0,Spain,Male,34.0,4.969675503948595,170600.78,1.0,0.0,1.0,5240.53,0.0
680.0,France,Female,39.80034253188947,5.0,0.0,1.0,1.0,1.0,150684.23,0.0
631.0,Spain,Male,46.0,5.968296341763908,36273.83095135475,2.0,1.0,1.0,130363.64318477998,0.0
485.0,France,Female,39.0,2.0,75339.64,1.0,1.0,1.0,70665.16,0.0
699.0,France,Female,40.0,8.0,122038.34,1.0,1.0,0.0,102085.35,0.0
712.0,France,Male,34.0,1.0,0.0,1.8310086603349223,1.0,1.0,195052.12,0.0
669.9620159332321,France,Male,47.458591050996,8.0,97562.77635039401,1.0,1.0,0.0,93739.71,1.0
850.0,France,Male,40.0,6.0,124788.18,1.0,1.0,0.0,65612.12,0.0
584.0,France,Female,41.0,3.0,0.0,2.0,1.0,1.0,160095.48,0.0
604.0,France,Female,71.0,2.0,0.0,2.0,1.0,1.0,94615.34633037812,0.0
586.0,France,Male,51.0,2.0,138553.57,1.0,1.0,1.0,92406.22,0.0
467.0,Spain,Male,39.0,5.0,0.0,2.0,1.0,1.0,7415.96,0.0
520.0,France,Male,35.0,9.0,105387.89,1.0,1.0,1.0,25059.06,0.0
683.0,Spain,Male,40.0,4.0,95053.1,1.6290041396570858,1.0,1.0,116816.54,1.0
557.0,France,Male,36.0,3.0,0.0,1.0,0.0,1.0,144078.02,0.0
613.0,Spain,Female,32.0,0.0,0.0,2.0,0.0,1.0,126675.62,0.0
786.0,France,Male,34.0,3.0,137361.96,1.0,0.0,0.0,183682.09,0.0
593.0,Spain,Male,32.0,10.0,158537.42,1.2801573764691316,1.0,0.0,166850.57,0.0
670.0,Spain,Female,29.0,9.0,0.0,2.0,1.0,0.0,27359.19,0.0
657.0,Germany,Female,48.0,5.0,143595.87,1.0,0.0,0.0,101314.65,1.0
718.0,Germany,Male,32.0,9.0,169947.41,2.0,1.0,1.0,27979.16,0.0
623.0,France,Female,24.0,7.0,148167.83,2.0,1.0,1.0,109470.34,0.0
496.0,France,Male,31.0,5.0,0.0,2.0,1.0,0.0,93713.13,0.0
429.0,France,Female,39.0,6.0,48023.83,1.0,1.0,0.0,74870.99,0.0
606.0,France,Male,36.0,1.0,155655.46,1.0,1.0,1.0,192387.51,1.0
499.0,France,Male,46.0,6.0,0.0,2.0,1.0,0.0,73457.55,0.0
642.0,France,Male,62.0,4.807484533403979,0.0,2.0,1.0,1.0,61120.75,0.0
641.0,France,Female,45.06924672710186,4.0,0.0,1.0,1.0,0.0,90964.54,1.0
673.0,France,Male,32.0,8.0,121240.76,1.242690748465108,1.0,0.0,116969.73,0.0
570.0,France,Female,36.0,3.0,0.0,2.0,1.0,0.0,92118.75,0.0
472.0,France,Female,37.0,1.0,0.0,2.0,1.0,1.0,48357.9,0.0
550.0,Germany,Male,38.118893907909445,9.0,115504.23756436125,2.0,1.0,0.0,197325.4,0.0
625.0,Germany,Male,47.01620020317357,6.205071084493218,118772.71,4.0,0.0,1.0,135853.62,1.0
516.0,France,Male,46.0,2.0,0.0,1.706939701350414,1.0,1.0,169122.54,0.0
682.0,Germany,Male,32.0,4.582137964095832,105163.88,2.0,1.0,1.0,164170.46,0.0
620.0,France,Male,28.0,8.0,125082.92723373091,1.471490461608928,1.0,1.0,199909.32,0.0
626.0,France,Female,39.0,0.0,0.0,2.0,1.0,1.0,83295.09,0.0
623.0,France,Female,29.0,1.0,0.0,2.0,0.0,0.0,39382.06,0.0
569.0,France,Female,35.0,4.0,93934.63,1.0,1.0,0.0,184748.23,0.0
724.0,France,Female,69.0,5.0,117866.92,1.0,1.0,1.0,62280.91,0.0
678.0,France,Female,55.0,5.0,0.0,1.0,0.0,0.0,196794.11,1.0
713.0,Spain,Female,26.0,4.0,122857.46,2.0,1.0,0.0,144682.17,1.0
631.0,France,Male,32.0,10.0,38587.87988598016,2.0,1.0,1.0,196342.66,0.0
846.0,France,Female,37.0,6.0,94956.71100592626,1.0,1.0,1.0,41516.44,0.0
660.0,France,Female,43.0,1.0,0.0,1.0,0.0,1.0,112026.1,1.0
567.0,France,Male,54.0,9.0,96402.96,1.0,1.0,0.0,52035.29,1.0
731.0,France,Male,31.0,1.0,132512.26,1.0,1.0,1.0,185466.85,0.0
693.0,Spain,Male,47.0,8.0,94160.4258897751,1.0,1.0,1.0,90983.23378681816,0.0
772.0,France,Male,34.0,9.0,30319.341766612073,2.0,1.0,0.0,170980.86,0.0
657.0,France,Male,38.0,7.0,0.0,2.0,1.0,0.0,185827.74,0.0
774.0,Germany,Male,34.0,4.714983364558586,120875.23,2.0,0.0,1.0,113407.26,0.0
663.781539716529,France,Female,37.0,9.0,71786.9,2.0,1.0,1.0,67734.79,0.0
516.0,France,Female,37.0,8.0,113143.12,1.0,0.0,0.0,3363.36,0.0
551.0,Spain,Male,49.0,1.0,150777.72,2.0,1.0,1.0,135757.27,0.0
542.0,Spain,Male,35.0,2.0,174894.53,1.5950127997662251,1.0,1.0,22314.55,0.0
623.0,France,Male,28.0,7.0,0.0,1.7863285929199046,0.0,0.0,129526.57,0.0
701.0,France,Female,43.0,2.0,160416.56,1.0,0.0,1.0,37266.43,0.0
583.0,France,Male,48.0,3.0,91246.53,1.0,1.0,0.0,60017.46,1.0
656.984028698513,Spain,Male,40.33550946337089,10.0,26195.18872407665,2.0,1.0,1.0,153015.42,0.0
461.0,France,Female,35.0,5.0,0.0,1.0,1.0,1.0,54209.02,0.0
702.0,Germany,Female,23.0,7.0,98775.23,1.4401665114429745,1.0,0.0,114603.96,0.0
565.0,Germany,Female,44.807078360157796,10.0,139756.12,1.5643349738699392,1.0,0.0,165849.49,1.0
711.0,France,Male,43.38301081318954,5.620481115410979,177626.77,1.1156691055906733,1.0,0.0,16392.72,1.0
664.0,France,Male,48.086907504297024,4.765878803125028,0.0,1.0,1.0,0.0,162719.69,1.0
518.0,Spain,Male,50.0,4.0,0.0,1.0,0.0,0.0,107112.25,1.0
659.7872475328734,France,Male,42.0,8.0,0.0,1.8275363379157932,0.0,1.0,41823.22,0.0
585.0,Germany,Male,37.0,6.0,152496.82,1.0,1.0,1.0,99907.29,0.0
674.9885551577681,France,Male,52.0,5.381805831487893,0.0,1.8239440849992425,0.0,1.0,130443.37809956544,0.0
568.0,Germany,Male,26.0,1.0,112930.28,2.0,1.0,0.0,22095.73,0.0
602.0,Germany,Male,44.57200384417066,6.960311676609356,113674.2,1.6188952490540822,1.0,0.0,197861.16,1.0
603.0,France,Male,44.0,9.0,0.0,1.0,1.0,1.0,138328.24,0.0
634.2409452396055,France,Male,38.0,0.0,144450.58,1.0,0.0,1.0,137276.83,0.0
741.0,France,Male,39.0499709538786,1.0,171236.3,2.0,0.0,0.0,21834.4,1.0
469.0,Spain,Male,37.0,9.0,116012.66613500164,1.0,1.0,1.0,119890.86,0.0
477.0,Germany,Female,58.0,8.0,145984.92,1.0,1.0,1.0,24564.7,0.0
737.0,Germany,Male,43.0,8.0,96353.8,1.0,0.0,0.0,10209.8,0.0
835.0,France,Male,25.0,5.735775519520239,0.0,2.0,1.0,1.0,100464.14445542071,0.0
717.0,Germany,Female,33.0,0.0,115777.23,1.0,1.0,1.0,81508.1,0.0
640.9713070585128,France,Female,51.0,7.0,122822.0,2.0,0.0,0.0,32626.21,0.0
758.0,Spain,Male,61.0,2.0,0.0,2.0,1.0,1.0,43982.41,0.0
408.0,France,Male,40.0,3.0,0.0,2.0,0.0,0.0,124874.23,0.0
650.0,Spain,Female,32.0,4.0,79450.09,1.0,1.0,1.0,118324.75,0.0
582.0,Germany,Male,33.0,2.0,122394.0,1.0,1.0,1.0,22113.93,0.0
706.0,Spain,Female,43.0,1.0,0.0,2.0,1.0,0.0,91644.58534702161,0.0
646.836920078925,Germany,Male,41.0,0.0,134378.89,1.0,1.0,1.0,105746.94,0.0
720.0,France,Male,29.0,2.0,0.0,2.0,1.0,0.0,39925.52,0.0
631.0,Spain,Female,31.0,2.0,88161.85,2.0,1.0,1.0,98560.42565934888,0.0
623.0,Spain,Male,41.0,2.0,142412.13,1.0,1.0,0.0,108210.6608845207,0.0
514.0,France,Male,35.0,3.0,121030.9,1.0,1.0,0.0,10008.68,0.0
650.0,Germany,Male,35.0,3.0,165982.43,2.0,1.0,1.0,89671.59320851087,0.0
673.0,Spain,Female,35.0,6.0,0.0,2.0,1.0,0.0,98618.79,0.0
504.0,France,Female,32.0,8.0,206663.75,1.0,0.0,0.0,16281.94,0.0
723.0,Germany,Male,37.0,4.904743409596627,94661.53,2.0,1.0,0.0,121239.65,0.0
645.0,France,Male,25.0,0.0,174400.36,1.0,1.0,0.0,42669.37,0.0
664.0,France,Male,38.034696907898706,7.0,123428.69,1.0,1.0,1.0,164924.11,0.0
760.0,France,Male,43.0,6.0,175735.5,1.1684713345151687,1.0,1.0,76568.89500682622,0.0
766.0,Spain,Male,36.0,5.0,78381.13,1.0,0.0,1.0,153831.6,0.0
634.0,Germany,Male,37.0,5.0,115345.86,2.0,0.0,0.0,168781.8,0.0
640.0,Germany,Female,31.0,10.0,118613.34,1.0,1.0,0.0,168469.65,0.0
784.0,Germany,Male,28.0,2.0,115766.37235810077,2.0,1.0,1.0,170829.87,0.0
547.0,Germany,Female,42.0,1.0,142703.4,1.0,1.0,0.0,86207.49,1.0
608.0,France,Female,40.0,8.0,121729.42,1.0,0.0,0.0,61164.45,0.0
547.0,France,Female,35.0,4.0,0.0,1.0,1.0,1.0,133287.73,0.0
612.0,Germany,Female,43.0,4.0,139496.35,2.0,1.0,1.0,77128.23,0.0
573.0,Spain,Male,28.0,8.0,0.0,2.0,0.0,0.0,77660.03,0.0
615.0,France,Male,32.0,5.0,138521.83,1.0,1.0,1.0,56897.1,0.0
710.0,France,Female,33.0,2.0,0.0,2.0,1.0,0.0,72945.32,0.0
674.0,Germany,Female,38.0,10.0,83727.68,1.0,1.0,0.0,45418.12,0.0
633.2793719255877,Spain,Female,35.61259128886726,9.0,0.0,2.0,1.0,1.0,158527.45,0.0
616.0,France,Male,37.0,9.0,0.0,1.0,1.0,0.0,111312.96,0.0
688.0,Spain,Male,40.03228774042735,6.0,95763.63477833943,1.0,1.0,1.0,138759.15,0.0
605.0,France,Male,36.0,5.382458912555775,128829.25,1.0,1.0,0.0,190588.59,0.0
676.0,France,Male,33.0,6.0,171490.78,1.0,0.0,0.0,79099.64,0.0
708.0,Spain,Male,33.0,3.0,21578.02111959918,2.0,1.0,0.0,138613.21,0.0
745.0,Spain,Female,38.0,5.337648497530625,27752.191342619983,2.0,1.0,1.0,124389.96354399911,0.0
661.0,Spain,Male,20.0,8.0,0.0,1.0,1.0,1.0,110252.53,0.0
726.0,France,Male,31.0,5.406439629472863,0.0,2.0,1.0,1.0,100273.57245678401,0.0
475.0,France,Male,40.0,7.0,160818.08,1.986942267962311,1.0,1.0,169642.13,1.0
751.0,France,Male,54.0,9.0,156367.6,1.183785075609251,1.0,1.0,116179.92,0.0
645.0,Germany,Female,59.0,8.0,121669.93,2.0,1.0,0.0,91.75,1.0
775.0,France,Male,39.37395602908239,6.0,133970.22,2.0,0.0,1.0,120089.52796898213,0.0
540.0,France,Male,41.0,3.0,0.0,2.0,1.0,0.0,121098.65,0.0
591.0,France,Female,34.0,3.0,96127.27,1.0,0.0,0.0,30972.06,0.0
596.0,Spain,Male,60.0,7.0,121907.97,1.0,0.0,1.0,30314.04,0.0
573.0,Spain,Male,41.0,5.0,0.0,2.0,0.0,1.0,14479.29,0.0
577.0,Spain,Male,41.20788516026284,4.8694398721840475,0.0,1.0,1.0,1.0,96734.36198631921,0.0
830.0,Germany,Female,40.0,8.0,77701.64,1.0,0.0,1.0,19512.38,0.0
695.7002060660669,France,Male,67.0,9.0,0.0,3.0,1.0,1.0,72318.77,0.0
421.0,France,Male,34.0,2.0,0.0,2.0,1.0,1.0,96615.23,0.0
718.0,Spain,Male,34.0,5.0,113922.44,2.0,1.0,0.0,30772.22,0.0
655.0,Germany,Male,61.0,2.0,183997.7,2.0,1.0,1.0,161217.18,0.0
712.0,France,Male,23.0,2.0,0.0,2.0,0.0,1.0,66795.78,0.0
663.0,France,Male,28.0,4.0,41349.69594261116,2.0,1.0,1.0,123969.64,0.0
640.0,France,Female,47.0,5.869618313422073,89799.46,1.434554448598447,0.0,1.0,13783.77,1.0
577.0,Spain,Male,37.250414875568566,2.0,0.0,1.0,1.0,1.0,168924.41,0.0
546.0,Spain,Female,36.0,7.0,85660.96,1.0,0.0,0.0,134778.01,0.0
802.0,France,Male,37.0,9.0,115569.21,1.0,0.0,1.0,119782.89,0.0
590.0,France,Female,45.0,2.0,81828.22,1.0,1.0,0.0,52167.97,0.0
594.0,Germany,Male,18.0,1.0,132694.73,1.0,1.0,0.0,167689.56,0.0
577.0,Germany,Male,51.0,2.0,108867.0,1.0,0.0,0.0,140800.66,1.0
541.0,France,Male,39.0,7.0,0.0,2.0,1.0,0.0,19823.02,0.0
781.0,France,Female,27.0,5.0,0.0,2.0,0.0,0.0,72969.9,0.0
806.0,Germany,Male,34.0,2.0,107749.31328193507,2.0,1.0,0.0,143711.02,0.0
723.0,Germany,Female,49.0,3.9355905771791573,153855.52,1.0,1.0,0.0,180862.26,1.0
535.0,France,Male,45.0,2.0,0.0,2.0,1.0,0.0,125658.28,0.0
768.0,France,Female,36.0,3.0,141334.95,1.0,0.0,1.0,125870.5,0.0
653.0,Germany,Male,41.0,1.0,104584.11,1.0,1.0,0.0,15126.32,1.0
803.0,Germany,Female,50.0,8.0,98173.02,1.0,1.0,0.0,22457.25,1.0
545.0,Spain,Female,44.0,1.0,0.0,2.0,1.0,1.0,82614.89,0.0
581.0,Germany,Female,38.0,3.0,135157.05,1.0,1.0,1.0,32919.42,0.0
513.0,Germany,Female,49.0,5.0,171601.27,1.0,1.0,0.0,126223.84,0.0
731.0,France,Male,29.0,5.0,91689.5068074231,1.0,0.0,0.0,112010.02,0.0
727.0,Germany,Male,39.0,3.655221501544806,80615.46,2.0,0.0,0.0,180962.32,0.0
560.0,Spain,Male,47.0,1.0,0.0,1.0,0.0,0.0,128882.66,1.0
668.2443431709654,Germany,Male,27.0,4.653823518445788,122725.57071471283,1.0,1.0,0.0,177614.17,1.0
630.0,Germany,Female,23.0,4.0,137964.51,1.0,0.0,1.0,174570.55,0.0
652.0,France,Male,41.0,9.0,159434.03,1.0,1.0,0.0,178373.93,0.0
729.0,Germany,Male,40.0,5.0,113574.61,2.0,1.0,0.0,103396.08,0.0
629.0,France,Female,33.0,6.0,0.0,2.0,1.0,1.0,59129.72,0.0
667.0,Germany,Male,33.0,9.0,124573.33,2.0,0.0,0.0,683.37,0.0
671.0,Germany,Female,31.0,6.0,112995.96391823363,2.0,1.0,0.0,145567.34,0.0
768.0,Germany,Female,47.0,5.0,104552.61,1.1164357143660097,1.0,0.0,48137.08,1.0
732.0,France,Female,35.0,3.0,0.0,2.0,1.0,0.0,90876.95,0.0
546.0,France,Female,30.0,5.0,0.0,2.0,0.0,1.0,198543.09,0.0
630.0,France,Male,55.0,5.134733075796912,0.0,1.0,1.0,1.0,106202.07,1.0
765.0,Germany,Male,38.77637453267327,8.0,119492.88,2.0,1.0,1.0,166896.01,0.0
704.0,France,Female,33.0,0.0,130499.09,1.210898487992537,1.0,1.0,74804.36,0.0
470.0,Spain,Female,48.0,6.0,140576.11,1.0,1.0,1.0,116971.05,0.0
629.7851660160413,Germany,Female,34.0,9.0,91025.58,2.0,1.0,1.0,163783.0,0.0
685.0,France,Female,33.0,1.0,0.0,3.0,0.0,1.0,70221.13,1.0
567.0,France,Female,38.0,1.0,125877.65,2.0,1.0,1.0,107841.77,0.0
720.0,Spain,Male,64.0,3.0,45752.78,2.0,1.0,0.0,109523.58888136297,0.0
609.0,France,Male,39.0,3.0,121778.71,1.234674422041063,1.0,1.0,113738.27967050624,0.0
521.0,Germany,Female,49.0,2.0,127948.57,1.0,1.0,1.0,182765.14,0.0
556.0,France,Female,30.0,7.0,0.0,2.0,1.0,1.0,186648.19,0.0
662.0,Germany,Male,30.0,5.0,115286.68,1.5172443028575842,1.0,1.0,149587.92,0.0
704.0,Germany,Male,41.0,9.0,62078.21,2.0,1.0,0.0,129050.67,0.0
750.0,France,Female,38.0,1.0,0.0,2.0,1.0,0.0,47764.99,0.0
610.0131046734743,Spain,Female,32.0,4.0,72390.91485730417,2.0,1.0,1.0,172792.43,1.0
468.0,Spain,Male,26.0,1.0,131643.25,1.0,1.0,0.0,64436.16,0.0
635.4123954279212,Germany,Male,44.0,3.0,151739.65,1.0,1.0,0.0,167461.5,0.0
529.0,France,Male,43.0,6.0,93616.35,2.0,0.0,0.0,98348.66,0.0
702.0,Germany,Female,60.0,5.0,121908.68062539131,2.0,1.0,1.0,90266.5760765308,1.0
608.0,France,Female,41.0,5.0,0.0,2.0,1.0,1.0,72462.25,0.0
652.5056319285125,France,Female,40.0,9.0,0.0,1.4044162607242312,1.0,0.0,112465.19,1.0
666.0,France,Female,27.0,1.0,85225.21,1.0,0.0,1.0,64511.44,0.0
730.0,France,Female,36.0,8.0,148749.29,2.0,1.0,0.0,91830.75,0.0
647.0,France,Male,48.29373282276164,7.0,66374.3317996102,1.0,1.0,0.0,190806.36,1.0
516.0,Spain,Female,27.0,1.0,0.0,1.0,0.0,1.0,112311.15,0.0
711.0,France,Female,81.0,6.0,0.0,2.0,1.0,1.0,72276.24,0.0
736.0,France,Male,54.0,7.0,111729.47,2.0,0.0,1.0,84920.49,0.0
768.0,France,Female,36.0,5.0,180169.44,2.0,1.0,0.0,17348.56,0.0
648.7611436982825,Spain,Male,40.0,8.0,0.0,2.0,1.0,1.0,82870.75,0.0
686.0,Spain,Female,47.0,6.0,0.0,1.0,1.0,0.0,32080.69,1.0
634.2474075497969,France,Female,42.0,5.0,0.0,2.0,0.0,1.0,120512.08,0.0
647.0,Spain,Female,29.0,2.0,0.0,2.0,1.0,0.0,179032.68,0.0
714.0,France,Male,35.0,3.0,0.0,2.0,1.0,1.0,95623.28,0.0
736.0,Germany,Female,44.14251738334747,8.0,119122.61622704695,1.0,1.0,1.0,110035.88,1.0
608.0,France,Male,34.0,4.0,88772.87,1.0,1.0,1.0,168822.01,0.0
809.0,France,Female,39.0,5.0,100640.47891587937,1.0,1.0,0.0,77705.75,0.0
745.0,France,Male,40.0,6.0,131184.67,1.0,1.0,1.0,49815.62,0.0
781.0,France,Male,38.0,2.0,117810.79,1.0,0.0,1.0,65632.33,1.0
527.0,France,Male,31.0,4.0,0.0,1.0,1.0,0.0,169361.89,0.0
595.0,Germany,Female,32.0,0.0,92466.21,1.0,1.0,0.0,4721.3,0.0
850.0,Germany,Female,38.0,2.0,102741.15,2.0,0.0,1.0,23974.85,0.0
569.0,France,Male,37.0,9.0,99220.33358118344,1.0,1.0,0.0,199929.17,0.0
728.0,France,Male,33.82675062173486,7.0,41218.07256758671,2.0,1.0,0.0,40023.7,0.0
473.0,Germany,Female,32.0,5.0,146602.25,2.0,1.0,1.0,72946.95,0.0
738.0,France,Male,29.0,2.0,0.0,2.0,1.0,1.0,170421.13,0.0
659.0,France,Male,35.0,6.0,0.0,2.0,1.0,1.0,58879.11,0.0
597.0,Spain,Male,38.0,5.893442090056561,115702.67,2.0,1.0,1.0,25059.05,0.0
445.0,Germany,Female,61.0,2.0,137655.31,1.0,0.0,1.0,29909.84,0.0
671.0,France,Female,29.0,3.0,0.0,2.0,1.0,0.0,158043.11,0.0
656.0,Spain,Female,34.0,6.0,59877.33,1.0,1.0,0.0,14032.62,1.0
658.0,France,Male,31.0,5.0,100082.14,1.235570217552701,0.0,1.0,114019.98043134052,0.0
698.0,Germany,Male,40.06674834598458,4.210185561043982,107304.39,3.0,1.0,1.0,28806.32,0.0
655.0,Spain,Male,38.0,5.822610285109227,0.0,1.0,0.0,1.0,90490.33,0.0
772.0,Spain,Female,41.0,10.0,95536.28698397355,1.0,1.0,1.0,75825.57,0.0
681.0,France,Male,33.0,10.0,0.0,1.0,0.0,0.0,158336.36,0.0
688.0,Germany,Male,38.53403556131181,9.0,144553.5,2.0,1.0,1.0,143454.95,0.0
633.0,Germany,Male,40.0,5.0,124957.66385915068,1.7699927278718048,1.0,1.0,117279.49,0.0
735.0,France,Male,73.0,9.0,0.0,1.8982612449608185,1.0,1.0,114283.33,0.0
521.0,France,Female,29.0,2.0,87212.8,1.0,1.0,1.0,994.86,0.0
541.0,France,Male,36.0,5.0,0.0,2.0,1.0,0.0,124795.84,0.0
612.0,Germany,Female,36.0,2.0,130700.92,2.0,0.0,0.0,77592.8,0.0
562.0,France,Male,62.0,3.0,0.0,2.0,1.0,0.0,105986.01,0.0
703.0,France,Female,32.0,6.0,0.0,2.0,0.0,0.0,33606.52,0.0
669.3788674048826,France,Male,40.49858662609192,6.0,0.0,1.8300234240170954,1.0,1.0,115887.48673901419,0.0
581.8422080183631,Spain,Female,40.0,4.1402903394792245,171325.98,1.7212757087889676,1.0,1.0,159718.27,1.0
703.0,Spain,Male,58.0,4.0,92930.92,1.0,0.0,1.0,85148.78,0.0
618.0,France,Female,40.0,0.0,0.0,1.0,1.0,0.0,119059.13,0.0
689.0,France,Female,29.0,1.0,77556.79,2.0,1.0,1.0,122998.26,0.0
718.0,France,Male,33.0,7.0,102874.28,1.0,0.0,0.0,117841.06,0.0
608.0,France,Male,37.0,5.0,146093.39,2.0,0.0,1.0,160593.41,0.0
638.1854661457922,Spain,Male,34.0,2.0,0.0,1.0,0.0,0.0,174189.04,1.0
753.0,Spain,Male,48.621237954028764,5.401618916358975,79811.72,2.0634986911026787,0.0,1.0,109592.83270178341,1.0
630.0,Spain,Male,39.0,10.0,105473.74,1.4281987263600566,0.0,0.0,58854.88,1.0
656.4498942010455,Germany,Male,43.0,1.0,121927.92,1.0,1.0,0.0,87994.95,1.0
838.0,Spain,Female,40.0,6.0,99707.10834264415,1.0,0.0,1.0,150659.35,0.0
756.0,Germany,Female,39.0,5.0,149363.12,1.5787007904859156,1.0,1.0,98846.217500211,0.0
775.0,France,Female,27.0,4.0,152309.37,1.0,1.0,0.0,104112.0,0.0
635.0,France,Female,33.0,5.0,0.0,2.0,1.0,0.0,122949.71,0.0
705.0,Spain,Male,36.0,4.438314936831944,111629.29,1.0,1.0,1.0,21807.16,0.0
481.0,France,Male,40.0,3.0,0.0,1.0,1.0,1.0,32319.93,0.0
653.2617492662486,France,Male,49.61390364876925,7.0,96296.78,1.755939408410521,1.0,0.0,124769.95686432066,1.0
595.0,France,Male,20.0,4.0,95830.43,1.0,1.0,0.0,177738.98,0.0
535.0,France,Female,38.0,0.0,135919.33,1.0,1.0,0.0,80425.65,0.0
578.0,France,Male,59.0,10.0,185966.64,1.2835207479566026,0.0,0.0,9445.42,1.0
597.0,France,Female,41.99168695103565,5.0,0.0,2.0,1.0,1.0,174825.57,0.0
449.0,France,Female,21.0,7.0,0.0,2.0,0.0,0.0,175743.92,0.0
850.0,Germany,Female,43.0,8.0,92244.83,2.0,1.0,0.0,54949.73,0.0
494.0,France,Female,35.0,9.0,112727.06,2.0,1.0,1.0,88874.94282437429,0.0
676.0,France,Female,34.0,8.0,100359.54,1.0,0.0,0.0,46038.28,0.0
680.9257895206748,France,Male,42.997725305769535,5.510734579922001,109418.38919009671,1.0,1.0,1.0,104045.56739859833,0.0
712.0,Spain,Male,45.0,6.0,112994.65,1.0,0.0,0.0,198398.68,0.0
667.3084652543788,Germany,Male,40.0,4.0,89025.88,2.0,1.0,0.0,188892.19,0.0
636.0,France,Male,35.0,9.0,95478.17,1.0,0.0,0.0,169286.74,0.0
698.0,France,Male,37.0,8.0,0.0,2.0,0.0,0.0,145004.39,0.0
597.0,Germany,Male,43.0,7.0,119127.46,2.0,1.0,0.0,55809.92,0.0
717.0,France,Male,28.0,4.0,128206.79,1.0,1.0,1.0,54272.12,0.0
614.0,France,Male,47.77610105880018,1.0,34372.99651947962,2.0,1.0,1.0,192440.54,0.0
708.0,Germany,Female,35.482016381245295,4.0,71433.08,1.0,1.0,0.0,103697.57,0.0
507.0,France,Female,47.84436023678137,9.0,83572.78131495975,3.0,1.0,0.0,116007.47000149701,1.0
581.0,France,Female,27.0,5.0,102258.11,2.0,1.0,0.0,194681.6,0.0
579.0,Spain,Female,39.0,2.0,151963.26,2.0,1.0,0.0,158948.63,0.0
504.0,Spain,Female,46.0,2.0,163764.84,1.0,1.0,1.0,165122.55,1.0
654.7062743774934,France,Female,32.0,7.0,128551.36,2.0,0.0,1.0,189402.71,0.0
540.0,Spain,Female,39.20153188208021,10.0,118158.74,1.2135746453715979,1.0,1.0,158027.57,0.0
609.0,France,Male,32.0,7.0,118520.41,1.0,0.0,0.0,3815.48,0.0
778.0,France,Male,24.0,4.0,0.0,2.0,1.0,1.0,162809.2,0.0
621.0,France,Male,40.0,10.0,163823.37,1.0,0.0,0.0,89519.47,0.0
655.406863593146,Germany,Male,43.89926413471407,7.0,104469.58,1.0,1.0,1.0,96191.84235424992,1.0
608.0,France,Female,47.0,6.0,0.0,1.0,1.0,1.0,126012.57,0.0
680.0,Spain,Male,36.0,7.0,0.0,2.0,1.0,0.0,20109.21,0.0
663.0,Germany,Female,46.0,2.0,141726.88,1.0,1.0,1.0,58257.23,0.0
613.0236866581291,Germany,Female,35.0,2.0,137852.96,1.0,1.0,1.0,172269.21,1.0
607.0,France,Male,26.0,1.0,0.0,1.0,1.0,0.0,29818.2,0.0
681.0,France,Male,43.0,8.0,154100.3,1.0,0.0,0.0,114659.81,0.0
766.0,France,Female,45.0,6.0,0.0,2.0,0.0,0.0,147184.74,0.0
694.0,France,Male,30.0,2.0,0.0,3.0,0.0,1.0,15039.41,0.0
411.0,France,Female,54.0,9.0,0.0,1.0,0.0,1.0,76621.49,0.0
742.0,France,Male,39.0,8.0,140004.96,1.0,1.0,1.0,92985.78,0.0
673.0,Germany,Male,43.0,5.324976170916208,127132.96,1.0,0.0,1.0,101397.65891450286,1.0
529.0,France,Male,61.0,4.0711986927266635,0.0,2.0,1.0,1.0,191370.97,0.0
519.0,France,Female,38.0,7.0,125328.56,1.0,1.0,0.0,188225.67,0.0
609.8618261609212,France,Male,35.0,9.0,0.0,2.0,1.0,0.0,11743.89,0.0
453.0,Germany,Female,28.0,3.0,139986.65,1.0,1.0,0.0,136846.75,0.0
798.0,Germany,Female,39.0,4.600413436880155,119787.76,1.0,1.0,1.0,164248.33,0.0
693.0,Spain,Female,34.0,10.0,107556.06,1.2964541578999669,0.0,0.0,154631.35,0.0
637.0,France,Female,44.0,2.0,0.0,2.0,1.0,0.0,149665.65,0.0
672.0,France,Male,47.0,1.0,84153.7769995851,1.0,0.0,0.0,91574.92,0.0
597.0,France,Female,28.0,0.0,142705.95,1.0,1.0,0.0,127233.39,0.0
543.0,France,Male,39.095593398964766,7.0,0.0,1.0,1.0,1.0,56650.47,0.0
695.0,Spain,Female,56.0,4.0,0.0,2.0,1.0,0.0,84644.76,0.0
584.0,France,Male,35.0,6.0,161613.94,2.0,1.0,1.0,87254.30121136045,0.0
652.0,Germany,Female,35.80002517109792,3.0,118048.85668750778,2.0,0.0,1.0,193502.9,0.0
601.0,France,Male,38.0,4.987872994070801,60013.81,1.0,1.0,1.0,38020.05,0.0
628.0,Spain,Male,39.3261984174591,4.0,0.0,2.0,1.0,1.0,176750.81,0.0
607.0,Germany,Male,32.0,9.0,144272.07,2.0,1.0,0.0,176580.63,0.0
646.0,France,Female,46.0,8.0,0.0,2.0,1.0,0.0,133059.15,0.0
572.0,France,Male,30.0,6.0,117696.67,1.0,1.0,0.0,100843.82,0.0
801.0,Spain,Male,58.0,1.0,105006.47518028796,1.1296342080074737,1.0,1.0,30484.19,0.0
597.0,France,Female,26.0,8.0,149989.39,1.0,1.0,0.0,42330.58,0.0
613.0,France,Male,40.0,7.0,124339.9,1.0,0.0,0.0,193309.58,0.0
529.0,Germany,Male,29.0,4.0,135759.4,1.0,0.0,0.0,112813.79,1.0
794.0,Spain,Female,37.16273022759925,9.0,0.0,2.0,1.0,1.0,68008.85,0.0
557.0,France,Male,34.0,3.0,83074.0,1.0,1.0,0.0,132673.22,0.0
655.0961730734132,France,Female,28.0,4.0,141792.61,1.0,1.0,1.0,22001.91,0.0
544.0,France,Female,26.0,6.0,0.0,1.0,1.0,0.0,100200.4,1.0
739.0,France,Female,30.0,6.0,0.0,1.0,0.0,0.0,122604.44,0.0
458.0,Germany,Female,43.0,1.0,106870.12,2.0,1.0,0.0,100564.37,0.0
528.0,France,Male,31.0,9.0,120962.59,1.0,1.0,0.0,5419.31,0.0
773.0,Spain,Male,51.0,4.0,0.0,2.0,0.0,0.0,123587.83,1.0
646.0,France,Female,30.0,5.0,0.0,2.0,1.0,0.0,13935.32,0.0
564.0,France,Male,31.0,0.0,110527.17,1.0,1.0,1.0,87060.77,0.0
624.0,Germany,Female,52.0,0.0,133723.43,1.0,0.0,0.0,4859.59,1.0
682.0,France,Female,52.0,5.0,112670.48,1.0,1.0,0.0,21085.17,1.0
726.0,France,Female,44.0,4.718379509102784,0.0,2.0,1.0,1.0,26733.86,0.0
560.0,France,Male,24.0,1.0,116084.32,1.0,1.0,0.0,98896.10089465165,0.0
382.0,France,Male,36.0,0.0,0.0,1.0,1.0,1.0,179540.73,1.0
457.0,Spain,Female,38.0,5.339677672289645,0.0,2.0,1.0,0.0,173219.09,0.0
673.0,France,Female,37.0,10.0,0.0,2.0,1.0,1.0,37411.35,0.0
584.0,France,Female,40.0,4.0,82441.75,1.0,0.0,0.0,80852.11,0.0
629.0,France,Female,39.0,10.0,40877.15316237975,2.0,1.0,1.0,43174.49,1.0
584.0,Germany,Male,41.91705592034197,5.582901207611528,134171.8,4.0,1.0,0.0,117182.11182499603,1.0
724.0,France,Male,30.0,10.0,0.0,2.0,1.0,1.0,54265.55,0.0
644.0,France,Male,31.0,5.0,0.0,2.0,1.0,1.0,41872.17,0.0
676.0,Germany,Female,48.0,2.0,124442.38,1.0,1.0,0.0,15068.53,1.0
499.0,France,Male,31.0,4.0,0.0,1.0,1.0,0.0,25950.49,0.0
598.0,France,Male,60.0,4.0,0.0,1.3103533878239422,1.0,0.0,197727.14,1.0
655.0,Germany,Female,42.97737912152895,4.0,108862.76,1.0,1.0,0.0,79555.08,1.0
559.0,France,Male,28.0,3.0,141099.43,1.0,1.0,1.0,15607.27,0.0
543.0,France,Female,67.0,0.0,128843.67,1.0,1.0,1.0,134612.48,0.0
679.0,France,Male,39.0,0.0,86843.61,1.0,0.0,1.0,159830.58,0.0
594.0,Germany,Male,35.76117192222695,4.0,120074.97,2.0,1.0,1.0,162961.79,0.0
586.0,Germany,Male,27.0,5.0,130231.8,2.0,1.0,1.0,192427.16,0.0
648.8249355971609,France,Female,31.0,5.0,0.0,2.0,1.0,0.0,92647.94,0.0
699.0,France,Male,39.0,4.314015023952707,109724.38,1.0,1.0,1.0,180022.39,0.0
847.0,France,Female,35.0,5.0,111743.43,1.0,1.0,1.0,105294.34547263864,0.0
713.3238357866575,France,Male,37.87440722967082,8.0,121309.17,1.2274672173612942,1.0,1.0,28750.67,0.0
653.1635949192788,France,Male,38.0,10.0,82697.28,1.0,1.0,1.0,74846.67,0.0
618.0,France,Female,45.94548903710546,9.0,69548.29876480644,3.0,1.0,1.0,89729.3,1.0
543.0,France,Female,31.0,4.0,138317.94,1.0,0.0,0.0,61843.73,0.0
642.0,Germany,Male,45.63866029056326,4.0,120688.61,1.0,1.0,0.0,24770.22,1.0
462.0,France,Male,27.0,4.0,176913.52,1.0,1.0,0.0,80587.27,0.0
640.0,Spain,Male,35.39517519998211,6.0,89047.14,1.0,1.0,0.0,102556.57581017032,0.0
740.0,Germany,Male,40.0,4.0,114318.78,2.0,1.0,0.0,129333.69,0.0
773.0,France,Female,50.0,4.0,0.0,2.0,1.0,0.0,129372.94,0.0
583.0,Germany,Female,32.0,7.0,94753.55,2.0,1.0,1.0,105258.64881774245,0.0
589.0,France,Female,46.0,10.0,0.0,2.0,1.0,0.0,168369.37,0.0
509.0,France,Male,35.0,8.0,0.0,2.0,0.0,1.0,67431.28,0.0
612.0,Germany,Male,32.0,6.0279851379722915,106520.73,2.0,1.0,0.0,177092.16,0.0
505.0,Spain,Male,37.0,0.0,134006.39,1.0,1.0,1.0,93736.69,0.0
546.0,Germany,Female,25.0,3.0,132837.7,1.0,1.0,0.0,131647.31,0.0
681.0,France,Female,41.0,4.830110964766614,120549.29,2.0,1.0,0.0,175722.31,0.0
762.0,France,Male,20.0,1.0,139432.55,1.0,1.0,1.0,85606.83,0.0
671.7800507711027,France,Male,29.0,7.0,80895.44,2.0,1.0,0.0,64945.57,0.0
629.0,Spain,Male,34.0,6.0,0.0,2.0,1.0,0.0,190347.72,0.0
787.0,Spain,Female,39.0,7.0,171646.76,1.2280316664620183,0.0,1.0,100791.36,0.0
713.0,Spain,Male,42.0,0.0,109121.71,1.0,0.0,1.0,167873.49,0.0
669.9950180497519,France,Female,39.0,6.0,109844.81,1.0,1.0,0.0,25289.23,0.0
451.0,France,Female,31.0,7.0,140931.82,1.0,0.0,1.0,20388.77,0.0
644.0,France,Male,49.0,5.066672984966433,0.0,2.0,1.0,1.0,145089.64,0.0
686.0,France,Male,32.0,6.0,0.0,2.0,1.0,1.0,179093.26,0.0
847.0,Germany,Female,41.0,3.0,101543.51,4.0,1.0,0.0,76968.44128850261,1.0
765.0,Germany,Male,37.0,7.0,102708.77,1.3802880162792592,1.0,0.0,9087.81,0.0
678.0,Germany,Female,37.0,8.0,149000.91,1.357591792856338,1.0,1.0,21472.42,0.0
539.0,France,Male,20.0,0.0,83459.86,1.0,1.0,1.0,146752.67,0.0
800.0,France,Female,40.0,3.0,75893.11,2.0,1.0,0.0,132562.23,0.0
631.9169906662125,Germany,Female,39.0,7.0,167395.6,2.0,0.0,0.0,139537.43,0.0
629.0,France,Male,61.0,6.0,0.0,2.0,1.0,1.0,133672.61,0.0
676.6172748604796,Germany,Female,52.0,3.650328974101279,103037.77419805067,2.0,0.0,1.0,38984.37,0.0
542.0,France,Female,31.0,3.0,0.0,2.0,1.0,1.0,115217.59,0.0
643.5655855937304,Spain,Male,60.0,3.0,0.0,2.0,1.0,1.0,93844.82,0.0
675.0,Germany,Female,38.0,4.164705695351279,104016.88,1.0,0.0,0.0,22068.83,1.0
683.0,France,Female,38.0,5.0,127616.56,1.0,1.0,0.0,123846.07,0.0
748.0,France,Male,32.0,5.0,154737.88,1.3121892111356799,1.0,1.0,110287.87382038312,0.0
596.0,Spain,Male,29.0,2.0,0.0,2.0,1.0,1.0,1591.19,0.0
642.0,France,Male,35.0,4.0,125476.31,1.0,1.0,1.0,91775.51,0.0
499.0,France,Female,21.0,3.0,176511.08,1.0,1.0,1.0,153920.22,0.0
649.0,Spain,Female,47.0,8.0,110783.28,1.0,1.0,1.0,96528.29238856053,0.0
739.0,France,Male,42.0,4.981854377681582,141642.92,2.0,1.0,0.0,172149.76,0.0
616.0,France,Male,31.0,1.0,0.0,2.0,1.0,1.0,54706.75,0.0
560.0,Spain,Female,33.0,9.0,0.0,1.0,0.0,1.0,183358.21,0.0
427.0,Germany,Male,42.0,1.0,125079.14103373417,1.0,1.0,1.0,57098.0,0.0
435.0,France,Male,54.0,3.0,0.0,1.0,1.0,0.0,156910.46,1.0
633.0,France,Male,38.25189111628264,7.0,100191.746139118,1.0,1.0,1.0,130224.73,0.0
443.0,France,Male,35.0,6.0,161111.45,1.0,0.0,0.0,13946.66,0.0
727.0,France,Male,62.0,5.0,21514.343568211345,2.0,0.0,1.0,38652.96,0.0
674.0,France,Male,45.0,6.0,72494.69,1.0,0.0,1.0,140041.78,0.0
661.0,France,Female,31.0,3.0,133964.3,1.0,1.0,1.0,166187.1,0.0
619.0,France,Male,34.0,1.0,0.0,1.0,1.0,0.0,139919.38,0.0
562.0,France,Female,27.0,3.0,0.0,2.0,1.0,0.0,28137.03,0.0
633.0,France,Male,61.0,3.0,157201.48,1.0,0.0,1.0,50368.63,0.0
551.0,Spain,Female,48.0,5.0,95679.29,1.0,0.0,0.0,94978.1,0.0
720.0,Germany,Female,29.0,7.0,106230.92,1.0,1.0,0.0,69903.93,1.0
688.0,France,Female,41.08496960745924,5.0,0.0,2.0,0.0,1.0,177607.77,0.0
640.7858444474535,Germany,Female,36.0,9.0,81231.85,1.493174526340135,1.0,0.0,196731.08,0.0
561.0,France,Female,31.0,1.0,81480.27,2.0,1.0,1.0,65234.6,0.0
850.0,France,Male,33.0,8.0,93847.91760583039,1.0,1.0,1.0,186281.0,0.0
660.9838486378403,France,Male,36.0,5.0,117559.05,2.0,1.0,1.0,111573.3,0.0
461.0,Germany,Female,74.0,1.0,186445.31,2.0,1.0,1.0,196767.83,0.0
771.0,Germany,Male,38.0,5.0,137657.71,2.0,1.0,0.0,72985.61,0.0
713.0,France,Male,36.0,8.0,97200.53037015529,1.0,1.0,1.0,143265.65,0.0
658.0,Germany,Female,45.0,9.0,134562.8,1.0,1.0,1.0,159268.67,0.0
586.0,Germany,Female,56.0,9.0,100781.75,2.0,1.0,1.0,117492.05102295791,0.0
737.0,France,Male,30.0,8.0,174356.13,1.0,0.0,0.0,31928.5,0.0
742.0,Germany,Male,27.0,5.0,190125.43,2.0,0.0,0.0,21793.59,0.0
824.0,France,Female,44.44401608439519,7.0,146266.0,1.0,1.0,0.0,21903.62,1.0
701.0,Germany,Male,41.0,9.0,164046.1,1.0,1.0,0.0,49405.93,0.0
623.0,Spain,Female,43.0,4.0,123536.52,2.0,0.0,0.0,154908.52,0.0
664.5325974617198,France,Male,36.0,10.0,24228.48836213759,2.0,1.0,1.0,182867.84,0.0
698.0,Spain,Female,38.0,1.0,171848.38,1.0,0.0,0.0,16957.45,0.0
616.0,France,Male,40.0,9.0,0.0,2.0,0.0,0.0,93717.55,0.0
662.0,France,Female,34.17325258700993,5.166850409833597,139562.05,2.0,1.0,0.0,61636.22,0.0
594.0,France,Male,37.0,2.0,0.0,2.0,0.0,1.0,95864.5,0.0
685.0,France,Male,40.0,2.0,168001.34,2.0,1.0,1.0,167400.29,0.0
742.0,France,Male,38.65507010796184,0.0,0.0,2.0,0.0,1.0,131534.96,0.0
633.9996867771689,Germany,Male,83.0,4.4738133527027335,97902.51660688689,1.0,0.0,1.0,102776.90297218108,0.0
651.0,Spain,Male,47.0,2.0,0.0,2.0,1.0,1.0,119808.64,0.0
585.0,Germany,Male,50.0,2.0,125845.66,1.0,1.0,0.0,9439.31,1.0
579.0,Germany,Male,40.0,10.0,45408.85,2.0,1.0,0.0,18732.91,0.0
631.0394272420187,Germany,Female,37.0,0.0,125977.81,1.0,0.0,0.0,160162.42,0.0
613.0,Germany,Female,51.0,7.0,147262.11,1.0,1.0,1.0,53630.9,1.0
694.0,France,Male,42.0,8.0,133767.19,1.0,1.0,0.0,36405.21,0.0
550.0,Germany,Male,49.0,0.0,108806.96,3.0,1.0,0.0,87737.19665710568,1.0
741.0,France,Male,45.70131932895267,6.0,106036.52,1.0,1.0,0.0,99077.94181199365,1.0
668.0,Spain,Female,69.0,9.0,0.0,1.0,0.0,1.0,134483.07,0.0
529.0,France,Female,27.0,1.0,39316.04802347068,2.0,1.0,1.0,37769.98,0.0
636.0,France,Male,31.0,6.0,0.0,2.0,1.0,1.0,98410.15601952573,0.0
563.0,Spain,Male,61.0,4.422008088157857,82182.1,1.0,1.0,0.0,107200.92504897334,1.0
767.0,France,Female,35.0,9.0,0.0,2.0,1.0,0.0,39511.61,0.0
644.0,France,Male,48.76132374010089,6.14657713377146,76817.0,4.0,1.0,0.0,140464.54632433585,1.0
780.0,France,Male,71.0,6.524880404717725,118938.70423368816,1.231863862858313,1.0,1.0,122506.78,0.0
662.7235036926389,Spain,Female,36.26817105751932,10.0,0.0,2.0,1.0,1.0,61994.2,0.0
641.0,Germany,Male,35.0,2.0,103711.56,1.0,1.0,1.0,192464.21,1.0
593.0,Spain,Female,40.0,2.0,0.0,1.0,1.0,1.0,5194.95,0.0
540.0,Germany,Female,36.5161758986953,7.0,128369.75,2.0,1.0,0.0,198256.15,0.0
663.0,Spain,Male,35.0,5.261050977832715,0.0,2.0,1.0,1.0,62634.94,0.0
630.0,France,Male,34.0,9.0,34224.26071787321,2.0,1.0,1.0,114006.35,0.0
605.0,France,Male,19.0,8.0,166133.28,1.0,1.0,1.0,107994.99,0.0
671.7535798144207,France,Female,62.0,9.0,148214.36,1.0,1.0,0.0,88597.31541235825,1.0
755.0,France,Female,78.0,5.0,121206.96,1.0,1.0,1.0,76016.49,0.0
641.0,Spain,Male,40.218842874817675,10.0,0.0,1.8409224759025025,1.0,1.0,121722.15613988055,0.0
737.0,Germany,Male,50.0,4.0,127552.85,2.0,1.0,1.0,4225.11,0.0
695.0,France,Male,49.0,5.335693065697726,159458.53,1.0,1.0,0.0,135841.35,0.0
648.1906818728155,Germany,Female,47.0,5.0,102085.72,1.0,1.0,1.0,183536.24,1.0
675.1619912715997,Germany,Male,58.0,5.241083308417176,142537.18,1.0,1.0,1.0,93914.19448000926,0.0
665.0,Spain,Male,29.0,1.0,182781.74,2.0,1.0,1.0,63732.9,0.0
737.0,France,Male,45.0,10.0,0.0,2.0,1.0,0.0,108757.66514801166,0.0
654.0,France,Male,38.919671054687534,7.0,36871.604294579694,2.0,1.0,1.0,149184.15,0.0
619.0,France,Female,28.0,3.0,0.0,2.0,1.0,0.0,53394.12,0.0
845.0,Germany,Female,43.0,3.0,152063.59,2.0,1.0,0.0,97910.06,0.0
727.0,France,Female,28.0,2.0,110997.76,1.0,1.0,0.0,101433.76,0.0
582.0,France,Male,50.0,4.946531691674151,148942.0,1.0,1.0,1.0,116944.3,0.0
716.0,France,Male,41.0,9.0,0.0,1.0,1.0,1.0,113267.48,0.0
660.0,Spain,Female,36.0,4.0078008917506995,84438.57,1.0,1.0,1.0,181449.51,0.0
654.287089157829,France,Female,34.0,7.0,93920.47,1.0,0.0,0.0,179913.98,0.0
801.0,France,Male,43.0,4.0,158713.08,2.0,0.0,0.0,98586.14,0.0
615.0,Spain,Male,42.0,4.0,0.0,3.0,0.0,1.0,120321.09,0.0
672.3162296544216,Germany,Male,63.0,7.0,119394.03138608401,1.6494761913161216,1.0,1.0,100538.8,0.0
667.0,France,Male,40.0,8.0,72945.29,2.0,1.0,0.0,98931.5,0.0
631.0104168615769,Spain,Male,37.0,5.2702079758322675,178742.71,1.0,1.0,1.0,194493.57,0.0
590.0,France,Male,43.0,8.0,0.0,2.0,1.0,1.0,143628.31,0.0
739.0,Spain,Male,40.0,8.0,0.0,1.0,1.0,0.0,91763.55042997267,0.0
373.0,France,Male,42.0,7.0,0.0,1.0,1.0,0.0,77786.37,1.0
418.0,France,Female,46.0,9.0,0.0,1.0,1.0,1.0,81014.5,1.0
837.0,France,Female,29.0,9.0,0.0,2.0,1.0,1.0,41866.26,0.0
645.0,Germany,Male,43.0,9.0,140121.17,1.0,1.0,0.0,98329.68960403014,1.0
552.0,Germany,Male,39.0,2.0,132906.88,1.0,0.0,1.0,149384.43,0.0
580.0,France,Male,45.0,2.0,179334.83,2.0,1.0,1.0,169303.65,0.0
684.0,France,Male,35.0,5.2892358903186905,137179.39,1.0,1.0,1.0,93065.23649386496,0.0
634.0,Spain,Male,35.0,3.0,0.0,2.0,1.0,1.0,19515.48,0.0
607.0,France,Female,49.0,9.0,119960.29,2.0,1.0,0.0,103068.22,0.0
802.0,France,Male,29.0,5.391490424021543,127414.55,1.2881141476887605,1.0,1.0,134459.12,0.0
736.0,France,Female,36.0,6.0,0.0,1.0,1.0,1.0,70496.66,0.0
629.0,France,Female,40.0,9.0,137409.19,1.088116945793321,1.0,0.0,175877.7,1.0
737.0,France,Male,28.0,8.0,0.0,2.0,1.0,0.0,106390.01,0.0
718.0,Spain,Female,39.0,2.0,0.0,1.0,1.0,1.0,94810.35493874144,0.0
561.0,France,Male,43.0,4.0,0.0,4.0,0.0,0.0,103616.23713275744,1.0
641.0,France,Male,31.0,9.0,112494.99,1.0,1.0,1.0,32231.6,0.0
677.0,France,Male,30.0,1.0,78133.15,1.0,0.0,1.0,174225.88,0.0
641.0,Spain,Female,36.0,1.0,0.0,2.0,1.0,0.0,102021.39,0.0
659.5928036709494,France,Female,32.0,5.0,102448.95799551341,1.0,1.0,1.0,31484.76,0.0
659.0,Germany,Male,48.0,4.0,123593.22,2.0,1.0,0.0,82469.06,1.0
567.0,France,Female,47.0,2.0,0.0,1.0,0.0,0.0,110900.43,1.0
584.0,France,Female,26.0,0.0,146286.22,1.0,1.0,0.0,105105.35,0.0
709.0,Spain,Female,35.0,1.0,111827.27,2.0,1.0,0.0,12674.68,0.0
690.0,Spain,Female,26.0,2.0,0.0,2.0,1.0,1.0,93255.85,0.0
627.0,France,Male,70.0,1.0,94416.78,1.0,0.0,1.0,145299.5,0.0
641.8506240482781,France,Male,45.0,2.0,91549.78,1.0,1.0,1.0,47139.44,0.0
645.0,France,Female,38.0,7.0,59568.57,1.0,1.0,1.0,167723.25,0.0
716.0,France,Female,23.0,2.0,94464.81,2.0,0.0,1.0,185900.88,0.0
771.0,France,Female,57.0,4.0,0.0,1.0,1.0,0.0,85876.67,1.0
687.0,Germany,Male,44.0,8.0,95368.14,2.0,1.0,1.0,116021.30592728747,0.0
717.0,Germany,Female,33.0,10.0,102185.42,2.0,1.0,0.0,23231.93,0.0
524.0,France,Male,32.0,1.0,144875.71,1.0,0.0,0.0,187740.04,0.0
679.0,Spain,Male,39.5887147764926,5.0,0.0,2.0,1.0,1.0,100060.54,0.0
538.0,France,Female,32.0,2.0,0.0,1.0,1.0,1.0,80130.54,0.0
752.0,Germany,Female,37.0,5.0,113291.05,2.0,1.0,1.0,132467.54,0.0
846.0,Spain,Male,39.31682285401809,0.0,0.0,2.0,1.0,1.0,96202.44,0.0
532.0,Spain,Female,39.0,0.0,0.0,2.0,1.0,0.0,94977.3,0.0
670.0,Germany,Female,43.0,9.0,111677.88,1.0,1.0,0.0,178827.3,1.0
597.0,France,Female,35.0,8.0,131101.04,1.0,1.0,1.0,192852.67,0.0
627.0,France,Male,52.0,1.0,76101.81,2.0,0.0,1.0,177238.35,0.0
700.0,Spain,Male,40.0,2.0,0.0,2.0,1.0,1.0,199753.97,0.0
766.0,France,Female,52.0,7.0,92510.9,2.0,0.0,1.0,66193.61,0.0
488.0,France,Female,34.0,2.0,0.0,2.0,1.0,1.0,181270.84,0.0
694.0,France,Male,39.0,5.0,118529.52273613425,1.2500603033301805,1.0,1.0,25407.59,0.0
639.0,France,Male,31.0,3.0,98360.03,1.0,0.0,0.0,20973.8,0.0
705.0,Germany,Female,46.0,4.0,115518.07,1.0,0.0,0.0,76544.9,1.0
810.0,Germany,Male,69.0,3.0,27288.43,2.140006404221678,1.0,1.0,110509.9,0.0
638.0,France,Female,36.0,6.0,0.0,1.0,1.0,0.0,164247.51,0.0
595.0,Spain,Male,43.0,5.0,0.0,2.0,0.0,0.0,105149.8,0.0
575.0,France,Male,36.0,7.0,0.0,1.0,1.0,1.0,55868.97,1.0
850.0,France,Male,31.0,6.0,131996.66,1.2767495853335877,1.0,1.0,178747.43,0.0
419.0,Spain,Female,27.0,2.0,121580.42,1.0,0.0,1.0,134720.51,0.0
640.0,France,Male,55.0,10.0,132436.34,1.0,1.0,0.0,70528.83000916558,0.0
636.9501819902669,Spain,Male,34.0,10.0,0.0,2.0,0.0,0.0,183387.12,0.0
645.187660131084,Germany,Male,46.0,5.0,107978.4,2.0,1.0,0.0,155876.06,0.0
625.0479417527519,Germany,Female,40.0,4.0,78119.59,4.0,1.0,0.0,119259.34,1.0
631.2490258627372,France,Male,26.0,6.0,98684.15,1.0,0.0,0.0,133720.57,0.0
751.0,France,Female,44.0,10.0,0.0,2.0,1.0,0.0,170634.49,0.0
544.0,Spain,Female,53.0,9.0,0.0,1.0,1.0,0.0,125692.07,1.0
768.0,Germany,Female,43.0,2.0,129264.05,2.0,0.0,0.0,19150.14,0.0
648.0,Germany,Male,37.0,6.0,131753.41,1.5796293890800104,1.0,0.0,86894.67,0.0
577.0,Spain,Female,33.0,6.0,0.0,2.0,1.0,0.0,57975.8,0.0
639.0,Spain,Female,27.0,2.0,0.0,1.0,1.0,1.0,82938.99,0.0
686.0,Germany,Male,26.0,1.0,57422.62,1.0,1.0,1.0,79189.4,0.0
657.0,France,Female,28.0,7.0,0.0,2.0,0.0,1.0,5177.62,0.0
613.0,France,Male,34.0,5.0,144094.2,1.0,1.0,0.0,44510.26,0.0
701.0,France,Male,35.8037087033141,9.0,147510.34,1.0,1.0,0.0,190611.92,0.0
578.0,France,Female,28.0,8.0,161592.76,1.0,1.0,1.0,177834.79,0.0
689.0,France,Female,40.0,1.0,0.0,2.0,1.0,1.0,119446.64,0.0
687.0,Spain,Female,39.40097652819845,4.0,0.0,2.0,1.0,1.0,50267.69,0.0
499.0,Spain,Female,53.0,1.0,75225.53,2.0,0.0,0.0,144849.1,1.0
693.0,Spain,Female,39.0,0.0,0.0,2.0,0.0,0.0,81901.6,0.0
737.0,France,Female,70.0,9.0,14447.595371084974,2.0,1.0,1.0,42576.86,0.0
651.0,France,Female,32.0,8.0,144581.96,1.0,1.0,1.0,92810.57783204748,0.0
753.0,France,Male,33.0,5.0,118989.5767423434,1.2978310426426964,1.0,1.0,113633.53445796327,0.0
523.0,Spain,Female,24.0,5.0,172231.93,1.0,0.0,1.0,155144.12,0.0
458.0,Germany,Female,28.0,2.0,171932.26,2.0,1.0,1.0,9578.24,0.0
632.5167295315313,France,Male,39.0,7.0,0.0,2.0,1.0,0.0,170392.59,0.0
638.0,Spain,Female,34.0,7.0,0.0,2.0,0.0,0.0,3946.29,0.0
685.0,Germany,Male,38.0,4.0,111798.06,2.0,1.0,1.0,102184.66,0.0
684.0,France,Male,38.0,4.0,25166.11493787221,3.0,1.0,1.0,75609.84,0.0
670.0,France,Female,27.0,5.0,79336.61,1.2308036599462708,1.0,1.0,26170.08,0.0
701.0,Germany,Male,63.0,5.015192902562341,120916.52,3.0,0.0,1.0,93846.26446030938,1.0
705.0,France,Female,31.0,3.0,142905.51,1.0,1.0,1.0,58134.97,0.0
593.0,Spain,Male,27.0,10.0,0.0,3.0,0.0,0.0,94620.0,1.0
651.0,France,Female,33.0,1.0,96834.78,1.0,1.0,0.0,108764.69,0.0
741.0,France,Male,44.063726806525054,5.663415682037236,27386.72941775939,2.0,1.0,1.0,149503.54,0.0
596.0,Germany,Male,48.773973437197824,4.8127989209355055,124275.27932434271,1.0,1.0,1.0,120314.75,1.0
581.0,Germany,Male,41.0,2.0,127913.71,2.0,1.0,1.0,44205.95,0.0
689.0,Spain,Female,28.0,5.0,95328.6,1.0,1.0,0.0,6129.61,1.0
544.0,France,Male,30.0,4.0,73218.89,1.0,0.0,1.0,126796.69,0.0
718.0,France,Female,41.0,1.0,0.0,2.0,0.0,1.0,27509.52,1.0
583.0,Germany,Male,35.0,8.0,149995.72,2.0,1.0,0.0,42143.55,0.0
663.0,Germany,Male,28.0,8.0,123674.28,2.0,1.0,1.0,87985.2,0.0
666.0,Germany,Male,33.0,2.0,124125.26,1.0,1.0,1.0,81884.8,0.0
524.0,Spain,Male,29.0,3.0,159035.45,1.0,1.0,0.0,2705.31,1.0
599.0,France,Male,27.0,5.0,0.0,2.0,1.0,0.0,30546.4,0.0
667.0,France,Male,32.64977100751413,7.0,156811.74,1.0,1.0,0.0,149402.59,0.0
727.0,France,Male,52.0,4.0,0.0,2.0,1.0,1.0,118429.02,0.0
676.3399438474771,Spain,Female,55.0,4.155050904595088,0.0,2.0,1.0,1.0,58442.25,0.0
639.0,France,Male,39.0,6.0,150555.83,1.0,1.0,0.0,89281.4820445708,0.0
678.0,France,Male,28.0,2.0,109137.12,1.0,1.0,1.0,58814.41,0.0
523.0,France,Male,36.0,8.0,158351.02,2.0,1.0,0.0,155304.53,0.0
650.0,France,Female,47.0,9.0,0.0,1.0,1.0,0.0,187943.6,0.0
666.0303820032416,Spain,Male,38.64738004949123,7.0,0.0,2.0,1.0,1.0,43036.6,0.0
697.0,France,Male,40.0,4.0,0.0,2.0,0.0,1.0,26543.28,0.0
800.0,France,Female,39.84855303378501,5.056127905908609,124105.90295571848,1.3059510069627174,1.0,0.0,171928.04,0.0
664.0,France,Male,24.0,7.0,0.0,1.0,0.0,1.0,35611.35,0.0
740.0,France,Male,39.0,9.0,0.0,2.0,1.0,0.0,19047.23,0.0
835.0,France,Female,56.0,3.8368375717520617,0.0,2.0,1.0,1.0,39820.13,0.0
559.0,France,Male,52.0,2.0,0.0,1.0,1.0,0.0,129013.59,1.0
676.0,Spain,Male,36.0,1.0,82729.49,1.0,1.0,0.0,113810.12,0.0
613.0,Germany,Female,45.0,4.871813830812535,142765.24,2.0,1.0,0.0,34749.65,0.0
713.0,France,Female,25.0,4.0,121172.97,1.0,1.0,1.0,56268.98,0.0
751.0,Germany,Female,36.28773678810371,10.0,132932.14,2.0,1.0,1.0,91653.1698234526,0.0
523.0,France,Male,22.0,8.0,123374.46,1.0,1.0,1.0,124906.59,0.0
775.0,Germany,Female,74.0,4.741604700974882,161371.5,1.0,1.0,1.0,134869.93,0.0
608.0,Spain,Male,45.0,4.0,0.0,2.0,0.0,0.0,36697.48,1.0
673.0,France,Male,51.0,8.0,79563.36,1.5507738042106258,1.0,1.0,111847.41989579053,1.0
616.0,France,Male,46.0,2.0,0.0,2.0,1.0,0.0,137136.46,0.0
650.0,Germany,Female,48.0,7.0,138232.24,1.0,1.0,0.0,57594.78,0.0
655.0,France,Female,41.0,5.0,0.0,1.0,0.0,0.0,36548.0,1.0
782.0,Germany,Female,43.805749781951214,1.0,81571.05,1.0,1.0,0.0,182960.46,1.0
781.0,Spain,Male,35.0,1.0,0.0,2.0,0.0,0.0,42117.9,0.0
593.0,France,Male,33.0,0.0,95927.04,1.0,1.0,0.0,199478.05,0.0
505.0,Spain,Male,35.0,8.0,116932.59,1.2956648145172494,1.0,0.0,91092.84,0.0
707.0,France,Male,40.0,4.597906814413007,0.0,2.0,1.0,1.0,14090.4,1.0
692.0,France,Female,36.0,3.0,79551.12,1.0,0.0,1.0,178267.07,0.0
813.0,Germany,Male,30.0,1.0,116416.94,1.0,0.0,1.0,85808.22,0.0
850.0,Spain,Male,37.0,4.0,88141.1,1.0,1.0,0.0,109659.12,0.0
753.0,France,Male,38.25480663078236,5.814585120866562,177729.13,1.19628366818234,1.0,1.0,161642.08,0.0
850.0,Spain,Female,32.0,5.504742942101565,0.0,1.0,1.0,1.0,3830.59,0.0
671.0,Spain,Male,38.33307453292728,6.0,123912.78,2.0,1.0,1.0,146636.44,0.0
791.0,France,Female,33.0,3.0,63545.36805246243,1.0,1.0,1.0,144413.92,1.0
624.0,France,Female,80.0,3.0,0.0,1.0,1.0,1.0,105459.49719858791,0.0
649.0,France,Female,35.0,4.0,108306.44,1.0,1.0,1.0,192486.24,0.0
732.0,France,Male,48.0,4.0,60339.97150380466,1.2595022259659068,1.0,0.0,120852.85,1.0
664.0,France,Female,36.0,0.0,103502.22,1.0,1.0,1.0,146191.82,0.0
695.1280391292802,Germany,Male,43.0,4.073113577874272,120020.86557806795,2.0,0.0,1.0,95366.72748118594,1.0
680.0,France,Male,33.0,10.0,183768.47,1.1700687157264096,1.0,0.0,164119.35,0.0
701.0,France,Male,37.0,1.0,0.0,2.0,1.0,1.0,163457.55,0.0
684.0,France,Female,25.0,1.0,0.0,2.0,0.0,1.0,144978.47,0.0
586.0,France,Female,52.0,6.0,140900.97,1.0,1.0,1.0,67288.89,0.0
522.0,Germany,Female,25.0,5.0,94049.92,2.0,1.0,0.0,103269.0,0.0
739.0,Spain,Female,27.0,8.0,94135.87276195225,1.0,1.0,1.0,106969.98,0.0
835.0,Germany,Male,18.0,2.0,142872.36,1.0,1.0,1.0,117632.63,0.0
790.0,Spain,Male,42.34626866167009,3.0,26431.571525714702,2.0,1.0,1.0,133391.21890522455,0.0
671.0,France,Female,48.0,6.0,119769.77,1.0,0.0,1.0,66032.65,0.0
560.0,France,Female,44.0,5.0,143244.97,1.0,1.0,0.0,98661.27,0.0
651.0,France,Male,28.0,10.0,79562.98,1.0,1.0,1.0,74687.37,0.0
682.0,France,Male,35.834375522676964,6.0,0.0,2.0,0.0,1.0,149604.18,0.0
808.0,France,Male,41.0,0.0,0.0,1.0,1.0,1.0,79888.78,0.0
644.0,Spain,Male,43.676397972254684,6.074412297112478,121151.78924171426,1.310060650088284,1.0,1.0,138775.69,0.0
688.0,France,Male,29.0,1.0,0.0,2.0,1.0,0.0,154695.57,0.0
617.0,France,Female,26.0,2.0,165947.99,2.0,0.0,1.0,168834.38,0.0
738.0,France,Male,33.0,4.866563464138011,104711.48914150783,1.0,1.0,0.0,105817.63,0.0
663.0,France,Male,38.463008363048445,5.0,83195.12,1.0,1.0,1.0,100295.41339702341,0.0
515.0,France,Male,48.0,5.0,129387.94,1.0,1.0,1.0,147955.91,1.0
845.0,France,Female,38.38986940844029,9.0,25477.26266055781,2.0,1.0,1.0,56185.98,0.0
639.0,Spain,Male,38.0,4.841517589440101,97377.7217854532,1.0,1.0,1.0,81861.1,0.0
557.0,France,Female,32.0,3.0,123502.53,1.0,1.0,1.0,69826.8,0.0
623.7905160863354,Germany,Male,37.0,8.0,140894.06,1.7126448899845441,1.0,1.0,118059.19,0.0
585.0,Germany,Male,44.0,7.0,163867.86,1.808032099478192,1.0,1.0,112333.22,0.0
610.0,France,Female,27.0,2.0,0.0,2.0,1.0,0.0,14546.76,0.0
727.0,Germany,Female,18.0,2.0,93816.7,2.0,1.0,0.0,126172.11,0.0
633.7362964954187,Spain,Female,40.0,8.0,0.0,2.0,1.0,0.0,3560.0,0.0
418.0,France,Male,35.0,7.0,0.0,2.0,1.0,1.0,88878.15,0.0
660.0,France,Female,32.0,0.0,114668.89,1.0,1.0,0.0,84605.0,0.0
850.0,Germany,Male,38.0,5.0,146756.68,1.0,1.0,0.0,78268.61,0.0
618.0,France,Female,46.0,6.0,150213.71,1.0,1.0,0.0,120668.46,1.0
642.0,Germany,Male,18.0,5.0,111183.53,2.0,0.0,1.0,107447.33280352593,0.0
850.0,France,Male,40.0,9.0,98094.99839360599,1.0,1.0,1.0,163989.66,0.0
739.0,France,Male,34.0,9.0,0.0,1.0,1.0,0.0,60584.33,0.0
508.0,France,Female,41.0,5.0,0.0,2.0,1.0,1.0,94170.84,0.0
667.0,France,Male,41.0,6.0,0.0,2.0,0.0,0.0,167181.77,0.0
741.0,France,Female,60.0,5.0,0.0,1.872037639629741,1.0,1.0,38914.51,0.0
666.2330107457055,France,Male,29.0,7.0,0.0,2.0,1.0,1.0,91196.67,0.0
651.0,Germany,Female,45.0,6.0,86714.06,1.0,1.0,0.0,85869.89,1.0
773.0,Spain,Male,52.0,2.0,0.0,2.0,1.0,0.0,57337.79,0.0
672.7234644008762,Spain,Male,42.30777986616366,4.148076987839403,132838.07,1.0,1.0,1.0,175347.28,0.0
550.0,Germany,Female,42.0,10.0,128707.31,1.0,1.0,0.0,63092.65,1.0
783.0,France,Male,40.0,6.0,0.0,2.0,1.0,1.0,109742.55,0.0
777.0,France,Male,29.0,2.0,0.0,2.0,1.0,0.0,124489.88,0.0
659.0,France,Male,29.0,6.0,123192.12,1.0,1.0,1.0,56971.41,1.0
727.0,Germany,Male,40.926996010048846,5.210145561539592,115248.11,4.0,1.0,1.0,130752.01,0.0
603.0,France,Male,38.0,8.0,59360.77,1.0,1.0,1.0,191457.06,0.0
644.0,Spain,Male,37.0,9.0,0.0,2.0,1.0,1.0,96442.86,0.0
647.0,France,Female,35.0,6.0,112668.7,1.304108070478353,0.0,1.0,122584.29,0.0
648.0,Germany,Female,37.0,7.0,138503.51,2.0,1.0,0.0,57215.85,0.0
721.0,France,Male,57.0,1.0,97788.12548018598,1.0,1.0,1.0,195940.96,0.0
666.5882325007638,France,Male,29.0,7.0,0.0,2.0,1.0,1.0,105448.74,0.0
626.0,France,Female,34.0,3.0,0.0,2.0,1.0,1.0,37870.29,0.0
569.0,France,Male,43.0,7.0,31685.88842473143,2.0,1.0,0.0,52534.81,0.0
578.0,Spain,Male,36.0,1.0,157267.95,2.0,1.0,0.0,141533.19,0.0
769.0,France,Female,40.0,9.0,133871.05,1.0,1.0,1.0,50568.02,0.0
694.0,Germany,Male,31.0,4.0,141989.27,2.0,1.0,0.0,26116.82,0.0
664.0,France,Female,41.0,5.0,0.0,1.0,1.0,1.0,152054.33,0.0
646.0,France,Male,38.0,7.0,0.0,2.0,1.0,0.0,1528.4,0.0
779.0,France,Male,45.42235128363473,3.0,46388.16,3.0,1.0,0.0,127939.26,1.0
782.0,Germany,Female,72.0,5.0,148666.99,1.0,1.0,0.0,2605.65,1.0
769.0,Germany,Male,43.38819564478182,7.0,116413.86565255464,1.0,0.0,0.0,93208.75296779987,1.0
669.824614398593,Germany,Male,37.90169964846966,6.0,148363.38,1.0,1.0,1.0,186995.17,0.0
623.0,Spain,Male,46.0,4.0,0.0,1.0,1.0,0.0,100757.53942072332,1.0
705.0,Spain,Female,39.0,8.0,144102.32,1.0,1.0,1.0,11682.36,0.0
642.0100590831147,France,Male,41.0,5.45990912458566,128876.71,3.0,1.0,1.0,106939.34,1.0
678.0,Germany,Male,36.0,6.0,118448.15,2.0,1.0,0.0,53172.02,0.0
738.0,France,Male,42.60215903177967,5.0,0.0,1.854088719750067,1.0,1.0,114388.98,0.0
703.0,France,Male,28.0,9.0,0.0,2.0,0.0,1.0,2151.17,0.0
554.0,Spain,Male,42.0,1.0,0.0,2.0,0.0,1.0,183492.9,0.0
682.9068138210984,France,Female,45.44334730302263,5.594609727682177,107641.44534682378,4.0,1.0,1.0,137020.04852313476,1.0
644.0,France,Male,47.31143495200039,6.0,117271.8,2.1351757982919124,1.0,0.0,104217.96,1.0
724.0,France,Male,29.0,4.0,0.0,1.0,1.0,0.0,8982.75,0.0
593.0,France,Male,33.0,1.0,0.0,2.0,0.0,0.0,9984.4,0.0
710.0,Spain,Female,30.0,10.0,0.0,2.0,1.0,0.0,19500.1,0.0
631.0,France,Male,35.0,8.0,129205.49,1.0,1.0,1.0,79146.36,0.0
739.0,Spain,Female,41.0,4.255612005898362,0.0,1.0,1.0,0.0,191694.77,1.0
644.0,Spain,Male,18.0,7.0,0.0,1.0,0.0,1.0,59645.24,1.0
652.0,France,Male,35.0,7.0,104015.54,2.0,1.0,0.0,96662.09411436279,0.0
554.0,Spain,Male,37.0,5.029525888933404,0.0,2.0,1.0,0.0,166177.3,0.0
483.0,France,Female,30.0,9.0,0.0,2.0,0.0,0.0,136356.97,0.0
669.0,Germany,Female,42.0,1.0,103873.39,1.0,1.0,0.0,148611.52,0.0
841.0,Germany,Female,52.0,3.0,112383.03,1.0,1.0,0.0,85516.37,1.0
662.0,France,Male,34.0,2.0,117731.79,2.0,0.0,1.0,55120.79,0.0
663.8138900613542,Germany,Male,45.0,0.0,116186.80130292653,1.7858638263112478,1.0,1.0,131778.58,0.0
642.7314627235372,France,Male,34.87917138560658,9.0,114135.17,1.0,1.0,0.0,153269.98,0.0
850.0,France,Female,28.0,9.0,0.0,2.0,1.0,1.0,164864.67,0.0
559.0,France,Male,62.0,5.182790659942823,118756.62,1.0,1.0,1.0,20367.68,0.0
602.0,Spain,Male,34.0,8.0,98382.72,1.0,1.0,0.0,101677.32023269961,0.0
563.0,Germany,Male,41.0,2.0,100520.92,1.0,1.0,1.0,19412.8,1.0
695.0,Spain,Female,39.58905754624994,7.0,79858.13,2.0,1.0,1.0,110482.72375657358,0.0
546.0,France,Female,20.0,6.0,0.0,1.0,0.0,1.0,20508.85,0.0
719.0,France,Female,76.0,10.0,95052.29,1.128641209121621,1.0,0.0,82032.50081064702,0.0
539.0,Germany,Male,42.0,1.0,177728.55,1.0,1.0,0.0,105013.63,0.0
617.0951639508781,France,Male,71.0,3.0,83116.68,1.0,1.0,1.0,27597.76,0.0
772.0,France,Male,42.70263336018908,5.314051336517005,111565.91,1.0,1.0,1.0,121073.23,0.0
708.0,France,Male,40.0,8.0,83015.71,1.334883850662826,1.0,0.0,101089.76,0.0
668.0,Germany,Female,28.0,1.0,124511.01,1.0,0.0,0.0,114258.18,0.0
738.0,France,Female,67.0,1.0,130652.52,1.0,0.0,1.0,22762.23,0.0
785.0,France,Male,55.0,5.0,0.0,2.0,1.0,1.0,7008.65,0.0
597.0,France,Male,61.0,5.0,0.0,2.0,1.0,1.0,81299.17,0.0
648.0581319799713,France,Male,35.106915220661826,7.0,121854.45,1.0,1.0,0.0,147521.35,0.0
509.0,France,Male,26.0,10.0,0.0,2.0,1.0,1.0,6177.83,0.0
508.0,France,Male,35.0,1.0,86893.28,1.0,0.0,0.0,59374.82,0.0
749.0,Germany,Female,32.0,7.0,79523.13,1.0,0.0,1.0,157648.12,0.0
621.0,Germany,Female,55.0,7.0,117287.81059656416,1.0,0.0,1.0,75685.59,1.0
659.0,France,Female,33.0,7.0,89939.62,1.0,1.0,0.0,136540.09,0.0
634.0,Germany,Female,59.0,3.0,95727.05,1.3972117207698895,0.0,0.0,97939.4,1.0
675.0,France,Male,39.0,7.0,0.0,2.0,0.0,1.0,36267.21,0.0
714.237820433677,France,Male,31.0,3.972364062380505,155047.56,2.0,1.0,1.0,186064.34,0.0
736.0,France,Female,29.0,9.0,0.0,2.0,0.0,0.0,176152.7,0.0
524.0,France,Male,44.0,10.0,118569.03,2.0,0.0,0.0,82117.2,0.0
674.0,France,Male,28.0,5.0,0.0,1.0,1.0,1.0,151925.25,0.0
700.0,Spain,Male,44.0,9.0,0.0,2.0,1.0,0.0,142287.65,0.0
741.0,France,Female,35.0,1.0,0.0,2.0,1.0,0.0,36557.55,0.0
455.0,France,Male,40.0,1.0,0.0,3.0,0.0,1.0,129975.34,0.0
608.0,Spain,Male,34.69490834676482,2.0,130461.02,1.0,1.0,0.0,21967.15,0.0
776.0,France,Male,36.0,1.0,0.0,2.0,1.0,0.0,53477.76,0.0
635.0,France,Male,44.65973372299703,1.0,0.0,3.0,0.0,0.0,178067.33,1.0
746.0,France,Female,37.0,4.0,0.0,2.0,1.0,1.0,171039.56,0.0
692.0,Spain,Female,47.0,3.0,0.0,2.0,1.0,1.0,150802.41,1.0
683.0,Spain,Male,35.0,9.0,61172.04,1.0,0.0,0.0,82951.12,0.0
591.0,Germany,Female,35.0,2.0,90194.34,2.0,1.0,0.0,57064.57,0.0
581.0,France,Female,24.0,3.0,95508.2,1.0,1.0,1.0,45755.0,0.0
684.0,Germany,Male,35.0,3.9030690494528097,99967.76,1.0,1.0,1.0,176882.08,0.0
561.0,Spain,Male,37.0,5.451244859580712,101470.29,1.0,1.0,1.0,88838.14,0.0
718.0,Germany,Female,33.0,4.0,70541.06,1.0,0.0,0.0,88592.8,0.0
647.589909152935,France,Male,31.0,8.0,112211.61,1.0,1.0,0.0,26261.42,0.0
573.0,France,Female,47.0,8.0,154543.98,1.0,1.0,0.0,29586.73,0.0
350.0,France,Female,40.0,0.0,111098.85,1.0,1.0,1.0,172321.21,1.0
504.0,Germany,Female,44.0,0.0,131873.07,2.0,1.0,1.0,158036.72,1.0
813.0,Spain,Male,27.0,1.0,137275.36,1.0,0.0,1.0,115733.16,0.0
641.0,Spain,Male,31.0,3.0,153316.14,1.0,1.0,0.0,59927.99,0.0
662.0,France,Female,22.0,9.0,0.0,2.0,1.0,1.0,44377.65,0.0
497.0,Spain,Male,44.0,2.0,121250.04,1.0,0.0,1.0,79691.4,0.0
716.0,France,Male,31.0,8.0,109578.04,1.2157056379966165,1.0,1.0,51503.51,0.0
526.0,France,Male,37.0,5.0,53573.18,1.0,1.0,0.0,62830.97,0.0
760.0,Germany,Female,34.0,6.0,58003.41,1.0,1.0,0.0,90346.1,0.0
669.0,France,Female,31.0,6.0,113000.66,1.0,1.0,0.0,40467.82,0.0
655.0,France,Male,27.0,10.0,0.0,2.0,1.0,0.0,106142.173724103,0.0
547.0,France,Female,49.0,2.0,0.0,1.0,0.0,0.0,65466.93,1.0
648.0,Germany,Female,40.0,5.0,139973.65,1.0,1.0,1.0,667.66,0.0
790.0,France,Female,31.0,2.0,151290.16,1.0,1.0,1.0,172437.12,0.0
744.0,Germany,Male,50.0,1.0,121498.11,2.0,0.0,1.0,106061.47,1.0
761.0,Spain,Male,32.0,4.0,103515.39,2.0,1.0,1.0,177622.38,0.0
750.0,France,Female,35.0,5.10645634558021,0.0,1.0,1.0,0.0,191520.5,0.0
680.0,France,Male,38.2221299532006,9.0,0.0,2.0,1.0,1.0,95686.6,0.0
681.7809533148778,Spain,Male,38.0,6.0,106687.76,1.309885460549037,1.0,1.0,173776.5,0.0
521.0,France,Female,41.0,2.0,0.0,2.0,1.0,1.0,102861.1414728506,0.0
452.0,France,Female,35.0,8.0,32014.75304437718,2.0,1.0,1.0,149614.81,0.0
695.0,France,Female,31.0,5.0,106089.2,1.0,0.0,0.0,99537.68,0.0
641.5721278216463,Spain,Female,71.0,10.0,69396.36721551692,1.0,1.0,0.0,97893.4,1.0
625.0,France,Male,31.0,5.0,18676.09892616598,2.0,0.0,1.0,90.07,0.0
608.0,Germany,Female,40.0,7.0,96202.32,1.0,0.0,0.0,161154.85,0.0
715.0,France,Female,38.0,0.0,0.0,2.0,1.0,1.0,332.81,0.0
628.4917462640377,France,Male,33.0,5.0,33034.95809571329,2.0,1.0,0.0,66285.18,0.0
469.0,France,Male,33.0,1.0,127818.52,1.0,1.0,0.0,163477.22,0.0
480.0,France,Female,40.0,7.0,0.0,1.0,1.0,0.0,170332.67,1.0
527.0,Germany,Male,58.0,3.0,122303.81274905599,1.0,1.0,1.0,126144.96,1.0
834.0,Spain,Male,34.0,5.0,0.0,2.0,0.0,0.0,53437.1,0.0
583.0,France,Female,40.0,4.0,55776.39,2.0,1.0,0.0,26920.43,0.0
696.0,Germany,Male,32.0,4.0,84421.62,1.0,0.0,1.0,52314.71,0.0
674.6350237305694,France,Male,32.0,5.0,83161.65,1.0,1.0,1.0,116885.59,0.0
713.0,France,Female,39.0,10.0,0.0,2.0,1.0,1.0,126263.97,0.0
654.8104526471893,Germany,Male,42.0,3.0,87807.29,2.0,1.0,1.0,94973.82073258965,0.0
550.0,France,Female,30.0,4.0,0.0,2.0,1.0,0.0,89216.29,0.0
675.0,France,Female,39.0,6.0,0.0,2.0,0.0,0.0,83419.15,0.0
748.0,Spain,Male,39.0,3.0,0.0,2.0,1.0,1.0,123998.52,0.0
606.0,Germany,Male,42.51984842096607,9.0,95293.86,1.4727103195331097,0.0,1.0,96985.58,0.0
726.0,Germany,Male,30.0,7.0,92847.59,1.0,1.0,0.0,146154.06,0.0
547.0,France,Male,42.7117411716811,6.0,0.0,1.711285662644522,1.0,1.0,18471.86,0.0
758.0,Spain,Male,35.0,5.0,0.0,2.0,1.0,0.0,95009.6,0.0
596.0,France,Male,37.0,2.0,0.0,1.0,0.0,1.0,121175.86,0.0
720.0,France,Male,34.0,3.0,0.0,2.0,1.0,1.0,77047.78,0.0
674.0,France,Male,37.0,3.0,0.0,1.0,1.0,0.0,158049.9,0.0
756.0,France,Female,32.0,4.0,0.0,2.0,1.0,0.0,147040.25,0.0
685.107288578939,Germany,Male,78.0,4.58624921506859,68345.86,2.0,1.0,1.0,142566.75,0.0
613.0,Germany,Male,28.0,7.0,76656.4,2.0,1.0,1.0,185483.24,0.0
643.0,France,Male,62.0,9.0,0.0,2.0,0.0,0.0,80953.30126021279,0.0
600.0,France,Male,31.0,8.0,0.0,2.0,1.0,1.0,86483.99376494506,0.0
638.827626005112,Spain,Male,39.0,1.0,60374.98,1.0,1.0,0.0,40223.74,0.0
585.0,France,Female,34.0,1.0,0.0,1.0,1.0,1.0,75503.6,0.0
724.0,France,Female,33.0,4.0,62875.180543989205,1.0,0.0,1.0,186942.49,1.0
635.0,Spain,Male,29.0,2.0,0.0,2.0,0.0,0.0,117173.8,0.0
472.0,France,Male,19.0,9.0,0.0,2.0,1.0,0.0,3453.4,0.0
590.0,France,Male,36.0,1.0,0.0,2.0,1.0,0.0,48876.84,0.0
616.3498357643372,Spain,Female,63.0,8.0,129968.67,1.0,0.0,1.0,11830.53,0.0
607.0048790202302,Germany,Female,39.0,4.0,157731.6,2.0,1.0,0.0,162820.6,0.0
606.0,France,Male,32.0,6.0,0.0,2.0,0.0,1.0,36540.63,0.0
781.0,France,Male,33.0,3.0,89276.48,1.0,1.0,0.0,6959.0,0.0
593.0,France,Male,45.0,4.0,138825.19,1.0,0.0,0.0,10828.78,0.0
793.0,Germany,Male,39.877718653085076,4.0180555988651285,103729.79,2.0,1.0,1.0,80272.06,0.0
791.0,France,Female,31.0,10.0,75499.24,1.0,1.0,0.0,22184.14,0.0
695.318531447003,France,Male,43.114036731710016,5.0,169445.4,1.3303222172567313,1.0,1.0,186335.07,0.0
698.0,France,Female,57.0,9.0,111359.55,2.0,1.0,0.0,105715.01,0.0
629.5904732285176,France,Female,44.72109250903502,10.0,37621.70305188538,2.0,0.0,0.0,68393.64,1.0
655.9529687297279,Germany,Male,42.0,4.0,123311.39,2.0,1.0,1.0,82868.34,0.0
574.0,Spain,Male,52.0,7.0,115532.52,1.2985797077874366,1.0,0.0,196257.67,0.0
617.0,Germany,Female,51.0,10.0,167273.71,1.0,1.0,0.0,85409.1970541296,1.0
581.0,France,Male,25.0,5.0,77886.53,2.0,1.0,0.0,150319.49,0.0
710.0,Germany,Male,37.0,6.0,135795.63,1.0,0.0,1.0,46523.6,0.0
550.0,France,Male,32.0,8.0,97514.07,1.182926307411139,1.0,1.0,199138.84,0.0
533.0,Germany,Male,51.0,4.631571770424759,127545.56,1.2847571460860476,0.0,0.0,79559.02,1.0
779.0,France,Male,49.0,9.0,106160.37,1.0,0.0,0.0,116893.87,0.0
763.0,France,Female,23.0,2.0,0.0,2.0,1.0,0.0,153983.99,0.0
563.0,Germany,Female,36.0,4.0,143680.47,2.0,1.0,1.0,92489.3019417953,0.0
678.0,Spain,Male,38.0,3.0,124483.53,1.0,1.0,0.0,126253.31,0.0
644.0,Spain,Female,31.0,5.0,86006.3,1.0,1.0,1.0,73922.95,0.0
682.0,Germany,Female,43.0,7.0,111094.05,2.0,1.0,1.0,64679.3,0.0
625.0,France,Male,22.0,9.0,0.0,2.0,1.0,0.0,157072.91,0.0
733.0,Spain,Male,36.0,1.0,0.0,2.0,0.0,1.0,108377.82,0.0
512.0,France,Female,30.0,6.0,0.0,2.0,1.0,0.0,88827.31,0.0
642.0,France,Female,41.0,7.0,123166.95526565694,1.262179343185491,1.0,1.0,37674.47,0.0
737.0,Germany,Female,22.0,10.0,111543.26,2.0,0.0,0.0,106327.85,0.0
660.7553370401218,France,Female,57.0,8.0,137936.94,1.0,1.0,1.0,84475.13,0.0
543.0,Germany,Female,37.0,3.0,122304.65,2.0,0.0,0.0,33998.7,0.0
521.0,Germany,Male,36.97049413343087,8.0,120586.54,1.0,1.0,1.0,20491.15,0.0
637.0,France,Male,32.0,3.0,20582.235518751775,2.0,1.0,1.0,197827.06,0.0
688.8730588421929,France,Male,40.0,9.0,46520.69,1.925486330927449,1.0,1.0,96687.25,0.0
726.0,Spain,Female,56.0,4.146861161663291,105473.74,1.0,1.0,1.0,46044.7,0.0
680.0,Spain,Female,34.0,7.0,0.0,2.0,1.0,0.0,98949.85,0.0
651.29807012306,Germany,Male,39.0,5.0,115730.71,3.0,1.0,0.0,95259.384739459,1.0
757.0,Spain,Male,37.11644170419016,3.0,145396.49,1.2175109189096343,0.0,1.0,107113.26971403892,0.0
639.7423230649098,Germany,Male,37.89048885465854,3.0,131078.42,2.0,1.0,1.0,119348.76,0.0
516.0,Germany,Female,47.0,9.0,128298.74,1.0,0.0,0.0,149614.17,1.0
803.0,France,Female,40.0,6.0,165526.71,1.0,1.0,0.0,12328.08,0.0
560.0,France,Female,38.0,5.0,83714.41,1.0,1.0,1.0,33245.97,0.0
679.0,France,Female,36.0,3.0,0.0,2.0,1.0,1.0,2243.41,0.0
526.0,France,Male,32.0,7.0,125540.05,1.0,0.0,0.0,86786.41,0.0
485.0,France,Male,41.0,2.0,100254.76,2.0,1.0,1.0,12706.67,0.0
625.0,France,Female,36.0,3.0,76631.12078247238,2.0,1.0,0.0,41295.1,1.0
724.6662413066499,France,Male,46.05005421809185,7.0,138150.57,1.1742830553877601,1.0,1.0,87054.78867411129,0.0
530.0,France,Female,45.0,1.0,0.0,1.0,0.0,1.0,190663.89,1.0
650.8178592347889,Germany,Female,43.0,7.0,120330.6027585792,1.0,1.0,1.0,115262.54,1.0
651.0,France,Male,23.0,10.0,0.0,2.0,1.0,1.0,170099.23,0.0
586.0,Germany,Male,38.0,5.498548988773795,136858.42,1.0,0.0,1.0,189143.94,0.0
607.0,Germany,Male,29.0,7.0,102609.0,1.0,1.0,0.0,163257.44,0.0
724.0,Spain,Male,39.0,3.0,0.0,2.0,0.0,1.0,95562.81,0.0
627.2981741176833,France,Male,64.0,3.0,0.0,2.0,1.0,1.0,93318.99182702077,0.0
667.0,Germany,Male,70.0,3.0,77356.92,2.0,1.0,1.0,20881.96,0.0
623.6889349974283,France,Female,32.0,8.0,74771.79762743047,2.0,1.0,1.0,161845.81,1.0
659.0,Spain,Male,78.0,2.0,151675.65,1.0,0.0,1.0,49978.67,0.0
710.0,Spain,Male,22.0,8.0,0.0,3.0,1.0,0.0,107292.91,0.0
760.0,France,Male,37.0,7.0,0.0,1.0,0.0,0.0,32863.24,1.0
677.0,France,Female,25.0,3.0,0.0,2.0,1.0,0.0,179608.96,0.0
798.0,Germany,Female,29.0,8.0,80204.11,2.0,1.0,0.0,70223.22,0.0
638.5577594526709,France,Male,35.0,7.0,0.0,2.0,1.0,0.0,77951.84,0.0
715.0,France,Male,45.0,4.0,0.0,2.0,1.0,1.0,55043.93,0.0
752.0,Germany,Male,32.0,9.0,115587.49,2.0,0.0,1.0,101677.46,0.0
586.0,Germany,Male,46.0,8.0,106968.96,1.0,1.0,0.0,79366.98,1.0
818.0,France,Male,36.0,4.0,0.0,2.0,1.0,1.0,8037.03,0.0
490.0,Germany,Male,41.0,0.0,139659.04,1.0,1.0,1.0,176254.12,0.0
634.1745873814327,Germany,Female,69.0,3.8071270746714734,86038.21,3.0,0.0,1.0,192743.06,1.0
632.5534518014756,Germany,Male,24.0,5.0,102773.2,2.0,1.0,0.0,56793.02,1.0
533.0,France,Female,35.0,8.0,0.0,2.0,1.0,1.0,187900.12,0.0
708.0,France,Female,51.0,8.0,70754.18,1.0,1.0,0.0,92920.04,1.0
681.0,France,Male,59.0,4.0,122781.51,1.0,0.0,1.0,140166.95,0.0
690.0,France,Male,21.0,8.0,0.0,1.9116901370297272,1.0,1.0,155782.89,0.0
656.0,Germany,Male,68.0,5.183084769805056,153545.11,1.0,1.0,1.0,186574.68,0.0
673.0,Spain,Male,40.0,1.0,121629.22,1.0,1.0,1.0,3258.6,0.0
806.0,Germany,Male,36.0,8.0,124074.64025741447,1.737531992686534,1.0,1.0,106714.28,0.0
648.0,Spain,Female,43.0,7.0,81153.82,1.0,1.0,1.0,144532.85,1.0
501.0,France,Male,35.0,6.0,99760.84,1.0,1.0,1.0,13591.52,0.0
556.0,Germany,Female,43.0,4.0,125890.72,1.0,1.0,1.0,74854.97,0.0
627.0,France,Female,27.0,2.0,0.0,2.0,1.0,0.0,125451.01,0.0
652.0,France,Male,31.0,2.0,119148.55,1.0,0.0,0.0,149740.22,0.0
655.0681578402865,France,Female,60.0,1.0,72948.58,2.0,1.0,1.0,17355.36,0.0
708.0,Germany,Male,33.589841649015284,8.0,133974.36,2.0,1.0,0.0,50294.09,0.0
619.0,France,Male,27.0,1.0,154483.98,1.0,1.0,0.0,156394.74,0.0
601.0,France,Male,40.0,10.0,98627.13,2.0,1.0,0.0,77977.69,0.0
629.0216727410972,France,Male,64.0,2.0,136770.67,1.0,1.0,1.0,43678.06,0.0
800.0,Germany,Male,39.0,4.0,95252.72,1.0,1.0,0.0,13906.34,0.0
554.0,France,Male,33.0,3.0,117413.95,1.0,1.0,1.0,12766.74,0.0
714.0,Germany,Male,42.305121654271105,4.0,137986.58,2.0,1.0,1.0,51308.54,1.0
656.0,France,Male,44.0,10.0,143571.52,1.0,0.0,0.0,127444.14,0.0
520.0,France,Male,49.0,5.0,121197.64,1.0,1.0,0.0,72577.33,1.0
480.0,France,Male,40.199681537964295,5.0,121626.9,1.0,1.0,1.0,82438.13,0.0
660.0,Germany,Male,30.0,1.0,84440.1,2.0,1.0,1.0,60485.98,0.0
532.0,France,Male,36.0,4.0,0.0,2.0,1.0,1.0,132798.78,0.0
679.0,France,Male,42.0,1.0,0.0,2.0,0.0,0.0,71823.15,0.0
780.0,France,Female,26.0,3.0,140356.7,1.0,1.0,0.0,117144.15,0.0
747.0,France,Male,29.0,5.127903237241405,0.0,2.0,1.0,1.0,141706.43,0.0
705.0,France,Female,39.0,3.0,92224.56,1.0,1.0,1.0,54517.25,0.0
732.0,France,Female,35.07705370032753,9.0,0.0,2.0,1.0,0.0,94885.94767524346,0.0
515.0,Spain,Male,37.13354067817086,10.0,121355.99,1.0,1.0,0.0,138360.29,0.0
816.0,Germany,Female,40.0,9.0,109003.26,1.0,1.0,1.0,79580.56,0.0
641.0,France,Male,48.0,3.0,147341.43,1.0,1.0,1.0,157458.61,1.0
509.0,France,Male,18.0,7.0,102983.91,1.0,1.0,0.0,171770.58,0.0
601.0,Germany,Female,49.0,4.0,96252.98,2.0,1.0,0.0,104263.82,0.0
527.0,France,Male,39.0,4.0,0.0,2.0,1.0,0.0,167183.07,1.0
668.1005951180113,France,Female,27.0,5.0,155879.09,2.0,0.0,0.0,70774.97,0.0
803.0,Germany,Male,37.01894927320379,4.913514856131616,142929.16,2.0,1.0,1.0,114869.56,0.0
553.0,France,Male,32.0,7.0,64082.09,1.0,0.0,1.0,109159.58,0.0
724.0,France,Female,28.0,5.0,0.0,1.0,1.0,1.0,59351.68,0.0
610.0,France,Female,45.0,1.0,0.0,2.0,1.0,1.0,199657.46,0.0
559.0,Spain,Female,39.0,2.0,28489.242449158453,2.0,1.0,1.0,121151.1,0.0
825.0,Germany,Female,35.0,6.0,118336.95,1.1957409483881107,1.0,0.0,26342.33,1.0
651.5576679709445,Spain,Female,37.399696122889964,8.0,168253.21,1.0,1.0,1.0,102799.14,0.0
772.0,Germany,Female,42.0,0.0,101979.16,1.7344330676249173,1.0,0.0,90928.48,0.0
685.0,Spain,Male,23.0,5.0,164902.43,1.0,0.0,0.0,141152.28,0.0
506.0,France,Male,43.0,2.0,29254.799260989806,2.0,1.0,0.0,105568.6,0.0
642.0,Germany,Male,22.0,10.0,111812.52,2.0,1.0,1.0,183045.46,0.0
627.0,Spain,Male,38.58339441890091,10.0,35658.083868233516,2.0,1.0,1.0,194792.42,0.0
600.0,France,Male,30.0,2.0,119755.0,1.0,1.0,1.0,21852.91,0.0
653.0,France,Male,46.0,0.0,119556.1,1.0,1.0,0.0,78250.13,1.0
762.0,Spain,Male,53.95398140222128,6.40451287740858,119349.69,1.1824526847242105,1.0,1.0,47114.18,0.0
569.0,Spain,Female,30.0,3.0,139528.23,1.0,1.0,1.0,33230.37,0.0
658.9506785739669,France,Male,40.0,1.0,94773.11,1.0,1.0,0.0,114279.63,0.0
673.0,France,Male,31.0,1.0,108345.22,1.0,0.0,1.0,38802.03,0.0
637.0,France,Female,36.0,9.0,166939.88,1.0,1.0,1.0,72504.76,0.0
665.275492629429,France,Male,33.0,7.0,174571.36,1.0,0.0,1.0,43943.09,0.0
658.0,Spain,Male,35.0,9.0,94918.302665361,1.0,1.0,1.0,68141.92,0.0
649.0,France,Female,39.24863287663146,8.0,0.0,2.0,0.0,1.0,109179.89,0.0
603.0,France,Female,39.0,9.0,76769.68,1.0,0.0,0.0,48224.72,0.0
820.0,France,Female,39.0,1.0,104614.29,1.0,1.0,0.0,61538.43,1.0
712.0,Spain,Male,34.738193034878,10.0,0.0,1.0,1.0,0.0,94544.88,0.0
645.0,Germany,Female,31.0,1.0,128927.93,1.0,1.0,1.0,2850.01,0.0
705.0,Germany,Female,35.420574729962645,9.0,110941.93,1.424164504969721,1.0,0.0,163484.8,0.0
638.4976812703602,Spain,Male,29.0,10.0,99250.08,1.0,1.0,1.0,129629.41,0.0
631.0,France,Male,36.0,1.0,0.0,2.0,0.0,0.0,133141.34,0.0
604.0,France,Male,38.34223259888938,7.0,0.0,2.0,1.0,1.0,188078.55,0.0
643.0,France,Male,48.0,8.0,0.0,2.0,1.0,0.0,109602.87502107862,0.0
690.0,Spain,Female,30.0,5.0,0.0,2.0,0.0,1.0,101677.7238506519,0.0
558.0,France,Male,31.0,7.0,0.0,1.0,1.0,0.0,198269.08,0.0
637.0,Germany,Male,51.0,1.0,104682.83,1.0,1.0,0.0,55266.96,1.0
648.0,Germany,Female,45.0,5.0,118886.55,1.0,0.0,0.0,51636.7,0.0
624.9889276911634,Spain,Male,28.0,8.0,156823.7,2.0,1.0,0.0,198251.52,0.0
665.9909508608253,Germany,Male,39.0,3.0,124216.93,1.0,1.0,1.0,101585.60340929477,0.0
551.0,France,Female,26.0,2.0,144258.52,1.0,1.0,0.0,49778.79,0.0
632.7623499656287,Germany,Male,26.0,4.985682949666581,128793.63,1.0,1.0,0.0,117590.81668176959,0.0
467.0,Germany,Male,28.0,10.0,126315.26,1.0,1.0,0.0,32349.29,1.0
789.0,Spain,Male,40.0,4.0,0.0,2.0,1.0,0.0,137402.27,0.0
602.0,Spain,Male,33.0,5.0,0.0,2.0,0.0,1.0,64038.34,0.0
576.0,France,Male,39.0,1.0,0.0,1.7763403302045129,1.0,1.0,68814.23,0.0
584.0,France,Male,38.0,1.0,115341.55,1.0,0.0,1.0,173632.92,0.0
593.0,France,Male,32.0,6.0,99162.29,1.0,1.0,0.0,128384.11,0.0
554.4304605161733,Germany,Female,48.0,1.0,156848.13,2.0,1.0,1.0,99475.95,1.0
650.1553391971851,Germany,Male,64.0,2.0,105736.32,1.0,1.0,1.0,89935.73,1.0
699.0,Germany,Male,41.0,1.0,113171.64462345534,2.0,1.0,0.0,95250.72613687158,0.0
516.0,France,Female,46.0,6.0,62212.29,1.0,0.0,1.0,171681.86,1.0
838.0,France,Male,31.0,2.0,0.0,2.0,1.0,0.0,8222.96,0.0
587.0,France,Male,41.026616350902565,10.0,123392.06590357672,1.368094422587169,1.0,1.0,170409.45,0.0
750.0,France,Male,38.0,5.0,151532.4,1.0,1.0,1.0,46555.15,0.0
581.0,Germany,Male,39.0,3.389802702739818,121523.51,1.0,0.0,0.0,161655.55,1.0
484.0,France,Male,41.0,5.0,0.0,1.0,1.0,1.0,74267.35,0.0
576.0,Spain,Male,36.94904141201322,8.0,0.0,2.0,0.0,1.0,34101.06,0.0
567.0,Germany,Female,46.0,1.0,68238.51,2.0,1.0,1.0,109572.58,0.0
638.0,France,Male,30.0,9.0,20352.028379384767,2.0,1.0,1.0,115736.85630872012,0.0
646.0,Germany,Male,24.0,0.0,92398.08,1.0,1.0,1.0,18897.29,0.0
658.0,France,Female,40.0,6.058166974526873,143566.12,1.0,1.0,1.0,189607.71,0.0
590.0,Spain,Female,38.0,9.0,0.0,1.879937475449384,1.0,1.0,148750.16,0.0
546.0,Spain,Male,39.20555713384332,7.0,127728.24,2.0,1.0,1.0,105279.74,0.0
603.0,France,Female,34.0,9.0,0.0,2.0,1.0,0.0,167916.35,0.0
619.0,Spain,Female,38.0,10.0,119658.49,1.0,1.0,1.0,8646.58,0.0
678.0,France,Female,34.0,6.0,0.0,2.0,1.0,1.0,124592.84,0.0
459.0,France,Male,26.0,4.0,149879.66,1.0,0.0,0.0,50016.17,0.0
671.0,Germany,Male,28.0,8.0,119859.52,2.0,1.0,1.0,125422.66,0.0
501.0,Spain,Male,43.0,6.0,104533.24,1.0,0.0,0.0,81123.59,1.0
712.264586716596,Spain,Male,37.0,5.37247368958842,145382.61,1.2865960706694888,1.0,1.0,80408.59,0.0
681.0,Spain,Male,37.0,6.0,121231.39,1.319958554542973,1.0,1.0,146366.08,0.0
706.0,Spain,Male,24.0,4.567116486954615,141078.57,1.0,1.0,1.0,24402.87,0.0
763.0,Germany,Female,44.300812860903434,1.0,108465.65,2.0,1.0,0.0,90617.53074697449,1.0
716.0,France,Male,39.0,1.0,70657.61,2.0,1.0,1.0,76476.05,0.0
507.0,Germany,Male,40.0,3.0,117452.86638002627,1.0,1.0,0.0,92075.01,1.0
678.0,France,Male,46.88276884062551,4.765649567288659,49016.04559795063,1.0,1.0,1.0,184125.1,1.0
775.0,France,Male,30.0,10.0,191091.74,2.0,1.0,1.0,96170.38,0.0
544.0,France,Male,38.0,8.0,0.0,1.0,1.0,1.0,98208.62,0.0
756.0,France,Male,27.0,8.0,0.0,2.0,1.0,1.0,157932.75,0.0
757.0,Germany,Male,43.0,5.0,131433.33,1.4356638056532929,1.0,1.0,3497.43,1.0
742.0,Germany,Male,33.0,1.0,115806.81361880856,1.0,1.0,1.0,51387.1,0.0
591.0,France,Male,49.0,3.0,24899.407525393504,2.0,1.0,0.0,50123.44,0.0
667.0,France,Male,24.0,4.0,0.0,1.767901025730227,0.0,0.0,180329.83,0.0
787.0,France,Male,32.0,4.0,0.0,1.746523025454403,1.0,1.0,13238.93,0.0
663.2668984571458,France,Female,43.0,0.0,93143.39,1.0,1.0,0.0,167554.86,0.0
521.0,France,Male,38.0,4.915808938661886,0.0,2.0,1.0,0.0,51454.06,0.0
607.0,Spain,Male,40.0,1.0,112544.45,1.0,1.0,1.0,19842.22,0.0
633.0,France,Female,34.0,3.0,123034.43,2.0,1.0,1.0,38315.04,0.0
588.0,Spain,Male,37.0,2.0,0.0,2.0,0.0,0.0,187816.59,0.0
724.0,Germany,Female,33.0,9.0,119278.44,1.0,1.0,1.0,197148.24,0.0
720.0,France,Male,44.0,4.0,0.0,2.0,1.0,0.0,97977.8463403307,0.0
521.0,France,Male,39.0,7.0,0.0,2.0,0.0,1.0,653.58,0.0
620.0,Spain,Male,36.0,7.0,169312.72,1.0,1.0,0.0,45414.09,0.0
505.0,Germany,Female,33.0,4.721277114499982,106506.77,3.0,1.0,0.0,117177.7388330314,1.0
728.0,Spain,Male,43.0,8.0,128412.61,1.2452617451992387,0.0,1.0,139024.31,0.0
592.6741799996829,Germany,Male,62.0,9.0,113950.51592837996,2.0,1.0,1.0,168034.83,0.0
647.7196768771181,Germany,Male,42.0,3.0,137479.13,1.494510744921747,1.0,0.0,25669.1,0.0
687.0,Spain,Female,40.0,1.0,8002.290717626707,2.0,1.0,0.0,8207.36,0.0
771.0,France,Male,46.495371620156554,3.0,74418.7600879485,1.0,1.0,0.0,101746.7819128264,1.0
678.0,France,Male,33.69728003790265,2.0,148088.11,1.2655098753340372,1.0,0.0,14083.12,0.0
751.0,France,Female,48.0,4.0,0.0,1.0,0.0,1.0,30165.06,1.0
670.0,France,Male,33.0,8.0,126679.69,1.0,1.0,1.0,39451.09,0.0
675.0,Spain,Male,31.0,2.0,90826.27,2.0,1.0,0.0,60270.87,0.0
684.0,Spain,Male,24.0,4.9330911809262545,99201.48366089059,1.0,1.0,1.0,22527.27,0.0
637.0,France,Female,21.0,10.0,125712.2,1.1815932590271916,0.0,0.0,175072.47,0.0
760.0,Spain,Female,32.0,2.0,0.0,1.0,1.0,1.0,114565.35,0.0
651.8853245869354,Spain,Male,37.0,4.0,155187.3,1.0,1.0,0.0,48930.8,0.0
680.0,France,Male,49.0,10.0,0.0,2.0,1.0,0.0,187008.45,0.0
655.569922022754,Spain,Male,40.0,5.0,155455.43,1.0,0.0,1.0,113581.85,0.0
764.0,France,Female,40.0,9.0,100480.53,1.0,1.0,0.0,124095.69,0.0
521.0,France,Male,77.0,6.0,0.0,2.0,1.0,1.0,49054.1,0.0
639.6129407842949,Germany,Male,56.0,5.906706010223428,127585.98,1.6225969661163366,1.0,1.0,112902.01487401195,1.0
795.0,France,Female,40.0,2.0,101891.1,1.0,1.0,1.0,183044.86,0.0
678.0,France,Female,61.0,8.0,25622.621553771798,2.0,1.0,1.0,159938.82,0.0
589.0,France,Male,38.0,4.0,0.0,1.0,1.0,0.0,95483.48,1.0
660.0,Spain,Female,28.0,3.0,128929.88,1.0,1.0,1.0,198069.71,0.0
646.0,Germany,Male,39.0,6.0,121681.91,2.0,0.0,1.0,103003.07940346836,0.0
706.0,Germany,Female,56.0,3.0,139603.22,1.0,1.0,1.0,86383.61,0.0
730.0,France,Female,27.0,7.0,0.0,2.0,1.0,0.0,144099.48,0.0
606.0,France,Female,36.0,10.0,0.0,2.0,0.0,1.0,155641.46,0.0
694.3174747489189,Spain,Female,37.97455322736835,10.0,91760.11,1.2308199228679957,1.0,1.0,135784.94,0.0
645.0,Germany,Male,41.0,2.0,93925.3,1.0,1.0,0.0,123982.14,1.0
579.0,France,Female,38.0,4.0,175739.36,1.0,1.0,1.0,193130.55,0.0
481.0,France,Female,28.0,10.0,0.0,2.0,1.0,0.0,145215.96,0.0
492.0,Germany,Male,45.0,3.47456351374935,170295.04,2.0,0.0,0.0,164741.81,0.0
739.0,France,Male,58.0,2.0,101579.28,1.12501158739972,1.0,1.0,72168.53,0.0
692.8854491026988,France,Male,55.0,7.0,118793.6,1.0,1.0,1.0,95022.02,1.0
682.0,France,Male,44.0,3.0,115282.3,1.0,0.0,0.0,23766.4,0.0
701.0,Spain,Male,34.0,6.0,107980.37,1.2973152921985205,1.0,1.0,119374.74,0.0
718.0,France,Female,44.0,1.0,133866.22,1.0,0.0,1.0,139049.24,0.0
496.0,France,Female,34.0,1.0,102723.35,2.0,1.0,0.0,180844.81,0.0
650.9826714965986,Spain,Male,41.0,5.0,0.0,2.0,1.0,1.0,143980.29,0.0
638.8092489589999,France,Female,44.0,7.0,193213.02,2.0,1.0,1.0,137392.77,0.0
635.0,Germany,Male,53.0,8.0,117005.55,1.517415280871888,1.0,1.0,123646.57,1.0
652.0,Spain,Male,31.0,1.0,132862.59,1.0,0.0,0.0,158054.49,0.0
688.0,France,Male,26.0,0.0,0.0,2.0,1.0,0.0,105784.85,0.0
678.0,France,Female,49.0,3.0,204510.94,1.0,0.0,1.0,738.88,1.0
757.0,Germany,Male,36.0,1.0,65349.71,1.0,0.0,0.0,64539.64,0.0
667.0,France,Male,36.0,8.0,139753.35,1.0,1.0,0.0,79871.16,0.0
654.639642155579,France,Female,29.0,6.0,0.0,2.0,1.0,1.0,190776.83,0.0
632.0,Germany,Female,50.0,5.0,107959.39,1.0,1.0,1.0,106903.9159798955,1.0
694.0,France,Female,38.0,5.0,195926.39,1.0,1.0,1.0,85522.84,0.0
803.0,France,Male,36.0,1.0,0.0,2.0,1.0,1.0,96795.95814858106,0.0
814.0,France,Female,31.0,6.0,87772.52,1.0,1.0,0.0,188516.45,0.0
611.0,France,Male,38.0,4.0,71018.6,2.0,1.0,0.0,2444.29,0.0
755.0,Germany,Male,38.0,4.0,111096.91,1.0,1.0,1.0,19762.88,0.0
425.0,Germany,Male,40.0,9.0,116617.25514831256,2.0,0.0,1.0,108836.83334679212,0.0
850.0,France,Female,34.0,6.0,101266.51,1.0,1.0,0.0,33501.98,0.0
677.0,Spain,Male,41.63376676591329,8.0,134796.87,2.0,1.0,1.0,115580.19436005679,0.0
797.0,France,Female,46.0,8.0,0.0,1.0,0.0,0.0,162668.33,1.0
638.3242081359182,France,Female,43.0,5.223930089585825,67838.25383912047,1.0,1.0,1.0,161241.65,1.0
735.0,Germany,Male,42.52389175746276,5.0,160454.15,2.0,1.0,1.0,114957.22,0.0
609.0,France,Male,77.0,1.0,0.0,1.0,0.0,1.0,18708.76,0.0
700.0,France,Female,42.0,8.0,0.0,2.0,1.0,1.0,105305.72,0.0
526.0,Spain,Female,36.0,5.0,91132.18,1.0,0.0,0.0,58111.71,0.0
693.0,Spain,Female,57.0,9.0,0.0,2.0,1.0,1.0,74765.08592569927,0.0
748.0,France,Female,20.0,7.0,0.0,2.0,0.0,0.0,10792.42,0.0
657.0,Spain,Male,38.76209507410328,8.0,29217.126895772573,2.0,0.0,1.0,123866.43,0.0
739.0,Germany,Female,25.0,5.0,113113.12,1.0,1.0,0.0,129181.27,0.0
784.0,Spain,Male,23.0,2.0,0.0,1.0,1.0,1.0,6847.73,0.0
694.5403612644606,France,Male,35.063255190683364,7.0,190409.34,1.3295023290095687,1.0,1.0,103539.9037464696,0.0
645.0,France,Male,44.0,10.0,0.0,2.0,0.0,1.0,166707.22,0.0
669.0,France,Female,33.0,9.0,0.0,2.0,0.0,1.0,107221.03,0.0
615.0,France,Male,34.0,1.0,83503.11,2.0,1.0,0.0,73124.53,1.0
724.0,Germany,Female,53.0,1.0,139687.66,2.0,1.0,1.0,12913.92,0.0
850.0,France,Female,47.0,9.0,137301.87,1.0,1.0,0.0,44351.77,0.0
625.0,Germany,Male,39.0,4.959510798151331,129845.26,1.0,1.0,1.0,96444.88,0.0
635.0,Spain,Male,38.27382130229515,8.0,20009.88826486671,2.0,1.0,1.0,60739.16,0.0
628.2506827690027,Germany,Male,37.0,6.0,125489.4,1.0,1.0,0.0,118570.53,0.0
550.0,France,Male,47.0,2.0,0.0,2.0,1.0,1.0,97057.28,0.0
645.0,France,Male,45.0,6.0,155417.61,1.0,0.0,1.0,3449.22,0.0
714.0,Spain,Male,29.0,4.0,0.0,2.0,1.0,1.0,37605.9,0.0
520.0,France,Female,46.0,10.0,85216.61,1.0,1.0,0.0,117369.52,1.0
633.0,France,Male,25.0,1.0,0.0,1.0,1.0,0.0,100598.98,0.0
537.0,France,Male,37.0,6.0,0.0,1.0,1.0,1.0,17802.42,0.0
764.0,Spain,Male,38.0,4.0,113607.47,1.0,1.0,1.0,91094.46,0.0
645.1236500760293,Germany,Female,33.0,4.837352507899849,104552.72,1.0,1.0,1.0,120853.83,1.0
573.0,Spain,Male,44.0,9.0,0.0,2.0,1.0,0.0,107124.17,0.0
702.0,Spain,Male,44.0,9.0,0.0,1.0,1.0,0.0,59207.41,1.0
740.0,Germany,Male,33.0,2.0,126524.11,1.0,1.0,0.0,136869.31,0.0
479.0,France,Male,34.0,5.0,117593.48,2.0,0.0,1.0,113308.29,0.0
627.0,Germany,Female,33.0,4.0,83199.05,1.0,0.0,0.0,159334.93,0.0
479.0,Spain,Male,35.0,4.0,125920.98,1.0,1.0,1.0,20393.44,0.0
623.0,France,Male,48.0,5.0,118469.38,1.0,1.0,1.0,158590.25,0.0
512.0,Germany,Female,40.0,8.0,153537.57,2.0,0.0,1.0,23101.13,0.0
609.0,France,Male,41.0,6.0,0.0,1.0,0.0,1.0,112585.19,0.0
518.0,France,Male,42.0,7.0,151027.05,2.0,1.0,0.0,119377.36,0.0
833.0,France,Female,34.0,3.0,144751.81,1.0,0.0,0.0,166472.81,0.0
758.0,France,Male,26.0,4.0,155739.76,1.0,1.0,0.0,171552.02,0.0
611.0,France,Male,27.0,7.0,0.0,2.0,1.0,1.0,157474.1,0.0
583.0,France,Male,36.10606385341264,7.0,122531.86,1.0,1.0,0.0,13549.24,0.0
610.0,Germany,Male,44.14186222857494,6.8493447477721405,113957.01,2.0,1.0,0.0,196526.55,1.0
637.0,France,Female,33.0,7.0,103377.81,1.0,1.0,0.0,84419.78,0.0
683.0,France,Male,32.0,9.0,0.0,2.0,1.0,1.0,94714.06412092446,0.0
774.0,France,Male,40.0,4.643916721007194,93017.47,2.0,1.0,0.0,191608.97,0.0
677.0,France,Female,58.0,1.0,90022.85,1.0,0.0,1.0,2988.28,0.0
741.0,Spain,Male,35.0,6.0,91589.0792490624,1.0,0.0,0.0,99595.67,0.0
498.0,France,Male,42.0,4.0612001872200265,152039.7,2.104720974382094,1.0,1.0,109769.14522397627,1.0
655.0,Germany,Female,46.0,7.0,137145.12,1.0,1.0,0.0,91826.1759648043,1.0
613.0,France,Male,40.0,4.0,0.0,1.0,0.0,0.0,151325.24,0.0
602.0,Germany,Male,35.0,7.0,90602.42,2.0,1.0,0.0,51695.41,0.0
659.0,France,Male,36.0,6.0,123841.49,2.0,1.0,0.0,96833.0,0.0
673.0,Germany,Male,47.0,1.0,183579.54,2.0,0.0,1.0,89265.9745302943,0.0
606.0,Spain,Male,30.0,8.0,180307.73,2.0,1.0,1.0,1914.41,0.0
775.0,France,Male,30.0,4.0,0.0,2.0,1.0,0.0,49337.84,0.0
841.0,Spain,Male,33.29305560390017,4.0,0.0,2.0,1.0,0.0,179436.6,0.0
714.0,Germany,Male,33.0,3.0,35016.6,1.0,1.0,0.0,53667.08,0.0
597.0,France,Female,53.0,4.0,88381.21,1.0,1.0,0.0,82288.19016766381,1.0
726.0,Spain,Male,36.0,2.0,0.0,1.0,1.0,0.0,195192.4,0.0
644.0,France,Male,28.0,7.0,155060.41,1.0,1.0,0.0,29179.52,0.0
800.0,France,Female,29.0,2.0,0.0,2.0,0.0,0.0,167773.55,0.0
771.0,France,Male,37.312523581213874,5.0,33612.714944183426,2.0,1.0,0.0,96270.64,0.0
516.0,France,Male,35.0,10.0,57369.61,1.345854947192366,1.0,1.0,101699.77,0.0
709.0,France,Female,36.0,7.0,0.0,1.0,0.0,1.0,42085.58,1.0
772.0,Germany,Male,42.0,3.0,75075.31,2.0,1.0,0.0,92888.52,1.0
792.0,France,Female,28.0,4.0,130142.79,1.0,1.0,0.0,38190.78,0.0
