cat_Sex,con_Length,con_Diameter,con_Height,con_Whole_weight,con_Shucked_weight,con_Viscera_weight,con_Shell_weight
I,0.455,0.3166927397251129,0.1085764616727829,0.514,0.18448778986930847,0.1040891483426094,0.15
M,0.35,0.23532527685165405,0.09,0.2255,0.0995,0.0485,0.07
F,0.53,0.3886139690876007,0.135,0.677,0.2565,0.1415,0.21
I,0.43961668014526367,0.3354450762271881,0.125,0.5095150470733643,0.2155,0.11565832048654556,0.155
I,0.33,0.255,0.08,0.1455373466014862,0.0895,0.041860125958919525,0.055
I,0.425,0.3,0.095,0.3515,0.141,0.0775,0.04332946240901947
F,0.5353865027427673,0.415,0.148145392537117,0.8726775646209717,0.3310621678829193,0.1415,0.33
F,0.5548190474510193,0.43117985129356384,0.125,0.768,0.3631380796432495,0.1495,0.24313850700855255
I,0.475,0.37,0.125,0.5397313833236694,0.23437313735485077,0.1125,0.165
M,0.570127546787262,0.45426255464553833,0.15,1.032390832901001,0.4249218702316284,0.23116306960582733,0.28174224495887756
F,0.525,0.39368197321891785,0.14,0.6065,0.194,0.1475,0.21
I,0.4100201427936554,0.35,0.10323348641395569,0.406,0.1675,0.09266753494739532,0.135
I,0.4708769619464874,0.36602967977523804,0.135,0.6355519890785217,0.2175,0.14116419851779938,0.19
F,0.535,0.405,0.13563981652259827,0.6845,0.2725,0.1605556607246399,0.205
F,0.41173455119132996,0.33412501215934753,0.1,0.4310150444507599,0.1675,0.0805,0.185
F,0.5578100085258484,0.4,0.1384698450565338,0.8557345867156982,0.258,0.20009128749370575,0.23785945773124695
I,0.355,0.28,0.07978779077529907,0.2905,0.10384207218885422,0.0395,0.115
F,0.44,0.34,0.1,0.451,0.188,0.06698568910360336,0.13
M,0.365,0.295,0.08,0.2555,0.0728582963347435,0.043,0.1
M,0.45,0.3038543164730072,0.10096634924411774,0.3762240409851074,0.1705,0.075,0.115
M,0.355,0.28,0.095,0.17365404963493347,0.0955,0.062,0.075
I,0.3079510033130646,0.275,0.1,0.2255,0.08,0.049,0.085
F,0.5314036011695862,0.42888379096984863,0.155,0.9395,0.32438981533050537,0.214,0.27
F,0.55,0.415,0.135,0.7635,0.3099105656147003,0.21,0.2229101061820984
F,0.5696534514427185,0.48,0.15404123067855835,1.1615,0.37782055139541626,0.301,0.2687278091907501
F,0.56,0.44,0.14,0.9285,0.3825,0.188,0.3
F,0.5787304043769836,0.4465838372707367,0.15853016078472137,0.9955,0.39449477195739746,0.272,0.2686295509338379
M,0.5128431916236877,0.3955281674861908,0.14,0.931,0.28698045015335083,0.234,0.28
F,0.5779590010643005,0.4593174159526825,0.1497144252061844,1.0023210048675537,0.394,0.2170608788728714,0.295
F,0.5440998673439026,0.425,0.14,0.8635,0.32868242263793945,0.227,0.23950955271720886
M,0.6169030666351318,0.48827341198921204,0.16816446185112,0.9975,0.5010089874267578,0.25882086157798767,0.3265133202075958
F,0.5831214785575867,0.45828136801719666,0.15784570574760437,1.029020071029663,0.6055,0.2805,0.2897989749908447
M,0.5345315337181091,0.42696240544319153,0.165,1.338,0.3507032096385956,0.19728805124759674,0.2512997090816498
F,0.5866659879684448,0.45944687724113464,0.175,1.0688083171844482,0.4277029037475586,0.23274816572666168,0.455
F,0.705,0.47317302227020264,0.1611735075712204,1.062727451324463,0.4459495544433594,0.4115,0.30225011706352234
M,0.41326087713241577,0.355,0.11062300950288773,0.4795,0.18305553495883942,0.11922209709882736,0.13657478988170624
F,0.5978720188140869,0.4703468084335327,0.15485942363739014,1.217,0.5305,0.22319884598255157,0.2895103096961975
I,0.45,0.355,0.0892491415143013,0.5225,0.237,0.065174400806427,0.145
F,0.500417947769165,0.445,0.135,0.883,0.381,0.2035,0.26
M,0.355,0.22895802557468414,0.09,0.3275,0.134,0.086,0.09
I,0.45,0.2760993540287018,0.105,0.425,0.1865,0.091,0.115
F,0.55,0.425,0.14455613493919373,0.8515,0.3721613585948944,0.1942150890827179,0.2516669034957886
I,0.24,0.175,0.045,0.07,0.09748978167772293,0.0235,0.05763767659664154
I,0.205,0.15,0.055,0.042,0.0255,0.015,0.012
I,0.21,0.15,0.05,0.042,0.0175,0.0125,0.015
I,0.39,0.2861213684082031,0.09061981737613678,0.203,0.0875,0.045,0.09027666598558426
M,0.5372353792190552,0.4081757366657257,0.1457105129957199,0.5795,0.3127571940422058,0.227,0.22077350318431854
F,0.46,0.375,0.12,0.44697222113609314,0.1775,0.11,0.15
I,0.325,0.245,0.07,0.161,0.07291307300329208,0.0255,0.045
F,0.525,0.42239031195640564,0.16,0.8355,0.3545,0.16334767639636993,0.245
F,0.52,0.41,0.12,0.65936678647995,0.2385,0.1525125950574875,0.19
M,0.3436625897884369,0.32,0.095,0.303,0.10880542546510696,0.06,0.1
M,0.485,0.3296029567718506,0.1082879900932312,0.4453020989894867,0.2595,0.096,0.16
I,0.47,0.36,0.10429318249225616,0.4775,0.16878093779087067,0.0979609340429306,0.15
M,0.405,0.31,0.1,0.385,0.06871264427900314,0.0915,0.11
F,0.5,0.43660473823547363,0.1404057741165161,0.8447539210319519,0.2565,0.18815484642982483,0.2454763799905777
M,0.445,0.35,0.0812392383813858,0.4425,0.192,0.0955,0.135
I,0.47,0.385,0.135,0.6176083087921143,0.2765,0.12,0.16970069706439972
I,0.245,0.19,0.06898943334817886,0.086,0.042,0.014,0.025
F,0.44660326838493347,0.4,0.125,0.583,0.246,0.13,0.175
M,0.438191294670105,0.33568423986434937,0.11557873338460922,0.4115,0.1960989087820053,0.12634392082691193,0.135
M,0.505,0.34013044834136963,0.11,0.625,0.305,0.12079370766878128,0.16312065720558167
F,0.5451931953430176,0.41,0.13,0.8685647249221802,0.302,0.17952218651771545,0.2145327627658844
M,0.425,0.325,0.095,0.3785,0.1705,0.08,0.1
M,0.5493672490119934,0.42213237285614014,0.14524124562740326,0.9410116076469421,0.3501737415790558,0.1999984085559845,0.185
I,0.455487459897995,0.35057276487350464,0.12,0.5761725306510925,0.24715586006641388,0.1015,0.135
F,0.5479912757873535,0.44,0.14578132331371307,0.915,0.354,0.1913226842880249,0.32
F,0.5603837370872498,0.4409981966018677,0.185,0.9604973793029785,0.38597482442855835,0.20685267448425293,0.26572585105895996
F,0.475,0.39,0.12,0.5305,0.2135,0.1155,0.17
I,0.31,0.25892025232315063,0.08286519348621368,0.22827014327049255,0.063,0.0405,0.045
F,0.555,0.425,0.13666534423828125,0.7899655699729919,0.264,0.168,0.2284494936466217
F,0.4042662978172302,0.3206166923046112,0.11,0.353,0.1405,0.0985,0.1
M,0.595,0.48048514127731323,0.1559915542602539,1.1283729076385498,0.4570223093032837,0.2488960176706314,0.30167409777641296
F,0.6002833843231201,0.48011523485183716,0.15863128006458282,1.1308393478393555,0.474,0.23824867606163025,0.3129726052284241
F,0.605,0.45,0.195,0.8850730657577515,0.3561791479587555,0.1851789355278015,0.24200579524040222
F,0.6,0.475,0.14269599318504333,0.9196344017982483,0.35644403100013733,0.19649779796600342,0.28
F,0.5814598202705383,0.475,0.1536218672990799,0.944,0.41761401295661926,0.2281665951013565,0.2760828733444214
F,0.5574623346328735,0.44627755880355835,0.150146484375,0.922,0.363,0.1953589916229248,0.305
F,0.555,0.4304761290550232,0.14,0.788,0.282,0.16078364849090576,0.21893753111362457
F,0.6205891966819763,0.4802040159702301,0.16620303690433502,1.2668747901916504,0.5366976261138916,0.2701498866081238,0.33167779445648193
F,0.5537664294242859,0.445,0.14555707573890686,0.8721232414245605,0.3845,0.252,0.23588623106479645
F,0.5911344289779663,0.51,0.1500539928674698,1.0323359966278076,0.42313310503959656,0.234126016497612,0.2754121422767639
F,0.5179994702339172,0.425,0.165,0.9885,0.396,0.225,0.1913895308971405
M,0.5881061553955078,0.46387478709220886,0.15188387036323547,1.1318128108978271,0.47329360246658325,0.24579644203186035,0.3093031048774719
F,0.5798731446266174,0.45,0.15626761317253113,1.0286448001861572,0.4080488383769989,0.22426770627498627,0.36
F,0.5417777299880981,0.465,0.14371316134929657,1.295,0.339,0.2225,0.23467735946178436
M,0.5368223190307617,0.4264131188392639,0.14,1.195,0.35806435346603394,0.19883416593074799,0.25134825706481934
M,0.5389770269393921,0.44,0.16,0.8241540193557739,0.3103869557380676,0.17808762192726135,0.2343485802412033
F,0.46,0.355,0.11409616470336914,0.4955630302429199,0.2205,0.11056526005268097,0.1311062127351761
F,0.575,0.45,0.16,0.7388036847114563,0.3135,0.231,0.20504511892795563
F,0.5509785413742065,0.425,0.14557398855686188,0.8115,0.341,0.19014650583267212,0.255
F,0.555,0.40570440888404846,0.15,0.755,0.307,0.1525,0.2096848487854004
M,0.5892293453216553,0.46413329243659973,0.1606023758649826,1.0817734003067017,0.42905426025390625,0.23511485755443573,0.39
F,0.5409557223320007,0.495,0.165,1.262,0.3460400402545929,0.19540980458259583,0.39
F,0.6002839803695679,0.48011496663093567,0.15863153338432312,1.1308400630950928,0.588,0.23824802041053772,0.3129722774028778
M,0.5417953729629517,0.41221022605895996,0.195,0.8561010956764221,0.32721632719039917,0.388,0.23351769149303436
M,0.535,0.435,0.15,0.6777154207229614,0.269,0.14224207401275635,0.25
I,0.4470740854740143,0.375,0.13,0.523,0.20406614243984222,0.11981295049190521,0.145
I,0.445891797542572,0.37,0.11256612092256546,0.5225,0.201,0.133,0.13052953779697418
F,0.475,0.375,0.14508342742919922,0.9467992186546326,0.3911774158477783,0.2089027762413025,0.25640103220939636
I,0.36,0.265,0.095,0.23773106932640076,0.10581120103597641,0.05873852223157883,0.075
F,0.559956431388855,0.44431766867637634,0.145,0.9621641039848328,0.328,0.20710760354995728,0.255
M,0.5182119607925415,0.40417754650115967,0.13983526825904846,0.8394551873207092,0.316,0.18048256635665894,0.335
F,0.5241581201553345,0.415,0.13915684819221497,0.724,0.3105,0.1675,0.205
M,0.5494376420974731,0.42294469475746155,0.14741483330726624,0.9207652807235718,0.4975,0.2405,0.262017160654068
F,0.5253411531448364,0.41,0.155,0.8430454134941101,0.31363531947135925,0.1835,0.235
F,0.5277539491653442,0.4159034788608551,0.165,0.7766520977020264,0.2935,0.183,0.22077080607414246
I,0.4638878107070923,0.3602525591850281,0.1221352145075798,0.5659464597702026,0.261,0.1315,0.16490989923477173
F,0.51,0.416217178106308,0.13598833978176117,0.7412152290344238,0.231,0.179,0.2
F,0.4365699887275696,0.395,0.105,0.4820929169654846,0.136,0.098,0.13
F,0.5394549369812012,0.395,0.125,0.8179410696029663,0.32167088985443115,0.1345,0.2123592495918274
M,0.465,0.36,0.09872964769601822,0.431,0.172,0.107,0.1097104623913765
I,0.435,0.30048590898513794,0.08,0.3325,0.1485,0.08344395458698273,0.10009820759296417
M,0.425,0.35,0.105,0.393,0.13,0.063,0.165
F,0.545,0.41,0.125,0.6935,0.2975,0.146,0.21
F,0.53,0.415,0.13459521532058716,0.8151490092277527,0.3014497458934784,0.1585,0.18
I,0.49,0.34828534722328186,0.135,0.6125,0.2555,0.102,0.15520301461219788
M,0.44,0.34,0.09066585451364517,0.402,0.11467031389474869,0.07485029101371765,0.165
F,0.56,0.4155952036380768,0.15,0.8825,0.3465,0.172,0.20231078565120697
M,0.405,0.2458537518978119,0.085,0.2605,0.1145,0.0595,0.085
F,0.47,0.365,0.12008677423000336,0.4205,0.2060014307498932,0.1035,0.15949934720993042
I,0.385,0.2759033739566803,0.085,0.3229758143424988,0.103,0.0575,0.085
F,0.515,0.425,0.14,0.766,0.304,0.1725,0.255
M,0.37,0.265,0.075,0.27164894342422485,0.08429080992937088,0.051,0.07
I,0.3255663514137268,0.28,0.08,0.1755,0.081,0.05004401504993439,0.07
I,0.27,0.195,0.06,0.073,0.0285,0.0235,0.03
I,0.3663995862007141,0.275,0.09,0.238,0.1075,0.0795980840921402,0.08019658923149109
I,0.385,0.29,0.085,0.2505,0.112,0.061,0.05436885356903076
F,0.7,0.46938270330429077,0.15798401832580566,1.0437361001968384,0.43219175934791565,0.2635,0.29171180725097656
M,0.5892289876937866,0.46413278579711914,0.16060258448123932,1.0817718505859375,0.42905303835868835,0.2351142168045044,0.78
M,0.5576080083847046,0.43042272329330444,0.14820583164691925,0.9462172389030457,0.3612270653247833,0.283,0.41
I,0.44298309087753296,0.35,0.125,0.5006388425827026,0.175,0.12234365940093994,0.14023959636688232
I,0.325,0.26,0.09,0.1915,0.1308087706565857,0.036,0.07827128469944
I,0.35,0.26,0.08838619291782379,0.211,0.12203926593065262,0.056,0.068
I,0.265,0.2,0.065,0.0975,0.04,0.0205,0.028
F,0.425,0.2985513508319855,0.115,0.406,0.1635,0.081,0.1355
F,0.3548727035522461,0.23,0.08,0.156,0.0675,0.0345,0.048
M,0.345,0.255,0.09,0.2005,0.094,0.0295,0.063
F,0.405,0.325,0.11,0.3555,0.151,0.063,0.117
M,0.375,0.285,0.07654131948947906,0.253,0.096,0.0575,0.0925
F,0.5486770272254944,0.4321674704551697,0.155,0.826,0.3474329113960266,0.2055,0.24229419231414795
F,0.55,0.45,0.145,0.741,0.295,0.1435,0.2665
F,0.65,0.4710630178451538,0.15389426052570343,1.0978249311447144,0.519,0.22491882741451263,0.2925041913986206
F,0.5659651756286621,0.4488561749458313,0.155,0.9899089336395264,0.4124540388584137,0.19,0.2731133699417114
M,0.4197733998298645,0.31544768810272217,0.13,0.5175,0.18113943934440613,0.1165,0.17
I,0.40377339720726013,0.31289616227149963,0.10462979972362518,0.549,0.245,0.1075,0.174
I,0.46,0.35,0.12,0.3898608684539795,0.1546521782875061,0.108,0.1565
I,0.32005277276039124,0.205,0.08,0.127,0.10625719279050827,0.05724581331014633,0.042
I,0.2854352593421936,0.13,0.055,0.0315,0.0105,0.0065,0.0125
I,0.17,0.13,0.095,0.03,0.013,0.008,0.01
M,0.5494078993797302,0.475,0.14339426159858704,0.8856954574584961,0.3391822874546051,0.18527384102344513,0.325
F,0.605,0.4729292094707489,0.16043610870838165,1.0608417987823486,0.443208783864975,0.2585,0.29977065324783325
F,0.5755519270896912,0.45689380168914795,0.15015538036823273,0.9914754033088684,0.5065,0.2145363688468933,0.45
F,0.605,0.485,0.16,1.0565,0.37,0.16627512872219086,0.21780569851398468
F,0.565,0.41316479444503784,0.135,0.9885,0.387,0.1495,0.19727183878421783
F,0.545218825340271,0.427661657333374,0.13,0.8798382878303528,0.32,0.131,0.23223876953125
F,0.5509226322174072,0.46,0.19,0.911228358745575,0.3632064163684845,0.2425,0.2583679258823395
M,0.645,0.44582420587539673,0.14788933098316193,0.9225252866744995,0.36248844861984253,0.2615,0.2612583637237549
F,0.5532719492912292,0.455,0.14405758678913116,0.872592568397522,0.374,0.2135,0.23491139709949493
F,0.5554636716842651,0.46,0.15045790374279022,0.9258555769920349,0.36172670125961304,0.1785,0.44
M,0.605,0.465,0.165,0.77253657579422,0.2866133749485016,0.16162526607513428,0.34
M,0.605,0.44715747237205505,0.16,1.222,0.39892610907554626,0.2112838625907898,0.26779285073280334
M,0.5486103892326355,0.42657068371772766,0.14898787438869476,1.2445,0.3600727915763855,0.2099892795085907,0.345
F,0.5911344289779663,0.56,0.1500539481639862,1.0323339700698853,0.4231316149234772,0.23412536084651947,0.27541160583496094
F,0.5911344289779663,0.545,0.1500539630651474,1.032334327697754,0.42313194274902344,0.2341255098581314,0.2754117250442505
M,0.5701260566711426,0.45425909757614136,0.19,1.0323562622070312,0.42489880323410034,0.2311534881591797,0.28173795342445374
M,0.5892289876937866,0.46413275599479675,0.16060258448123932,1.081771731376648,0.42905300855636597,0.2351142019033432,0.85
F,0.6002840995788574,0.4801149368286133,0.1586315631866455,1.1308401823043823,0.625,0.23824793100357056,0.31297221779823303
F,0.6002842783927917,0.48011481761932373,0.15863165259361267,1.1308404207229614,0.8175,0.23824772238731384,0.31297212839126587
F,0.5911344289779663,0.515,0.1500539779663086,1.032335638999939,0.42313289642333984,0.23412591218948364,0.27541205286979675
M,0.570125937461853,0.45425882935523987,0.215,1.032353401184082,0.42489686608314514,0.2311526983976364,0.28173762559890747
F,0.5620945692062378,0.4347715675830841,0.148280531167984,0.775,0.308,0.169,0.24127338826656342
M,0.525,0.3882434666156769,0.155,0.7902150750160217,0.486,0.233,0.2220531553030014
F,0.52,0.405,0.115,0.7188379764556885,0.32,0.1845,0.22
I,0.235,0.2263479083776474,0.04,0.048,0.0185,0.018,0.015
I,0.36,0.2554883658885956,0.0800401121377945,0.1785,0.0645,0.037,0.075
I,0.315,0.21,0.06,0.125,0.06,0.03504689782857895,0.035
I,0.315,0.245,0.085,0.1435,0.053,0.0475,0.05
I,0.225,0.16,0.045,0.1359686255455017,0.025,0.03928724676370621,0.015
M,0.5156559348106384,0.4007073938846588,0.15,0.97,0.385,0.17296314239501953,0.21696631610393524
F,0.5119054317474365,0.48,0.18,0.7749210596084595,0.399,0.2,0.295
M,0.6169025301933289,0.4882729649543762,0.16816511750221252,1.368,0.5010052919387817,0.25881925225257874,0.3265126049518585
F,0.56,0.45,0.145479217171669,1.0235,0.429,0.18714775145053864,0.24718056619167328
M,0.5701262354850769,0.4542595148086548,0.175,1.0323604345321655,0.4249015748500824,0.2311546355485916,0.2817384600639343
F,0.5583723187446594,0.51,0.1471136063337326,0.9701419472694397,0.621,0.19645358622074127,0.46
F,0.62,0.4732980728149414,0.1609272062778473,1.0630964040756226,0.4453446567058563,0.2965,0.3016848564147949
F,0.561494767665863,0.48,0.14937448501586914,0.936450183391571,0.35894688963890076,0.336,0.285
F,0.6002838611602783,0.48011502623558044,0.15863145887851715,1.1308398246765137,0.54,0.23824819922447205,0.3129723370075226
F,0.63,0.4593794345855713,0.15367500483989716,1.199,0.4230577349662781,0.21293100714683533,0.27763423323631287
F,0.585,0.46,0.14467386901378632,0.9325,0.3581869304180145,0.20132699608802795,0.29
M,0.5584704279899597,0.4360555112361908,0.14888526499271393,1.1595,0.37340036034584045,0.2165,0.2619306445121765
M,0.61,0.4238317906856537,0.14313682913780212,0.8710649013519287,0.419,0.2405,0.24974475800991058
F,0.563618004322052,0.45,0.14189457893371582,0.8989847302436829,0.276,0.20354844629764557,0.24647390842437744
I,0.355,0.2628207802772522,0.085,0.2582492530345917,0.092,0.06,0.06384913623332977
F,0.51,0.4433967173099518,0.14866049587726593,0.9138514995574951,0.3555372655391693,0.1965,0.195
F,0.6002768278121948,0.48011815547943115,0.15862859785556793,1.1308320760726929,0.346,0.23825572431087494,0.31297609210014343
F,0.5017135739326477,0.41,0.15,0.7416574954986572,0.285,0.145,0.21
F,0.64,0.4687994420528412,0.1527169793844223,1.0831605195999146,0.4445,0.22202901542186737,0.287791907787323
F,0.56,0.4119778871536255,0.16,0.922,0.432,0.1741429716348648,0.26
F,0.5479533076286316,0.43905237317085266,0.185,0.922,0.36603087186813354,0.213,0.2578873038291931
F,0.42852193117141724,0.33779376745224,0.12,0.4165,0.18391314148902893,0.095,0.135
M,0.5268149375915527,0.4,0.12785328924655914,0.7355305552482605,0.254,0.16506655514240265,0.20727437734603882
F,0.5,0.4383102059364319,0.15044334530830383,0.9166398048400879,0.3557790517807007,0.1465,0.23
F,0.53,0.4402332901954651,0.17,0.8155,0.3803154528141022,0.20452092587947845,0.2628943622112274
M,0.42,0.3050767183303833,0.10798940807580948,0.42397409677505493,0.171,0.071,0.12429990619421005
F,0.418813556432724,0.3252646327018738,0.14,0.482,0.186,0.1085,0.16
I,0.3855434060096741,0.3,0.09895464032888412,0.315,0.109,0.067,0.10025724768638611
I,0.33142611384391785,0.34,0.11,0.3795,0.1495,0.085,0.12
F,0.5289711356163025,0.415,0.14642690122127533,0.8325,0.2755,0.17420341074466705,0.31
I,0.37,0.27810654044151306,0.095,0.2655,0.14121755957603455,0.052,0.08
F,0.5352457761764526,0.365,0.145,0.8958954811096191,0.35690316557884216,0.20169846713542938,0.2461058646440506
I,0.335,0.2539885938167572,0.09,0.181,0.0755,0.0415,0.06
F,0.415,0.325,0.1076592430472374,0.38,0.14294692873954773,0.09885939210653305,0.12
M,0.5,0.3720977306365967,0.12291806191205978,0.6155,0.241,0.13692815601825714,0.18597768247127533
F,0.512130081653595,0.4147299826145172,0.16,0.66,0.3041076362133026,0.128,0.235
F,0.5435609221458435,0.405,0.1474372297525406,0.8025,0.34691494703292847,0.1635,0.255
M,0.45,0.29920443892478943,0.13,0.46,0.16897813975811005,0.111,0.11635882407426834
I,0.405,0.3,0.12,0.324,0.1265,0.07,0.11
M,0.47,0.27690616250038147,0.135,0.501,0.1665,0.115,0.165
F,0.415,0.324896901845932,0.13,0.32,0.1305,0.0755,0.11234894394874573
I,0.388851135969162,0.2985529899597168,0.125,0.455,0.1785,0.1125,0.14
F,0.47,0.35,0.145,0.6113660335540771,0.21074746549129486,0.1235,0.18
F,0.517025351524353,0.40238869190216064,0.15,0.7859647870063782,0.22,0.16085019707679749,0.2094772607088089
F,0.445,0.355,0.09767810255289078,0.485,0.181,0.125,0.155
I,0.425,0.38,0.09460655599832535,0.3265,0.15717871487140656,0.08389035612344742,0.1
F,0.4854411780834198,0.3702329993247986,0.12431483715772629,0.6216411590576172,0.1715,0.13855287432670593,0.155
F,0.3897324800491333,0.29,0.125,0.3055,0.1348143219947815,0.082,0.09
I,0.3220328092575073,0.27,0.085,0.205,0.078,0.048751503229141235,0.07
F,0.5594815015792847,0.455238401889801,0.165,1.1015,0.3908846080303192,0.20158275961875916,0.26769009232521057
F,0.5793507099151611,0.45770740509033203,0.16,1.0498677492141724,0.4137476980686188,0.22898223996162415,0.245
F,0.5797276496887207,0.445,0.14841029047966003,0.9847435355186462,0.336,0.21430660784244537,0.27004143595695496
F,0.565,0.44,0.14695194363594055,0.9944615364074707,0.4060501158237457,0.2208264023065567,0.2703254520893097
F,0.6002835631370544,0.48011514544487,0.1586313545703888,1.1308395862579346,0.496,0.23824846744537354,0.3129724860191345
I,0.275,0.215,0.075,0.1155,0.0485,0.029,0.035
I,0.4081593453884125,0.3117600083351135,0.135,0.435,0.16688233613967896,0.083,0.125
I,0.295,0.225,0.07365524768829346,0.14352253079414368,0.0485,0.032,0.04
I,0.2791047990322113,0.055,0.01,0.002,0.001,0.0005,0.0015
I,0.13,0.1,0.03,0.013,0.0045,0.003,0.004
I,0.2977588176727295,0.09,0.03,0.008,0.0025,0.03993280231952667,0.003
I,0.16,0.12,0.035,0.021,0.0075,0.0045,0.005
F,0.5299072265625,0.4201985001564026,0.16,0.9425,0.3495,0.2185,0.23085840046405792
I,0.295182466506958,0.2,0.07,0.1,0.034,0.0245,0.035
I,0.23,0.175,0.065,0.0645,0.026,0.0105,0.02
I,0.30162081122398376,0.23,0.08,0.1275,0.0435,0.0265,0.04
I,0.33,0.233293354511261,0.085,0.1655,0.063,0.039,0.06
I,0.3208739757537842,0.26,0.085,0.174,0.0705,0.04835829138755798,0.06
I,0.32,0.245,0.08,0.1585,0.0635,0.0325,0.05
I,0.36,0.2389141172170639,0.085,0.1975,0.0745,0.0415,0.07
I,0.305,0.24533361196517944,0.07832793891429901,0.156,0.0675,0.038,0.045
I,0.345,0.27,0.11,0.11391773074865341,0.082,0.0545,0.07
I,0.33,0.25,0.08005427569150925,0.20513534545898438,0.0655,0.035,0.05867685377597809
F,0.59,0.47,0.18,1.1235,0.4205,0.2805,0.20448604226112366
F,0.5524929761886597,0.455,0.14674530923366547,0.90397047996521,0.3434268534183502,0.2165,0.3
F,0.575,0.4542858302593231,0.1484709531068802,0.9812999367713928,0.4485,0.2056603878736496,0.345
M,0.6011016964912415,0.4702296853065491,0.16129812598228455,1.2415,0.43896791338920593,0.24378544092178345,0.34
M,0.552568256855011,0.45,0.14171212911605835,1.011,0.3575234115123749,0.19378562271595,0.2469293177127838
F,0.5323033928871155,0.4220407009124756,0.185,0.8379703164100647,0.3805,0.175,0.41
F,0.5689249634742737,0.44983625411987305,0.15098530054092407,0.9642124176025391,0.341,0.2084854692220688,0.345
F,0.635,0.505,0.14184880256652832,0.9193103909492493,0.605,0.18389621376991272,0.365
M,0.5701266527175903,0.45426058769226074,0.16,1.032370924949646,0.4249086081981659,0.2311575710773468,0.2817398011684418
F,0.5851720571517944,0.46108829975128174,0.15217797458171844,0.928,0.394,0.20008479058742523,0.2658134996891022
F,0.5432265996932983,0.44,0.14073559641838074,0.865,0.3675,0.1725,0.21874742209911346
F,0.5586165189743042,0.42,0.165,0.9628995060920715,0.3778378963470459,0.21156524121761322,0.26782822608947754
I,0.245,0.195,0.0738590806722641,0.095,0.0445,0.044223882257938385,0.026
M,0.27,0.24170242249965668,0.08,0.2519112527370453,0.0465,0.028,0.04
I,0.46,0.38,0.13,0.639,0.3,0.1525,0.16
F,0.5797863602638245,0.45,0.1499081701040268,1.0022910833358765,0.3940211832523346,0.22072219848632812,0.235
M,0.35,0.275,0.08544304221868515,0.2925,0.1225,0.0635,0.0657719075679779
I,0.47,0.39,0.1217431128025055,0.5538991093635559,0.2185,0.0885,0.16007466614246368
I,0.45,0.36,0.125,0.4995,0.2035,0.1,0.08646852523088455
F,0.5648120641708374,0.44818609952926636,0.215,0.9877868294715881,0.4111187160015106,0.2855,0.27230510115623474
M,0.6169026494026184,0.48827308416366577,0.1681649535894394,1.187,0.5010061860084534,0.25881966948509216,0.32651275396347046
M,0.5892294049263,0.4641333222389221,0.1606023758649826,1.0817735195159912,0.429054319858551,0.2351149022579193,0.385
M,0.5694316625595093,0.45303526520729065,0.1524866819381714,1.525,0.41138872504234314,0.2213772088289261,0.28193265199661255
M,0.63,0.4138203263282776,0.13707636296749115,1.259,0.4105,0.17966601252555847,0.23475702106952667
F,0.590689480304718,0.4687272906303406,0.1602218747138977,1.0500576496124268,0.43131333589553833,0.327,0.585
F,0.5911344289779663,0.53,0.1500539779663086,1.0323349237442017,0.42313235998153687,0.23412568867206573,0.27541184425354004
M,0.5701258778572083,0.45425868034362793,0.24,1.0323522090911865,0.4248960614204407,0.23115235567092896,0.28173744678497314
F,0.635,0.4733108878135681,0.16089263558387756,1.0631215572357178,0.4452572166919708,0.3115,0.3015965521335602
F,0.515,0.425,0.135,0.8721733689308167,0.3417210280895233,0.18247462809085846,0.25
F,0.535,0.415,0.185,0.8415,0.314,0.1641363799571991,0.22096151113510132
I,0.36,0.26363953948020935,0.105,0.2415,0.1200009360909462,0.0652521401643753,0.075
F,0.455,0.355,0.09813699126243591,0.4495,0.177,0.104,0.15
I,0.485,0.359749436378479,0.11673100292682648,0.5537481307983398,0.2285,0.127,0.16666369140148163
M,0.5892301201820374,0.46413424611091614,0.16060198843479156,1.0817762613296509,0.4290565848350525,0.23511604964733124,0.31
F,0.5020708441734314,0.40987953543663025,0.17,0.879,0.295,0.1965,0.285
M,0.5892695784568787,0.46418359875679016,0.1605817973613739,1.081929326057434,0.4291769862174988,0.23517821729183197,0.205
F,0.5168207883834839,0.4,0.13191282749176025,0.7205719351768494,0.242,0.1325,0.20312891900539398
I,0.37081798911094666,0.355,0.125,0.4775,0.132,0.0815,0.19
F,0.535,0.435,0.14125369489192963,0.8105,0.3155,0.17449355125427246,0.23240134119987488
F,0.54,0.435,0.1477753072977066,0.996,0.35418733954429626,0.226,0.2565156817436218
F,0.565,0.44015997648239136,0.21,0.9266282320022583,0.37425410747528076,0.19807903468608856,0.2601577043533325
F,0.5746440887451172,0.4469376802444458,0.15139931440353394,1.116,0.428,0.2205,0.2669322192668915
F,0.565,0.454009085893631,0.1550360769033432,1.0104279518127441,0.38958045840263367,0.216133713722229,0.35
F,0.5911344289779663,0.495,0.15005400776863098,1.032336950302124,0.423133909702301,0.23412635922431946,0.2754124104976654
I,0.295,0.215,0.085,0.09921421855688095,0.049,0.034,0.04
I,0.275,0.205,0.075,0.1105,0.045,0.0285,0.046963274478912354
I,0.28,0.22883744537830353,0.085,0.1065,0.039,0.0295,0.03
M,0.393936425447464,0.2993987500667572,0.14,0.4240764081478119,0.2215,0.1275,0.15
M,0.3057790994644165,0.28,0.105,0.234,0.0905,0.0585,0.075
F,0.405,0.305,0.09888584911823273,0.3485,0.1455,0.07839568704366684,0.1
F,0.5664260983467102,0.435,0.1438923180103302,0.9361822605133057,0.322,0.19943465292453766,0.24553486704826355
M,0.37,0.28,0.08179430663585663,0.22134581208229065,0.1065,0.0595,0.074
M,0.36,0.27,0.1,0.217,0.0885,0.0495,0.0715
F,0.47,0.36,0.13,0.4415344297885895,0.182,0.114,0.15
I,0.2,0.145,0.06,0.09001334756612778,0.0125,0.0095,0.011
I,0.165,0.12,0.03,0.0215,0.007,0.005,0.005
M,0.645,0.480485200881958,0.155991330742836,1.1283674240112305,0.45701825618743896,0.24889451265335083,0.30167248845100403
F,0.55,0.3998470902442932,0.13526636362075806,0.7605,0.2505,0.1635,0.195
F,0.5911344289779663,0.435,0.1500542312860489,1.0323514938354492,0.4231448471546173,0.23413115739822388,0.2754162549972534
M,0.6169025897979736,0.4882729947566986,0.16816501319408417,1.2435,0.5010058283805847,0.25881949067115784,0.3265126943588257
F,0.56,0.43886539340019226,0.14457228779792786,0.9197636246681213,0.443,0.2045,0.265
M,0.5881061553955078,0.46387478709220886,0.15188387036323547,1.1318128108978271,0.47329360246658325,0.24579644203186035,0.3093031048774719
F,0.62,0.47,0.2,1.2255,0.32182776927948,0.18293555080890656,0.435
M,0.63,0.4804851710796356,0.15599137544631958,1.1283684968948364,0.45701903104782104,0.2488948255777359,0.3016727864742279
I,0.39931175112724304,0.355,0.10008066892623901,0.4585,0.16797523200511932,0.067,0.14
F,0.635,0.535,0.146310955286026,0.9223921298980713,0.36371177434921265,0.2475,0.2605224549770355
I,0.45,0.35,0.1,0.3675,0.12112127989530563,0.1015,0.12
F,0.50687175989151,0.4020082652568817,0.155,0.8365,0.315,0.1385,0.32
I,0.30557680130004883,0.255,0.095,0.172,0.066,0.0255,0.06
I,0.265,0.24566452205181122,0.06,0.0965,0.09937535971403122,0.022,0.03
I,0.19,0.145,0.04,0.038,0.0165,0.032968223094940186,0.015
M,0.385,0.31,0.1,0.269052654504776,0.0866151824593544,0.075,0.1
I,0.265,0.205,0.07,0.09322627633810043,0.039,0.041,0.035
M,0.335,0.265,0.105,0.222,0.0935,0.056,0.075
I,0.355,0.23375412821769714,0.09,0.251,0.097,0.053,0.08
I,0.32,0.255,0.0853935182094574,0.1755,0.073,0.05817711353302002,0.065
M,0.5409872531890869,0.40937212109565735,0.13,0.8469727039337158,0.3247150480747223,0.1665,0.2303297072649002
M,0.36,0.295,0.105,0.241,0.0865,0.053,0.095
I,0.36,0.28,0.07990934699773788,0.2255,0.10644463449716568,0.04,0.09
F,0.5463985204696655,0.4243306815624237,0.1512794941663742,0.5955,0.3450559377670288,0.161,0.23386861383914948
F,0.4319375455379486,0.325,0.12,0.523683488368988,0.20912154018878937,0.0565,0.095
I,0.3,0.22,0.08,0.121,0.0475,0.042,0.035
I,0.30777403712272644,0.175,0.04,0.0705,0.0335,0.04355926066637039,0.02
F,0.6002840399742126,0.48011496663093567,0.15863154828548431,1.1308401823043823,0.598,0.23824799060821533,0.3129722476005554
F,0.5795489549636841,0.45756322145462036,0.1562093198299408,1.3415,0.39351728558540344,0.3175,0.355
F,0.6,0.45377349853515625,0.1553395837545395,0.9794487953186035,0.403,0.2655,0.2764785587787628
F,0.5911209583282471,0.45,0.1551552563905716,1.0581817626953125,0.473,0.22357775270938873,0.29542627930641174
F,0.5811713933944702,0.475,0.15487585961818695,1.0238093137741089,0.40529996156692505,0.2242322564125061,0.33
M,0.5701259970664978,0.4542590081691742,0.195,1.0323554277420044,0.424898236989975,0.23115324974060059,0.2817378342151642
M,0.575,0.425035297870636,0.14379051327705383,0.9234277009963989,0.34062114357948303,0.1951586753129959,0.3
M,0.62,0.4804851710796356,0.15599140524864197,1.1283694505691528,0.45701971650123596,0.248895063996315,0.3016730844974518
M,0.5881061553955078,0.46387478709220886,0.15188387036323547,1.1318128108978271,0.47329360246658325,0.24579644203186035,0.3093031048774719
F,0.48608630895614624,0.375,0.12805481255054474,0.568,0.2121008187532425,0.1441435068845749,0.17
F,0.46,0.425,0.14021717011928558,0.8731881976127625,0.3005,0.18598751723766327,0.2376915067434311
M,0.46517083048820496,0.39,0.14,0.707,0.2795,0.13993361592292786,0.18
F,0.525,0.4401821494102478,0.16,0.756,0.3793407380580902,0.2036646008491516,0.2623160481452942
I,0.34,0.26,0.08,0.2,0.08,0.0555,0.055
I,0.375,0.305,0.115,0.3040924072265625,0.13740035891532898,0.07444994151592255,0.08275716006755829
F,0.562239944934845,0.48,0.15,0.9566709995269775,0.56,0.20192068815231323,0.2574640214443207
F,0.5574552416801453,0.4445503056049347,0.185,0.9777371883392334,0.536,0.2006259262561798,0.2563980519771576
M,0.589231550693512,0.4641359746456146,0.16060127317905426,1.0817816257476807,0.42906078696250916,0.23511824011802673,0.27
M,0.5613566637039185,0.46,0.13687117397785187,0.8690690398216248,0.3470441401004791,0.18848133087158203,0.23843158781528473
M,0.5345912575721741,0.40949031710624695,0.17,0.8641613721847534,0.3330629765987396,0.19341301918029785,0.24288535118103027
M,0.5881061553955078,0.46387478709220886,0.15188387036323547,1.1318128108978271,0.47329360246658325,0.24579644203186035,0.3093031048774719
F,0.6002842783927917,0.4801148772239685,0.15863162279129028,1.1308404207229614,0.7415,0.23824776709079742,0.31297215819358826
M,0.6169023513793945,0.48827290534973145,0.1681652069091797,1.587,0.5010048151016235,0.258819043636322,0.3265124559402466
M,0.6169023513793945,0.48827287554740906,0.16816525161266327,1.8085,0.5010045766830444,0.25881892442703247,0.3265124261379242
M,0.745,0.4804852306842804,0.15599121153354645,1.128364086151123,0.4570157825946808,0.2488936185836792,0.3016715347766876
M,0.6010676026344299,0.4702475666999817,0.16131289303302765,1.768,0.43893566727638245,0.24368296563625336,0.485
F,0.605,0.4638749361038208,0.15512403845787048,1.0699974298477173,0.422455370426178,0.23468849062919617,0.35
F,0.59,0.465,0.15,0.8747418522834778,0.34244704246520996,0.1826251596212387,0.34
F,0.6205891966819763,0.4802040159702301,0.16620303690433502,1.2668747901916504,0.5366976261138916,0.2701498866081238,0.33167779445648193
M,0.5975563526153564,0.4703194499015808,0.15488402545452118,1.029,0.4085,0.22417394816875458,0.2887728214263916
F,0.62,0.5,0.175,0.8673837184906006,0.4985,0.18311092257499695,0.23570159077644348
F,0.63,0.46814215183258057,0.15236921608448029,1.0791267156600952,0.4215,0.2213725447654724,0.286572128534317
F,0.5386895537376404,0.4276851415634155,0.145,0.8681073188781738,0.4405,0.1655,0.265
M,0.58,0.44839170575141907,0.15120388567447662,1.0735,0.39885634183883667,0.22171005606651306,0.265
F,0.556812047958374,0.49,0.18,0.9099562764167786,0.36497312784194946,0.2765,0.2580321729183197
F,0.5955992341041565,0.4660002291202545,0.16493360698223114,1.0498989820480347,0.4553169012069702,0.299,0.29949304461479187
F,0.5911344289779663,0.545,0.1500539630651474,1.032334327697754,0.42313194274902344,0.2341255098581314,0.2754117250442505
M,0.5738629698753357,0.46114256978034973,0.195,1.7605,0.42669034004211426,0.22976072132587433,0.2907527983188629
M,0.5892290472984314,0.4641328454017639,0.16060255467891693,1.0817720890045166,0.4290532171726227,0.23511430621147156,0.6
F,0.5955992341041565,0.46600013971328735,0.16493363678455353,1.049898386001587,0.4553165137767792,0.314,0.2994929850101471
F,0.5852634310722351,0.52,0.15162616968154907,1.0155718326568604,0.4635,0.21979039907455444,0.2800590395927429
M,0.675,0.480485200881958,0.15599127113819122,1.1283659934997559,0.45701709389686584,0.2488941103219986,0.3016720414161682
F,0.58195960521698,0.49,0.15525804460048676,0.9946447610855103,0.3963833749294281,0.3365,0.2806209623813629
M,0.5710208415985107,0.46004781126976013,0.16,1.077,0.42256078124046326,0.22897419333457947,0.289902925491333
F,0.565,0.39433780312538147,0.175,0.995,0.3895,0.183,0.37
F,0.560064435005188,0.4522087872028351,0.185,1.008254051208496,0.38887929916381836,0.20914939045906067,0.33
M,0.6169027090072632,0.48827311396598816,0.16816487908363342,1.1405,0.5010066032409668,0.2588198184967041,0.32651281356811523
F,0.535,0.42,0.145,0.791,0.3508184254169464,0.18966436386108398,0.2449246197938919
M,0.5080991983413696,0.3885805606842041,0.135,0.7592693567276001,0.313,0.137,0.20595572888851166
M,0.47,0.375,0.11920216679573059,0.5565,0.22190749645233154,0.1255582571029663,0.1582801342010498
M,0.545,0.425,0.13677050173282623,0.8507153391838074,0.3372851610183716,0.17936842143535614,0.2385212779045105
F,0.455,0.3326072096824646,0.105,0.4889153242111206,0.1879546344280243,0.1245,0.135
M,0.5881061553955078,0.46387478709220886,0.15188387036323547,1.1318128108978271,0.47329360246658325,0.24579644203186035,0.3093031048774719
I,0.46,0.33383411169052124,0.11342743784189224,0.5084841847419739,0.22340796887874603,0.1225,0.145
M,0.49,0.3560313284397125,0.11728554219007492,0.609,0.239,0.12472493201494217,0.16184966266155243
I,0.44738486409187317,0.375,0.11649343371391296,0.471,0.19666188955307007,0.119,0.14
I,0.415,0.26650241017341614,0.1,0.3215,0.1535,0.0595,0.105
I,0.475,0.375,0.11561127007007599,0.593,0.277,0.11848241090774536,0.18
F,0.47,0.33684682846069336,0.125,0.5615,0.1830713301897049,0.137,0.1302255392074585
I,0.365,0.295,0.095,0.25,0.07620807737112045,0.0545,0.08
I,0.345,0.25438392162323,0.095,0.1995,0.0755,0.0535,0.07
I,0.33015677332878113,0.31,0.07883353531360626,0.302,0.116,0.064,0.115
F,0.5,0.4251873791217804,0.14,0.8004439473152161,0.3165,0.176,0.225660040974617
F,0.47,0.38,0.145,0.7813977599143982,0.28893300890922546,0.1682925969362259,0.185
M,0.535,0.4037093222141266,0.15,0.7844415903091431,0.28478288650512695,0.139,0.2178202122449875
M,0.585,0.45033037662506104,0.14385662972927094,0.953472375869751,0.3692185878753662,0.20373015105724335,0.26545846462249756
F,0.485,0.365,0.12,0.5947090983390808,0.23430871963500977,0.131,0.1637353003025055
F,0.515,0.455,0.14047135412693024,0.8707367777824402,0.332459032535553,0.1625,0.235
I,0.435,0.325,0.11,0.4335,0.178,0.0985,0.155
F,0.5180007815361023,0.4171460270881653,0.14,0.8015674948692322,0.3115,0.152,0.2
I,0.3967747092247009,0.345,0.12,0.38400572538375854,0.17989109456539154,0.08859461545944214,0.11
F,0.525,0.44,0.14090779423713684,0.8425,0.3685,0.1985,0.22844594717025757
M,0.45,0.28092002868652344,0.09490931034088135,0.479,0.2125,0.07934742420911789,0.15
M,0.59,0.42131128907203674,0.14295877516269684,0.911,0.3355421721935272,0.182,0.24283955991268158
F,0.5475690960884094,0.45,0.1478298306465149,0.915,0.3440147638320923,0.246,0.285
F,0.4690943956375122,0.36357641220092773,0.095,0.6578094363212585,0.3395,0.2215,0.235
M,0.5696213245391846,0.4339092969894409,0.15348830819129944,0.9354410171508789,0.3771733045578003,0.2425,0.26082882285118103
M,0.5555806756019592,0.42857226729393005,0.14353080093860626,0.945,0.41,0.19895751774311066,0.25225120782852173
F,0.58,0.46,0.14028334617614746,0.9935,0.31255972385406494,0.2385,0.28
F,0.583253026008606,0.44,0.15018536150455475,1.0025795698165894,0.3475,0.21756497025489807,0.2756440043449402
F,0.605,0.429574191570282,0.14677190780639648,1.2385,0.3367093801498413,0.2465,0.39
F,0.62,0.47,0.1469169557094574,0.9951140284538269,0.4054318964481354,0.22088439762592316,0.27017873525619507
F,0.63,0.5,0.17,1.3135,0.5595,0.1539090871810913,0.4
F,0.5833799242973328,0.515,0.15648406744003296,1.352,0.4330962896347046,0.2333439290523529,0.2865983247756958
F,0.63,0.4435073733329773,0.155,0.9630292057991028,0.367,0.19792917370796204,0.2536877691745758
F,0.578324019908905,0.41,0.15112797915935516,0.9796916246414185,0.38705119490623474,0.16,0.2700255215167999
M,0.5763828158378601,0.4613724648952484,0.165,1.5015,0.43105167150497437,0.23061968386173248,0.2909887135028839
I,0.49,0.2978914678096771,0.0929492637515068,0.529,0.2165,0.139,0.155
F,0.49,0.39,0.13519597053527832,0.7557975053787231,0.2465,0.17449542880058289,0.2
I,0.3233891725540161,0.225,0.07,0.101,0.036,0.0235,0.05061499774456024
I,0.2955761253833771,0.2,0.07,0.092,0.037,0.02,0.03
M,0.5489270687103271,0.42245984077453613,0.1474023014307022,0.920801043510437,0.425,0.203,0.262076735496521
F,0.61,0.4366634786128998,0.1453135907649994,0.8923078179359436,0.3935,0.2435,0.33
F,0.5576926469802856,0.5,0.14763309061527252,1.015,0.3630533218383789,0.1735,0.24880266189575195
F,0.570652186870575,0.45395997166633606,0.1588638424873352,1.0198414325714111,0.3904952108860016,0.215704083442688,0.375
M,0.575,0.4492875635623932,0.15158964693546295,1.0475,0.40932154655456543,0.1705,0.2709352374076843
F,0.57,0.43861308693885803,0.175,0.8939968347549438,0.38,0.1826734095811844,0.23904994130134583
F,0.5634303092956543,0.47,0.14842872321605682,0.9251244068145752,0.4375,0.196,0.25879421830177307
M,0.5696118474006653,0.4339081048965454,0.15347403287887573,0.935570478439331,0.37727779150009155,0.156,0.26082703471183777
M,0.545,0.4088456928730011,0.133718341588974,0.7505,0.2475,0.16629232466220856,0.22647927701473236
I,0.44,0.345,0.1,0.366,0.122,0.0905,0.12
M,0.4972560703754425,0.41,0.15,0.7302570939064026,0.2551642060279846,0.137,0.22
I,0.36,0.275,0.095,0.217,0.08951755613088608,0.051644571125507355,0.09
I,0.385,0.305,0.09290870279073715,0.252,0.0915,0.055,0.08429688960313797
I,0.39,0.3,0.09,0.3055,0.143,0.0645,0.085
F,0.5,0.415,0.165,0.8103634715080261,0.30255556106567383,0.138,0.25
I,0.36,0.275,0.11,0.2335,0.095,0.0525,0.085
I,0.335,0.26,0.0698547214269638,0.192,0.0785,0.0585,0.07
F,0.505,0.4260082244873047,0.14,0.868645966053009,0.33984503149986267,0.1625,0.285
I,0.395,0.295,0.0819515585899353,0.2715,0.134,0.0325,0.085
I,0.41,0.325,0.105,0.3635,0.10883399099111557,0.077,0.12
F,0.56,0.455,0.14571428298950195,0.714,0.3734060823917389,0.20607249438762665,0.2566160559654236
M,0.5892293453216553,0.46413329243659973,0.1606023758649826,1.0817734003067017,0.42905426025390625,0.23511485755443573,0.39
F,0.565,0.46783778071403503,0.15221363306045532,1.0771678686141968,0.354,0.22108453512191772,0.2860179543495178
M,0.5892294645309448,0.4641333818435669,0.16060233116149902,1.0817736387252808,0.42905446887016296,0.23511497676372528,0.375
F,0.567312479019165,0.45428216457366943,0.148726686835289,0.9887450933456421,0.365,0.20582370460033417,0.26
F,0.5911344289779663,0.565,0.1500539630651474,1.0323338508605957,0.42313152551651,0.23412533104419708,0.27541157603263855
F,0.5721128582954407,0.44713595509529114,0.16,0.9779536724090576,0.41240015625953674,0.3175,0.27047574520111084
F,0.665,0.555,0.1456262469291687,0.9543656706809998,0.37751078605651855,0.20800387859344482,0.36
F,0.565,0.49,0.14203307032585144,0.880084216594696,0.33288654685020447,0.2195,0.255
F,0.645,0.4435889720916748,0.175,0.9491516351699829,0.57,0.1854039430618286,0.2398069202899933
M,0.575,0.47,0.13346749544143677,0.8375,0.29431435465812683,0.1735,0.21837878227233887
F,0.6205891966819763,0.4802040159702301,0.16620303690433502,1.2668747901916504,0.5366976261138916,0.2701498866081238,0.33167779445648193
I,0.34992268681526184,0.273919939994812,0.105,0.199,0.0695,0.045,0.08
I,0.415,0.31,0.11,0.2965,0.11641108244657516,0.057,0.0995
F,0.5458834171295166,0.43348705768585205,0.135,0.7085,0.3443491458892822,0.1525,0.24269457161426544
I,0.38,0.2596763074398041,0.1,0.2665,0.115,0.061,0.075
F,0.5417174696922302,0.42743414640426636,0.17,0.8232871890068054,0.3865,0.224,0.2302580028772354
I,0.24,0.185,0.07,0.0715,0.026,0.03453473001718521,0.025
I,0.29085487127304077,0.165,0.055,0.0545,0.0215,0.012,0.02
I,0.255,0.195,0.07,0.0735,0.0255,0.02,0.025
I,0.175,0.125,0.05,0.0235,0.008,0.0035,0.008
F,0.5142524838447571,0.55,0.19,1.3905,0.30243298411369324,0.3035,0.4
F,0.655,0.46411439776420593,0.15502187609672546,1.0703508853912354,0.42255452275276184,0.23480328917503357,0.41
M,0.570125937461853,0.45425885915756226,0.21,1.0323538780212402,0.42489713430404663,0.23115278780460358,0.28173762559890747
M,0.675,0.480485200881958,0.15599127113819122,1.1283659934997559,0.45701709389686584,0.2488941103219986,0.3016720414161682
F,0.53,0.4445299506187439,0.14778447151184082,0.907720685005188,0.313,0.1715,0.2489490956068039
F,0.515,0.405,0.12,0.7897011041641235,0.312496542930603,0.1405,0.2093513011932373
I,0.43,0.34,0.12,0.3016496002674103,0.151,0.0645,0.1045
F,0.52,0.405,0.13395553827285767,0.627,0.2645,0.1415,0.2093946784734726
F,0.545,0.415,0.16,0.7715,0.3091273307800293,0.1455,0.21950501203536987
M,0.53,0.4574919641017914,0.1500231772661209,0.9948019981384277,0.4044780135154724,0.1395,0.2684900164604187
F,0.465,0.35,0.115,0.421,0.1565,0.091,0.1345
F,0.5659809112548828,0.54,0.175,0.9593325853347778,0.38093581795692444,0.21169349551200867,0.2642284333705902
F,0.5911344289779663,0.59,0.1500539481639862,1.0323333740234375,0.42313119769096375,0.23412515223026276,0.275411456823349
F,0.5811008810997009,0.545,0.15544985234737396,1.0271177291870117,0.40715163946151733,0.22470588982105255,0.455
F,0.580040454864502,0.585,0.1463201642036438,0.9897006154060364,0.3850376605987549,0.2160399854183197,0.26063013076782227
F,0.575,0.46755489706993103,0.15206512808799744,1.0752769708633423,0.3605,0.2208167463541031,0.28548333048820496
F,0.54315584897995,0.4256635010242462,0.125,0.849,0.3785,0.18446694314479828,0.24
F,0.58,0.46,0.15,0.9955,0.429,0.1503409892320633,0.26
M,0.5613570809364319,0.48,0.13687123358249664,0.8690674304962158,0.3470431864261627,0.18848104774951935,0.23843105137348175
F,0.585,0.465,0.14,0.908,0.3286001682281494,0.17093871533870697,0.315
F,0.55,0.45,0.14679527282714844,0.9940496683120728,0.4075208902359009,0.22109182178974152,0.27083316445350647
M,0.570127546787262,0.45426255464553833,0.15,1.032390832901001,0.4249218702316284,0.23116306960582733,0.28174224495887756
M,0.54,0.42,0.135,0.7585191130638123,0.28420379757881165,0.1569647490978241,0.235
F,0.57,0.455,0.14349228143692017,0.9204928874969482,0.44,0.1892397552728653,0.2466305047273636
M,0.5701285004615784,0.4542648494243622,0.145,1.0324136018753052,0.42493706941604614,0.23116938769817352,0.2817450761795044
M,0.58,0.46,0.13208064436912537,0.7698569893836975,0.357,0.15776921808719635,0.29
M,0.570127010345459,0.45426133275032043,0.155,1.0323784351348877,0.42491358518600464,0.23115962743759155,0.2817406952381134
M,0.655,0.41594263911247253,0.175,1.2635,0.3242090940475464,0.1798180639743805,0.23854711651802063
M,0.5701259970664978,0.4542590081691742,0.195,1.0323554277420044,0.424898236989975,0.23115324974060059,0.2817378342151642
F,0.5603438019752502,0.45540326833724976,0.15,0.953,0.39247190952301025,0.20202402770519257,0.2680625915527344
F,0.5646721124649048,0.4337967336177826,0.175,0.9107325673103333,0.37708815932273865,0.2595,0.2600417733192444
F,0.6002828478813171,0.48011547327041626,0.15863105654716492,1.1308387517929077,0.435,0.238249272108078,0.31297290325164795
F,0.5911344289779663,0.525,0.1500539779663086,1.0323350429534912,0.4231325089931488,0.2341257482767105,0.2754119336605072
M,0.555,0.4804849624633789,0.15599212050437927,1.1283873319625854,0.4570329487323761,0.2488999217748642,0.30167829990386963
F,0.5532976388931274,0.44,0.14161278307437897,0.868399977684021,0.3665,0.1635,0.22986671328544617
F,0.5327571630477905,0.52,0.225,0.8396743535995483,0.378,0.18116341531276703,0.395
F,0.62,0.4643707871437073,0.15491005778312683,1.070723533630371,0.42266103625297546,0.23492704331874847,0.36
F,0.6,0.43997135758399963,0.19,0.9530006051063538,0.4385,0.2039659321308136,0.2572803497314453
F,0.5911344289779663,0.485,0.15005402266979218,1.03233802318573,0.4231346845626831,0.23412668704986572,0.2754126489162445
F,0.5911344289779663,0.47,0.15005405247211456,1.0323400497436523,0.42313623428344727,0.23412737250328064,0.2754132151603699
M,0.5487713813781738,0.4220517873764038,0.147792249917984,0.936298668384552,0.34782421588897705,0.19856198132038116,0.305
F,0.585,0.45200711488723755,0.15184693038463593,0.9893237948417664,0.3986070156097412,0.221,0.365
F,0.56,0.435,0.18,0.8109539747238159,0.36,0.17171978950500488,0.25
M,0.5969114899635315,0.4682413935661316,0.16079536080360413,0.8735,0.43130892515182495,0.23976954817771912,0.275
M,0.68,0.480485200881958,0.15599125623703003,1.1283656358718872,0.4570169746875763,0.24889405071735382,0.30167198181152344
F,0.455,0.3466868996620178,0.14,0.5185,0.221,0.1164431944489479,0.14323437213897705
F,0.49,0.38,0.145,0.8065999150276184,0.3073473572731018,0.181,0.21
M,0.31550195813179016,0.22,0.085,0.146,0.08443275839090347,0.0365,0.045
F,0.275,0.195,0.07,0.08,0.09895075112581253,0.0215,0.025
M,0.35007911920547485,0.27084094285964966,0.08,0.1,0.0385,0.0195,0.03
M,0.4,0.29,0.115,0.3576297461986542,0.11854711920022964,0.0575,0.09688319265842438
M,0.28,0.2,0.08020839840173721,0.0915,0.033,0.05232089012861252,0.03
M,0.325,0.23,0.09,0.147,0.06,0.034,0.045
I,0.345,0.2698582112789154,0.09035312384366989,0.203,0.078,0.059,0.055
M,0.28392142057418823,0.15,0.05,0.0385,0.0155,0.0085,0.01
F,0.36,0.27,0.09,0.1885,0.0845,0.06439674645662308,0.055
I,0.365,0.26,0.115,0.17640703916549683,0.0935,0.0445,0.04200339317321777
M,0.2,0.22454999387264252,0.055,0.035,0.0145,0.008,0.01
M,0.235,0.16,0.06,0.0545,0.0265,0.0095,0.015
M,0.175,0.125,0.04,0.024,0.06126192957162857,0.006,0.005
M,0.155,0.11,0.04,0.0155,0.0065,0.003,0.005
F,0.57,0.445,0.13724718987941742,0.8179000616073608,0.282,0.17341507971286774,0.235
F,0.5911343693733215,0.45,0.15005411207675934,1.0323446989059448,0.4231397807598114,0.2341289222240448,0.27541446685791016
M,0.385,0.24253250658512115,0.095,0.24,0.0885,0.059,0.085
F,0.5241923928260803,0.4197414815425873,0.185,0.752,0.299,0.18296071887016296,0.2344941943883896
F,0.4133395552635193,0.355,0.10355239361524582,0.458,0.192,0.1055,0.13
I,0.47,0.267780065536499,0.12,0.4705,0.1845,0.1055,0.155
I,0.435,0.335,0.11,0.27200454473495483,0.1695,0.086,0.11
I,0.36489373445510864,0.37,0.14,0.4985,0.2095,0.1225,0.145
I,0.465,0.38,0.13,0.454,0.1895,0.08,0.11779381334781647
I,0.3870924413204193,0.2954854369163513,0.14,0.5775,0.2,0.145,0.179
M,0.29,0.23,0.08716639876365662,0.1165,0.0934738889336586,0.0255,0.04
M,0.275,0.205,0.07,0.16121265292167664,0.0335,0.02,0.0325
I,0.43191492557525635,0.3351321816444397,0.115,0.488055020570755,0.093,0.066,0.12970700860023499
F,0.47404852509498596,0.375,0.14,0.604,0.242,0.1415,0.16003303229808807
F,0.44,0.355,0.115,0.415,0.1585,0.0925,0.131
I,0.42,0.31719115376472473,0.115,0.2885,0.1856558620929718,0.057,0.1230836808681488
I,0.445,0.2909018099308014,0.115,0.3615,0.1565,0.07641015201807022,0.117
F,0.38,0.29,0.105,0.257,0.099,0.051,0.085
M,0.32,0.245,0.075,0.16648155450820923,0.0585,0.038,0.049
M,0.255,0.22858648002147675,0.065,0.08,0.0315,0.018,0.027
M,0.205,0.155,0.045,0.0425,0.017,0.0055,0.0155
F,0.5691295862197876,0.45,0.15047778189182281,0.795,0.3605,0.20135550200939178,0.26459118723869324
I,0.4866558015346527,0.425,0.18,0.875,0.3695,0.14592665433883667,0.18677937984466553
M,0.6169026494026184,0.48827308416366577,0.168164923787117,1.1625,0.5010063648223877,0.2588197588920593,0.32651278376579285
I,0.615,0.49,0.155,0.9885,0.4145,0.195,0.345
I,0.56,0.3752669394016266,0.12305797636508942,0.8,0.335,0.1735,0.1822294294834137
I,0.48,0.37,0.0878070816397667,0.514,0.2075,0.131,0.155
I,0.485,0.39,0.11303025484085083,0.5383753180503845,0.287,0.141,0.12
I,0.47586527466773987,0.385,0.11889570951461792,0.6265,0.21566200256347656,0.1665,0.16
I,0.525,0.405,0.15,0.795,0.27271416783332825,0.205,0.2004196047782898
F,0.66,0.43146687746047974,0.14590546488761902,1.1905,0.3375207483768463,0.298,0.37
F,0.5501418113708496,0.4305516481399536,0.1442236453294754,1.326,0.519,0.2625,0.44
I,0.489326536655426,0.39205312728881836,0.145,0.6723575592041016,0.267,0.1537070870399475,0.22
I,0.44,0.34,0.09720119833946228,0.364,0.148,0.0805,0.1010064110159874
I,0.515,0.3606114685535431,0.11631642282009125,0.659,0.2705,0.1251339167356491,0.17
I,0.475,0.35,0.115,0.4441773295402527,0.1715,0.1015571653842926,0.11854089051485062
F,0.5984231233596802,0.47241634130477905,0.16344043612480164,0.7335,0.45372623205184937,0.2301100790500641,0.3004623353481293
F,0.47,0.3402666747570038,0.13,0.5465,0.2005,0.09923064708709717,0.185
M,0.35,0.255,0.065,0.179,0.0705,0.0553174689412117,0.06610620021820068
I,0.485,0.2835138142108917,0.13,0.581,0.245,0.132,0.168
I,0.4369163513183594,0.3396661877632141,0.125,0.406,0.19932642579078674,0.11748681217432022,0.13444815576076508
M,0.28,0.21,0.08,0.16280320286750793,0.041,0.0265,0.0345
F,0.41,0.32,0.09329859167337418,0.387,0.165,0.1005,0.0985
I,0.45,0.35,0.14,0.4281673729419708,0.171324223279953,0.109,0.11399161070585251
I,0.45,0.3194337487220764,0.135,0.443,0.1975,0.10290418565273285,0.11685679107904434
M,0.570127010345459,0.45426133275032043,0.155,1.0323784351348877,0.42491358518600464,0.23115962743759155,0.2817406952381134
F,0.5809805989265442,0.45719796419143677,0.15858539938926697,1.02504301071167,0.3785,0.201,0.2881017029285431
M,0.570127546787262,0.45426255464553833,0.15,1.032390832901001,0.4249218702316284,0.23116306960582733,0.28174224495887756
F,0.61,0.475,0.14362379908561707,1.133,0.33737850189208984,0.2355,0.24088001251220703
F,0.56,0.425,0.14,0.9175,0.35840660333633423,0.18995705246925354,0.24192741513252258
F,0.585,0.4460790157318115,0.175,0.999345064163208,0.38627949357032776,0.21319574117660522,0.27
F,0.5516946911811829,0.445,0.15,0.8865,0.3774723708629608,0.20651249587535858,0.26308971643447876
F,0.63,0.48,0.175,0.9181278944015503,0.3771747648715973,0.2009519785642624,0.252300888299942
F,0.5638700127601624,0.49,0.175,0.9646228551864624,0.3810640871524811,0.21218033134937286,0.2676926851272583
F,0.6002805233001709,0.48011651635169983,0.1586301177740097,1.1308362483978271,0.376,0.238251730799675,0.31297412514686584
F,0.6002841591835022,0.4801149070262909,0.1586315929889679,1.1308403015136719,0.6615,0.23824787139892578,0.31297218799591064
I,0.46,0.25423097610473633,0.14,0.4935,0.216,0.133,0.115
F,0.44971030950546265,0.3517214357852936,0.1,0.5415946841239929,0.1735,0.11623780429363251,0.11
F,0.5654448866844177,0.4417906701564789,0.125,0.6655,0.284,0.19839125871658325,0.24543602764606476
I,0.5117316842079163,0.4050196707248688,0.1319008618593216,0.7381877899169922,0.31059470772743225,0.174,0.195
F,0.55,0.41,0.145,0.8054905533790588,0.31166672706604004,0.1905,0.25
I,0.45,0.3501680791378021,0.14,0.5622822642326355,0.2364898920059204,0.076,0.15
I,0.405,0.2683502435684204,0.12,0.3095,0.138,0.058,0.095
F,0.6001094579696655,0.4801886975765228,0.15856246650218964,1.130632758140564,0.2865,0.2384401261806488,0.3130713403224945
F,0.37,0.29,0.115,0.25,0.111,0.057,0.075
I,0.5318200588226318,0.414291113615036,0.13997453451156616,0.7848079800605774,0.3514968156814575,0.207,0.22795504331588745
F,0.5754372477531433,0.52,0.1514720767736435,0.9448492527008057,0.3626314103603363,0.2975,0.26196303963661194
F,0.5415952205657959,0.42,0.1374608725309372,0.8075006604194641,0.2575,0.153,0.22774317860603333
F,0.575,0.46722984313964844,0.15676483511924744,1.0350430011749268,0.42719992995262146,0.1825,0.28834861516952515
F,0.5237005352973938,0.4199277460575104,0.14,0.7135,0.2565,0.17876820266246796,0.225
M,0.605,0.48048514127731323,0.15599147975444794,1.1283713579177856,0.4570210874080658,0.2488955706357956,0.30167362093925476
I,0.605,0.495,0.12624520063400269,0.6541504859924316,0.369,0.2255,0.19274845719337463
F,0.5800397396087646,0.445,0.14632026851177216,0.9897074699401855,0.38504207134246826,0.21604162454605103,0.2606315016746521
I,0.535,0.42,0.145,0.7008304595947266,0.31147244572639465,0.16640540957450867,0.21443085372447968
F,0.385,0.315,0.11,0.286,0.1225,0.0635,0.0835
F,0.39,0.3,0.1,0.265,0.1075,0.06,0.06928637623786926
I,0.3169099688529968,0.345,0.115,0.4885,0.2005,0.108,0.166
I,0.44603627920150757,0.39,0.14,0.5555,0.2,0.1135,0.2235
I,0.425,0.2676546275615692,0.125,0.425,0.12536993622779846,0.06736871600151062,0.154
M,0.345,0.27,0.09,0.2888631820678711,0.09853599220514297,0.06522519141435623,0.059
I,0.485,0.37,0.13,0.2948923707008362,0.181,0.113,0.136
M,0.37,0.285,0.08384346961975098,0.228,0.0675,0.05929141491651535,0.081
M,0.35,0.265,0.09,0.1775,0.0575,0.042,0.05061684548854828
F,0.41036030650138855,0.345,0.10247914493083954,0.4085,0.15,0.0825,0.1515
M,0.195,0.145,0.05,0.032,0.01,0.008,0.012
M,0.325,0.24,0.075,0.155,0.0475,0.05484245717525482,0.06363323330879211
F,0.495,0.37,0.14632023870944977,1.0077677965164185,0.40227290987968445,0.22150778770446777,0.27103883028030396
I,0.45,0.36705175042152405,0.145,0.6560211181640625,0.2523159086704254,0.14236359298229218,0.1655
I,0.5172032713890076,0.39447325468063354,0.135,0.739631712436676,0.31343838572502136,0.07,0.20074546337127686
F,0.43461140990257263,0.355,0.14,0.433,0.1525,0.09725480526685715,0.152
M,0.32,0.24,0.085,0.17,0.0655,0.047,0.049
M,0.3178391456604004,0.225,0.075,0.1295,0.0455,0.0335,0.05753307044506073
I,0.235,0.17,0.055,0.0515,0.018,0.0105,0.0195
M,0.345,0.255,0.08,0.169,0.06,0.0425,0.054
I,0.5071757435798645,0.4012543261051178,0.14,0.7128449082374573,0.2928139269351959,0.16224287450313568,0.195
F,0.5,0.45093825459480286,0.14751873910427094,1.004005789756775,0.2945,0.21034783124923706,0.195
F,0.5,0.3287907540798187,0.105,0.498,0.1795,0.1095,0.17
I,0.38333290815353394,0.36,0.105,0.498,0.15541964769363403,0.08500869572162628,0.10378167033195496
F,0.525,0.405,0.16,0.658,0.2655,0.14966446161270142,0.20611953735351562
F,0.425,0.335,0.095,0.322,0.1205,0.06929215043783188,0.125
I,0.38,0.305,0.095,0.27604472637176514,0.1255,0.0525,0.06043333560228348
I,0.5151540040969849,0.4071597456932068,0.145,0.7470320463180542,0.31421464681625366,0.17126724123954773,0.21894195675849915
M,0.34,0.265,0.085,0.17091065645217896,0.077,0.046,0.065
I,0.475,0.365,0.115,0.49,0.223,0.1235,0.1335
I,0.43,0.34,0.12,0.391,0.1555,0.095,0.1405
M,0.46,0.26378434896469116,0.125,0.467,0.1895,0.0945,0.158
I,0.3827928304672241,0.36,0.13,0.5225,0.198,0.0748744010925293,0.165
I,0.36,0.2866289019584656,0.1,0.2105,0.14542776346206665,0.08336976915597916,0.075
M,0.35425668954849243,0.265,0.09053836762905121,0.168,0.05,0.07482989132404327,0.063
I,0.31078237295150757,0.235,0.1,0.258,0.1055,0.054,0.08
M,0.3898026943206787,0.31065770983695984,0.085,0.1905,0.1628829687833786,0.10190653055906296,0.055
I,0.44,0.345,0.08121316879987717,0.487,0.1965,0.108,0.06461496651172638
F,0.51,0.4,0.13,0.6596405506134033,0.219,0.1365,0.19220304489135742
M,0.31884247064590454,0.24,0.08125002682209015,0.173,0.0795,0.038,0.05
F,0.5507712960243225,0.43718069791793823,0.18,1.1785,0.4675,0.19726639986038208,0.24898290634155273
F,0.5188989639282227,0.41293734312057495,0.16,0.9,0.358,0.156,0.2067781388759613
M,0.33,0.255,0.095,0.1875,0.0735,0.045,0.04718860983848572
M,0.34205421805381775,0.34,0.13,0.3715,0.1605,0.0795,0.105
I,0.445,0.33,0.07633516937494278,0.347,0.12,0.084,0.105
M,0.33,0.215,0.075,0.1145,0.045,0.0265,0.035
M,0.48,0.3418932557106018,0.145,0.556300938129425,0.216,0.13,0.16052377223968506
I,0.46,0.35,0.091018907725811,0.4885,0.16078250110149384,0.0821358934044838,0.09939190000295639
I,0.475,0.36,0.125,0.39763790369033813,0.1695,0.081,0.14
M,0.2980256974697113,0.18,0.065,0.20584535598754883,0.034,0.014,0.025
I,0.335,0.25397616624832153,0.09,0.1665,0.0595,0.04,0.059149548411369324
I,0.3772648870944977,0.35,0.13,0.3044358789920807,0.1845,0.07738237082958221,0.145
M,0.3395196199417114,0.225,0.08755453675985336,0.1345,0.054,0.0698065310716629,0.05
I,0.37,0.28,0.11,0.2305,0.0945,0.0465,0.075
I,0.295,0.215,0.075,0.129,0.05,0.061550073325634,0.06536494195461273
F,0.5109833478927612,0.435,0.165,0.97,0.336,0.2315,0.21237896382808685
F,0.5486646890640259,0.43866053223609924,0.17,0.9121158719062805,0.4305,0.2245,0.2524832785129547
F,0.58,0.43355876207351685,0.14414970576763153,1.3165,0.5305,0.19869810342788696,0.41
M,0.5701261162757874,0.4542592167854309,0.185,1.0323573350906372,0.42489948868751526,0.23115375638008118,0.2817381024360657
M,0.5892290472984314,0.4641329348087311,0.16060252487659454,1.0817722082138062,0.4290533661842346,0.23511439561843872,0.53
I,0.4734541177749634,0.45,0.12032057344913483,0.781,0.3055,0.1555,0.295
F,0.415,0.34,0.10477209836244583,0.3675,0.146,0.0885,0.10559676587581635
I,0.38,0.305,0.105,0.281,0.1045,0.0615,0.09
I,0.45,0.355,0.12,0.412,0.1145,0.0665,0.16
F,0.395,0.295,0.095,0.2245,0.078,0.054,0.08
M,0.455,0.2829112112522125,0.12,0.34566882252693176,0.1815,0.144,0.16
I,0.4750484526157379,0.37398216128349304,0.15,0.6877068877220154,0.2155,0.14533598721027374,0.18
F,0.55,0.425,0.155,0.9203143119812012,0.3757611811161041,0.20055840909481049,0.25389590859413147
F,0.45,0.35,0.09708429127931595,0.5425,0.1765,0.123,0.175
I,0.4766073524951935,0.385,0.145,0.6143795251846313,0.235,0.108,0.17468814551830292
F,0.5,0.39927899837493896,0.155,0.655,0.2923983037471771,0.143,0.205
F,0.5775027871131897,0.45558735728263855,0.15596222877502441,0.8115,0.3951554596424103,0.169,0.24
M,0.4670294523239136,0.3495871126651764,0.15,0.573,0.23080775141716003,0.14211547374725342,0.17
F,0.49,0.4019058644771576,0.15,0.7865,0.241,0.14,0.24
F,0.52,0.395,0.14313602447509766,0.64,0.3503950536251068,0.19310514628887177,0.24600963294506073
M,0.5345891118049622,0.4094935357570648,0.145,0.8641855120658875,0.333074688911438,0.19341769814491272,0.2428874522447586
F,0.5,0.375,0.115,0.5945,0.185,0.1040346547961235,0.19
F,0.5610435605049133,0.44574788212776184,0.165,0.9793028235435486,0.4062379002571106,0.1915,0.2693544626235962
F,0.37,0.3226599395275116,0.10998006165027618,0.45253556966781616,0.093,0.026,0.08
I,0.30839771032333374,0.275,0.1,0.2295,0.0885,0.0465,0.07
M,0.485,0.36119353771209717,0.14,0.5725,0.24470794200897217,0.1415,0.18180720508098602
F,0.435,0.31409990787506104,0.115,0.3915,0.15068118274211884,0.094,0.12
F,0.535,0.446537047624588,0.185,1.0010355710983276,0.4088258445262909,0.22076943516731262,0.275782972574234
M,0.51,0.4,0.14,0.6515,0.23854957520961761,0.1665,0.185
M,0.565,0.4142444133758545,0.13966281712055206,0.8712306618690491,0.344,0.18464678525924683,0.255
F,0.5394079685211182,0.4,0.15,0.8707859516143799,0.3345,0.18232332170009613,0.23048606514930725
F,0.535,0.41779568791389465,0.1431037038564682,0.7778054475784302,0.26,0.1425,0.345
F,0.525,0.4503251612186432,0.15257522463798523,0.9250625967979431,0.279,0.2055,0.2703835964202881
F,0.5955992937088013,0.46600085496902466,0.16493330895900726,1.0499037504196167,0.45531997084617615,0.2425,0.2994937002658844
M,0.5,0.439202219247818,0.14516425132751465,0.8914446830749512,0.34792596101760864,0.145,0.25462889671325684
I,0.255,0.19,0.075,0.0865,0.0345,0.0205,0.025
F,0.43,0.325,0.09843818843364716,0.36731284856796265,0.1475,0.1065,0.11
I,0.38,0.29,0.12,0.283,0.1175,0.05238943547010422,0.085
I,0.28563192486763,0.11,0.02,0.019,0.0065,0.0025,0.005
I,0.31270962953567505,0.23,0.07500259578227997,0.1285,0.043,0.04,0.04
I,0.155,0.105,0.05,0.0175,0.005,0.0035,0.005
I,0.362840861082077,0.205,0.1,0.3831914961338043,0.15071605145931244,0.0285,0.03
F,0.43,0.335,0.12,0.3231582045555115,0.155,0.1145,0.14
F,0.395,0.315,0.105,0.3515,0.1185,0.091,0.1195
M,0.385,0.285,0.105,0.2905,0.1215,0.0436730831861496,0.0875
F,0.4671601355075836,0.358568400144577,0.135,0.536,0.21786032617092133,0.142,0.173
I,0.445,0.33,0.09281489998102188,0.3223041296005249,0.18,0.103,0.08488506823778152
I,0.395,0.295,0.115,0.316,0.1369224637746811,0.0595,0.08582690358161926
I,0.3771452009677887,0.3,0.125,0.4051729738712311,0.16334255039691925,0.09,0.1175
M,0.36916422843933105,0.28363874554634094,0.14,0.417,0.1535,0.1015,0.144
M,0.3119025230407715,0.25,0.09,0.203,0.0615,0.05439804494380951,0.0795
F,0.345,0.26,0.09,0.207,0.0775,0.06198650598526001,0.0765
M,0.36,0.295,0.13,0.3808695375919342,0.13865375518798828,0.08727103471755981,0.10045357048511505
I,0.295,0.225,0.09,0.3163485825061798,0.1192183867096901,0.0245,0.032
I,0.325,0.25,0.08,0.176,0.0595,0.036847226321697235,0.063
M,0.375,0.3,0.1,0.2465,0.104,0.0475,0.083
I,0.28,0.205,0.055,0.0954563245177269,0.045,0.0275,0.0335
M,0.3005073666572571,0.265,0.085,0.201,0.069,0.053,0.0695
M,0.35,0.255,0.08,0.1915,0.06894689053297043,0.0385,0.063
I,0.275,0.26440662145614624,0.065,0.1035,0.0475,0.06135533004999161,0.03
I,0.29,0.205,0.07,0.0975,0.036,0.019,0.035
I,0.25,0.24014565348625183,0.06,0.0765,0.036,0.04672782123088837,0.0245
I,0.18,0.23642505705356598,0.035,0.0265,0.0095,0.0450926348567009,0.0085
I,0.15,0.1,0.025,0.015,0.0045,0.004,0.005
I,0.16,0.11,0.025,0.018,0.0065,0.0055,0.005
F,0.555,0.455,0.14108271896839142,1.0575,0.32484763860702515,0.228,0.293
M,0.555,0.4804849624633789,0.15599212050437927,1.1283873319625854,0.4570329487323761,0.2488999217748642,0.30167829990386963
F,0.5510367751121521,0.41,0.14435207843780518,0.99,0.3865,0.19337059557437897,0.295
M,0.3445993661880493,0.273195743560791,0.08,0.488,0.191,0.07446986436843872,0.155
I,0.49,0.36,0.09873168915510178,0.5005,0.161,0.107,0.195
M,0.4,0.2587600648403168,0.085,0.297,0.108,0.06140802055597305,0.1
F,0.48,0.3508045971393585,0.105,0.525,0.19472721219062805,0.1195,0.14463387429714203
F,0.5671579241752625,0.4456862807273865,0.15186847746372223,0.77,0.2735,0.159,0.2653709650039673
F,0.52,0.4,0.12,0.6515,0.2573215663433075,0.2015,0.165
M,0.525,0.4,0.13510005176067352,0.8106712698936462,0.300637423992157,0.1825,0.275
M,0.545,0.42095980048179626,0.14266709983348846,0.879,0.34099382162094116,0.1695,0.24430789053440094
M,0.52,0.37751924991607666,0.12,0.823,0.298,0.1805,0.19500106573104858
M,0.505,0.38,0.1339735984802246,0.656,0.27710092067718506,0.1785,0.22
F,0.525,0.4516027569770813,0.15158089995384216,0.9339572191238403,0.2825,0.176,0.2672814726829529
I,0.4820364713668823,0.39,0.125,0.6565,0.262,0.14912909269332886,0.175
I,0.4474483132362366,0.34275180101394653,0.115,0.5475299954414368,0.2385,0.172,0.205
F,0.52,0.40284574031829834,0.125,0.6435,0.2415,0.1735,0.21
F,0.535,0.41,0.14102502167224884,0.8741206526756287,0.2855,0.1921236664056778,0.243618905544281
M,0.41390541195869446,0.309603750705719,0.10944879800081253,0.3795,0.143,0.074,0.11863185465335846
F,0.543235719203949,0.44,0.1457829773426056,0.835,0.32,0.2175,0.24049341678619385
F,0.36,0.265,0.0964510589838028,0.34437423944473267,0.078,0.057,0.06
F,0.5348830223083496,0.427004337310791,0.15,0.849121630191803,0.2785,0.186,0.23923860490322113
F,0.5303153991699219,0.4229808747768402,0.14,0.8265052437782288,0.2795,0.183,0.26
M,0.6169045567512512,0.4882747232913971,0.16816270351409912,0.8425,0.5010191202163696,0.2588252127170563,0.32651564478874207
F,0.53,0.42,0.1480158120393753,0.974901556968689,0.3862132728099823,0.21240751445293427,0.265
F,0.5694736242294312,0.4543810188770294,0.2,1.024674415588379,0.673,0.22165441513061523,0.27622663974761963
M,0.553974449634552,0.385,0.14350681006908417,0.8646538853645325,0.3303912281990051,0.2035,0.24141119420528412
F,0.535,0.4345197379589081,0.14789870381355286,0.8055,0.36023378372192383,0.181,0.28
M,0.5892293453216553,0.46413329243659973,0.1606023758649826,1.0817734003067017,0.42905426025390625,0.23511485755443573,0.39
F,0.51,0.39,0.105,0.7165029644966125,0.27286186814308167,0.15,0.1938888132572174
M,0.485,0.3290444612503052,0.112718865275383,0.547,0.17785486578941345,0.1615,0.14
M,0.605,0.4488975703716278,0.15242089331150055,1.122,0.39668741822242737,0.2231423705816269,0.315
F,0.5368883013725281,0.455,0.165,1.1365,0.34021928906440735,0.19324639439582825,0.275
M,0.5881061553955078,0.46387478709220886,0.15188387036323547,1.1318128108978271,0.47329360246658325,0.24579644203186035,0.3093031048774719
F,0.5518117547035217,0.505,0.185,1.5275,0.39101848006248474,0.21054767072200775,0.26551613211631775
M,0.570127010345459,0.45426133275032043,0.155,1.0323784351348877,0.42491358518600464,0.23115962743759155,0.2817406952381134
F,0.593047022819519,0.47052231431007385,0.16045603156089783,1.0573725700378418,0.4369044899940491,0.2655,0.41
F,0.554297149181366,0.44,0.14334888756275177,1.116,0.4775,0.19132830202579498,0.27
F,0.57,0.43,0.12,0.8771224021911621,0.34511613845825195,0.18590490520000458,0.31
F,0.5897915959358215,0.46816352009773254,0.16008307039737701,1.0473318099975586,0.42948079109191895,0.202,0.325
F,0.55,0.4480634331703186,0.155,0.9539256691932678,0.38333630561828613,0.19853666424751282,0.26015621423721313
F,0.544515073299408,0.44,0.135,0.959,0.3334744870662689,0.221,0.23831509053707123
M,0.5341034531593323,0.41730430722236633,0.14041569828987122,0.8684293627738953,0.6215,0.361,0.47
M,0.6169027090072632,0.48827311396598816,0.1681649088859558,1.153,0.5010064840316772,0.2588197588920593,0.32651281356811523
F,0.545,0.43018028140068054,0.15,0.9143627882003784,0.3365,0.19354231655597687,0.3
F,0.59,0.4495712220668793,0.13,0.9631159901618958,0.37145015597343445,0.19997341930866241,0.25405460596084595
M,0.345,0.23627682030200958,0.095,0.197,0.0665,0.05,0.07
F,0.55,0.45726603269577026,0.155,1.0346794128417969,0.4168637990951538,0.22328875958919525,0.27883660793304443
F,0.5359429121017456,0.425,0.17,0.8480470180511475,0.3485,0.17932502925395966,0.22552357614040375
F,0.53,0.44938477873802185,0.15445567667484283,0.9805,0.40220335125923157,0.22587701678276062,0.2965
I,0.485,0.375,0.11795607209205627,0.521,0.24037733674049377,0.13445904850959778,0.17244704067707062
I,0.385,0.2608453333377838,0.115,0.2685,0.0975,0.0825,0.085
M,0.39042672514915466,0.2972816526889801,0.135,0.462,0.1675,0.0913437157869339,0.12
M,0.4920409023761749,0.382973849773407,0.14,0.7605,0.260331928730011,0.167,0.185
F,0.53,0.41,0.13529691100120544,0.732,0.189,0.17,0.22094179689884186
M,0.5185507535934448,0.3993108570575714,0.145,0.6775,0.3095859885215759,0.1816868931055069,0.23026777803897858
M,0.49,0.3543294370174408,0.14,0.6385,0.2305,0.1298922896385193,0.18000201880931854
I,0.465,0.35,0.09474245458841324,0.3438619077205658,0.2015,0.1505,0.19
F,0.47,0.35060828924179077,0.145,0.537,0.1725,0.1084224209189415,0.195
F,0.56,0.41,0.1473560631275177,0.9766680598258972,0.38561752438545227,0.21266329288482666,0.3
F,0.4791433811187744,0.3827049732208252,0.15,0.6415,0.246,0.152,0.215
M,0.515,0.4105966091156006,0.14313913881778717,0.8815,0.3258412480354309,0.19177626073360443,0.255
I,0.385,0.28,0.125,0.244,0.102,0.038,0.045747965574264526
I,0.215,0.155,0.06,0.0525,0.021,0.0165,0.015
F,0.5705083608627319,0.44758734107017517,0.1526114046573639,1.042,0.3295,0.2325,0.2677658200263977
I,0.469931960105896,0.36316078901290894,0.12344469875097275,0.5755,0.22946830093860626,0.14197604358196259,0.1845
F,0.495,0.385,0.135,0.9172497987747192,0.3570309281349182,0.19463475048542023,0.262
F,0.4632311165332794,0.36160600185394287,0.16,0.644,0.2475,0.2025,0.1635
F,0.5657240748405457,0.465,0.15280823409557343,0.8875,0.36420896649360657,0.246,0.2641982436180115
F,0.5210355520248413,0.465,0.13808490335941315,0.8935,0.3145,0.2575,0.263
F,0.4570617079734802,0.375,0.135,0.556,0.2110120952129364,0.1315,0.1685
I,0.47,0.32771536707878113,0.11076930165290833,0.51,0.1915,0.1285,0.12580564618110657
M,0.575,0.39375969767570496,0.165,0.746306300163269,0.3275,0.225,0.21713489294052124
M,0.58,0.4503302574157715,0.14385658502578735,0.9534724950790405,0.36921873688697815,0.20373010635375977,0.26545852422714233
F,0.5413525700569153,0.4277297854423523,0.145,0.695,0.33773118257522583,0.1635,0.234
F,0.5204312205314636,0.41,0.13939127326011658,0.7155,0.2805,0.1685,0.214
M,0.44,0.335,0.11,0.21292832493782043,0.157,0.096,0.122
F,0.5418038964271545,0.42,0.14768236875534058,0.745,0.3412843346595764,0.157,0.2885
F,0.425,0.31345823407173157,0.11,0.3665,0.1512553095817566,0.081,0.117
M,0.46,0.34,0.135,0.4359382390975952,0.1493925303220749,0.117,0.11819714307785034
M,0.45,0.2661249339580536,0.125,0.349,0.119,0.1055,0.115
M,0.425,0.2505595088005066,0.13,0.4405,0.152,0.0935,0.155
I,0.37,0.275,0.1,0.4183933734893799,0.1723526418209076,0.09486531466245651,0.10523578524589539
F,0.515,0.38,0.12619547545909882,0.7386095523834229,0.2875,0.1573827564716339,0.155
M,0.34369131922721863,0.305,0.08913899958133698,0.28392067551612854,0.1235,0.0905,0.095
I,0.28,0.205,0.07,0.1015,0.041,0.03,0.03
F,0.48,0.4,0.14995726943016052,0.9415978789329529,0.36208009719848633,0.19815106689929962,0.24
F,0.44,0.3423607051372528,0.13,0.5205017924308777,0.153,0.1155,0.14063534140586853
F,0.52,0.4131196439266205,0.115,0.807,0.2855,0.1536850929260254,0.235
F,0.5713097453117371,0.4525018334388733,0.14,0.998728334903717,0.418342649936676,0.174,0.2769220769405365
I,0.43736550211906433,0.365,0.11294183135032654,0.6512148380279541,0.28961652517318726,0.14285708963871002,0.16230398416519165
I,0.235,0.175,0.055,0.067,0.027,0.0125,0.018
I,0.255,0.22671090066432953,0.06,0.088,0.0365,0.021,0.023
I,0.315,0.24,0.085,0.1715,0.071,0.0345,0.0535
I,0.325,0.25,0.08,0.1735,0.0765,0.0345,0.049
I,0.335,0.25,0.08,0.183,0.0735,0.03682637959718704,0.0575
I,0.35,0.27,0.09,0.2055,0.075,0.0575,0.062
I,0.35,0.25374835729599,0.07,0.212907612323761,0.0655,0.048,0.054
I,0.36,0.3,0.085,0.16586610674858093,0.1185,0.064,0.040715381503105164
I,0.36951011419296265,0.275,0.09423120319843292,0.24,0.108,0.07588107138872147,0.0735
I,0.3139769434928894,0.275,0.14,0.2215,0.097,0.0455,0.0615
I,0.3760351240634918,0.275,0.09580853581428528,0.1375,0.086,0.07875695079565048,0.0605
I,0.32001182436943054,0.29,0.095,0.312,0.143,0.04791102558374405,0.086
I,0.385,0.3,0.08018465340137482,0.2895,0.10827963799238205,0.063,0.09
I,0.395,0.29,0.095,0.319,0.138,0.08,0.082
I,0.395,0.29,0.095,0.304,0.127,0.03910524398088455,0.077
I,0.4,0.31,0.1,0.306,0.13,0.06,0.05928793549537659
I,0.41,0.23872654139995575,0.1,0.394,0.208,0.0655,0.106
I,0.415,0.32,0.11,0.3735,0.175,0.0755,0.109
M,0.415,0.305,0.09517555683851242,0.3618452548980713,0.13555516302585602,0.08520526438951492,0.091
I,0.425,0.325,0.08584968000650406,0.25722014904022217,0.1185,0.0645,0.07677458226680756
I,0.44,0.365,0.09125243127346039,0.501,0.2435,0.084,0.08902487903833389
I,0.31826913356781006,0.335,0.1,0.4895,0.2745,0.086,0.1105
I,0.445,0.325,0.1,0.378,0.1795,0.044911667704582214,0.089
I,0.45,0.35,0.13,0.547,0.16517417132854462,0.09341726452112198,0.11097732931375504
M,0.41492486000061035,0.375,0.12,0.5805,0.1762205809354782,0.10469357669353485,0.169
I,0.475,0.365,0.125,0.5465,0.229,0.1185,0.172
I,0.48,0.365,0.135,0.6395,0.26675891876220703,0.113,0.1768607497215271
I,0.4114682376384735,0.32265233993530273,0.105,0.498,0.18977177143096924,0.1074734479188919,0.1525
I,0.5013198256492615,0.3858520984649658,0.13450179994106293,0.609,0.30504024028778076,0.096,0.19661711156368256
F,0.495,0.41,0.125,0.7555,0.3355,0.129,0.19271546602249146
M,0.48861756920814514,0.4,0.12033547461032867,0.6379212737083435,0.24151916801929474,0.1275,0.166
F,0.505,0.4602384865283966,0.15682491660118103,1.0639760494232178,0.41906532645225525,0.2326374053955078,0.239
F,0.5677257776260376,0.395,0.13,0.955692708492279,0.38270705938339233,0.2120707482099533,0.2601228952407837
M,0.54,0.48048484325408936,0.15599265694618225,1.1284010410308838,0.4570431709289551,0.24890366196632385,0.3016822934150696
F,0.5116212368011475,0.42,0.14,0.805,0.2957242727279663,0.1725,0.21
F,0.5852231383323669,0.4654131233692169,0.148803249001503,1.0275791883468628,0.429,0.2208458036184311,0.2375
F,0.5510885715484619,0.4403085708618164,0.125,0.923,0.3608340322971344,0.19328399002552032,0.283
M,0.5733004808425903,0.4610394239425659,0.15,1.0145,0.4257536232471466,0.22961227595806122,0.29066431522369385
F,0.55,0.4531996250152588,0.1496223509311676,0.9979274272918701,0.362,0.21652133762836456,0.2765
F,0.555,0.435,0.1432090401649475,0.9685,0.34909477829933167,0.168,0.24477943778038025
M,0.5559131503105164,0.42831170558929443,0.1435740888118744,1.0595,0.4735,0.1987612545490265,0.252405047416687
M,0.57,0.455,0.1367449015378952,0.8519763946533203,0.3383961319923401,0.1795373260974884,0.2387915700674057
M,0.57,0.435,0.1300370842218399,0.7535,0.28382718563079834,0.1624952107667923,0.194
F,0.5749071836471558,0.465,0.15196767449378967,0.958,0.442,0.20512327551841736,0.2689157724380493
F,0.59,0.475,0.165,0.793069064617157,0.4545,0.244,0.2179107964038849
F,0.59,0.45181313157081604,0.1512816846370697,0.9968781471252441,0.455,0.2055,0.27185511589050293
F,0.595,0.44366714358329773,0.15,1.003496766090393,0.3902300298213959,0.2144426554441452,0.33
F,0.5706523656845093,0.4539603590965271,0.15886357426643372,1.0198428630828857,0.3904959559440613,0.21570467948913574,0.32
F,0.595,0.44721519947052,0.16,1.1405,0.3967195451259613,0.21092970669269562,0.2679888904094696
F,0.595,0.465,0.1386011689901352,1.113,0.5175,0.17004930973052979,0.305
M,0.6,0.47180524468421936,0.15749159455299377,1.3445,0.4636004567146301,0.23952138423919678,0.2988792955875397
F,0.6,0.475,0.14395102858543396,0.9329193234443665,0.3623252511024475,0.19884246587753296,0.3205
M,0.5701262354850769,0.4542595148086548,0.175,1.0323604345321655,0.4249015748500824,0.2311546355485916,0.2817384600639343
F,0.5316838026046753,0.475,0.175,0.8079351782798767,0.609,0.2325,0.20710772275924683
M,0.616902768611908,0.48827317357063293,0.16816480457782745,1.1035,0.5010069608688354,0.2588199973106384,0.3265129327774048
F,0.615,0.5,0.14120027422904968,0.8359261155128479,0.5585,0.33,0.292
F,0.5494887232780457,0.4348137378692627,0.15,0.9312028288841248,0.629,0.2605,0.25005194544792175
F,0.5899897217750549,0.51,0.1546735316514969,1.0492122173309326,0.545,0.2230876386165619,0.2919860780239105
F,0.572034478187561,0.4555814564228058,0.165,1.0279555320739746,0.5315,0.2223358154296875,0.27654433250427246
F,0.62,0.45631226897239685,0.15339301526546478,1.013136386871338,0.39139482378959656,0.21739539504051208,0.3685
F,0.5963156819343567,0.4734867215156555,0.16043134033679962,1.0638610124588013,0.44478869438171387,0.2545,0.315
F,0.5535542964935303,0.49,0.155,1.2085,0.3918102979660034,0.20942020416259766,0.2628052830696106
F,0.595249593257904,0.47250187397003174,0.16051636636257172,1.0624568462371826,0.4425804018974304,0.285,0.381
M,0.63,0.4136517643928528,0.1375817209482193,1.26,0.4525,0.18091709911823273,0.23581136763095856
M,0.5892293453216553,0.46413329243659973,0.1606023758649826,1.0817734003067017,0.42905426025390625,0.23511485755443573,0.39
F,0.5884953141212463,0.44277989864349365,0.1600266844034195,0.9675284624099731,0.40160462260246277,0.361,0.2770552635192871
F,0.5603843331336975,0.4409988522529602,0.165,0.9605054259300232,0.38597822189331055,0.20685416460037231,0.265726238489151
F,0.5911344289779663,0.51,0.1500539928674698,1.0323359966278076,0.42313310503959656,0.234126016497612,0.2754121422767639
F,0.6002841591835022,0.4801149070262909,0.1586315929889679,1.1308403015136719,0.675,0.2382478415966034,0.31297218799591064
F,0.655,0.47251370549201965,0.16011083126068115,1.0585743188858032,0.441508948802948,0.291,0.2985008955001831
M,0.6541774272918701,0.513593852519989,0.1757621467113495,2.0805,0.6013489961624146,0.2934075593948364,0.3663789927959442
M,0.5694316029548645,0.4530351459980011,0.15248659253120422,1.3905,0.4113885462284088,0.2213772088289261,0.28193244338035583
F,0.600284218788147,0.4801148474216461,0.15863163769245148,1.1308404207229614,0.755,0.23824778199195862,0.31297212839126587
F,0.5603846907615662,0.44099923968315125,0.16,0.9605098962783813,0.3859800696372986,0.20685499906539917,0.2657264471054077
F,0.5853632688522339,0.45814427733421326,0.17,1.063935399055481,0.42505955696105957,0.23134566843509674,0.455
F,0.5431824922561646,0.525,0.155,1.4785,0.628,0.18320859968662262,0.2305132895708084
F,0.5617669820785522,0.442104309797287,0.195,1.7775,0.861,0.20055149495601654,0.24973370134830475
F,0.5914515852928162,0.54,0.1550602912902832,1.0610871315002441,0.833,0.2237188220024109,0.2972479462623596
F,0.5914480090141296,0.56,0.15513695776462555,1.0609900951385498,0.8455,0.22363005578517914,0.2968616187572479
M,0.73,0.4804852306842804,0.15599121153354645,1.1283644437789917,0.4570159912109375,0.24889369308948517,0.3016715943813324
I,0.205,0.14,0.05,0.046,0.0165,0.012,0.0135
I,0.24,0.175,0.055,0.0705,0.025,0.014,0.021
I,0.24,0.175,0.08194269984960556,0.0665,0.031,0.059994444251060486,0.06806115061044693
I,0.3033105731010437,0.19,0.05,0.16283810138702393,0.0295,0.0215,0.027
I,0.255,0.18,0.055,0.083,0.031,0.0215,0.02
I,0.265,0.195,0.06,0.092,0.0345,0.025,0.0245
I,0.28708335757255554,0.12,0.075,0.13753148913383484,0.0455,0.029,0.0345
I,0.295,0.23,0.08,0.1625,0.065,0.05,0.0385
I,0.3,0.235,0.08,0.131,0.05,0.0624370351433754,0.06684140861034393
I,0.3,0.23,0.07514544576406479,0.1385,0.056,0.0461500808596611,0.037
I,0.305,0.22,0.07,0.141,0.062,0.031,0.037
I,0.315,0.235,0.075,0.1485,0.0585,0.0375,0.0425
I,0.315,0.23307672142982483,0.07,0.144,0.053,0.0305,0.04
I,0.4056319296360016,0.31773117184638977,0.09,0.41956496238708496,0.17594441771507263,0.0265,0.0425
I,0.325,0.24,0.075,0.187,0.0825,0.0445,0.05
I,0.33,0.265,0.085,0.196,0.0775,0.0305,0.0445
I,0.3031492531299591,0.25,0.075,0.1825,0.0705,0.044,0.055
I,0.335,0.25,0.075,0.186,0.0945,0.038,0.0445
I,0.34,0.25,0.075,0.1508740484714508,0.0665,0.0427374392747879,0.045
I,0.34,0.3069033622741699,0.10555396974086761,0.2225,0.17409232258796692,0.0975075364112854,0.055
I,0.345,0.265,0.07410916686058044,0.14738526940345764,0.111,0.0535,0.065
I,0.33669885993003845,0.29,0.095,0.249,0.11614725738763809,0.06203227490186691,0.067
I,0.386117547750473,0.3037680387496948,0.095,0.2865,0.15737171471118927,0.08622864633798599,0.0795
I,0.3277452886104584,0.28,0.09,0.215,0.084,0.05072237551212311,0.055
I,0.385,0.24278675019741058,0.08,0.251,0.124,0.037,0.07
I,0.41,0.31,0.09,0.1364734172821045,0.155,0.0695,0.09
I,0.41,0.2786951959133148,0.09,0.32098186016082764,0.13725382089614868,0.0745,0.1
I,0.3347126841545105,0.31,0.09,0.3335,0.1635,0.061,0.058176569640636444
I,0.415,0.33,0.09,0.3595,0.085780568420887,0.081,0.09
I,0.42,0.32,0.115,0.1310887634754181,0.169,0.092,0.1
I,0.42,0.24514353275299072,0.1,0.3435,0.157,0.0795,0.09
I,0.425,0.24308210611343384,0.1,0.382,0.164,0.096,0.1
I,0.425,0.315,0.1,0.25120681524276733,0.1645,0.072,0.105
I,0.43,0.325,0.1,0.3645,0.10685654729604721,0.0825,0.06573084741830826
I,0.43,0.325,0.07820133119821548,0.425,0.217,0.05070022493600845,0.095
I,0.435,0.325,0.12,0.24236831068992615,0.1815,0.061,0.06282004714012146
I,0.35611677169799805,0.34,0.115,0.3925,0.11780277639627457,0.078,0.1145
I,0.5011520981788635,0.38631701469421387,0.13445547223091125,0.4495,0.2791061997413635,0.1656176745891571,0.19521024823188782
I,0.44,0.29209282994270325,0.09,0.35160210728645325,0.15104621648788452,0.067,0.105
I,0.36999744176864624,0.335,0.11,0.4355,0.14037910103797913,0.1095,0.08824574202299118
I,0.445,0.31235790252685547,0.1065095067024231,0.4195,0.1695,0.0945,0.11849584430456161
I,0.4996073246002197,0.3849211633205414,0.13,0.478,0.27953657507896423,0.16453132033348083,0.18408231437206268
I,0.45,0.355,0.105,0.4445,0.197,0.06301333755254745,0.07035163789987564
I,0.45,0.345,0.11,0.47,0.2355,0.0855,0.1135
I,0.45,0.335,0.105,0.447,0.2335,0.153,0.119
I,0.4108622670173645,0.355,0.125,0.45288464426994324,0.18716266751289368,0.126,0.1465
I,0.455,0.2895740270614624,0.09623915702104568,0.497,0.2355,0.1055,0.1295
I,0.3746345639228821,0.29044845700263977,0.1,0.4635,0.2325,0.093,0.115
I,0.46,0.3303380608558655,0.11315684020519257,0.449,0.2027658224105835,0.11364752054214478,0.1265
I,0.465,0.365,0.115,0.272155225276947,0.2315,0.0925,0.113
I,0.465,0.37,0.115,0.534,0.261,0.098,0.143
I,0.465,0.345,0.11,0.241568922996521,0.1755,0.0905,0.06888723373413086
F,0.465,0.35,0.09935462474822998,0.482,0.23,0.106,0.1095
I,0.47,0.365,0.12,0.4186599552631378,0.327,0.15,0.14
F,0.43294575810432434,0.365,0.12,0.582,0.20910216867923737,0.092,0.146
I,0.49143120646476746,0.37,0.12922216951847076,0.537,0.25212037563323975,0.15452560782432556,0.18758240342140198
F,0.475,0.36,0.12,0.5696194767951965,0.2151210755109787,0.12346482276916504,0.127
M,0.39966079592704773,0.375,0.115,0.48621129989624023,0.3205,0.1065,0.17
M,0.48,0.385,0.145,0.64,0.2925,0.13891594111919403,0.19300496578216553
M,0.48,0.3495718836784363,0.12304246425628662,0.439,0.2254476398229599,0.1374027132987976,0.1659288853406906
I,0.48,0.365,0.12,0.6015,0.19701451063156128,0.1072392389178276,0.14
F,0.4560104012489319,0.37,0.115,0.4785,0.1995,0.10755366086959839,0.12049604207277298
I,0.49,0.35627683997154236,0.125,0.649,0.32,0.124,0.1695
F,0.495,0.395,0.135,0.7858150005340576,0.317081093788147,0.1295,0.21742771565914154
M,0.495,0.4,0.135,0.61,0.272,0.1435,0.18033960461616516
M,0.530677080154419,0.39,0.135,0.7969703078269958,0.29357922077178955,0.1535,0.22576624155044556
I,0.5,0.385,0.12,0.56,0.2835,0.11285749822854996,0.135
I,0.49598604440689087,0.3769654333591461,0.13282786309719086,0.6425,0.3195,0.14910845458507538,0.1535
M,0.5,0.4,0.125,0.6725,0.3046085834503174,0.15948112308979034,0.2116686850786209
F,0.49978381395339966,0.39,0.13,0.674,0.2789101302623749,0.141,0.1785
I,0.46423158049583435,0.39,0.11287219822406769,0.5327427983283997,0.21509365737438202,0.131,0.156
M,0.4875893294811249,0.3814549446105957,0.125,0.7098490595817566,0.289,0.133,0.17578116059303284
I,0.505,0.355,0.09849812835454941,0.601,0.25,0.1205,0.185
M,0.5416241884231567,0.39,0.13416093587875366,0.8340039253234863,0.31730398535728455,0.17780014872550964,0.19
I,0.51,0.375,0.1,0.3802470564842224,0.238,0.1225,0.10264687985181808
I,0.5358448624610901,0.405,0.13606470823287964,0.7840961217880249,0.3655,0.16813184320926666,0.2239065170288086
M,0.51,0.405,0.1267928183078766,0.7058011889457703,0.347,0.134,0.1885
M,0.51,0.35154253244400024,0.145,0.796,0.3865,0.1815,0.1955
F,0.515,0.43,0.1437416523694992,0.834,0.34904465079307556,0.1867217719554901,0.23
F,0.515,0.40882784128189087,0.155,0.8404427170753479,0.3336651921272278,0.18142563104629517,0.155
F,0.5166839957237244,0.4121035933494568,0.14,0.724,0.3475,0.15572544932365417,0.175
M,0.6027719378471375,0.4730302095413208,0.16292202472686768,0.7325,0.44857943058013916,0.1575,0.29951775074005127
F,0.5772745013237,0.44977784156799316,0.1472761034965515,0.7585,0.325,0.20680133998394012,0.205
M,0.6169043779373169,0.48827457427978516,0.16816286742687225,0.8495,0.5010181665420532,0.25882482528686523,0.32651540637016296
F,0.53,0.4308629631996155,0.125,0.9185289144515991,0.34416207671165466,0.19523128867149353,0.186
F,0.535,0.41594046354293823,0.135,0.8215,0.3935,0.196,0.20671236515045166
M,0.535,0.43,0.13401299715042114,0.8103765249252319,0.3088737726211548,0.1694381833076477,0.2155
M,0.5439523458480835,0.4242348372936249,0.14045041799545288,0.9132207632064819,0.3735,0.19885842502117157,0.2195
F,0.55,0.445,0.155,0.7504144310951233,0.544,0.178,0.218
F,0.557717502117157,0.44150111079216003,0.14,0.8105,0.3726959526538849,0.161,0.2643069922924042
F,0.56,0.455,0.16,0.967,0.3553558588027954,0.19040998816490173,0.24678602814674377
F,0.565,0.4,0.13,0.6975,0.3075,0.1665,0.18776626884937286
F,0.57,0.45,0.14947305619716644,1.195,0.4067479372024536,0.21760183572769165,0.2714269757270813
F,0.5911343693733215,0.45,0.15005411207675934,1.0323446989059448,0.4231397807598114,0.2341289222240448,0.27541446685791016
F,0.5643296241760254,0.455,0.14983035624027252,0.9803921580314636,0.370257169008255,0.20859386026859283,0.27
M,0.57,0.42696985602378845,0.14118298888206482,0.9141719937324524,0.33187636733055115,0.1912192702293396,0.24
M,0.562848687171936,0.45452064275741577,0.17,0.9035,0.4117527902126312,0.2234927862882614,0.28102657198905945
F,0.5816052556037903,0.475,0.15296995639801025,1.0183707475662231,0.40154075622558594,0.22327028214931488,0.29
F,0.575,0.45922496914863586,0.16,1.0396040678024292,0.4181233048439026,0.22378739714622498,0.2789160907268524
F,0.5524874329566956,0.46,0.14512555301189423,1.1155,0.5575,0.2255,0.24300141632556915
M,0.5975452661514282,0.4698421359062195,0.16359832882881165,1.0515,0.4405660331249237,0.2595,0.2965477705001831
F,0.58,0.455,0.14694462716579437,0.9947158694267273,0.40637314319610596,0.2209140956401825,0.270454466342926
F,0.57526034116745,0.44475287199020386,0.1514180451631546,0.9521689414978027,0.5585,0.22,0.26632747054100037
F,0.5911344289779663,0.49,0.15005400776863098,1.0323374271392822,0.4231342673301697,0.2341265231370926,0.27541252970695496
M,0.59,0.4470193684101105,0.148826003074646,0.9318068623542786,0.3671052157878876,0.2615,0.26439565420150757
F,0.5392438769340515,0.47,0.16,1.206,0.331304132938385,0.2425,0.24103644490242004
F,0.5650545358657837,0.44796469807624817,0.145,1.0073879957199097,0.5155,0.20181488990783691,0.25591275095939636
F,0.595,0.44231846928596497,0.14180481433868408,0.9329348206520081,0.34192344546318054,0.1967805027961731,0.155
F,0.5738643407821655,0.45,0.1469101756811142,0.9821164011955261,0.5865,0.2033676952123642,0.25
M,0.5487714409828186,0.4220516085624695,0.14779141545295715,0.9362999796867371,0.34782445430755615,0.19856230914592743,0.274
F,0.5521525144577026,0.46,0.14,0.8672839403152466,0.3341219127178192,0.2095,0.23312553763389587
F,0.5649617910385132,0.4458775222301483,0.15,1.044,0.38141876459121704,0.21590150892734528,0.27
F,0.605,0.49,0.15,0.8542094230651855,0.33276548981666565,0.2645,0.23913048207759857
F,0.5955992937088013,0.4660007953643799,0.16493333876132965,1.0499032735824585,0.45531970262527466,0.2455,0.2994936406612396
F,0.605,0.47,0.1455177366733551,0.9551927447319031,0.3760955035686493,0.2082705944776535,0.2925
F,0.5587446093559265,0.47,0.15,0.9008736610412598,0.35793206095695496,0.258,0.2539268136024475
M,0.61,0.4804851710796356,0.15599144995212555,1.1283706426620483,0.4570205807685852,0.24889537692070007,0.30167341232299805
M,0.6169025301933289,0.488273024559021,0.16816502809524536,1.2525,0.5010057091712952,0.25881946086883545,0.3265126943588257
F,0.5700046420097351,0.4540366530418396,0.14742666482925415,0.9480461478233337,0.594,0.276,0.388
F,0.625,0.48,0.14901202917099,0.9451140761375427,0.37383824586868286,0.278,0.26847752928733826
F,0.6002839803695679,0.48011499643325806,0.15863150358200073,1.1308400630950928,0.5705,0.2382480800151825,0.3129722774028778
F,0.5984364151954651,0.4724293649196625,0.16344986855983734,1.1435,0.453732430934906,0.2300947606563568,0.30047348141670227
M,0.625,0.4804851710796356,0.15599139034748077,1.1283689737319946,0.4570193588733673,0.24889492988586426,0.30167293548583984
F,0.5706521272659302,0.4539598822593689,0.15886391699314117,1.019840955734253,0.39049503207206726,0.21570396423339844,0.401
F,0.5955992341041565,0.46600040793418884,0.16493351757526398,1.0499002933502197,0.4553177058696747,0.275,0.2994932532310486
F,0.5586155652999878,0.495,0.165,0.904241681098938,0.3617859184741974,0.284,0.2550317645072937
M,0.6169026494026184,0.48827308416366577,0.1681649386882782,1.1785,0.5010063052177429,0.25881966948509216,0.32651275396347046
F,0.5602683424949646,0.49,0.175,0.9483231902122498,0.36737000942230225,0.2067023068666458,0.395
M,0.5881061553955078,0.46387478709220886,0.15188387036323547,1.1318128108978271,0.47329360246658325,0.24579644203186035,0.3093031048774719
F,0.64,0.505,0.14941467344760895,0.9882909655570984,0.705,0.20638395845890045,0.27274417877197266
F,0.5650387406349182,0.5,0.17,0.960837185382843,0.38061127066612244,0.21196967363357544,0.26605674624443054
F,0.5396321415901184,0.5,0.175,1.394,0.33112508058547974,0.291,0.24175554513931274
F,0.5911344289779663,0.5,0.1500539928674698,1.0323365926742554,0.42313361167907715,0.2341262400150299,0.27541229128837585
M,0.5701262354850769,0.4542595148086548,0.175,1.0323604345321655,0.4249015748500824,0.2311546355485916,0.2817384600639343
M,0.5701262354850769,0.4542595148086548,0.175,1.0323604345321655,0.4249015748500824,0.2311546355485916,0.2817384600639343
F,0.645,0.4732072353363037,0.160653218626976,1.0624741315841675,0.4444613456726074,0.308,0.3007020652294159
F,0.645,0.47299283742904663,0.16048431396484375,1.061193823814392,0.4434765875339508,0.299,0.2999722957611084
F,0.5897172689437866,0.470287561416626,0.1552806794643402,1.0832782983779907,0.5475,0.21996979415416718,0.2904631495475769
F,0.645,0.46592065691947937,0.15608111023902893,1.0300965309143066,0.424334853887558,0.2055,0.2864511013031006
F,0.6002839803695679,0.48011499643325806,0.15863150358200073,1.1308399438858032,0.57,0.2382480800151825,0.3129723072052002
M,0.5881061553955078,0.46387478709220886,0.15188387036323547,1.1318128108978271,0.47329360246658325,0.24579644203186035,0.3093031048774719
M,0.5613575577735901,0.525,0.1368713080883026,0.8690658211708069,0.34704217314720154,0.18848076462745667,0.23843054473400116
F,0.5884952545166016,0.4427799582481384,0.16002662479877472,0.967528760433197,0.40160486102104187,0.331,0.2770552635192871
F,0.5851120948791504,0.4614828824996948,0.15215830504894257,1.6525,0.8515,0.1996866911649704,0.267037034034729
F,0.6205891966819763,0.4802040159702301,0.16620303690433502,1.2668747901916504,0.5366976261138916,0.2701498866081238,0.33167779445648193
M,0.66,0.480485200881958,0.1559913009405136,1.1283665895462036,0.45701757073402405,0.24889428913593292,0.30167222023010254
M,0.5701259970664978,0.4542590081691742,0.195,1.0323554277420044,0.424898236989975,0.23115324974060059,0.2817378342151642
F,0.5808107852935791,0.45959699153900146,0.15865033864974976,1.3695,0.40152326226234436,0.22096092998981476,0.335
M,0.5892293453216553,0.46413323283195496,0.160602405667305,1.081773281097412,0.4290541410446167,0.23511476814746857,0.4005
F,0.600284218788147,0.4801148474216461,0.15863162279129028,1.1308403015136719,0.739,0.23824776709079742,0.31297215819358826
M,0.675,0.480485200881958,0.15599127113819122,1.1283659934997559,0.45701709389686584,0.2488941103219986,0.3016720414161682
M,0.6169024109840393,0.48827290534973145,0.16816522181034088,1.607,0.5010048151016235,0.258819043636322,0.32651248574256897
M,0.69,0.4804852306842804,0.15599125623703003,1.128365397453308,0.4570167064666748,0.24889396131038666,0.3016718924045563
F,0.5911344289779663,0.505,0.1500539928674698,1.0323362350463867,0.42313337326049805,0.23412612080574036,0.2754122316837311
F,0.695,0.473451167345047,0.15544234216213226,1.11342191696167,0.8035,0.2308109998703003,0.2995343804359436
F,0.5830831527709961,0.535,0.15740180015563965,1.685,0.4389331042766571,0.23570379614830017,0.2895428538322449
M,0.71,0.4804852306842804,0.15599122643470764,1.12836492061615,0.45701631903648376,0.2488938271999359,0.30167171359062195
M,0.715,0.4804852306842804,0.15599122643470764,1.1283646821975708,0.4570162296295166,0.24889379739761353,0.30167168378829956
F,0.5911518335342407,0.525,0.15515859425067902,1.0584046840667725,0.6655,0.223580464720726,0.2955235540866852
M,0.5892290472984314,0.4641328454017639,0.16060255467891693,1.0817720890045166,0.4290532171726227,0.23511430621147156,0.6
M,0.6541774272918701,0.5135937929153442,0.1757621467113495,2.302,0.601348876953125,0.29340749979019165,0.3663789629936218
I,0.185,0.13,0.06832487136125565,0.029,0.012,0.0075,0.0095
I,0.2895249128341675,0.15,0.045,0.0375,0.018,0.006,0.011
I,0.195,0.135,0.06839371472597122,0.0325,0.0135,0.005,0.0095
I,0.2,0.155,0.04,0.08976884931325912,0.0155,0.009,0.007
I,0.225,0.165,0.055,0.059,0.027,0.03366202116012573,0.015
I,0.245,0.18,0.065,0.071,0.03,0.013,0.0215
I,0.25,0.18,0.065,0.0685,0.0245,0.0155,0.0225
I,0.265,0.195,0.055,0.084,0.0365,0.0175,0.025
I,0.275,0.195,0.065,0.106,0.054,0.02,0.028
I,0.32033106684684753,0.21,0.085,0.20477962493896484,0.0415,0.052854448556900024,0.034
I,0.285,0.22,0.065,0.10043521970510483,0.0405,0.0205,0.03
I,0.3315861225128174,0.22,0.08,0.1255,0.055,0.05943790823221207,0.06458054482936859
I,0.315,0.235,0.055,0.151,0.07205142825841904,0.027,0.039
I,0.32,0.225,0.085,0.1415,0.0675,0.0295,0.03486558794975281
I,0.32118648290634155,0.265,0.08,0.2015,0.09,0.04828421026468277,0.055
I,0.37,0.28,0.1,0.13076302409172058,0.1165,0.0265,0.0635
I,0.375,0.28,0.08,0.2345,0.1125,0.0455,0.067
I,0.382287859916687,0.2960265278816223,0.1,0.2325,0.14054927229881287,0.042,0.065
I,0.385,0.29,0.08,0.2485,0.122,0.0495,0.065
I,0.4,0.32,0.095,0.348,0.09747473150491714,0.054607100784778595,0.087
I,0.405,0.3,0.07797994464635849,0.18311136960983276,0.172,0.044,0.093
I,0.41,0.2993370592594147,0.1002548560500145,0.282,0.1255,0.08572721481323242,0.0875
I,0.41,0.325,0.1,0.3245,0.132,0.072,0.04823882877826691
I,0.42,0.3,0.07126765698194504,0.316,0.1255,0.07,0.1035
I,0.42,0.32,0.11,0.3625,0.14544139802455902,0.0635,0.09059686958789825
I,0.42,0.31,0.07309911400079727,0.279,0.1255,0.051,0.088
I,0.425,0.325,0.115,0.3685,0.08394172042608261,0.0865,0.1045
M,0.3584767282009125,0.335,0.12,0.3144368827342987,0.1985,0.07278639078140259,0.1035
I,0.435,0.33,0.11,0.413,0.2055,0.053118109703063965,0.055350929498672485
I,0.435,0.345,0.115,0.418,0.222,0.0735,0.05628970265388489
I,0.44,0.33,0.11,0.3705,0.09953228384256363,0.05555927753448486,0.12
I,0.445,0.345,0.105,0.409,0.1675,0.1015,0.117
I,0.445,0.30071958899497986,0.09752999246120453,0.434,0.1945,0.08604948967695236,0.10235442966222763
I,0.445,0.335,0.09675215929746628,0.37864288687705994,0.17484411597251892,0.0935,0.10647919774055481
I,0.45,0.365,0.125,0.462,0.2135,0.0985,0.1315
I,0.45,0.2683403491973877,0.08889823406934738,0.4925,0.241,0.0663052424788475,0.12
I,0.3526756763458252,0.33,0.105,0.26458775997161865,0.1865,0.0785,0.06907746940851212
I,0.45,0.2730133831501007,0.1,0.411,0.11947902292013168,0.1,0.098
I,0.45,0.2579606771469116,0.11,0.3685,0.16,0.0885,0.102
I,0.46,0.318484365940094,0.1080939844250679,0.4155,0.18,0.098,0.12389551103115082
M,0.3784545361995697,0.36,0.105,0.42765647172927856,0.15697959065437317,0.1395,0.11163356155157089
I,0.39466506242752075,0.3025607764720917,0.125,0.4845,0.14809919893741608,0.1075,0.142
I,0.3506940007209778,0.35,0.11,0.4565,0.11268462985754013,0.099,0.13
I,0.475,0.35,0.1,0.4545,0.2165,0.051541805267333984,0.115
I,0.48,0.31409355998039246,0.125,0.6245,0.17243681848049164,0.1085,0.1665
I,0.493985116481781,0.465,0.12271042168140411,0.5225,0.235,0.151146799325943,0.141
I,0.5,0.3273531198501587,0.1047407016158104,0.5495,0.248,0.112,0.1289435625076294
I,0.45170941948890686,0.375,0.12,0.542,0.2043706178665161,0.116,0.14032575488090515
I,0.5,0.38,0.125,0.519,0.1646862030029297,0.1135,0.134
I,0.5,0.3113124668598175,0.125,0.5215,0.2485,0.117,0.131
I,0.505,0.36035072803497314,0.125,0.5445,0.23780514299869537,0.13391579687595367,0.1405
I,0.5002506375312805,0.405,0.125,0.6548996567726135,0.26874321699142456,0.15128134191036224,0.182
F,0.51,0.4,0.125,0.7779540419578552,0.32018864154815674,0.115,0.2032502144575119
I,0.37768372893333435,0.2797662317752838,0.125,0.5575,0.2615,0.07404156774282455,0.1525
I,0.51,0.38,0.10497228056192398,0.5155,0.215,0.1135,0.166
I,0.4328330457210541,0.3237379193305969,0.10714539140462875,0.6115,0.1946679949760437,0.1265,0.15
M,0.5146929025650024,0.39645683765411377,0.145,0.7765,0.3525,0.1719299554824829,0.2155480682849884
I,0.3648872971534729,0.2725059688091278,0.135,0.5395,0.2295,0.133,0.157
I,0.4143030047416687,0.38,0.125,0.5545,0.288,0.09671960771083832,0.167
F,0.52,0.46,0.15,1.019,0.3216898739337921,0.17876337468624115,0.254
I,0.4750826358795166,0.356913298368454,0.12276540696620941,0.6455,0.325,0.1277657449245453,0.17
I,0.4850459396839142,0.4,0.14,0.601,0.2625,0.1395103484392166,0.1762433499097824
F,0.525,0.405,0.12,0.7555,0.3755,0.15451690554618835,0.201
I,0.525,0.395,0.10847797244787216,0.5002966523170471,0.297,0.1395,0.1405
I,0.53,0.4,0.1309906244277954,0.7429367899894714,0.3282189965248108,0.16847193241119385,0.2198425829410553
I,0.43158575892448425,0.39,0.125,0.599,0.2595,0.10374367237091064,0.169
F,0.567928671836853,0.42,0.14471879601478577,0.9308927655220032,0.36867275834083557,0.138,0.24829857051372528
M,0.545,0.39,0.12811949849128723,0.7287062406539917,0.25574174523353577,0.1815,0.156
F,0.5117251873016357,0.41,0.12,0.7750036716461182,0.28394412994384766,0.1405,0.19
F,0.5472744703292847,0.415,0.14,0.82,0.4615,0.18251042068004608,0.23279067873954773
F,0.55,0.415,0.13869304955005646,0.8145,0.427,0.1855,0.2176060974597931
F,0.55,0.4375532269477844,0.14181941747665405,0.84,0.395,0.18129503726959229,0.223
M,0.55,0.4161781072616577,0.14027205109596252,0.8315,0.411,0.18418332934379578,0.24101784825325012
F,0.56,0.4297158122062683,0.14477306604385376,0.8995,0.464,0.1775,0.24865475296974182
F,0.56,0.445,0.16,0.8221004009246826,0.3088018596172333,0.2175,0.2215
F,0.56,0.4271189272403717,0.155,0.6405,0.336,0.17861807346343994,0.2390632927417755
M,0.56,0.38468852639198303,0.145,0.852,0.2596609592437744,0.1885,0.205
F,0.565,0.44735562801361084,0.15,0.9595,0.3950175642967224,0.21037687361240387,0.2673393487930298
F,0.565,0.46126192808151245,0.15,1.0436509847640991,0.4211084544658661,0.22508864104747772,0.27864769101142883
F,0.565,0.45,0.1381026804447174,0.8123173713684082,0.447,0.2375,0.2645
F,0.5372874736785889,0.46,0.15,1.0375,0.3300888240337372,0.2035,0.2375275194644928
F,0.57,0.445,0.145,0.8775,0.412,0.1665211319923401,0.21920029819011688
F,0.550858199596405,0.44,0.15,0.9088626503944397,0.3425,0.19632282853126526,0.250497430562973
F,0.575,0.47265657782554626,0.15504732728004456,1.1092969179153442,0.466,0.2291814237833023,0.2972243130207062
F,0.575,0.45,0.1455143690109253,0.8967919945716858,0.3488328158855438,0.214,0.2537972629070282
M,0.5881061553955078,0.46387478709220886,0.15188387036323547,1.1318128108978271,0.47329360246658325,0.24579644203186035,0.3093031048774719
F,0.5566315054893494,0.4307006597518921,0.165,0.9015465378761292,0.36674198508262634,0.197,0.25628405809402466
M,0.5593986511230469,0.43191900849342346,0.14827394485473633,0.9503021240234375,0.3627808392047882,0.197,0.26
I,0.575,0.435,0.13,0.6873849630355835,0.3038276731967926,0.15920571982860565,0.20321710407733917
M,0.5673217177391052,0.4587920010089874,0.17,1.0225,0.4177803695201874,0.22730782628059387,0.2867720425128937
M,0.575,0.429331511259079,0.145,0.8889895081520081,0.3355390131473541,0.1862475574016571,0.2453896850347519
M,0.5488714575767517,0.455,0.14124993979930878,0.8780837655067444,0.33509740233421326,0.1836896687746048,0.265
M,0.6169023513793945,0.48827287554740906,0.16816526651382446,1.859,0.5010045170783997,0.25881892442703247,0.3265124261379242
F,0.58,0.42644622921943665,0.135,0.814,0.3775,0.1780204474925995,0.2310602068901062
M,0.563900351524353,0.45,0.14324548840522766,0.9114089608192444,0.486,0.19042359292507172,0.26064857840538025
M,0.5636628270149231,0.45,0.143360897898674,0.9135723114013672,0.547,0.1910811811685562,0.2621805667877197
F,0.58,0.45,0.14229026436805725,0.8650091886520386,0.32539501786231995,0.246,0.265
M,0.5431822538375854,0.41782641410827637,0.145,0.9038659334182739,0.3404794931411743,0.19847989082336426,0.235
F,0.5012561082839966,0.465,0.16,0.9555,0.4595,0.236,0.265
F,0.59,0.41209524869918823,0.1388554722070694,0.9955,0.481,0.232,0.24
F,0.6,0.4427461624145508,0.16,0.9883679747581482,0.485,0.20610594749450684,0.2575807571411133
F,0.6,0.455,0.13772718608379364,0.8440781831741333,0.696,0.2395,0.24
F,0.5880569815635681,0.46453186869621277,0.15858982503414154,1.0238083600997925,0.4228985905647278,0.262,0.25
F,0.6,0.43508023023605347,0.155,1.0165,0.35633140802383423,0.2465,0.24978850781917572
F,0.5452460050582886,0.47,0.14677219092845917,1.1775,0.3441266119480133,0.2275,0.292
F,0.5818123817443848,0.475,0.15416838228702545,0.990323543548584,0.3936260938644409,0.257,0.2775586247444153
F,0.605,0.48,0.14628532528877258,0.9621047377586365,0.3801129460334778,0.2093789130449295,0.317
F,0.5707105994224548,0.475,0.15407609939575195,1.056,0.38983070850372314,0.21919628977775574,0.357
F,0.5911344289779663,0.485,0.15005402266979218,1.03233802318573,0.4231346845626831,0.23412668704986572,0.2754126489162445
M,0.5881061553955078,0.46387478709220886,0.15188387036323547,1.1318128108978271,0.47329360246658325,0.24579644203186035,0.3093031048774719
F,0.5702130794525146,0.45472651720046997,0.165,1.0251963138580322,0.498,0.2219223529100418,0.2763676643371582
F,0.615,0.4730561375617981,0.1605326533317566,1.0615496635437012,0.4437504708766937,0.272,0.3001761734485626
F,0.5974859595298767,0.47057265043258667,0.15497669577598572,0.923,0.4615,0.2217363864183426,0.2904924154281616
F,0.5911344289779663,0.475,0.15005403757095337,1.0323392152786255,0.4231356382369995,0.23412711918354034,0.27541300654411316
F,0.5833624601364136,0.47,0.15524311363697052,1.0195,0.42723527550697327,0.23072823882102966,0.2828061282634735
F,0.62,0.42212289571762085,0.1410890817642212,0.858,0.33881431818008423,0.1525,0.2405
F,0.5912571549415588,0.48,0.15516619384288788,1.0592464208602905,0.5635,0.22359220683574677,0.29589977860450745
F,0.6205891966819763,0.4802040159702301,0.16620303690433502,1.2668747901916504,0.5366976261138916,0.2701498866081238,0.33167779445648193
M,0.5517750382423401,0.48,0.1420198678970337,1.2065,0.3586546778678894,0.19466081261634827,0.24756844341754913
M,0.5892307162284851,0.46413499116897583,0.1606016755104065,1.0817787647247314,0.42905840277671814,0.23511700332164764,0.287
M,0.63,0.4804851710796356,0.15599137544631958,1.1283684968948364,0.45701903104782104,0.2488948255777359,0.3016727864742279
F,0.5401279330253601,0.495,0.14393053948879242,1.1565,0.3266276717185974,0.308,0.2885
F,0.64,0.515,0.1496923714876175,0.9461749792098999,0.37431272864341736,0.3415,0.2698167860507965
F,0.5610502362251282,0.4436938762664795,0.195,1.39,0.3768528997898102,0.2945,0.26534202694892883
F,0.557508111000061,0.439920574426651,0.17,1.1345,0.528,0.19946633279323578,0.24980823695659637
F,0.65,0.5,0.14588987827301025,1.464,0.3847157955169678,0.1955559104681015,0.25554463267326355
M,0.65,0.42730116844177246,0.1417698860168457,0.8789611458778381,0.32113930583000183,0.3135,0.294
M,0.5696215629577637,0.4339093267917633,0.1534886658191681,0.9354379177093506,0.37717074155807495,0.369,0.2608288526535034
M,0.5735756754875183,0.46109020709991455,0.175,1.415,0.426210880279541,0.2296835482120514,0.2907112240791321
F,0.5911344289779663,0.53,0.1500539779663086,1.0323349237442017,0.42313235998153687,0.23412568867206573,0.27541184425354004
M,0.548771321773529,0.42205187678337097,0.14779265224933624,0.9362979531288147,0.3478240966796875,0.19856180250644684,0.34
M,0.665,0.480485200881958,0.15599128603935242,1.1283663511276245,0.4570173919200897,0.24889422953128815,0.30167216062545776
M,0.6169024705886841,0.48827293515205383,0.16816511750221252,1.3645,0.5010052919387817,0.25881925225257874,0.3265126049518585
F,0.5911344289779663,0.54,0.1500539630651474,1.032334566116333,0.423132061958313,0.234125554561615,0.2754117548465729
M,0.685,0.4389064610004425,0.14487482607364655,1.519,0.3815979063510895,0.20359282195568085,0.2614789605140686
M,0.69,0.4804852306842804,0.15599125623703003,1.128365397453308,0.4570167064666748,0.24889396131038666,0.3016718924045563
F,0.600284218788147,0.4801148772239685,0.15863162279129028,1.1308403015136719,0.7355,0.23824778199195862,0.31297215819358826
M,0.6169024109840393,0.48827290534973145,0.1681652069091797,1.5535,0.5010048747062683,0.2588190734386444,0.32651251554489136
F,0.6002843379974365,0.48011481761932373,0.15863166749477386,1.1308404207229614,0.885,0.23824767768383026,0.3129720985889435
M,0.7,0.480485200881958,0.15599124133586884,1.128365159034729,0.4570164680480957,0.2488938719034195,0.3016717731952667
F,0.6002843976020813,0.48011481761932373,0.15863166749477386,1.1308404207229614,1.095,0.23824763298034668,0.3129720985889435
F,0.563822865486145,0.525,0.19,0.9647887349128723,0.38108211755752563,0.212189719080925,0.2677483558654785
F,0.5463292598724365,0.55,0.1434188187122345,0.877030611038208,0.6395,0.236,0.301
F,0.6205891966819763,0.4802040159702301,0.16620303690433502,1.2668747901916504,0.5366976261138916,0.2701498866081238,0.33167779445648193
M,0.5892291069030762,0.4641329348087311,0.16060250997543335,1.0817723274230957,0.4290534257888794,0.23511441051959991,0.5075
F,0.5911344289779663,0.535,0.1500539779663086,1.0323346853256226,0.4231322109699249,0.23412561416625977,0.27541181445121765
F,0.5955991744995117,0.46599987149238586,0.16493377089500427,1.0498963594436646,0.45531514286994934,0.48,0.29949265718460083
F,0.5911344289779663,0.55,0.1500539630651474,1.0323342084884644,0.4231318235397339,0.23412543535232544,0.2754116654396057
F,0.5762200951576233,0.4570227563381195,0.145,1.0412471294403076,0.691,0.22034010291099548,0.27659037709236145
F,0.6002843379974365,0.48011481761932373,0.15863166749477386,1.1308404207229614,1.026,0.23824766278266907,0.3129720687866211
M,0.73,0.4804852306842804,0.15599121153354645,1.1283644437789917,0.4570159912109375,0.24889369308948517,0.3016715943813324
F,0.6002843379974365,0.48011481761932373,0.15863166749477386,1.1308404207229614,0.952,0.23824766278266907,0.3129720985889435
M,0.570125937461853,0.45425882935523987,0.215,1.032353401184082,0.42489686608314514,0.2311526983976364,0.28173762559890747
F,0.6205891966819763,0.4802040159702301,0.16620303690433502,1.2668747901916504,0.5366976261138916,0.2701498866081238,0.33167779445648193
M,0.570125937461853,0.45425885915756226,0.21,1.0323538780212402,0.42489713430404663,0.23115278780460358,0.28173762559890747
F,0.6002842783927917,0.48011481761932373,0.15863165259361267,1.1308404207229614,0.8295,0.23824770748615265,0.31297212839126587
F,0.5911344289779663,0.63,0.150053933262825,1.0323328971862793,0.4231308102607727,0.23412500321865082,0.27541133761405945
I,0.185,0.375,0.12,0.4645,0.196,0.04375927895307541,0.15
I,0.245,0.205,0.06,0.0765,0.034,0.014,0.0215
I,0.25,0.185,0.065,0.0685,0.0295,0.014,0.0225
I,0.25,0.19,0.065,0.1381688416004181,0.039,0.03990338742733002,0.025
I,0.275,0.195,0.06884870678186417,0.1125,0.0545,0.0295,0.0355
I,0.305,0.215,0.065,0.1075,0.044,0.0205,0.038
I,0.31,0.225,0.08896229416131973,0.3437269330024719,0.435,0.07775059342384338,0.04
I,0.314411461353302,0.23,0.08,0.1375,0.08877819031476974,0.031,0.0445
I,0.315,0.23,0.07,0.1145,0.046,0.0235,0.0385
I,0.325,0.225,0.075,0.139,0.09319265931844711,0.032,0.09
I,0.33,0.23149152100086212,0.095,0.2085,0.102,0.0395,0.052
I,0.2895415127277374,0.205,0.095,0.1595,0.077,0.032,0.0435
I,0.42398110032081604,0.32886603474617004,0.09,0.2015,0.096,0.10537149757146835,0.11927835643291473
I,0.34,0.25,0.09,0.179,0.0775,0.033,0.055
I,0.345,0.255,0.095,0.1945,0.0925,0.048272572457790375,0.055
I,0.345,0.2345232516527176,0.085,0.2005,0.105,0.037,0.05
I,0.35,0.27,0.07026070356369019,0.215,0.1,0.036,0.065
I,0.3990876078605652,0.31011107563972473,0.09941297769546509,0.1785,0.0855,0.0305,0.11029268801212311
I,0.36,0.255421906709671,0.085,0.2176331877708435,0.0875,0.035,0.064
I,0.3302411437034607,0.27,0.085,0.1875,0.081,0.042,0.054742127656936646
I,0.365,0.2404150813817978,0.085,0.196,0.0825,0.0375,0.06
I,0.365,0.265,0.07030048221349716,0.213,0.0945,0.049,0.06
I,0.3552481532096863,0.29,0.08788153529167175,0.2445,0.089,0.0655,0.075
I,0.33289605379104614,0.28,0.085,0.217,0.1095,0.035,0.062
I,0.375,0.29,0.095,0.29921162128448486,0.1412135809659958,0.07350210845470428,0.07994811981916428
I,0.375,0.27622270584106445,0.085,0.3173130750656128,0.13605526089668274,0.045,0.0695
I,0.375,0.24145956337451935,0.09,0.218,0.093,0.0405,0.0755
I,0.375,0.275,0.095,0.2465,0.11,0.0415,0.0775
I,0.3457578122615814,0.2701916992664337,0.08,0.2025,0.0825,0.048,0.065
I,0.375,0.2711072564125061,0.085,0.218,0.0945,0.06585540622472763,0.0754460021853447
I,0.38,0.275,0.11,0.256,0.11,0.0535,0.0755
I,0.38,0.27,0.07981794327497482,0.2105,0.10770914703607559,0.042,0.07
I,0.35057780146598816,0.29,0.08538180589675903,0.2615,0.111,0.06400468200445175,0.0745
I,0.385,0.28,0.08075803518295288,0.2175,0.097,0.038,0.067
I,0.385,0.3,0.095,0.302,0.152,0.0615,0.05280661582946777
I,0.3673563599586487,0.28338170051574707,0.09,0.228,0.1025,0.06870213150978088,0.0655
I,0.3316206634044647,0.3,0.095,0.2220851480960846,0.1665,0.05597257614135742,0.089
I,0.395,0.28250429034233093,0.105,0.284,0.14164824783802032,0.0595,0.08860206604003906
I,0.35089921951293945,0.295,0.095,0.2725,0.12800076603889465,0.0625,0.085
I,0.395,0.27,0.1,0.2985,0.1445,0.061,0.082
I,0.4,0.29,0.1,0.2675,0.0786556825041771,0.0605,0.0765
I,0.405,0.285,0.09,0.2645,0.10749543458223343,0.0505,0.075
I,0.41,0.25072258710861206,0.11,0.33,0.157,0.050546497106552124,0.17
I,0.32487884163856506,0.305,0.09,0.328,0.168,0.04954953491687775,0.082
I,0.4129672348499298,0.325,0.10704629868268967,0.45034000277519226,0.173,0.11103511601686478,0.12976758182048798
I,0.425,0.32,0.07835053652524948,0.1905045509338379,0.126,0.06,0.106
I,0.425,0.31,0.09,0.301,0.1385,0.065,0.08
I,0.43,0.34,0.0,0.428,0.2065,0.06240914762020111,0.115
I,0.43,0.28596559166908264,0.09061969071626663,0.378,0.175,0.08,0.09054076671600342
I,0.435,0.315,0.11,0.16849586367607117,0.1615,0.04591928422451019,0.12
I,0.44,0.266056627035141,0.0841093361377716,0.438,0.2115,0.083,0.12
I,0.45,0.25839763879776,0.105,0.448,0.208,0.054608531296253204,0.12
I,0.39544031023979187,0.31096774339675903,0.09770472347736359,0.3549222946166992,0.164,0.0755,0.126
I,0.46718233823776245,0.365,0.12196913361549377,0.5907649397850037,0.2527473270893097,0.108,0.1245
I,0.455,0.27492615580558777,0.1,0.372,0.358,0.07443950325250626,0.08956878632307053
I,0.46,0.36,0.0878366231918335,0.466,0.2225,0.099,0.0869775116443634
I,0.38336220383644104,0.35,0.09261856973171234,0.3705,0.1575,0.07832561433315277,0.114
I,0.3786359429359436,0.365,0.125,0.4785,0.206,0.1045,0.141
I,0.465,0.34,0.11,0.346,0.1425,0.073,0.113
I,0.47,0.365,0.1,0.3972265124320984,0.1807781606912613,0.08166396617889404,0.135
I,0.47,0.34681618213653564,0.18,0.48,0.2055,0.105,0.15219463407993317
I,0.47,0.355,0.12,0.393,0.167,0.0885,0.115
I,0.36049193143844604,0.355,0.1,0.5035,0.12461704760789871,0.091,0.14
I,0.475,0.2894390821456909,0.08852193504571915,0.441,0.1785,0.0885,0.1505
I,0.3372439742088318,0.36,0.11,0.492,0.211,0.11,0.15
I,0.48,0.31002259254455566,0.125,0.5435,0.1591528356075287,0.0895066186785698,0.165
I,0.37198036909103394,0.355,0.115,0.2952020764350891,0.2065,0.07066807895898819,0.132
I,0.472572386264801,0.37151169776916504,0.12207472324371338,0.5841482877731323,0.2628347873687744,0.0835,0.1641315519809723
I,0.495,0.355,0.12,0.28194618225097656,0.214,0.1045,0.1495
I,0.45603400468826294,0.38,0.11417525261640549,0.5049349665641785,0.2230559140443802,0.116,0.16
I,0.4521629512310028,0.395,0.12,0.5102552771568298,0.224,0.1375,0.167
I,0.5,0.3767469823360443,0.135,0.594,0.2675691246986389,0.14787530899047852,0.1565
F,0.5161546468734741,0.42,0.135,0.6765,0.302,0.16394692659378052,0.2065
F,0.5,0.375,0.145,0.5795,0.2790898382663727,0.1375,0.20780977606773376
I,0.46374237537384033,0.3591553270816803,0.14,0.6615,0.2585,0.1625,0.1664072722196579
I,0.44712767004966736,0.375,0.125,0.509226381778717,0.259,0.11544854193925858,0.157
F,0.5,0.3841107487678528,0.12777791917324066,0.6215,0.2925,0.1205,0.195
I,0.505,0.39380452036857605,0.13,0.7526662945747375,0.3015,0.15538373589515686,0.1966795176267624
I,0.441802978515625,0.38,0.10329116135835648,0.594,0.2595,0.1435,0.18
I,0.40676501393318176,0.31856605410575867,0.105,0.551,0.18953505158424377,0.1048179641366005,0.171
F,0.515,0.38,0.12,0.7552877068519592,0.3005797564983368,0.1295,0.19727885723114014
I,0.515,0.42,0.135,0.711,0.2664409577846527,0.14466674625873566,0.205
I,0.515,0.3615714907646179,0.135,0.6965,0.23849093914031982,0.1255,0.175
I,0.52,0.4,0.13,0.5825,0.233,0.1365,0.18
I,0.52,0.3734482228755951,0.125,0.663,0.3005,0.13535572588443756,0.17302921414375305
I,0.525,0.37246692180633545,0.125,0.6965,0.2631683051586151,0.13316956162452698,0.164
M,0.49783939123153687,0.42,0.155,0.842,0.2737468183040619,0.16324414312839508,0.2045
I,0.4334406554698944,0.33732762932777405,0.13,0.4665050208568573,0.20485930144786835,0.111,0.167
F,0.5231130719184875,0.42,0.155,0.81,0.4725,0.16407985985279083,0.192
I,0.4824078679084778,0.415,0.11,0.6104484796524048,0.2525,0.1235,0.1557644009590149
I,0.53,0.37664201855659485,0.13,0.6321258544921875,0.2571384012699127,0.1205,0.21
I,0.48332637548446655,0.37556448578834534,0.135,0.6065562963485718,0.2514282763004303,0.121,0.168820321559906
I,0.535,0.39368268847465515,0.12607978284358978,0.7113926410675049,0.2898246645927429,0.135,0.225
F,0.5192844867706299,0.41,0.13,0.7145,0.335,0.1577952802181244,0.2075
F,0.535,0.435,0.15,0.717,0.3475,0.1445,0.19612377882003784
F,0.54,0.42,0.14344246685504913,0.9257559180259705,0.4315,0.1890142261981964,0.2175
I,0.54,0.41463831067085266,0.1320069134235382,0.7988428473472595,0.3294728398323059,0.17781777679920197,0.229
F,0.5724923610687256,0.435,0.1517719179391861,0.7715,0.372,0.20316840708255768,0.2696484625339508
F,0.5521645545959473,0.445,0.1420222967863083,0.9132710099220276,0.3535,0.18756672739982605,0.207
I,0.545,0.43,0.11935001611709595,0.5757496356964111,0.302,0.1315,0.2545
I,0.545,0.35082802176475525,0.135,0.5945,0.27,0.1185,0.185
M,0.55,0.48048490285873413,0.15599225461483002,1.128390908241272,0.4570356607437134,0.248900905251503,0.3016793131828308
F,0.502205491065979,0.405,0.125,0.651,0.29112112522125244,0.137,0.2
F,0.55,0.41577425599098206,0.15,0.8414367437362671,0.413,0.1905,0.248
I,0.49480152130126953,0.435,0.14,0.6479668617248535,0.3285,0.14820992946624756,0.2325
I,0.5060458183288574,0.425,0.135,0.7305,0.2790725827217102,0.1545,0.19845795631408691
F,0.5319344401359558,0.44,0.14,0.8705,0.329287588596344,0.156,0.23163235187530518
I,0.555,0.39254191517829895,0.155,0.7077658176422119,0.3135,0.15497416257858276,0.20025105774402618
F,0.5581432580947876,0.43,0.14571626484394073,0.9046670198440552,0.341,0.165,0.24964825809001923
F,0.5531311631202698,0.425,0.14496956765651703,0.7905,0.3485,0.18906424939632416,0.225
I,0.56,0.3834746479988098,0.135,0.8205,0.2860768735408783,0.15337644517421722,0.236
F,0.56,0.43714749813079834,0.1444467306137085,0.688,0.3655906021595001,0.1305,0.24407325685024261
F,0.585226833820343,0.4612319767475128,0.15213145315647125,1.224,0.5565,0.19972270727157593,0.2664465606212616
F,0.56,0.4210692048072815,0.145,0.8805446624755859,0.547,0.1615,0.22937995195388794
M,0.5892559289932251,0.464166522026062,0.16058877110481262,1.0818763971328735,0.4291353225708008,0.23515671491622925,0.21
M,0.6169043779373169,0.48827457427978516,0.16816286742687225,0.8495,0.5010181665420532,0.25882482528686523,0.32651540637016296
M,0.565,0.4503297805786133,0.14385634660720825,0.9534730911254883,0.3692193925380707,0.20372991263866425,0.2654588222503662
M,0.5482020974159241,0.42620089650154114,0.125,0.744,0.382337361574173,0.13,0.23626787960529327
F,0.57,0.45,0.14052362740039825,0.865590512752533,0.2825,0.19190897047519684,0.24323022365570068
I,0.57,0.3758509159088135,0.1218574121594429,0.794,0.27840355038642883,0.1415,0.245
F,0.5229400992393494,0.40571555495262146,0.135,0.9795,0.397,0.2525,0.2655
F,0.5384891629219055,0.435,0.17,0.873,0.3322685658931732,0.19369681179523468,0.2705
I,0.57,0.41118940711021423,0.12765581905841827,0.7690122127532959,0.31015750765800476,0.16872809827327728,0.202
M,0.5852296948432922,0.4619433581829071,0.125,0.8965,0.4456785321235657,0.23156866431236267,0.28708338737487793
F,0.575,0.4587204158306122,0.1511741280555725,0.9996882081031799,0.40750759840011597,0.147,0.27186790108680725
F,0.5793144702911377,0.48,0.15197306871414185,0.9839279651641846,0.38923463225364685,0.2095,0.2719327211380005
F,0.575,0.46,0.155,0.9130957126617432,0.3742394745349884,0.2003922015428543,0.25099948048591614
M,0.589230477809906,0.46413466334342957,0.16060180962085724,1.0817776918411255,0.42905762791633606,0.23511657118797302,0.2955
F,0.58,0.455,0.135,0.9012892246246338,0.3673529326915741,0.19684278964996338,0.24331659078598022
F,0.58,0.445,0.14578786492347717,0.9442700743675232,0.4,0.1983468383550644,0.25718918442726135
M,0.585,0.44668036699295044,0.14882215857505798,0.9145,0.39301952719688416,0.21726584434509277,0.235
F,0.5954053401947021,0.472634881734848,0.1605084389448166,1.0626732110977173,0.4428922235965729,0.2535,0.335
F,0.5644740462303162,0.44598034024238586,0.16,1.0505,0.38048967719078064,0.21581952273845673,0.285
M,0.585,0.44849973917007446,0.15144136548042297,1.1135,0.3991295099258423,0.22211062908172607,0.274
F,0.5769156813621521,0.44982632994651794,0.154721200466156,1.409,0.39226293563842773,0.229,0.295
F,0.585,0.44732746481895447,0.15,1.065,0.39908111095428467,0.21094487607479095,0.26662057638168335
M,0.550576388835907,0.4246692955493927,0.14720754325389862,0.9040658473968506,0.336,0.1855,0.2600010633468628
F,0.59,0.44490423798561096,0.14558939635753632,0.9651542901992798,0.328,0.20441405475139618,0.23
M,0.59,0.48048514127731323,0.1559915840625763,1.1283739805221558,0.45702308416366577,0.2488962858915329,0.30167436599731445
M,0.5407580137252808,0.455,0.155,0.8194619417190552,0.31245508790016174,0.17782989144325256,0.23181071877479553
F,0.595,0.465,0.14504575729370117,0.9352898597717285,0.4115,0.19695132970809937,0.2547447681427002
F,0.5298774242401123,0.4093947112560272,0.155,1.026,0.4645,0.112,0.20743344724178314
F,0.5814175009727478,0.475,0.153985396027565,1.0216169357299805,0.40360379219055176,0.22388119995594025,0.309
F,0.5955997109413147,0.4660043716430664,0.16493164002895355,1.0499305725097656,0.4553374946117401,0.1885,0.29949751496315
I,0.5193620324134827,0.4047243297100067,0.15,0.7742887735366821,0.565,0.16475418210029602,0.20861920714378357
F,0.6,0.465,0.14695000648498535,0.994337260723114,0.4057747423648834,0.22076985239982605,0.27022698521614075
F,0.6,0.455,0.145,0.7452875375747681,0.419,0.1715,0.1974058300256729
M,0.6,0.45033061504364014,0.14385676383972168,0.9534720182418823,0.36921826004981995,0.2037302404642105,0.26545828580856323
I,0.605,0.4129095673561096,0.13522402942180634,0.8265975117683411,0.6315,0.1711759716272354,0.22231405973434448
M,0.605,0.4503307044506073,0.14385679364204407,0.9534720182418823,0.3692181706428528,0.2037302851676941,0.26545825600624084
F,0.605,0.435,0.1468208283185959,0.9971495270729065,0.4047011733055115,0.22130894660949707,0.26980435848236084
F,0.605,0.475,0.175,0.8358392715454102,0.463,0.17079588770866394,0.220537468791008
F,0.605,0.4323963522911072,0.16,1.0835,0.35510075092315674,0.2215,0.24752898514270782
F,0.61,0.3913702666759491,0.15,0.871,0.407,0.1835,0.25
F,0.5911344289779663,0.48,0.15005402266979218,1.0323386192321777,0.4231351315975189,0.23412688076496124,0.27541279792785645
F,0.61,0.44263917207717896,0.17,0.9734196662902832,0.435,0.20451690256595612,0.25846007466316223
I,0.5131089687347412,0.465,0.15,0.7070286870002747,0.2908982038497925,0.16619065403938293,0.286
M,0.598992109298706,0.4690859615802765,0.16110363602638245,1.137,0.43492045998573303,0.2415676862001419,0.347
F,0.6002835631370544,0.4801151752471924,0.1586313545703888,1.1308395862579346,0.494,0.23824849724769592,0.3129725158214569
M,0.615,0.4804851710796356,0.15599143505096436,1.1283700466156006,0.4570201337337494,0.24889522790908813,0.3016732633113861
M,0.616902768611908,0.48827314376831055,0.16816486418247223,1.128,0.5010067224502563,0.2588198781013489,0.32651287317276
F,0.615,0.5,0.17,0.9127033352851868,0.37404927611351013,0.20041872560977936,0.2510439157485962
F,0.615,0.475,0.165,0.759047269821167,0.4905,0.1955,0.3035
F,0.615,0.475,0.14694476127624512,0.9944618344306946,0.40571534633636475,0.22078785300254822,0.270218163728714
F,0.615,0.48,0.14816315472126007,1.118,0.3920331597328186,0.2135019600391388,0.2649703323841095
F,0.5715436935424805,0.45247846841812134,0.155,0.998461902141571,0.41837552189826965,0.2115,0.2768528163433075
F,0.62,0.46291399002075195,0.1555134803056717,1.0686205625534058,0.4220399856567383,0.23421631753444672,0.39
F,0.6002839803695679,0.48011499643325806,0.15863151848316193,1.1308400630950928,0.5765,0.2382480651140213,0.3129723072052002
F,0.5744408369064331,0.5,0.14795419573783875,0.9816511869430542,0.596,0.20564955472946167,0.354
F,0.62,0.475,0.14824587106704712,1.1295,0.3935548663139343,0.2138526290655136,0.2655559480190277
M,0.5685941576957703,0.4593370258808136,0.17,1.082,0.4190153181552887,0.22797082364559174,0.28793206810951233
F,0.625,0.45588409900665283,0.15191324055194855,0.9918347597122192,0.3913773000240326,0.256,0.3045
F,0.625,0.4344628155231476,0.16,1.264,0.3443119525909424,0.1831125169992447,0.321
M,0.625,0.46587151288986206,0.15346549451351166,1.0689119100570679,0.4198344945907593,0.23452070355415344,0.3185
F,0.5911344289779663,0.485,0.15005402266979218,1.03233802318573,0.4231346845626831,0.23412668704986572,0.2754126489162445
I,0.5011596083641052,0.39552029967308044,0.18,1.272,0.2981069087982178,0.16602537035942078,0.315
F,0.553255558013916,0.485,0.145,1.062,0.3842988610267639,0.2063729614019394,0.2575818598270416
I,0.63,0.40940579771995544,0.145,0.7281713485717773,0.3109675943851471,0.2195,0.2137930691242218
M,0.5701266527175903,0.45426058769226074,0.16,1.032370924949646,0.4249086081981659,0.2311575710773468,0.2817398011684418
F,0.635,0.44752946496009827,0.16,0.9593720436096191,0.3875521123409271,0.1865,0.2602221369743347
F,0.5830866098403931,0.5,0.15738774836063385,1.4595,0.4388252794742584,0.2356654852628708,0.2894936501979828
M,0.6169026494026184,0.4882730543613434,0.16816498339176178,1.211,0.501006007194519,0.258819580078125,0.32651272416114807
M,0.5086228251457214,0.3945126533508301,0.17,1.1935,0.28509244322776794,0.2695,0.3665
M,0.5487713813781738,0.4220518171787262,0.14779232442378998,0.9362985491752625,0.34782421588897705,0.19856195151805878,0.31
M,0.5881061553955078,0.46387478709220886,0.15188387036323547,1.1318128108978271,0.47329360246658325,0.24579644203186035,0.3093031048774719
F,0.5955992341041565,0.4660002291202545,0.16493360698223114,1.0498989820480347,0.4553168714046478,0.2995,0.2994930148124695
F,0.5911344289779663,0.51,0.1500539928674698,1.0323359966278076,0.42313310503959656,0.234126016497612,0.2754121422767639
M,0.5881061553955078,0.46387478709220886,0.15188387036323547,1.1318128108978271,0.47329360246658325,0.24579644203186035,0.3093031048774719
M,0.5701266527175903,0.45426058769226074,0.16,1.032370924949646,0.4249086081981659,0.2311575710773468,0.2817398011684418
F,0.65,0.505,0.14220665395259857,1.16,0.4785,0.17513816058635712,0.23432759940624237
F,0.5717020630836487,0.4523085355758667,0.22,0.9976218342781067,0.418205589056015,0.378,0.2765769064426422
M,0.6169024109840393,0.48827290534973145,0.1681651920080185,1.5365,0.5010049343109131,0.2588191032409668,0.32651248574256897
M,0.5326949954032898,0.4261835217475891,0.19,1.542,0.34699732065200806,0.19632045924663544,0.25064781308174133
M,0.6169024109840393,0.48827290534973145,0.1681652069091797,1.567,0.5010048151016235,0.2588190734386444,0.32651251554489136
F,0.655,0.525,0.14894747734069824,0.9426137208938599,0.3724208176136017,0.3215,0.2680913209915161
F,0.655,0.45290467143058777,0.15447832643985748,1.0029103755950928,0.7305,0.3595,0.27898862957954407
F,0.6205891966819763,0.4802040159702301,0.16620303690433502,1.2668747901916504,0.5366976261138916,0.2701498866081238,0.33167779445648193
M,0.5892295241355896,0.46413347125053406,0.16060231626033783,1.0817739963531494,0.4290546774864197,0.23511506617069244,0.365
F,0.66,0.47321221232414246,0.16110429167747498,1.062853455543518,0.445781409740448,0.3525,0.30210015177726746
F,0.5884951949119568,0.4427800178527832,0.16002658009529114,0.9675292372703552,0.4016050696372986,0.3125,0.2770552635192871
F,0.665,0.53,0.18,0.8824669122695923,0.6345,0.1839827448129654,0.23685388267040253
M,0.6169024109840393,0.48827290534973145,0.1681652069091797,1.5615,0.5010048747062683,0.2588190734386444,0.32651248574256897
F,0.5955992341041565,0.46600043773651123,0.16493350267410278,1.0499006509780884,0.4553179442882538,0.271,0.29949328303337097
M,0.5701261162757874,0.4542592167854309,0.185,1.0323573350906372,0.42489948868751526,0.23115375638008118,0.2817381024360657
F,0.5955992341041565,0.46599993109703064,0.16493374109268188,1.0498967170715332,0.45531538128852844,0.416,0.2994927167892456
M,0.695,0.480485200881958,0.15599124133586884,1.1283652782440186,0.45701658725738525,0.24889393150806427,0.3016718327999115
M,0.589364767074585,0.4643026888370514,0.16053324937820435,1.082298755645752,0.4294680655002594,0.23532824218273163,0.195
M,0.6541774272918701,0.513593852519989,0.1757621467113495,2.21,0.6013489365577698,0.29340752959251404,0.3663789927959442
F,0.5955991744995117,0.465999960899353,0.1649337261915207,1.0498970746994019,0.45531558990478516,0.383,0.299492746591568
M,0.5963075160980225,0.46909016370773315,0.16369594633579254,1.5345,0.43875157833099365,0.4195,0.29592835903167725
F,0.5911344289779663,0.55,0.1500539630651474,1.0323342084884644,0.4231318235397339,0.23412543535232544,0.2754116654396057
M,0.5892291069030762,0.4641329348087311,0.16060252487659454,1.0817723274230957,0.4290534257888794,0.23511441051959991,0.51
F,0.5911344289779663,0.575,0.1500539481639862,1.0323336124420166,0.42313140630722046,0.23412524163722992,0.2754115164279938
F,0.5821327567100525,0.4577050507068634,0.15836545825004578,1.0273500680923462,0.697,0.3585,0.2890447974205017
F,0.5955992341041565,0.46599990129470825,0.16493375599384308,1.0498965978622437,0.4553152918815613,0.4345,0.2994926869869232
M,0.5892290472984314,0.4641328752040863,0.16060253977775574,1.0817720890045166,0.42905327677726746,0.23511433601379395,0.565
F,0.5911344289779663,0.57,0.1500539481639862,1.0323337316513062,0.42313143610954285,0.2341252714395523,0.27541154623031616
F,0.5911344289779663,0.61,0.1500539481639862,1.0323330163955688,0.42313095927238464,0.2341250628232956,0.27541136741638184
F,0.6002843379974365,0.48011481761932373,0.15863166749477386,1.1308404207229614,0.8905,0.23824767768383026,0.3129720985889435
I,0.14,0.105,0.035,0.014,0.06454529613256454,0.0025,0.004
I,0.23,0.165,0.06,0.09102454036474228,0.019,0.0145,0.036
I,0.3641497492790222,0.2793148458003998,0.135,0.2215,0.105,0.047,0.0605
I,0.365,0.255,0.08,0.11521890014410019,0.0785,0.0345,0.053
I,0.37,0.2376539260149002,0.095,0.232,0.1325,0.041,0.0615
I,0.375,0.28,0.08027497678995132,0.3155,0.187,0.046,0.067
I,0.385,0.3,0.09,0.247,0.1225,0.044,0.04454109072685242
I,0.395,0.295,0.09,0.3025,0.143,0.0665,0.04011167585849762
I,0.3249950706958771,0.29,0.11,0.329,0.188,0.058415547013282776,0.061288878321647644
I,0.4,0.3,0.09,0.2815,0.09541245549917221,0.05332263559103012,0.08
I,0.405,0.2712530195713043,0.095,0.3425,0.1785,0.06521753966808319,0.0855
I,0.405,0.29,0.09,0.2825,0.112,0.040094077587127686,0.0815
I,0.45403778553009033,0.3,0.11898769438266754,0.6061379909515381,0.24868714809417725,0.061,0.16134093701839447
I,0.41,0.32,0.08060981333255768,0.2905,0.141,0.055639415979385376,0.073
M,0.415,0.315,0.115,0.2664494514465332,0.2015,0.065,0.07017993181943893
I,0.425,0.34,0.105,0.27830061316490173,0.2015,0.0905,0.06163661181926727
I,0.4221506714820862,0.3239661455154419,0.10628212243318558,0.4405,0.2385,0.10375883430242538,0.11902675032615662
I,0.44,0.34,0.07563565671443939,0.369,0.164,0.08,0.1015
I,0.44,0.32,0.09289553761482239,0.37402477860450745,0.2435,0.08574048429727554,0.0960777997970581
I,0.39858731627464294,0.365,0.11,0.32626062631607056,0.213,0.089,0.0942268967628479
I,0.417032927274704,0.3198298215866089,0.125,0.4475,0.2165,0.126,0.10403092950582504
I,0.455,0.335,0.135,0.501,0.274,0.0995,0.1065
I,0.46,0.3038095235824585,0.09869756549596786,0.436,0.17079561948776245,0.08806558698415756,0.125
I,0.38351356983184814,0.28152939677238464,0.14,0.4615,0.229,0.07649289071559906,0.116
I,0.3740307092666626,0.35,0.125,0.30149564146995544,0.19,0.1165,0.08835767954587936
I,0.47,0.355,0.12,0.3087390661239624,0.126,0.0835,0.08770579099655151
M,0.5690405964851379,0.4516949951648712,0.1515091061592102,0.649,0.4097233712673187,0.22151897847652435,0.28018152713775635
I,0.475,0.37508466839790344,0.12895017862319946,0.6808648705482483,0.298839271068573,0.15715330839157104,0.1165
I,0.475,0.365,0.115,0.566,0.16394181549549103,0.117,0.1335
I,0.48,0.35367000102996826,0.12242971360683441,0.542,0.2795,0.12729521095752716,0.16683810949325562
I,0.485,0.38,0.10700590908527374,0.4725,0.2075,0.10477945953607559,0.147
M,0.5386855602264404,0.4209490120410919,0.14018595218658447,0.9058825373649597,0.2945,0.19878648221492767,0.198
I,0.485,0.37,0.12132380157709122,0.526,0.24171985685825348,0.105,0.17096707224845886
F,0.495,0.33923882246017456,0.11370308697223663,0.573,0.2655,0.1285,0.144
M,0.36500757932662964,0.2884686291217804,0.105,0.5525,0.13784289360046387,0.1245,0.1555
F,0.4859089255332947,0.3782743513584137,0.135,0.6855,0.25842225551605225,0.1565,0.161
I,0.515,0.395,0.10431958734989166,0.556,0.2695,0.096,0.17
M,0.5403946042060852,0.425,0.1394936889410019,0.9365,0.3250891864299774,0.181,0.22981160879135132
I,0.38207969069480896,0.29722005128860474,0.125,0.5625,0.25,0.1245,0.08981335908174515
M,0.52,0.3527466952800751,0.11036157608032227,0.5363823771476746,0.254,0.139,0.149
M,0.5167168378829956,0.4,0.14,0.7205,0.3685,0.160023033618927,0.20605045557022095
I,0.53,0.43,0.12659503519535065,0.7045,0.2856738269329071,0.1415,0.19914180040359497
F,0.53691166639328,0.4,0.125,0.7575,0.3347317576408386,0.151,0.2267773300409317
F,0.545,0.41,0.14,0.7405,0.31631019711494446,0.16305269300937653,0.203
F,0.55,0.4128251373767853,0.14,0.7751568555831909,0.375,0.218,0.1945
M,0.5226240158081055,0.425,0.13747721910476685,0.793,0.343,0.2035,0.21921558678150177
F,0.5363447070121765,0.4155721366405487,0.15,0.8745,0.453,0.161,0.2178773730993271
F,0.56,0.435,0.15,0.7312143445014954,0.4755,0.1835,0.1835
F,0.5813454985618591,0.445,0.15191537141799927,1.014294147491455,0.3994365334510803,0.22214128077030182,0.249
F,0.557066023349762,0.465,0.14300623536109924,1.08,0.595,0.18758442997932434,0.238
M,0.575,0.48048508167266846,0.15599174797534943,1.128377914428711,0.45702600479125977,0.24889737367630005,0.30167555809020996
F,0.58,0.4402558505535126,0.175,0.8927960395812988,0.37114807963371277,0.2205,0.2530001699924469
F,0.58,0.42459937930107117,0.14,0.953,0.35034599900245667,0.1926950067281723,0.2095
M,0.5881061553955078,0.46387478709220886,0.15188387036323547,1.1318128108978271,0.47329360246658325,0.24579644203186035,0.3093031048774719
F,0.5884392261505127,0.44,0.1538284868001938,1.0379970073699951,0.387,0.22241586446762085,0.28802379965782166
F,0.59,0.4371861517429352,0.14317765831947327,0.9024593234062195,0.613,0.239,0.2515
F,0.5460674166679382,0.46,0.14176230132579803,0.9905,0.453,0.2205,0.22083044052124023
F,0.5300884246826172,0.455,0.1390363723039627,1.04,0.452,0.2655,0.288
M,0.5345906019210815,0.40949130058288574,0.155,0.8641687631607056,0.33306658267974854,0.19341447949409485,0.2428860068321228
F,0.5852577090263367,0.46519723534584045,0.1492646336555481,1.024510383605957,0.6405,0.22268907725811005,0.357
F,0.5934241414070129,0.47089144587516785,0.16047127544879913,1.0584996938705444,0.4379774332046509,0.193,0.2765
F,0.605,0.466584712266922,0.15217071771621704,1.0524319410324097,0.4101846516132355,0.22547012567520142,0.2836194634437561
F,0.5984366536140442,0.4724295735359192,0.16345001757144928,1.289,0.45373255014419556,0.2300945222377777,0.3004736602306366
F,0.6205891966819763,0.4802040159702301,0.16620303690433502,1.2668747901916504,0.5366976261138916,0.2701498866081238,0.33167779445648193
M,0.5892331600189209,0.46413806080818176,0.1606004387140274,1.081788182258606,0.4290658235549927,0.23512084782123566,0.251
F,0.5665426850318909,0.485,0.155,0.9580628275871277,0.3814096748828888,0.21166016161441803,0.26280441880226135
F,0.5748102068901062,0.435,0.14778052270412445,0.9870076179504395,0.477,0.20666180551052094,0.275
F,0.5814510583877563,0.48,0.1538485884666443,1.0212774276733398,0.40335169434547424,0.22383727133274078,0.312
M,0.5400373339653015,0.4174319803714752,0.1451430320739746,1.4105,0.33070701360702515,0.322,0.3465
M,0.5624134540557861,0.47,0.14195792376995087,0.8947864174842834,0.451,0.18861941993236542,0.25376662611961365
F,0.5911344289779663,0.47,0.15005405247211456,1.0323400497436523,0.42313623428344727,0.23412737250328064,0.2754132151603699
F,0.63,0.44634079933166504,0.175,1.1105,0.37012070417404175,0.1850559264421463,0.25164616107940674
M,0.5241413712501526,0.455,0.15,1.1315,0.3212105929851532,0.1739964783191681,0.2255556434392929
F,0.5911344289779663,0.48,0.15005402266979218,1.0323386192321777,0.4231351315975189,0.23412688076496124,0.27541279792785645
F,0.6205891966819763,0.4802040159702301,0.16620303690433502,1.2668747901916504,0.5366976261138916,0.2701498866081238,0.33167779445648193
F,0.635,0.505,0.14531256258487701,0.9530189633369446,0.3757323622703552,0.20787277817726135,0.315
M,0.5694316029548645,0.45303499698638916,0.15248648822307587,1.308,0.4113883674144745,0.2213772088289261,0.2819322943687439
F,0.5468512773513794,0.515,0.14745976030826569,1.5335,0.347756952047348,0.3345,0.4025
F,0.5911344289779663,0.515,0.1500539779663086,1.032335638999939,0.42313289642333984,0.23412591218948364,0.27541205286979675
M,0.5892292261123657,0.4641331136226654,0.16060245037078857,1.0817729234695435,0.4290538430213928,0.23511463403701782,0.43
F,0.5217118263244629,0.4055761694908142,0.165,1.318,0.55,0.3015,0.335
F,0.5691624879837036,0.4537997245788574,0.14818982779979706,0.9349666833877563,0.59,0.326,0.495
F,0.65,0.4506760537624359,0.175,0.9773160815238953,0.4059945046901703,0.3045,0.2706816494464874
M,0.5701266527175903,0.45426058769226074,0.16,1.032370924949646,0.4249086081981659,0.2311575710773468,0.2817398011684418
F,0.65,0.485,0.1468997746706009,0.9954768419265747,0.40530145168304443,0.2209472805261612,0.27012619376182556
F,0.5984367728233337,0.47242972254753113,0.16345012187957764,1.5555,0.45373260974884033,0.23009434342384338,0.30047380924224854
M,0.655,0.480485200881958,0.1559913009405136,1.1283668279647827,0.4570177495479584,0.2488943487405777,0.3016723096370697
M,0.6169024705886841,0.48827293515205383,0.16816511750221252,1.374,0.5010052919387817,0.25881925225257874,0.32651257514953613
F,0.5633765459060669,0.515,0.14996817708015442,0.9473316669464111,0.37087029218673706,0.324,0.395
M,0.5701259970664978,0.4542589783668518,0.2,1.0323548316955566,0.42489781975746155,0.23115307092666626,0.2817377746105194
M,0.5592266321182251,0.4330262541770935,0.1501980721950531,1.5265,0.3660584092140198,0.4475,0.2592955529689789
M,0.67,0.480485200881958,0.15599128603935242,1.1283661127090454,0.4570172429084778,0.24889416992664337,0.301672101020813
M,0.6169023513793945,0.48827287554740906,0.16816525161266327,1.741,0.5010046362876892,0.25881895422935486,0.3265124559402466
F,0.5955992341041565,0.46600019931793213,0.16493362188339233,1.0498987436294556,0.4553166925907135,0.306,0.2994930148124695
M,0.5881061553955078,0.46387478709220886,0.15188387036323547,1.1318128108978271,0.47329360246658325,0.24579644203186035,0.3093031048774719
F,0.5911344289779663,0.55,0.1500539630651474,1.0323342084884644,0.4231318235397339,0.23412543535232544,0.2754116654396057
M,0.5892290472984314,0.4641328454017639,0.16060255467891693,1.0817720890045166,0.4290532171726227,0.23511430621147156,0.595
F,0.5955992341041565,0.46599993109703064,0.16493374109268188,1.0498967170715332,0.4553154408931732,0.4095,0.2994927167892456
M,0.5487712621688843,0.4220519959926605,0.14779312908649445,0.9362971782684326,0.34782397747039795,0.1985616236925125,0.494
M,0.5892291069030762,0.46413296461105347,0.16060250997543335,1.0817724466323853,0.4290534555912018,0.2351144403219223,0.5015
F,0.5719906091690063,0.44697701930999756,0.18,0.9775088429450989,0.4121229946613312,0.427,0.27037495374679565
F,0.75,0.4632030129432678,0.18,1.0506008863449097,0.4219958484172821,0.22617928683757782,0.27868252992630005
I,0.21,0.17,0.045,0.0475,0.019,0.011,0.03330601751804352
I,0.285,0.21,0.055,0.101,0.0415,0.048253633081912994,0.051407769322395325
I,0.295,0.215,0.07,0.121,0.047,0.0155,0.0405
I,0.322486013174057,0.23,0.085,0.117,0.05,0.0175,0.0415
I,0.305,0.225,0.07899918407201767,0.1465,0.063,0.034,0.0415
I,0.31581005454063416,0.255,0.07559426873922348,0.168,0.079,0.0355,0.05
I,0.34033697843551636,0.26,0.075,0.18,0.09,0.06140448898077011,0.06778339296579361
I,0.355,0.27,0.075,0.1775,0.079,0.0315,0.054
I,0.355,0.2518206238746643,0.07935585081577301,0.1985,0.0715,0.0495,0.058
I,0.36,0.27,0.095,0.2,0.073,0.056,0.03844107687473297
I,0.36,0.275,0.08076800405979156,0.2116885781288147,0.0985,0.044,0.060846276581287384
I,0.36,0.265,0.075,0.1845,0.083,0.0365,0.055
I,0.365,0.27,0.085,0.2225,0.0935,0.0525,0.03852507472038269
I,0.37,0.32637396454811096,0.11186783760786057,0.4876430332660675,0.21389983594417572,0.046,0.065
I,0.3241870403289795,0.28,0.08,0.2165,0.0935,0.049392879009246826,0.07
I,0.33335253596305847,0.285,0.095,0.243,0.0895,0.0665,0.0561019629240036
I,0.38,0.29,0.1,0.237,0.108,0.05093371868133545,0.082
I,0.385,0.29,0.09,0.2365,0.1,0.0505,0.076
I,0.385,0.28,0.095,0.15603530406951904,0.119,0.04406873136758804,0.07
I,0.385,0.3,0.09,0.308,0.1525,0.056,0.0835
I,0.5011382699012756,0.3862999975681305,0.13445167243480682,0.252,0.2790554165840149,0.16560028493404388,0.19518867135047913
I,0.39,0.255661278963089,0.0805433914065361,0.281,0.1275,0.062,0.077
I,0.39,0.2642850875854492,0.1,0.2225,0.095,0.0465,0.06685473024845123
I,0.38790324330329895,0.30616939067840576,0.09,0.3687223196029663,0.129,0.08276240527629852,0.0955
I,0.41,0.3,0.09,0.28,0.141,0.0575,0.04480721056461334
I,0.415,0.2806665003299713,0.1,0.29365530610084534,0.139,0.0625,0.07710634917020798
I,0.3446682393550873,0.325,0.11,0.317,0.135,0.05758395045995712,0.09
I,0.425,0.315,0.08,0.303,0.131,0.0585,0.095
I,0.435,0.335,0.1,0.3295,0.129,0.04741622507572174,0.11
I,0.435,0.325,0.11,0.367,0.1595,0.08,0.105
I,0.45,0.34,0.07829224318265915,0.3245,0.1385,0.064,0.105
I,0.3468095064163208,0.2719932198524475,0.11,0.4195,0.181,0.085,0.1345
I,0.455,0.36,0.115,0.457,0.10943875461816788,0.06088949739933014,0.147
I,0.46,0.35,0.11,0.4,0.176,0.083,0.08188864588737488
I,0.46,0.355,0.11,0.35215869545936584,0.15093007683753967,0.081,0.13
I,0.465,0.32052451372146606,0.10913217067718506,0.4365,0.188,0.0815,0.130488321185112
I,0.465,0.345,0.11,0.393,0.1825,0.0735,0.12
I,0.47,0.355,0.08736402541399002,0.499,0.13804562389850616,0.07200721651315689,0.155
I,0.475,0.36,0.08215587586164474,0.6325,0.1430853009223938,0.137,0.07489579916000366
I,0.4067500829696655,0.36,0.1,0.4054689109325409,0.1965,0.099,0.10644026845693588
I,0.4143037796020508,0.3108673095703125,0.1030249297618866,0.4905,0.17035359144210815,0.1305,0.125
I,0.446233332157135,0.37,0.125,0.474,0.179,0.11350565403699875,0.13163694739341736
I,0.48,0.27435290813446045,0.12,0.536,0.251,0.114,0.15
M,0.48,0.355,0.16,0.5059728026390076,0.221,0.106,0.149006649851799
I,0.485,0.34068554639816284,0.13,0.5691215395927429,0.2935,0.1285,0.16
I,0.49,0.30768704414367676,0.0970790907740593,0.4615,0.204,0.0845206081867218,0.143
I,0.506531834602356,0.4,0.12580765783786774,0.624,0.26051169633865356,0.1285,0.169
I,0.495,0.3245658278465271,0.10336563736200333,0.4715,0.2075,0.091,0.15
I,0.41771990060806274,0.4,0.105,0.602,0.16389575600624084,0.1265,0.19
I,0.46382880210876465,0.4,0.12,0.616,0.261,0.143,0.13488474488258362
I,0.5,0.3590315878391266,0.10996370017528534,0.5150771141052246,0.2455,0.11911643296480179,0.173
I,0.4203164875507355,0.32202664017677307,0.14,0.559,0.2375,0.1046227291226387,0.169
I,0.4456445872783661,0.338927298784256,0.13,0.5267281532287598,0.2285972684621811,0.10907270759344101,0.162
I,0.515,0.375,0.1245226263999939,0.6065,0.3005,0.1440844088792801,0.15
I,0.515,0.36,0.11970554292201996,0.642596960067749,0.25304141640663147,0.125,0.138
I,0.515,0.35,0.105,0.4745,0.15976470708847046,0.123,0.1275
F,0.5654479265213013,0.395,0.14745280146598816,0.916638970375061,0.32,0.14,0.2547188997268677
I,0.515,0.39,0.125,0.5705,0.24991071224212646,0.14093539118766785,0.185
I,0.52,0.41,0.145,0.646,0.2965,0.1595,0.165
I,0.52,0.379771888256073,0.13,0.5545,0.24962514638900757,0.1095,0.1895
F,0.525,0.415,0.14853203296661377,0.845,0.3946542739868164,0.2142811417579651,0.26672130823135376
I,0.525,0.39,0.12787629663944244,0.7063419818878174,0.3115,0.152187779545784,0.19482095539569855
F,0.4976683259010315,0.38,0.135,0.615,0.25982755422592163,0.159,0.175
I,0.5129727125167847,0.40144914388656616,0.14,0.7074059247970581,0.30223262310028076,0.16,0.2129870504140854
M,0.529321014881134,0.4,0.155,0.8083593845367432,0.3027990758419037,0.17541463673114777,0.23229403793811798
I,0.53,0.3990723192691803,0.12,0.728449821472168,0.2993468642234802,0.15330353379249573,0.19070743024349213
F,0.53,0.43,0.135,0.6255,0.245,0.16221009194850922,0.20415742695331573
I,0.4228079617023468,0.4,0.145,0.555,0.1935,0.1305,0.195
F,0.5911343693733215,0.42,0.1500544250011444,1.032365083694458,0.4231550991535187,0.23413564264774323,0.27541983127593994
F,0.535,0.4,0.14568929374217987,0.9225499629974365,0.3642473816871643,0.162,0.2579038739204407
I,0.5061990022659302,0.43,0.12608563899993896,0.836,0.3725,0.1815,0.19034481048583984
F,0.54,0.425,0.14329899847507477,0.9049009680747986,0.32,0.19416266679763794,0.24925847351551056
I,0.49857261776924133,0.43,0.14,0.6571376323699951,0.3935,0.1725,0.1806177943944931
M,0.54,0.42799392342567444,0.14,0.885814905166626,0.33509454131126404,0.18602105975151062,0.24502865970134735
F,0.54,0.42,0.14,0.6275,0.2505,0.1175,0.1809042990207672
I,0.48864641785621643,0.425,0.13,0.7205,0.25669482350349426,0.169,0.225
I,0.4850265383720398,0.3798775374889374,0.135,0.686,0.3475,0.14718861877918243,0.213
I,0.545,0.4,0.12230660021305084,0.686,0.27368268370628357,0.14872820675373077,0.18
I,0.545,0.33893445134162903,0.12,0.543,0.2375,0.1155,0.12251784652471542
I,0.525240421295166,0.42,0.125,0.7163849472999573,0.30507922172546387,0.16634204983711243,0.20270587503910065
F,0.5870116353034973,0.46618518233299255,0.15957438945770264,1.0395715236663818,0.42411354184150696,0.1685,0.259
F,0.5333479642868042,0.425,0.15,0.8283892869949341,0.269,0.1839439421892166,0.23419854044914246
I,0.55,0.42827925086021423,0.13520006835460663,0.8286411762237549,0.3527665138244629,0.18125200271606445,0.23077088594436646
I,0.55,0.415,0.12704069912433624,0.7815,0.2888944149017334,0.16,0.2024504393339157
I,0.5264556407928467,0.425,0.15,0.7380093932151794,0.31018123030662537,0.17270983755588531,0.2193077802658081
I,0.5056777596473694,0.395,0.12198735028505325,0.5933570861816406,0.222,0.15519744157791138,0.18159647285938263
F,0.555,0.435,0.145504429936409,0.765,0.3945,0.183511883020401,0.24566033482551575
I,0.4807617962360382,0.46,0.145,0.9005,0.25722169876098633,0.158,0.2765
F,0.56,0.445,0.14095070958137512,0.8491538166999817,0.3685,0.187,0.23659278452396393
F,0.56,0.44,0.13,0.8056824207305908,0.320529043674469,0.149,0.22027190029621124
F,0.56,0.425,0.135,0.8214097023010254,0.3265,0.17559120059013367,0.2225099354982376
I,0.4917619228363037,0.3825031816959381,0.155,0.6355118751525879,0.31,0.186,0.19036702811717987
F,0.565,0.44,0.13226838409900665,0.863,0.435,0.149,0.27
F,0.5779231190681458,0.4500448703765869,0.14691585302352905,0.802,0.3595,0.2059910148382187,0.215
M,0.5264919996261597,0.4212455749511719,0.15,0.831,0.33571791648864746,0.1931864619255066,0.24703802168369293
F,0.5205854773521423,0.4038836658000946,0.135,0.7805,0.3345,0.185,0.21
M,0.5521034598350525,0.43159398436546326,0.14911821484565735,0.795,0.3695741593837738,0.148,0.2576964795589447
F,0.5879920721054077,0.46688106656074524,0.15976223349571228,1.0422708988189697,0.42596435546875,0.166,0.25
F,0.57,0.43,0.1464948058128357,0.9690626263618469,0.38179832696914673,0.2111024111509323,0.2815
F,0.57,0.445,0.14148426055908203,0.8853951096534729,0.34222155809402466,0.1705,0.28
F,0.57,0.4128783345222473,0.1369008868932724,0.7405,0.306,0.17433984577655792,0.1825
F,0.5560875535011292,0.4425681531429291,0.165,0.9559721946716309,0.3765,0.20571529865264893,0.268
M,0.5892351865768433,0.4641405940055847,0.16059939563274384,1.0817959308624268,0.4290720522403717,0.23512403666973114,0.239
F,0.5728569030761719,0.45042866468429565,0.155,0.9894409775733948,0.41662469506263733,0.238,0.2739000618457794
I,0.4996941089630127,0.45,0.125,0.78,0.3275,0.14530768990516663,0.18086449801921844
F,0.5443394184112549,0.47,0.14531415700912476,0.985,0.3745,0.2175,0.23816409707069397
F,0.5208883881568909,0.465,0.13964097201824188,0.9965,0.417,0.247,0.47
I,0.5424278378486633,0.445,0.13434405624866486,0.7676903605461121,0.333523154258728,0.17977109551429749,0.22547073662281036
I,0.483095645904541,0.36620768904685974,0.135,0.807,0.3615,0.176,0.1679196059703827
M,0.5892295241355896,0.46413350105285645,0.16060228645801544,1.0817739963531494,0.42905476689338684,0.23511511087417603,0.36
F,0.5303164720535278,0.4182356297969818,0.16,0.839,0.4005,0.198,0.2284940481185913
M,0.6011744737625122,0.46791815757751465,0.16315455734729767,0.9615,0.4444275498390198,0.166,0.29935505986213684
F,0.58,0.435,0.15,0.834,0.2897905111312866,0.1515,0.23
M,0.58,0.4114972651004791,0.155,0.8662653565406799,0.3191448748111725,0.18434037268161774,0.295
F,0.5723965167999268,0.43,0.14716732501983643,0.9694867134094238,0.365,0.202069953083992,0.2285
I,0.58,0.445,0.1313454657793045,0.7427634596824646,0.3289201259613037,0.16845886409282684,0.22074925899505615
F,0.585,0.4097287058830261,0.14,0.913,0.4305,0.2205,0.21762262284755707
M,0.5892301797866821,0.4641342759132385,0.16060197353363037,1.08177649974823,0.42905664443969727,0.23511607944965363,0.309
F,0.59,0.45,0.14488472044467926,0.9511327147483826,0.37328365445137024,0.2076995074748993,0.265
F,0.5395599007606506,0.46,0.145,0.9015,0.3416447341442108,0.1922503113746643,0.26
F,0.595,0.45234256982803345,0.14979946613311768,0.9,0.4175,0.2060616910457611,0.27006736397743225
F,0.55629563331604,0.45,0.14,0.8927106857299805,0.352652907371521,0.194,0.24952521920204163
F,0.595,0.45442995429039,0.15046340227127075,0.959,0.463,0.20855599641799927,0.27224478125572205
I,0.5151592493057251,0.4071597456932068,0.15,0.7470335364341736,0.31421011686325073,0.17126724123954773,0.21894674003124237
F,0.5706525444984436,0.4539606273174286,0.158863365650177,1.0198439359664917,0.39049649238586426,0.21570509672164917,0.3
F,0.5706524848937988,0.4539605379104614,0.15886342525482178,1.019843578338623,0.3904963433742523,0.21570496261119843,0.305
M,0.5613570809364319,0.48,0.13687123358249664,0.8690674304962158,0.3470431864261627,0.18848104774951935,0.23843105137348175
F,0.5956560969352722,0.4728563129901886,0.1604946255683899,1.0630048513412476,0.44340217113494873,0.2225,0.29
F,0.557145893573761,0.4419429898262024,0.18,1.0645,0.3728857636451721,0.2455,0.2629459500312805
M,0.5604760050773621,0.4360361695289612,0.14894144237041473,1.059,0.37202778458595276,0.241,0.2610398232936859
M,0.5881061553955078,0.46387478709220886,0.15188387036323547,1.1318128108978271,0.47329360246658325,0.24579644203186035,0.3093031048774719
F,0.605,0.455,0.145,0.8779406547546387,0.468,0.18168875575065613,0.2320653647184372
M,0.549622118473053,0.4231128394603729,0.14739684760570526,0.9203240275382996,0.3835,0.1905,0.26192742586135864
I,0.5173790454864502,0.47,0.145,0.8025,0.304261177778244,0.16364136338233948,0.2119583636522293
F,0.605,0.48,0.14528819918632507,0.8952083587646484,0.3481726348400116,0.2345,0.25313520431518555
F,0.5931323170661926,0.4706072211265564,0.16045960783958435,1.0576401948928833,0.4371526539325714,0.224,0.3345
F,0.5694923400878906,0.505,0.15010280907154083,0.9478129744529724,0.7285,0.264,0.2688695788383484
M,0.61,0.42232367396354675,0.155,0.8476772308349609,0.3188173770904541,0.228,0.23903656005859375
F,0.5606340169906616,0.441967636346817,0.16,0.9459588527679443,0.3731548488140106,0.2515,0.28
M,0.61,0.44874292612075806,0.1519080251455307,1.2405,0.3990347385406494,0.22284585237503052,0.3085
F,0.61,0.47161146998405457,0.15942862629890442,1.0544123649597168,0.4387204945087433,0.2345,0.2961061894893646
F,0.5504394769668579,0.475,0.14805196225643158,0.9299850463867188,0.3835,0.19090436398983002,0.379
I,0.5107917189598083,0.465,0.12960565090179443,0.9225,0.3084644377231598,0.16708390414714813,0.26
F,0.5645816326141357,0.44628748297691345,0.17,1.1185,0.380816787481308,0.21570788323879242,0.31
F,0.61,0.43414852023124695,0.18,0.9305737614631653,0.5735,0.1975632607936859,0.355
M,0.615,0.47,0.16,1.0175,0.473,0.2395,0.185542494058609
F,0.5722739100456238,0.4556959271430969,0.175,1.028681755065918,0.6035,0.2223629355430603,0.2766021192073822
F,0.5394783020019531,0.485,0.18,0.8827142715454102,0.4935,0.18382319808006287,0.315
F,0.5884948968887329,0.4427803158760071,0.16002635657787323,0.9675312042236328,0.40160617232322693,0.2605,0.2770552635192871
M,0.5487712621688843,0.42205196619033813,0.14779295027256012,0.9362975358963013,0.3478240370750427,0.19856169819831848,0.395
F,0.62,0.43356984853744507,0.165,0.9288645386695862,0.4995,0.19782821834087372,0.357
F,0.5955992937088013,0.4660007953643799,0.16493333876132965,1.0499032735824585,0.4553196430206299,0.246,0.2994936406612396
M,0.5701261758804321,0.45425936579704285,0.18,1.0323586463928223,0.4249003827571869,0.2311541587114334,0.2817382514476776
F,0.5696588158607483,0.448831707239151,0.15388134121894836,0.8565,0.3850885331630707,0.16,0.295
I,0.62,0.45,0.12344469130039215,0.924,0.2697362005710602,0.2265,0.2965
F,0.5666899681091309,0.4449993073940277,0.15,0.9630776047706604,0.3827337622642517,0.2575,0.309
F,0.62,0.48,0.14164113998413086,0.8595361709594727,0.464,0.2225,0.23758338391780853
M,0.5892298221588135,0.4641338288784027,0.1606021672487259,1.0817750692367554,0.4290555417537689,0.23511552810668945,0.3325
M,0.5494205951690674,0.475,0.14279469847679138,0.8837425112724304,0.33796027302742004,0.18499967455863953,0.3105
M,0.5448924899101257,0.41832730174064636,0.17,0.9082627892494202,0.34479451179504395,0.19925057888031006,0.354
I,0.5377612113952637,0.4203709065914154,0.1371431201696396,0.828883707523346,0.643,0.1765817254781723,0.2338797152042389
M,0.5728306174278259,0.4608914256095886,0.175,1.362,0.42510107159614563,0.22948141396045685,0.29053178429603577
I,0.5377576351165771,0.4203696846961975,0.13714198768138885,0.8288736343383789,0.438,0.176581010222435,0.23387795686721802
F,0.5977961421012878,0.47036218643188477,0.15488086640834808,1.0915,0.4615,0.22350691258907318,0.28935936093330383
F,0.63,0.5,0.18,1.1965,0.514,0.16744454205036163,0.21887916326522827
M,0.5881061553955078,0.46387478709220886,0.15188387036323547,1.1318128108978271,0.47329360246658325,0.24579644203186035,0.3093031048774719
M,0.570126473903656,0.45426008105278015,0.165,1.032366156578064,0.42490535974502563,0.23115621507167816,0.28173917531967163
M,0.561357319355011,0.495,0.13687127828598022,0.8690666556358337,0.3470427095890045,0.1884809136390686,0.23843082785606384
I,0.5183289051055908,0.40783482789993286,0.1289568841457367,0.7506770491600037,0.715,0.16765613853931427,0.3615
M,0.635,0.4717504382133484,0.15719513595104218,1.4345,0.4626960754394531,0.23875266313552856,0.2978721559047699
F,0.5984365344047546,0.472429484128952,0.1634499877691269,1.2435,0.45373252034187317,0.2300945669412613,0.3004736006259918
F,0.635,0.49,0.1435556411743164,0.9017853736877441,0.3488955795764923,0.2665,0.38
F,0.64,0.45745551586151123,0.1524924486875534,1.014095664024353,0.39184805750846863,0.21770699322223663,0.36
F,0.5955992341041565,0.4660002589225769,0.16493359208106995,1.0498993396759033,0.45531708002090454,0.2925,0.29949310421943665
M,0.6169023513793945,0.48827287554740906,0.16816523671150208,1.707,0.501004695892334,0.25881898403167725,0.3265124261379242
M,0.5761582851409912,0.4613700807094574,0.15,1.1605,0.43063652515411377,0.23053212463855743,0.29099130630493164
M,0.5694316029548645,0.4530349671840668,0.15248645842075348,1.286,0.4113883078098297,0.22137722373008728,0.2819322645664215
M,0.5697599649429321,0.44108089804649353,0.14794522523880005,0.9834175109863281,0.741,0.20944730937480927,0.2743121087551117
M,0.589229166507721,0.46413299441337585,0.16060249507427216,1.0817724466323853,0.42905354499816895,0.2351144701242447,0.48
M,0.645,0.47066769003868103,0.15629459917545319,1.226,0.45760804414749146,0.23548106849193573,0.294871985912323
M,0.5757201910018921,0.4613494873046875,0.16,1.33,0.42985862493515015,0.2303742617368698,0.2909715473651886
F,0.645,0.45241090655326843,0.16,0.971390426158905,0.3860955238342285,0.2008187621831894,0.2598949074745178
F,0.6002839207649231,0.48011502623558044,0.15863148868083954,1.1308399438858032,0.554,0.23824813961982727,0.3129723072052002
M,0.5701260566711426,0.45425909757614136,0.19,1.0323562622070312,0.42489880323410034,0.2311534881591797,0.28173795342445374
F,0.5674180388450623,0.485,0.15,0.9565159678459167,0.3822832405567169,0.21190229058265686,0.26097264885902405
F,0.5819855332374573,0.48,0.15478378534317017,0.9927155375480652,0.3950279951095581,0.2905,0.27926042675971985
F,0.5813961625099182,0.495,0.15406852960586548,1.0218232870101929,0.4037574231624603,0.2239079773426056,0.335
F,0.65,0.505,0.14695177972316742,0.9942952990531921,0.40579378604888916,0.22076374292373657,0.27022966742515564
M,0.549985945224762,0.4234611988067627,0.14732646942138672,0.9190003275871277,0.665,0.337,0.2617320120334625
F,0.5911344289779663,0.51,0.1500539928674698,1.0323359966278076,0.42313310503959656,0.234126016497612,0.2754121422767639
F,0.655,0.45551419258117676,0.15208277106285095,0.9960205554962158,0.3945704698562622,0.281,0.365
F,0.5444666147232056,0.51,0.14635176956653595,1.043,0.33818864822387695,0.223,0.305
M,0.6169024705886841,0.4882729649543762,0.16816511750221252,1.3485,0.5010052919387817,0.2588192820549011,0.3265126347541809
F,0.5768455862998962,0.4493522047996521,0.15499481558799744,0.9844732284545898,0.3939986824989319,0.3805,0.363
M,0.6011819839477539,0.47011470794677734,0.1611875295639038,1.3195,0.4390198588371277,0.24410058557987213,0.341
F,0.5827941298484802,0.4580408036708832,0.15738770365715027,1.0268843173980713,0.711,0.3125,0.28958117961883545
F,0.66,0.45848461985588074,0.195,1.0378732681274414,0.41759490966796875,0.2235855609178543,0.2789720892906189
F,0.66,0.45264413952827454,0.15396152436733246,1.002312183380127,0.7685,0.3545,0.2784726023674011
F,0.5955991744995117,0.465999960899353,0.1649337261915207,1.0498970746994019,0.45531561970710754,0.3845,0.299492746591568
M,0.5701266527175903,0.45426058769226074,0.16,1.032370924949646,0.4249086081981659,0.2311575710773468,0.2817398011684418
F,0.5816035270690918,0.505,0.15294747054576874,1.018282175064087,0.40149590373039246,0.2232448160648346,0.32
M,0.665,0.480485200881958,0.15599128603935242,1.1283663511276245,0.4570173919200897,0.24889422953128815,0.30167216062545776
M,0.5892300605773926,0.4641341269016266,0.16060203313827515,1.0817760229110718,0.4290562868118286,0.2351159006357193,0.315
F,0.6002840995788574,0.4801149368286133,0.1586315631866455,1.1308401823043823,0.6255,0.23824793100357056,0.31297221779823303
M,0.6169024705886841,0.48827293515205383,0.16816513240337372,1.39,0.501005232334137,0.25881925225257874,0.32651257514953613
M,0.67,0.480485200881958,0.15599128603935242,1.1283661127090454,0.4570172429084778,0.24889416992664337,0.301672101020813
F,0.6205891966819763,0.4802040159702301,0.16620303690433502,1.2668747901916504,0.5366976261138916,0.2701498866081238,0.33167779445648193
M,0.6169024109840393,0.48827290534973145,0.16816522181034088,1.619,0.5010047554969788,0.25881901383399963,0.3265124559402466
F,0.675,0.4320397675037384,0.1435384303331375,1.2835,0.572,0.19598829746246338,0.3545
M,0.675,0.47097501158714294,0.15650056302547455,1.382,0.45884764194488525,0.2362051010131836,0.29551225900650024
M,0.5892292857170105,0.4641331732273102,0.1606024205684662,1.081773042678833,0.42905399203300476,0.2351147085428238,0.4125
M,0.589229166507721,0.46413299441337585,0.16060249507427216,1.0817725658416748,0.42905354499816895,0.23511449992656708,0.4705
M,0.685,0.480485200881958,0.15599125623703003,1.1283655166625977,0.45701679587364197,0.24889400601387024,0.30167192220687866
M,0.6011165976524353,0.4702209532260895,0.16128821671009064,1.638,0.43897756934165955,0.24384698271751404,0.438
F,0.69,0.4665849506855011,0.15217050909996033,1.0524269342422485,0.4101817011833191,0.2254694551229477,0.2836185097694397
M,0.5701262354850769,0.4542595148086548,0.175,1.0323604345321655,0.4249015748500824,0.2311546355485916,0.2817384600639343
F,0.5603839755058289,0.4409984350204468,0.175,0.960500180721283,0.38597604632377625,0.20685319602489471,0.2657260000705719
F,0.5657079815864563,0.4556109607219696,0.17,1.58,0.4016501307487488,0.2033899873495102,0.26912856101989746
M,0.5881061553955078,0.46387478709220886,0.15188387036323547,1.1318128108978271,0.47329360246658325,0.24579644203186035,0.3093031048774719
M,0.589229166507721,0.46413299441337585,0.16060249507427216,1.0817724466323853,0.42905354499816895,0.2351144701242447,0.48
F,0.71,0.4570085406303406,0.1486365646123886,1.020891785621643,0.802,0.2160283923149109,0.435
F,0.5825865864753723,0.4579322338104248,0.1582302302122116,1.0282601118087769,0.9215,0.454,0.28940141201019287
F,0.6002843379974365,0.48011481761932373,0.15863166749477386,1.1308404207229614,0.919,0.23824767768383026,0.31297212839126587
M,0.6541774272918701,0.513593852519989,0.1757621467113495,2.125,0.6013489365577698,0.2934075593948364,0.3663789927959442
M,0.5701261758804321,0.45425936579704285,0.18,1.0323586463928223,0.4249003827571869,0.2311541587114334,0.2817382514476776
F,0.725,0.4739595055580139,0.15565168857574463,1.1143131256103516,1.03,0.23135501146316528,0.3009122312068939
F,0.6205891966819763,0.4802040159702301,0.16620303690433502,1.2668747901916504,0.5366976261138916,0.2701498866081238,0.33167779445648193
M,0.570125937461853,0.45425882935523987,0.215,1.032353401184082,0.42489686608314514,0.2311526983976364,0.28173762559890747
F,0.6002843379974365,0.48011481761932373,0.15863166749477386,1.1308404207229614,0.9655,0.23824766278266907,0.3129720985889435
M,0.5892290472984314,0.4641328752040863,0.16060255467891693,1.0817720890045166,0.42905324697494507,0.23511432111263275,0.575
F,0.6002843379974365,0.48011481761932373,0.15863168239593506,1.1308404207229614,1.083,0.23824763298034668,0.3129720687866211
M,0.5881061553955078,0.46387478709220886,0.15188387036323547,1.1318128108978271,0.47329360246658325,0.24579644203186035,0.3093031048774719
M,0.5892290472984314,0.4641328752040863,0.16060255467891693,1.0817722082138062,0.42905324697494507,0.23511432111263275,0.578
I,0.275,0.175,0.09,0.2315,0.096,0.057,0.0705
I,0.29985249042510986,0.245,0.1,0.1773565113544464,0.166,0.046948306262493134,0.1125
F,0.48866841197013855,0.3597148060798645,0.1295827180147171,0.6456335186958313,0.272,0.14092594385147095,0.1675
I,0.39,0.28,0.125,0.564,0.3035,0.06892967969179153,0.07194404304027557
I,0.435,0.3,0.12,0.09878822416067123,0.259,0.139,0.1645
M,0.445,0.32,0.12,0.36373868584632874,0.13452556729316711,0.0854010134935379,0.0934237465262413
I,0.455,0.335,0.105,0.4560302197933197,0.1909361630678177,0.0865,0.11184001713991165
F,0.455,0.325,0.135,0.82,0.4005,0.132218599319458,0.211
I,0.455,0.345,0.11,0.434,0.207,0.0855,0.1215
I,0.4727787375450134,0.325,0.1162709891796112,0.7615,0.362,0.14740915596485138,0.209
I,0.465,0.31956392526626587,0.115,0.4701493978500366,0.19490458071231842,0.1395,0.12
I,0.485,0.2676883637905121,0.105,0.5205,0.195,0.123,0.182
F,0.485,0.37,0.1505291908979416,0.968,0.413455605506897,0.21954584121704102,0.27366873621940613
F,0.485,0.345,0.14001750946044922,0.869,0.3333249092102051,0.18882954120635986,0.319
F,0.49,0.355,0.14242880046367645,0.8633103966712952,0.32627353072166443,0.215,0.2825
M,0.5591928362846375,0.43174806237220764,0.14827291667461395,0.9500041604042053,0.3626895844936371,0.223,0.296
M,0.5697586536407471,0.4410802721977234,0.1479441374540329,0.9834132194519043,0.4185,0.20944786071777344,0.2743116617202759
F,0.515,0.395,0.135,1.007,0.2938310205936432,0.2495,0.252
F,0.525,0.365,0.17,0.8679529428482056,0.438,0.18414048850536346,0.22939617931842804
F,0.525,0.42169925570487976,0.125,0.8466954827308655,0.303,0.155,0.22011086344718933
F,0.6002774834632874,0.4801178574562073,0.15862886607646942,1.1308327913284302,0.3495,0.23825502395629883,0.3129757344722748
F,0.5654678344726562,0.425,0.1467624008655548,0.771,0.3765,0.1872251033782959,0.24517734348773956
I,0.49421200156211853,0.385,0.12451984733343124,1.0835,0.291694700717926,0.2295,0.304
F,0.545,0.45252901315689087,0.165,1.0207494497299194,0.41390275955200195,0.22290508449077606,0.2784649729728699
M,0.545,0.48048487305641174,0.15599243342876434,1.1283953189849854,0.4570389688014984,0.2489021271467209,0.30168062448501587
M,0.545,0.4569989740848541,0.1566792130470276,1.1185,0.4126148521900177,0.2445,0.2866055369377136
F,0.55,0.38,0.1456914246082306,0.9254599213600159,0.36211296916007996,0.294,0.3345
M,0.5892296433448792,0.46413367986679077,0.16060222685337067,1.0817744731903076,0.4290551543235779,0.23511531949043274,0.344
M,0.5701262354850769,0.4542595148086548,0.175,1.0323604345321655,0.4249015748500824,0.2311546355485916,0.2817384600639343
M,0.575,0.44,0.13501670956611633,0.8212389349937439,0.31047630310058594,0.1707870215177536,0.2485
I,0.575,0.4200173318386078,0.13484181463718414,0.7851060032844543,0.33639535307884216,0.1715,0.22405792772769928
F,0.5918585062026978,0.43,0.15445241332054138,1.0699416399002075,0.6535,0.22474735975265503,0.2969382107257843
M,0.5557066798210144,0.4284893274307251,0.14705488085746765,0.9235460162162781,0.3475203812122345,0.2685,0.258
M,0.585,0.48048511147499084,0.15599162876605988,1.1283750534057617,0.45702388882637024,0.24889659881591797,0.3016747236251831
F,0.5832533836364746,0.495,0.1567816436290741,1.3005,0.4345358908176422,0.23398415744304657,0.2874525189399719
F,0.5809047222137451,0.465,0.15318015217781067,0.9875168204307556,0.3917102515697479,0.2205,0.2748635411262512
F,0.5831142067909241,0.475,0.1571437418460846,1.2525,0.43677377700805664,0.2348877489566803,0.2885836064815521
M,0.570127546787262,0.45426255464553833,0.15,1.032390832901001,0.4249218702316284,0.23116306960582733,0.28174224495887756
M,0.6011543273925781,0.4701944887638092,0.1612590253353119,1.1135,0.43899673223495483,0.24394483864307404,0.3005
F,0.615,0.42881718277931213,0.145,1.1155,0.3543289303779602,0.19921916723251343,0.315
F,0.5648527145385742,0.44344642758369446,0.145,1.0865,0.511,0.20124688744544983,0.24968372285366058
F,0.625,0.4598447382450104,0.175,1.0411691665649414,0.418814480304718,0.22402159869670868,0.27885866165161133
M,0.5892296433448792,0.46413367986679077,0.16060222685337067,1.0817744731903076,0.4290551543235779,0.23511531949043274,0.344
F,0.635,0.495,0.14695286750793457,0.9943372011184692,0.4059038460254669,0.22078505158424377,0.27026820182800293
F,0.5852326154708862,0.46542981266975403,0.1490715593099594,1.0258842706680298,0.533,0.2220151126384735,0.291
F,0.5439461469650269,0.4288281500339508,0.14238376915454865,1.0725,0.4895,0.2295,0.31
F,0.5955992341041565,0.46600010991096497,0.16493366658687592,1.0498981475830078,0.45531630516052246,0.326,0.2994929254055023
F,0.5911344289779663,0.525,0.1500539779663086,1.0323350429534912,0.4231325089931488,0.2341257482767105,0.2754119336605072
M,0.598346471786499,0.46758413314819336,0.1598600596189499,1.7395,0.43907278776168823,0.2416209727525711,0.3075
F,0.5598979592323303,0.4553050398826599,0.2,1.5475,0.3916344940662384,0.2018188238143921,0.2679072618484497
M,0.5694316625595093,0.4530351758003235,0.1524866223335266,1.4245,0.4113885760307312,0.2213771939277649,0.281932532787323
F,0.665,0.45677250623703003,0.1543647050857544,0.9782993197441101,0.39461514353752136,0.293,0.2779873311519623
F,0.6002841591835022,0.4801148772239685,0.1586315929889679,1.1308403015136719,0.6775,0.2382478266954422,0.31297218799591064
F,0.685,0.45712536573410034,0.15277856588363647,1.0136253833770752,0.3916844427585602,0.2175949513912201,0.4215
M,0.6169023513793945,0.48827287554740906,0.16816523671150208,1.679,0.5010047554969788,0.25881901383399963,0.3265124559402466
F,0.5955992341041565,0.46599990129470825,0.16493375599384308,1.0498965978622437,0.4553152918815613,0.436,0.2994926869869232
F,0.705,0.4539825916290283,0.15516938269138336,0.9944206476211548,0.6075,0.3675,0.2780410349369049
F,0.6205891966819763,0.4802040159702301,0.16620303690433502,1.2668747901916504,0.5366976261138916,0.2701498866081238,0.33167779445648193
F,0.5955992341041565,0.4659999907016754,0.1649337112903595,1.0498971939086914,0.4553156793117523,0.375,0.2994927763938904
F,0.6002843379974365,0.48011481761932373,0.15863166749477386,1.1308404207229614,0.9285,0.23824766278266907,0.3129720985889435
I,0.185,0.135,0.04,0.08793839067220688,0.0105,0.0055,0.009
I,0.24,0.18,0.055,0.0555,0.0235,0.04494757950305939,0.018
I,0.31,0.215,0.075,0.1275,0.0565,0.03558172285556793,0.036
I,0.34,0.26,0.085,0.1885,0.09041280299425125,0.05173815041780472,0.06
I,0.35,0.265,0.08,0.2,0.0734054371714592,0.042,0.06
I,0.3223315477371216,0.27,0.085,0.19339019060134888,0.0815,0.0325,0.065
I,0.365,0.275,0.08007655292749405,0.223,0.10820778459310532,0.0375,0.075
I,0.365,0.27,0.075,0.2215,0.095,0.0445,0.07
I,0.39,0.2827237546443939,0.105,0.2665,0.15023842453956604,0.0786053016781807,0.0923701599240303
I,0.405,0.27754637598991394,0.09,0.2846488356590271,0.103,0.067,0.07445666193962097
I,0.41,0.315,0.07436129450798035,0.2805,0.114,0.0345,0.11
I,0.41,0.335,0.08484738320112228,0.3305,0.12233362346887589,0.064,0.105
I,0.415,0.31,0.09,0.2815,0.1245,0.0615,0.047956258058547974
I,0.415,0.31,0.1,0.2382538914680481,0.114,0.0624736025929451,0.06112141162157059
I,0.415,0.31,0.095,0.1801070272922516,0.1125,0.047902122139930725,0.115
I,0.3426954448223114,0.325,0.1,0.2421606183052063,0.1675,0.059423819184303284,0.1135
I,0.33360934257507324,0.34,0.1,0.3405,0.1395,0.0665,0.12
I,0.435,0.335,0.07538966834545135,0.3245,0.135,0.0785,0.098
I,0.435,0.33,0.09363093972206116,0.38,0.13585856556892395,0.0945,0.11
I,0.36528393626213074,0.33,0.08877857774496078,0.335,0.156,0.07071841508150101,0.105
I,0.36413562297821045,0.345,0.12,0.2766118049621582,0.13,0.056,0.1185
I,0.445,0.33,0.11,0.358,0.1525,0.067,0.1185
I,0.465,0.30505043268203735,0.09815503656864166,0.445,0.1635,0.096,0.166
I,0.47,0.3159024119377136,0.12,0.487,0.17776347696781158,0.099,0.135
I,0.475,0.34,0.105,0.4535,0.203,0.08,0.1465
I,0.49227917194366455,0.385,0.13,0.568,0.2505,0.1438479721546173,0.17307251691818237
I,0.485,0.36,0.12,0.3532106280326843,0.2465,0.1025,0.10078929364681244
I,0.485,0.3308970332145691,0.1077716201543808,0.457,0.1885,0.10086710005998611,0.15
I,0.47010794281959534,0.38,0.135,0.5284445285797119,0.2065,0.13571298122406006,0.1643773913383484
I,0.495,0.33380767703056335,0.145,0.5,0.205,0.11137859523296356,0.13831008970737457
I,0.495,0.375,0.11705271899700165,0.494,0.2218327820301056,0.0975,0.191
I,0.5,0.38,0.11,0.5605,0.28,0.106,0.10615991801023483
I,0.4794103503227234,0.405,0.13,0.5721413493156433,0.2245,0.1438286304473877,0.225
I,0.5070514678955078,0.4,0.145,0.6785275340080261,0.2752305865287781,0.1425,0.19770494103431702
F,0.51,0.4,0.12,0.7005,0.347,0.1105,0.195
I,0.515,0.415,0.135,0.5423350930213928,0.285,0.152,0.245
I,0.515,0.42,0.11979667097330093,0.6725,0.2555,0.1335,0.17518121004104614
F,0.5400767922401428,0.385,0.1384074091911316,0.7859736084938049,0.253,0.16,0.2267015427350998
I,0.52,0.41,0.11,0.5185,0.2165,0.0915,0.184
F,0.52,0.415,0.14,0.6375,0.28623875975608826,0.16827426850795746,0.168
I,0.52,0.4011935889720917,0.1288960576057434,0.5805,0.2793594300746918,0.146,0.20574945211410522
I,0.52,0.3307401239871979,0.11229628324508667,0.6645,0.3285,0.17,0.1425
I,0.4509682059288025,0.385,0.11386154592037201,0.581,0.2555,0.11835651844739914,0.143
I,0.49514201283454895,0.415,0.12,0.6922868490219116,0.261585533618927,0.12,0.1695
I,0.4962107539176941,0.39168187975883484,0.145,0.7030718326568604,0.3045,0.1564154028892517,0.20154187083244324
I,0.49777740240097046,0.4,0.12422270327806473,0.6095,0.248,0.1541740447282791,0.175
F,0.53,0.41948384046554565,0.13659262657165527,0.8210664391517639,0.298,0.0965,0.22310340404510498
F,0.5429629683494568,0.43,0.16,0.8774814605712891,0.321,0.19244050979614258,0.24650859832763672
I,0.53,0.395,0.13,0.519344687461853,0.247,0.13255593180656433,0.183
I,0.45455044507980347,0.405,0.12,0.632,0.2715,0.148,0.1875
I,0.5069782137870789,0.455,0.12848404049873352,1.0015,0.30928364396095276,0.16675743460655212,0.244
F,0.54,0.425,0.1466955542564392,0.9455,0.364944726228714,0.20661664009094238,0.295
F,0.54,0.40066778659820557,0.1341955065727234,0.6555,0.2705,0.155,0.192
I,0.54,0.3545302152633667,0.125,0.6255,0.2525,0.158,0.19
F,0.545,0.425,0.14802318811416626,0.8145,0.3472851514816284,0.231,0.25858044624328613
F,0.4926624298095703,0.3923707604408264,0.14,0.687,0.2615,0.1405,0.19684934616088867
F,0.5570865273475647,0.435,0.14,0.8954012989997864,0.3549003005027771,0.1905,0.25183728337287903
I,0.5119251608848572,0.45,0.12934473156929016,0.804,0.3022346794605255,0.16481326520442963,0.23
M,0.555,0.435,0.12912413477897644,0.7495,0.341,0.14871428906917572,0.214
M,0.555,0.39761000871658325,0.126172736287117,0.7173013091087341,0.2345,0.1569356769323349,0.194
F,0.5286265015602112,0.4,0.13,0.7075,0.3192063271999359,0.18220870196819305,0.18
F,0.555,0.45,0.175,0.8467534184455872,0.33274605870246887,0.1755,0.23802898824214935
M,0.5432102084159851,0.4147734045982361,0.135,0.8984867334365845,0.382,0.19443660974502563,0.2391817718744278
F,0.5483775734901428,0.445,0.165,0.9007737040519714,0.3511075973510742,0.179,0.2539207935333252
M,0.5852231979370117,0.46194136142730713,0.125,0.8305,0.4456731677055359,0.2315712571144104,0.28708189725875854
F,0.5276553630828857,0.415,0.125,0.8114661574363708,0.302,0.16989219188690186,0.185
F,0.535370409488678,0.455,0.155,0.8608373403549194,0.3208051025867462,0.183,0.26
F,0.5630699992179871,0.44285711646080017,0.145,0.9552671909332275,0.3774026334285736,0.158,0.255
F,0.5955995917320251,0.4660033583641052,0.16493210196495056,1.0499229431152344,0.45533257722854614,0.195,0.29949644207954407
I,0.5242656469345093,0.40323808789253235,0.13126438856124878,0.8715,0.3755,0.16344568133354187,0.20736120641231537
F,0.5488007068634033,0.4363254904747009,0.155,0.9225658774375916,0.454,0.205,0.2515459358692169
F,0.5507839322090149,0.455,0.155,0.832,0.37016794085502625,0.2039167582988739,0.2608923614025116
M,0.57,0.44,0.1359354853630066,0.9415,0.33033281564712524,0.17680047452449799,0.23483270406723022
F,0.5813942551612854,0.415,0.1540602445602417,1.0218040943145752,0.40374457836151123,0.22390593588352203,0.238
F,0.5327715277671814,0.44,0.12,0.8800329566001892,0.382,0.17272251844406128,0.234
F,0.5672314763069153,0.45277926325798035,0.15064890682697296,0.9319795966148376,0.318,0.193,0.2265
F,0.5606318116188049,0.4416143596172333,0.155,0.9765,0.495,0.2008911818265915,0.2506086528301239
M,0.575,0.40720629692077637,0.135,0.8052440881729126,0.28657421469688416,0.2225,0.239
F,0.5649173259735107,0.455,0.155,0.9610123038291931,0.38059040904045105,0.21200644969940186,0.26625460386276245
F,0.5664429068565369,0.445,0.145,0.9582385420799255,0.38130703568458557,0.2116456776857376,0.2630343437194824
F,0.5794690847396851,0.465,0.1521306037902832,0.9844651818275452,0.3896417021751404,0.202,0.2722240388393402
I,0.5317767262458801,0.4142761528491974,0.13995566964149475,0.7847663760185242,0.35150739550590515,0.162,0.22791077196598053
I,0.575,0.45,0.1299072802066803,0.8245,0.29201599955558777,0.2115,0.2118898183107376
F,0.575,0.429880291223526,0.14388999342918396,0.7955,0.32691773772239685,0.1925,0.22
M,0.6030885577201843,0.4719802439212799,0.16321764886379242,0.857,0.44763052463531494,0.173,0.3003973066806793
F,0.58,0.43357983231544495,0.195,0.9255112409591675,0.37701523303985596,0.173,0.25362643599510193
F,0.5404329299926758,0.5,0.165,0.9100261926651001,0.3403492569923401,0.18923065066337585,0.3005
F,0.58,0.44,0.15,0.8890438675880432,0.34660395979881287,0.1919855773448944,0.2795
F,0.58,0.44,0.145,0.8313811421394348,0.3525,0.17768831551074982,0.22711487114429474
F,0.58,0.4324667751789093,0.14689885079860687,0.8295,0.3365,0.2005,0.25127676129341125
M,0.6005986928939819,0.4693049192428589,0.16072218120098114,0.886,0.4393860995769501,0.24394363164901733,0.223
F,0.5329622030258179,0.4258780777454376,0.135,0.97,0.32722437381744385,0.1955,0.264
F,0.5799205899238586,0.46095046401023865,0.14967380464076996,1.0082563161849976,0.456,0.21911753714084625,0.329
M,0.6,0.43734967708587646,0.14419905841350555,0.99,0.37443122267723083,0.19936978816986084,0.2594600319862366
M,0.6169027090072632,0.48827311396598816,0.16816486418247223,1.133,0.5010066628456116,0.2588198482990265,0.3265128433704376
M,0.6030350923538208,0.4707174301147461,0.1633400171995163,1.071,0.44687017798423767,0.1935,0.3007020354270935
F,0.5144017338752747,0.455,0.145,0.7700806260108948,0.334,0.1985,0.3
F,0.5978385210037231,0.4703536033630371,0.1548699289560318,1.1155,0.479,0.22333644330501556,0.2894436717033386
F,0.61,0.48,0.14530113339424133,0.9371403455734253,0.4375,0.19728124141693115,0.2555809020996094
F,0.61,0.4412844181060791,0.14688751101493835,0.9176900386810303,0.478,0.2945,0.2985
F,0.61,0.4493582546710968,0.155,0.9642218351364136,0.39183369278907776,0.1975,0.2634427547454834
F,0.61,0.47,0.165,0.9166147708892822,0.3762321472167969,0.20083202421665192,0.2518462538719177
F,0.5650421977043152,0.44313761591911316,0.145,0.9529120922088623,0.37940922379493713,0.2825,0.285
M,0.5881061553955078,0.46387478709220886,0.15188387036323547,1.1318128108978271,0.47329360246658325,0.24579644203186035,0.3093031048774719
F,0.5622339844703674,0.495,0.14971666038036346,0.942187488079071,0.3653176426887512,0.3195,0.3225
M,0.5892293453216553,0.46413329243659973,0.1606023758649826,1.0817734003067017,0.42905429005622864,0.23511485755443573,0.3885
M,0.5487714409828186,0.42205169796943665,0.1477918028831482,0.9362994432449341,0.3478243350982666,0.1985621601343155,0.285
M,0.5892295837402344,0.4641335606575012,0.16060227155685425,1.0817742347717285,0.4290548861026764,0.2351151555776596,0.355
F,0.5786651372909546,0.495,0.14794960618019104,0.9798262715339661,0.372,0.2134210765361786,0.2685200870037079
F,0.5796435475349426,0.4569883644580841,0.15888775885105133,1.0203678607940674,0.579,0.346,0.2872675955295563
M,0.62,0.4804851710796356,0.15599140524864197,1.1283694505691528,0.45701971650123596,0.248895063996315,0.3016730844974518
M,0.62,0.40017735958099365,0.13644695281982422,1.0295,0.425,0.2315,0.22403603792190552
F,0.625,0.495,0.14523491263389587,1.0485,0.487,0.18420203030109406,0.24538326263427734
F,0.5531933307647705,0.515,0.17,1.331,0.3899798095226288,0.20984311401844025,0.264733225107193
M,0.5881061553955078,0.46387478709220886,0.15188387036323547,1.1318128108978271,0.47329360246658325,0.24579644203186035,0.3093031048774719
F,0.625,0.43562740087509155,0.16,1.09,0.3568897843360901,0.2965,0.25116023421287537
F,0.5632530450820923,0.44304245710372925,0.18,0.9527243375778198,0.3769876956939697,0.351,0.375
F,0.625,0.4447265565395355,0.145,0.9885929822921753,0.381530225276947,0.21051274240016937,0.265
M,0.5345906019210815,0.40949130058288574,0.155,0.8641687631607056,0.33306658267974854,0.19341447949409485,0.2428860068321228
M,0.6011497974395752,0.4701981246471405,0.16126300394535065,1.2695,0.4389944076538086,0.24393363296985626,0.3395
F,0.635,0.52,0.14529010653495789,1.3405,0.3790816366672516,0.1948593407869339,0.2539747953414917
F,0.5800402760505676,0.505,0.1463201940059662,0.9897021055221558,0.3850386142730713,0.21604034304618835,0.26063039898872375
M,0.5881061553955078,0.46387478709220886,0.15188387036323547,1.1318128108978271,0.47329360246658325,0.24579644203186035,0.3093031048774719
F,0.6002840995788574,0.4801149070262909,0.1586315929889679,1.1308403015136719,0.6535,0.23824787139892578,0.31297218799591064
M,0.5694315433502197,0.4530348479747772,0.15248635411262512,1.229,0.411388099193573,0.2213772088289261,0.2819320559501648
F,0.64,0.44750702381134033,0.165,1.1895,0.3960343599319458,0.2102641612291336,0.2662327289581299
F,0.64,0.4209122359752655,0.145,0.8097146153450012,0.508,0.24,0.34
F,0.5662907958030701,0.515,0.165,0.9586232304573059,0.38115665316581726,0.21164530515670776,0.263474702835083
F,0.64,0.49,0.135,0.866733193397522,0.33970531821250916,0.1858133226633072,0.2925
M,0.5696214437484741,0.4339092969894409,0.15348845720291138,0.9354395866394043,0.3771721422672272,0.269,0.2608288526535034
F,0.5914274454116821,0.485,0.15499386191368103,1.0610049962997437,0.6735,0.22373773157596588,0.2974707782268524
M,0.6169023513793945,0.48827290534973145,0.16816522181034088,1.6195,0.5010047554969788,0.25881901383399963,0.3265124559402466
F,0.5979873538017273,0.47075265645980835,0.1548496037721634,1.32,0.6525,0.22237806022167206,0.2902354300022125
F,0.5497162342071533,0.43865564465522766,0.21,0.9153517484664917,0.616,0.3655,0.25358280539512634
F,0.5833591222763062,0.52,0.15548866987228394,1.238,0.4283439815044403,0.2311178594827652,0.28363028168678284
F,0.568652331829071,0.44757184386253357,0.155,1.189,0.38687586784362793,0.21706265211105347,0.3645
F,0.5697503089904785,0.51,0.153580904006958,1.375,0.3910854756832123,0.21945324540138245,0.3985
F,0.5955992341041565,0.4660007357597351,0.16493336856365204,1.0499029159545898,0.4553194046020508,0.2485,0.29949358105659485
F,0.655,0.4614255130290985,0.175,1.0439512729644775,0.421410471200943,0.22523409128189087,0.27861306071281433
F,0.5979975461959839,0.4705410301685333,0.15484999120235443,1.1445,0.53,0.22270990908145905,0.2899106442928314
F,0.5653946399688721,0.535,0.14637307822704315,1.4415,0.5925,0.18690381944179535,0.24013610184192657
F,0.6002836227416992,0.4801151156425476,0.15863138437271118,1.1308397054672241,0.5055,0.23824840784072876,0.31297245621681213
F,0.5715093016624451,0.5,0.1483951210975647,0.9637759923934937,0.4625,0.2047501504421234,0.3595
F,0.5818004012107849,0.4575417637825012,0.15843944251537323,1.0266566276550293,0.5115,0.2675,0.2887752652168274
M,0.5892293453216553,0.46413323283195496,0.160602405667305,1.081773281097412,0.4290541410446167,0.23511478304862976,0.4
F,0.5555152893066406,0.4408285319805145,0.205,1.4015,0.3703542947769165,0.2465,0.2629413902759552
F,0.675,0.45224860310554504,0.14968065917491913,1.312,0.556,0.2078786939382553,0.2699779272079468
F,0.5601351857185364,0.51,0.185,0.9476677179336548,0.36665236949920654,0.20657482743263245,0.4245
F,0.5911344289779663,0.54,0.1500539630651474,1.032334566116333,0.423132061958313,0.234125554561615,0.2754117548465729
M,0.5430212616920471,0.41487544775009155,0.155,0.8995947241783142,0.671,0.19415883719921112,0.23881517350673676
F,0.685,0.4279966652393341,0.155,1.3845,0.6615,0.18371416628360748,0.23392954468727112
M,0.5694316625595093,0.4530353844165802,0.15248675644397736,1.6915,0.4113888442516327,0.2213772088289261,0.2819328010082245
M,0.6169024109840393,0.48827290534973145,0.16816522181034088,1.5715,0.5010048747062683,0.258819043636322,0.32651248574256897
F,0.5675830841064453,0.43104735016822815,0.205,0.9006878137588501,0.3752797842025757,0.447,0.2546730935573578
M,0.534008264541626,0.4267844557762146,0.175,1.4405,0.3493114411830902,0.19696824252605438,0.25114601850509644
F,0.5911344289779663,0.55,0.1500539630651474,1.0323342084884644,0.4231318235397339,0.23412543535232544,0.2754116654396057
M,0.705,0.480485200881958,0.15599124133586884,1.1283650398254395,0.4570164084434509,0.2488938421010971,0.30167174339294434
F,0.6205891966819763,0.4802040159702301,0.16620303690433502,1.2668747901916504,0.5366976261138916,0.2701498866081238,0.33167779445648193
M,0.5701260566711426,0.45425909757614136,0.19,1.0323562622070312,0.42489880323410034,0.2311534881591797,0.28173795342445374
F,0.590906023979187,0.57,0.15513047575950623,1.0567346811294556,0.744,0.22352632880210876,0.2948090434074402
F,0.5963413119316101,0.4735121428966522,0.16042806208133698,1.0638940334320068,0.44484710693359375,0.366,0.44
M,0.570125937461853,0.45425882935523987,0.215,1.032353401184082,0.42489686608314514,0.2311526983976364,0.28173762559890747
I,0.135,0.13,0.04,0.029,0.0125,0.0065,0.008
I,0.4005511999130249,0.31119799613952637,0.09960920363664627,0.0195,0.0075,0.005,0.11027950048446655
I,0.21,0.15,0.055,0.0465,0.017,0.012,0.015
I,0.28,0.21,0.075,0.1195,0.053,0.0265,0.03
I,0.28,0.2,0.065,0.0895,0.036,0.0185,0.03
I,0.285,0.24701672792434692,0.06,0.20000958442687988,0.031,0.023,0.03
I,0.3718046247959137,0.29417797923088074,0.07,0.3056030571460724,0.048,0.0205,0.03
I,0.29,0.21,0.0744285061955452,0.1195,0.056,0.045133352279663086,0.03
I,0.29,0.21,0.065,0.097,0.0375,0.022,0.03
I,0.32,0.24,0.07,0.133,0.0585,0.036878421902656555,0.041
I,0.325,0.25,0.07,0.1745,0.09099658578634262,0.051544368267059326,0.04
I,0.31473618745803833,0.25,0.07543540745973587,0.1695,0.0695,0.044,0.0495
I,0.35,0.235,0.08,0.17,0.0725,0.0465,0.0495
I,0.35,0.25,0.07020550221204758,0.1605,0.0715,0.0335,0.046
I,0.355,0.27,0.105,0.271,0.1425,0.0525,0.0735
I,0.36,0.27,0.085,0.2185,0.1065,0.038,0.062
I,0.36,0.27,0.08460744470357895,0.2624697983264923,0.0905,0.034,0.053
I,0.375,0.28,0.08,0.1598387062549591,0.105,0.04466788470745087,0.065
I,0.375,0.275,0.085,0.22,0.109,0.05,0.0605
I,0.395,0.29,0.095,0.3,0.07584256678819656,0.068,0.078
I,0.405,0.25,0.09,0.2875,0.128,0.046818360686302185,0.0805
I,0.415,0.325,0.11,0.316,0.08470501750707626,0.0795,0.0925
I,0.42431411147117615,0.3350770175457001,0.10801735520362854,0.44293540716171265,0.1865,0.0675,0.12907889485359192
I,0.43,0.32,0.11,0.3675,0.1675,0.042155906558036804,0.105
I,0.42173224687576294,0.3307497501373291,0.12,0.346,0.18861936032772064,0.11034750193357468,0.12718555331230164
I,0.3890676498413086,0.33,0.0988989770412445,0.3852982819080353,0.2575,0.082,0.129
I,0.46,0.31343328952789307,0.10715733468532562,0.4675,0.2125,0.099,0.12370102107524872
M,0.5077338218688965,0.365,0.1362854540348053,0.7674998044967651,0.3012451231479645,0.1525,0.209954634308815
I,0.47,0.375,0.105,0.441,0.1901882141828537,0.0865,0.12774819135665894
I,0.475,0.367203027009964,0.12518665194511414,0.6043120622634888,0.268,0.1095,0.1847231090068817
M,0.505,0.433338463306427,0.14079833030700684,0.858523964881897,0.3322615325450897,0.1385,0.2407800853252411
F,0.505,0.4034096896648407,0.13072171807289124,0.5915,0.27372974157333374,0.1315,0.185
I,0.45196157693862915,0.385,0.11113965511322021,0.4825,0.21,0.11465603858232498,0.1535
F,0.51,0.4264622628688812,0.135,0.8469898104667664,0.2875,0.154,0.23378168046474457
M,0.4455964267253876,0.338580846786499,0.14,0.6335,0.20170165598392487,0.145,0.168
M,0.5212082266807556,0.41,0.13,0.6875,0.3435,0.16119292378425598,0.20606815814971924
F,0.53,0.4544333815574646,0.1454412341117859,0.9862444400787354,0.3638070225715637,0.20684318244457245,0.196
F,0.53,0.4200090169906616,0.13579876720905304,0.7817263007164001,0.2635,0.1565,0.185
M,0.616904616355896,0.4882747530937195,0.16816262900829315,0.8395,0.5010195970535278,0.258825421333313,0.32651573419570923
F,0.5456409454345703,0.47,0.15,0.9205,0.35525524616241455,0.1827436089515686,0.2350635826587677
F,0.5343450307846069,0.41,0.16,0.8625671863555908,0.342,0.18388615548610687,0.253
M,0.5050231218338013,0.38597381114959717,0.145,0.7729116082191467,0.4345,0.212,0.2475
F,0.57,0.435,0.142377108335495,0.9077155590057373,0.3875,0.1880733072757721,0.24234198033809662
F,0.58,0.4597408175468445,0.16,1.0409082174301147,0.4186888337135315,0.2239818423986435,0.2788655459880829
F,0.5411475896835327,0.465,0.165,1.115,0.5165,0.18215440213680267,0.23211298882961273
F,0.5586277842521667,0.45,0.14598652720451355,0.9260050058364868,0.3572137951850891,0.177,0.2425
M,0.5183738470077515,0.40323391556739807,0.14,0.8665052056312561,0.4295,0.1875530481338501,0.295
F,0.61,0.4493269622325897,0.15312255918979645,1.112,0.39728447794914246,0.2236524522304535,0.341
F,0.5642412304878235,0.515,0.14887270331382751,0.9306620955467224,0.5255,0.252,0.26156237721443176
M,0.5613574981689453,0.515,0.13687129318714142,0.869066059589386,0.34704235196113586,0.18848079442977905,0.23843061923980713
I,0.255,0.19,0.06,0.086,0.04,0.0185,0.025
I,0.27,0.195,0.065,0.1065,0.0475,0.0225,0.0285
I,0.28,0.215,0.08,0.132,0.072,0.035225652158260345,0.033
I,0.285,0.215,0.07,0.1075,0.051,0.0225,0.027
I,0.32,0.2726869583129883,0.08729040622711182,0.1745,0.072,0.033,0.0780605599284172
I,0.325,0.24,0.07,0.152,0.0565,0.0305,0.054
I,0.36996492743492126,0.2837257981300354,0.1,0.2755,0.1305,0.07013338804244995,0.0725
I,0.32339608669281006,0.295,0.1,0.19296467304229736,0.14,0.062,0.082
F,0.4,0.305,0.16,0.368,0.173,0.0705,0.105
I,0.405,0.31,0.0818549394607544,0.312,0.138,0.06,0.087
I,0.42509835958480835,0.32603979110717773,0.12,0.336,0.19228044152259827,0.076,0.0805
I,0.388269305229187,0.3008139133453369,0.115,0.33065876364707947,0.1895,0.065,0.087
I,0.44,0.305,0.115,0.379,0.162,0.091,0.11
I,0.343750536441803,0.32,0.12,0.2406546175479889,0.152,0.06050514429807663,0.12
I,0.40475255250930786,0.35,0.10313713550567627,0.4655,0.2075,0.1045,0.1129532977938652
F,0.5474768280982971,0.43827950954437256,1.13,0.594,0.3733762204647064,0.2052294909954071,0.2551603615283966
M,0.42410919070243835,0.31669607758522034,0.10522765666246414,0.4347708225250244,0.2435,0.1175,0.132
M,0.46,0.3161425292491913,0.11,0.43516626954078674,0.16487084329128265,0.0885,0.116
M,0.465,0.36,0.11,0.4955,0.2665,0.085,0.121
M,0.465,0.3921447694301605,0.13433338701725006,0.7058442234992981,0.31661105155944824,0.074,0.2067507952451706
F,0.475,0.3938809931278229,0.14,0.689,0.3165,0.1315,0.1955
I,0.48,0.35,0.135,0.5465,0.2735,0.0995,0.158
M,0.45452529191970825,0.39,0.135,0.617,0.25,0.1345,0.1581728458404541
I,0.49,0.37,0.11,0.5144240856170654,0.217725470662117,0.10247205942869186,0.13359352946281433
M,0.5114334225654602,0.39,0.135,0.7815,0.361,0.15921317040920258,0.20402278006076813
F,0.5,0.38161319494247437,0.14,0.7110535502433777,0.277,0.143,0.1785
M,0.4660339951515198,0.385,0.11875716596841812,0.6435,0.20646050572395325,0.149,0.1515
I,0.525,0.3815228044986725,0.12238409370183945,0.6844884157180786,0.246,0.15075813233852386,0.1455
F,0.5526440143585205,0.42,0.125,0.738,0.3679940700531006,0.19949306547641754,0.23928555846214294
F,0.5133317708969116,0.4101293087005615,0.13,0.699,0.3125,0.1565,0.2035
F,0.54,0.385,0.14,0.7655,0.3265,0.1640375703573227,0.21293598413467407
F,0.5206376910209656,0.42,0.13470478355884552,0.7505,0.368,0.1675,0.1845
F,0.545,0.451994925737381,0.151996448636055,0.998798131942749,0.3945,0.1855,0.27363520860671997
F,0.5705869197845459,0.41,0.15446995198726654,0.8705,0.38149356842041016,0.2115,0.2700510025024414
I,0.55,0.42,0.120216965675354,0.668,0.2925,0.137,0.1724083572626114
F,0.5754086971282959,0.4447301924228668,0.15153907239437103,0.9525327086448669,0.393,0.1735,0.2664327025413513
M,0.513740599155426,0.45,0.12,0.7221683263778687,0.28378841280937195,0.1475,0.19352656602859497
F,0.5256326198577881,0.435,0.15,0.8222140669822693,0.3026878535747528,0.207,0.192
F,0.585,0.4304664134979248,0.1441991627216339,1.079,0.4145,0.19723735749721527,0.356
M,0.595,0.43649423122406006,0.1438273936510086,0.919,0.37069419026374817,0.19731909036636353,0.2584248483181
F,0.5424449443817139,0.47,0.19,1.1345,0.35659700632095337,0.18594013154506683,0.24122244119644165
F,0.61,0.4641614258289337,0.14942705631256104,1.0354294776916504,0.438,0.20482055842876434,0.2692657709121704
F,0.5675520300865173,0.44717642664909363,0.165,1.2435,0.3849744498729706,0.21678519248962402,0.372
F,0.62,0.49,0.16,1.056,0.28629979491233826,0.244,0.2725
M,0.570127546787262,0.45426255464553833,0.15,1.032390832901001,0.4249218702316284,0.23116306960582733,0.28174224495887756
F,0.5756106972694397,0.4450196623802185,0.1505524069070816,1.238,0.6165,0.2355,0.26324209570884705
M,0.665,0.47180384397506714,0.1572936624288559,1.644,0.46324220299720764,0.23914632201194763,0.29824697971343994
F,0.5911344289779663,0.55,0.1500539630651474,1.0323342084884644,0.4231318235397339,0.23412543535232544,0.2754116654396057
F,0.600284218788147,0.4801148772239685,0.15863162279129028,1.1308403015136719,0.73,0.23824778199195862,0.31297215819358826
F,0.5704053044319153,0.57,0.15336903929710388,1.761,0.3817382752895355,0.3725,0.26682502031326294
F,0.5884950757026672,0.44278016686439514,0.16002647578716278,0.9675300717353821,0.4016055762767792,0.2815,0.2770552635192871
F,0.5725002884864807,0.45580464601516724,0.22,1.0293692350387573,0.9155,0.22238878905773163,0.27665597200393677
F,0.6205891966819763,0.4802040159702301,0.16620303690433502,1.2668747901916504,0.5366976261138916,0.2701498866081238,0.33167779445648193
F,0.6002841591835022,0.4801149070262909,0.1586315929889679,1.1308403015136719,0.6555,0.23824787139892578,0.31297218799591064
M,0.570125937461853,0.4542587697505951,0.22,1.032353162765503,0.4248966574668884,0.23115260899066925,0.2817375659942627
F,0.505,0.39,0.1390080451965332,0.66,0.3045,0.1555,0.21654699742794037
F,0.5709447860717773,0.44901326298713684,0.14890249073505402,0.9615938067436218,0.2995,0.1355,0.2657955288887024
F,0.3910790979862213,0.3236493170261383,0.115,0.616,0.243,0.1075,0.21
I,0.405,0.305,0.09,0.25407129526138306,0.10691624134778976,0.0575,0.095
I,0.415,0.2659878730773926,0.1,0.3355,0.1545,0.0685,0.095
M,0.5099769234657288,0.39,0.12652994692325592,0.6946690678596497,0.273,0.132,0.18729543685913086
M,0.425,0.24265871942043304,0.08,0.361,0.134,0.0825,0.125
M,0.47,0.35,0.1,0.4775,0.1885,0.0885,0.175
F,0.4,0.31,0.115,0.3465,0.1475,0.0695,0.115
I,0.3568204343318939,0.29,0.1,0.25,0.1025,0.0505,0.07074236124753952
M,0.4816177189350128,0.38,0.155,0.66,0.24147355556488037,0.1365,0.18839634954929352
I,0.33762428164482117,0.31,0.11,0.315,0.124,0.082,0.095
M,0.375,0.23859558999538422,0.1,0.276,0.1175,0.0565,0.085
F,0.49,0.3726898729801178,0.125,0.639538049697876,0.25190797448158264,0.128,0.165
F,0.5955992341041565,0.466000497341156,0.1649334728717804,1.0499011278152466,0.45531827211380005,0.265,0.29949334263801575
F,0.5649173259735107,0.455,0.155,0.9610123038291931,0.38059040904045105,0.21200644969940186,0.26625460386276245
F,0.5884953141212463,0.44277989864349365,0.1600266844034195,0.9675282835960388,0.4016045928001404,0.3705,0.2770552337169647
M,0.6541774272918701,0.513593852519989,0.1757621467113495,2.1835,0.6013489365577698,0.29340752959251404,0.3663789927959442
M,0.6169026494026184,0.488273024559021,0.16816498339176178,1.2105,0.501006007194519,0.258819580078125,0.32651272416114807
I,0.325,0.25,0.055,0.166,0.076,0.051,0.03716689348220825
I,0.37433451414108276,0.355,0.08,0.35825029015541077,0.14787375926971436,0.0995,0.125
F,0.5619388222694397,0.405,0.15032541751861572,0.9120429158210754,0.3265,0.1975,0.2616252899169922
I,0.385,0.29,0.09,0.232,0.0855,0.0495,0.08
I,0.13,0.095,0.035,0.0105,0.005,0.0065,0.0035
I,0.18,0.13,0.045,0.0275,0.06486376374959946,0.01,0.009
I,0.3371824026107788,0.225,0.05,0.1445,0.1132354810833931,0.0385,0.06614899635314941
F,0.375,0.29,0.092048779129982,0.282,0.1405,0.0725,0.08
F,0.4735940098762512,0.3610389828681946,0.1307796835899353,0.608,0.2705,0.1405,0.14898522198200226
I,0.455,0.37,0.09223952889442444,0.433,0.201,0.1265,0.145
M,0.425,0.325,0.1,0.20951592922210693,0.1365,0.0725,0.11
I,0.475,0.36,0.11,0.4555,0.177,0.0965,0.145
F,0.435,0.35,0.12,0.34938618540763855,0.192,0.1,0.13
I,0.29,0.21,0.075,0.275,0.113,0.0675,0.035
M,0.3819921314716339,0.295,0.09995035082101822,0.38572797179222107,0.1405729502439499,0.094,0.09
M,0.43809378147125244,0.33987265825271606,0.115,0.5266017913818359,0.2113777995109558,0.11823859065771103,0.15
F,0.5202110409736633,0.4,0.13191811740398407,0.7439970970153809,0.2395,0.16635027527809143,0.185
I,0.36803629994392395,0.31,0.1,0.127,0.106,0.07359660416841507,0.08237291127443314
M,0.6169027090072632,0.48827311396598816,0.1681649088859558,1.1505,0.5010064840316772,0.2588197588920593,0.32651281356811523
F,0.595,0.44721171259880066,0.15,0.9967285394668579,0.3865092396736145,0.21294616162776947,0.245
M,0.5581070184707642,0.43577125668525696,0.14897455275058746,0.97,0.37329041957855225,0.185,0.2620171010494232
I,0.32,0.24,0.0845528170466423,0.18,0.08,0.05700249969959259,0.055
F,0.52,0.41,0.13903085887432098,0.8438493609428406,0.2945,0.17615966498851776,0.215
M,0.44,0.35,0.08253500610589981,0.4585,0.2,0.0885,0.13
I,0.44,0.33,0.115,0.4005,0.143,0.113,0.06682354211807251
M,0.565,0.4391609728336334,0.14515140652656555,0.8912140727043152,0.3477969765663147,0.166,0.2545948326587677
F,0.56,0.425,0.125,0.8256774544715881,0.361,0.17175652086734772,0.335
F,0.5390477180480957,0.455,0.1456148624420166,0.966,0.32997843623161316,0.2455,0.31
F,0.57,0.465,0.1425548642873764,0.8988461494445801,0.405,0.18760447204113007,0.2423253357410431
F,0.5911344289779663,0.53,0.1500539779663086,1.0323349237442017,0.42313235998153687,0.23412568867206573,0.27541184425354004
I,0.45,0.36,0.125,0.5065,0.13643097877502441,0.105,0.16
I,0.32,0.24,0.075,0.1735,0.076,0.036102406680583954,0.05
I,0.3480318486690521,0.2725033760070801,0.11,0.3945,0.1685,0.0865,0.125
M,0.36662596464157104,0.37,0.105,0.4665,0.2025,0.1015,0.08543682843446732
M,0.455,0.35,0.09216602146625519,0.31967535614967346,0.1575,0.083,0.135
I,0.415,0.2814500033855438,0.115,0.3411257266998291,0.1405,0.0765,0.11
I,0.465,0.35,0.10776221007108688,0.4341380298137665,0.2015,0.1625,0.11740531027317047
I,0.46,0.375,0.12226229161024094,0.4935,0.23167885839939117,0.0845,0.1630985289812088
M,0.415,0.31,0.09,0.3245,0.07257243245840073,0.0735,0.115
M,0.27,0.195,0.07,0.106,0.0465,0.018,0.04436613619327545
M,0.445,0.355,0.11,0.2750014662742615,0.1805,0.1035,0.0785963386297226
F,0.5955991744995117,0.46599990129470825,0.16493375599384308,1.0498965978622437,0.4553152918815613,0.437,0.2994926869869232
F,0.4,0.3,0.115,0.3025,0.1335,0.0465,0.0935
I,0.28,0.2,0.075,0.1225,0.0545,0.0115,0.035
M,0.5482076406478882,0.4239572286605835,0.1487097144126892,0.879,0.3570782244205475,0.2072967141866684,0.265
M,0.5892292261123657,0.4641331136226654,0.16060245037078857,1.0817726850509644,0.42905375361442566,0.23511458933353424,0.435
M,0.570126473903656,0.45426008105278015,0.165,1.032366156578064,0.42490535974502563,0.23115621507167816,0.28173917531967163
F,0.5911344289779663,0.495,0.15005400776863098,1.032336950302124,0.423133909702301,0.23412635922431946,0.2754124104976654
F,0.5594945549964905,0.42,0.14833779633045197,0.9190037846565247,0.3025,0.1987209916114807,0.285
F,0.64,0.4731871485710144,0.16114869713783264,1.0627727508544922,0.44588908553123474,0.3315,0.3021963834762573
F,0.600284218788147,0.4801148474216461,0.15863162279129028,1.1308403015136719,0.732,0.23824778199195862,0.31297215819358826
F,0.6205891966819763,0.4802040159702301,0.16620303690433502,1.2668747901916504,0.5366976261138916,0.2701498866081238,0.33167779445648193
M,0.71,0.4804852306842804,0.15599122643470764,1.12836492061615,0.45701631903648376,0.2488938271999359,0.30167171359062195
F,0.55,0.47,0.14488375186920166,0.897,0.34893885254859924,0.18842552602291107,0.29
M,0.30995139479637146,0.305,0.09,0.3245,0.1395,0.0565,0.095
F,0.5930159091949463,0.46865326166152954,0.15935778617858887,1.042062520980835,0.43312519788742065,0.311,0.3
I,0.34366756677627563,0.28,0.0854397863149643,0.2735,0.12461503595113754,0.061,0.085
F,0.37,0.275,0.085,0.2405,0.104,0.0535,0.06416086107492447
I,0.335,0.235,0.085,0.1545,0.066,0.0345,0.04909120500087738
I,0.165,0.115,0.015,0.0145,0.1119178757071495,0.06241992861032486,0.005
M,0.285,0.21,0.075,0.16013401746749878,0.055,0.0285,0.04
I,0.19,0.22228765487670898,0.03,0.0295,0.0155,0.015,0.01
I,0.215,0.15,0.03,0.0385,0.0115,0.005,0.01
M,0.595,0.3899938464164734,0.13089138269424438,0.799,0.3245,0.16202612221240997,0.23
F,0.6205891966819763,0.4802040159702301,0.16620303690433502,1.2668747901916504,0.5366976261138916,0.2701498866081238,0.33167779445648193
F,0.5799300074577332,0.45,0.15252941846847534,0.9859693050384521,0.39073729515075684,0.197,0.2730420231819153
F,0.5955997109413147,0.4660046398639679,0.1649315059185028,1.049932599067688,0.4553389251232147,0.187,0.2994977831840515
F,0.598436176776886,0.47242918610572815,0.1634497493505478,1.071,0.45373237133026123,0.23009496927261353,0.30047330260276794
F,0.5643371939659119,0.48,0.15203319489955902,0.9841269850730896,0.3742165267467499,0.209128275513649,0.34
F,0.595,0.47,0.14066076278686523,1.283,0.462,0.17287859320640564,0.445
F,0.5502316951751709,0.42,0.14983531832695007,0.9095699787139893,0.35162287950515747,0.165,0.445
F,0.5586165189743042,0.42,0.165,0.9628995060920715,0.3778378963470459,0.21156524121761322,0.26782822608947754
F,0.55,0.46413981914520264,0.15050026774406433,1.0517659187316895,0.317,0.21829237043857574,0.27970588207244873
I,0.5080568790435791,0.388489693403244,0.1316758245229721,0.6847447752952576,0.2345,0.1628858596086502,0.19733405113220215
I,0.32,0.235,0.07928899675607681,0.1485,0.064,0.031,0.045
I,0.445,0.32264983654022217,0.10977195203304291,0.45253559947013855,0.193,0.1035,0.12991173565387726
F,0.5679284334182739,0.43437549471855164,0.15476146340370178,0.9013645052909851,0.295,0.1715,0.25397345423698425
M,0.41793468594551086,0.385,0.135,0.6335,0.2,0.1225,0.26
M,0.42475807666778564,0.37,0.10665708035230637,0.547,0.222,0.1325,0.11908449977636337
F,0.44877538084983826,0.36080074310302734,0.12371233105659485,0.56117182970047,0.243,0.115,0.195
M,0.5537912249565125,0.427471399307251,0.14778302609920502,0.9332899451255798,0.3539516031742096,0.1985,0.315
M,0.5345914959907532,0.4094899594783783,0.185,0.8641587495803833,0.33306169509887695,0.19341252744197845,0.24288511276245117
F,0.5759806036949158,0.4506954252719879,0.14916791021823883,1.0405,0.419,0.21038644015789032,0.3
I,0.215,0.22321616113185883,0.055,0.0605,0.0205,0.014,0.02
I,0.43,0.325,0.07697295397520065,0.17486506700515747,0.1355,0.0935,0.12
I,0.26,0.215,0.07667208462953568,0.099,0.037,0.0255,0.05132843554019928
I,0.37,0.28,0.09,0.233,0.0905,0.0545,0.07
I,0.37057816982269287,0.2864047586917877,0.105,0.3625,0.1565,0.07013320177793503,0.125
I,0.29351311922073364,0.19,0.08,0.081,0.0265,0.0195,0.03
F,0.5537649393081665,0.55,0.2,0.9244983792304993,0.35712680220603943,0.1955995410680771,0.24767513573169708
F,0.5911344289779663,0.515,0.1500539779663086,1.032335638999939,0.42313289642333984,0.23412591218948364,0.27541205286979675
F,0.5800742506980896,0.49,0.15262550115585327,0.9861658811569214,0.3908613920211792,0.2285,0.2733005881309509
F,0.57,0.405,0.1466265618801117,0.9985785484313965,0.40367260575294495,0.22134707868099213,0.2696434557437897
M,0.5966052412986755,0.4681343734264374,0.1607498675584793,1.36,0.43075183033943176,0.23950499296188354,0.47
M,0.42,0.345,0.105,0.43,0.175,0.096,0.05728299915790558
I,0.3056861460208893,0.22,0.08,0.16584834456443787,0.0565,0.0285,0.042
F,0.29,0.225,0.075,0.14,0.0515,0.0235,0.04
M,0.42,0.34,0.115,0.4215,0.08288948982954025,0.093,0.135
M,0.6169024109840393,0.48827287554740906,0.16816522181034088,1.5765,0.5010048151016235,0.258819043636322,0.32651248574256897
F,0.5955994725227356,0.46600237488746643,0.16493257880210876,1.0499154329299927,0.4553276598453522,0.205,0.2994953393936157
M,0.66,0.47181782126426697,0.15731678903102875,1.6305,0.4633689522743225,0.23923765122890472,0.2983374297618866
F,0.5603547692298889,0.47,0.14902052283287048,0.9068335294723511,0.387,0.258,0.25814610719680786
F,0.5474449992179871,0.4376632571220398,0.235,1.366,0.363797664642334,0.219,0.25836125016212463
F,0.5595693588256836,0.51,0.23,0.9652552604675293,0.3787255585193634,0.2117711752653122,0.2684310972690582
I,0.43,0.325,0.12,0.445,0.10151060670614243,0.0995,0.155
I,0.42280569672584534,0.35,0.14,0.5725,0.17722056806087494,0.1325,0.175
I,0.33,0.26,0.08,0.19,0.0765,0.0385,0.065
F,0.5527764558792114,0.415,0.14604750275611877,0.764,0.276,0.1953241378068924,0.24671407043933868
M,0.495,0.3954278528690338,0.15,0.7923547029495239,0.3285,0.1726149171590805,0.22481389343738556
F,0.485,0.375,0.13328847289085388,0.7542211413383484,0.32303720712661743,0.1155,0.2144615352153778
F,0.535,0.46,0.145,0.7875,0.3099677562713623,0.17509402334690094,0.2
F,0.58,0.43206533789634705,0.1432323157787323,0.8724268674850464,0.401,0.1865,0.385
M,0.625,0.4804851710796356,0.15599139034748077,1.1283689737319946,0.4570193588733673,0.24889492988586426,0.30167293548583984
F,0.5376135110855103,0.43014878034591675,0.18,0.9004034996032715,0.296,0.19970035552978516,0.2480267882347107
F,0.500092089176178,0.425,0.145,0.7449494004249573,0.297,0.15,0.265
M,0.5291297435760498,0.4141368567943573,0.13969579339027405,0.8809154629707336,0.356,0.19063609838485718,0.28
I,0.355,0.24983271956443787,0.11,0.2075830101966858,0.0815,0.0525,0.08
I,0.275,0.2,0.06925274431705475,0.086,0.0305,0.019,0.03
F,0.505,0.3962305188179016,0.175,0.7038130760192871,0.267,0.15,0.215
I,0.4153556227684021,0.28,0.10807269811630249,0.5217875242233276,0.22174309194087982,0.11853722482919693,0.075
F,0.48942509293556213,0.43,0.165,0.7575,0.2735,0.1635,0.275
F,0.5338093638420105,0.4313376247882843,0.165,0.8737027645111084,0.33961719274520874,0.155,0.25
F,0.5176035165786743,0.445,0.18,0.903,0.2968285083770752,0.2045,0.295
F,0.5810881853103638,0.475,0.15556207299232483,1.0277562141418457,0.4075172543525696,0.22479645907878876,0.35
F,0.57,0.4682813584804535,0.15735182166099548,1.0391693115234375,0.4295003116130829,0.1845,0.2899378836154938
M,0.5701262354850769,0.4542595148086548,0.175,1.0323604345321655,0.4249015748500824,0.2311546355485916,0.2817384600639343
F,0.5471088290214539,0.435,0.14356210827827454,0.8680031895637512,0.422,0.2435,0.33
F,0.585,0.41111987829208374,0.19,1.171,0.3905,0.1755387783050537,0.4
I,0.36031731963157654,0.335,0.11,0.3711414635181427,0.16381627321243286,0.08342566341161728,0.08854202926158905
F,0.46,0.36,0.115,0.515346348285675,0.2190682291984558,0.105,0.13943524658679962
M,0.415,0.29481756687164307,0.10144297778606415,0.388,0.15024927258491516,0.09403794258832932,0.125
I,0.3373761773109436,0.32,0.12,0.3785,0.152,0.0915,0.125
F,0.475,0.3702124357223511,0.12519964575767517,0.5707436203956604,0.1735,0.07,0.18149805068969727
I,0.465,0.36,0.13,0.4730483293533325,0.1818591207265854,0.1185,0.165
I,0.355,0.28,0.1,0.2275,0.0935,0.0455,0.085
M,0.46,0.3110131323337555,0.14,0.45037686824798584,0.192,0.1045,0.205
F,0.38,0.3241356909275055,0.11723536252975464,0.3105,0.16898144781589508,0.1165354996919632,0.105
F,0.47,0.3369309604167938,0.12,0.543,0.2295,0.1495,0.10412666201591492
M,0.36,0.27,0.09,0.1726384460926056,0.083,0.053,0.075
F,0.6205891966819763,0.4802040159702301,0.16620303690433502,1.2668747901916504,0.5366976261138916,0.2701498866081238,0.33167779445648193
M,0.5892292857170105,0.4641331732273102,0.1606024205684662,1.081773042678833,0.42905399203300476,0.2351147085428238,0.415
M,0.6,0.45033061504364014,0.14385676383972168,0.9534720182418823,0.36921826004981995,0.2037302404642105,0.26545828580856323
F,0.52273029088974,0.46,0.1387285590171814,1.1,0.4125,0.2205,0.38
F,0.645,0.4473365247249603,0.2,1.4285,0.3932231068611145,0.21083509922027588,0.2695830464363098
F,0.5911344289779663,0.495,0.15005400776863098,1.032336950302124,0.423133909702301,0.23412635922431946,0.2754124104976654
M,0.51,0.41554826498031616,0.13779664039611816,0.6185,0.29157811403274536,0.1385,0.22236588597297668
M,0.5118798017501831,0.38,0.12503570318222046,0.6671433448791504,0.2505,0.15325020253658295,0.1928914338350296
F,0.495,0.40172913670539856,0.165,0.7688530683517456,0.264,0.134,0.285
M,0.36990222334861755,0.335,0.115,0.3729982078075409,0.1324470192193985,0.0935,0.135
M,0.59,0.46590790152549744,0.15381860733032227,1.0709129571914673,0.4218597710132599,0.2352202832698822,0.295
F,0.55,0.4281355142593384,0.175,0.9117072820663452,0.35169875621795654,0.1825,0.32
F,0.585,0.43,0.16,0.892997682094574,0.34713611006736755,0.1921338438987732,0.27
F,0.58,0.445785790681839,0.14850477874279022,0.9584182500839233,0.312,0.21042704582214355,0.3
F,0.5456845760345459,0.42747193574905396,0.15,1.456,0.581,0.18518498539924622,0.32
I,0.5410196185112,0.45,0.13565853238105774,0.7629891633987427,0.3188856244087219,0.2185,0.22763018310070038
F,0.5914516448974609,0.575,0.15513227880001068,1.0610078573226929,0.8955,0.2236393392086029,0.29689520597457886
F,0.5523341298103333,0.51,0.14638525247573853,0.9022151827812195,0.3422412574291229,0.261,0.36
F,0.61,0.4360729157924652,0.14623059332370758,1.0675,0.391,0.18504199385643005,0.42
F,0.6205891966819763,0.4802040159702301,0.16620303690433502,1.2668747901916504,0.5366976261138916,0.2701498866081238,0.33167779445648193
F,0.5374971628189087,0.45,0.16,0.8643137216567993,0.3725,0.1819448620080948,0.255
F,0.5978953242301941,0.47034016251564026,0.15485124289989471,1.162,0.511,0.2230999767780304,0.28955596685409546
F,0.5532887578010559,0.41,0.17,0.9486082196235657,0.372333824634552,0.2099146544933319,0.26425594091415405
M,0.5881061553955078,0.46387478709220886,0.15188387036323547,1.1318128108978271,0.47329360246658325,0.24579644203186035,0.3093031048774719
M,0.67,0.480485200881958,0.15599128603935242,1.1283661127090454,0.4570172429084778,0.24889416992664337,0.301672101020813
M,0.695,0.480485200881958,0.15599124133586884,1.1283652782440186,0.45701658725738525,0.24889393150806427,0.3016718327999115
F,0.5605871677398682,0.525,0.1471116542816162,0.9157969951629639,0.487,0.2215,0.2545629143714905
M,0.5701258778572083,0.4542587399482727,0.23,1.0323525667190552,0.42489632964134216,0.2311524599790573,0.2817375063896179
F,0.6,0.4605696201324463,0.15672625601291656,1.065066933631897,0.4196946620941162,0.23295901715755463,0.425
F,0.591134250164032,0.405,0.150054931640625,1.0323994159698486,0.4231809675693512,0.23414696753025055,0.2754289209842682
M,0.5162516236305237,0.3943782150745392,0.135,0.7685979008674622,0.3305,0.216,0.21852459013462067
M,0.3775942027568817,0.375,0.13,0.487,0.226,0.0965,0.155
F,0.5465002059936523,0.415,0.13911890983581543,0.5705,0.30645906925201416,0.18901917338371277,0.185
F,0.495,0.3900749981403351,0.13,0.6905,0.3125,0.179,0.175
I,0.435,0.345,0.12,0.4475,0.221,0.112,0.125
I,0.405,0.23831301927566528,0.105,0.347,0.1605,0.0785,0.1
I,0.36513206362724304,0.28169482946395874,0.1,0.352,0.1635,0.0678006187081337,0.1
F,0.5,0.395,0.1404828578233719,0.7145,0.3050580322742462,0.173,0.195
F,0.385,0.305,0.105,0.3315,0.10755033046007156,0.0745,0.1
I,0.3237583041191101,0.265,0.09,0.18,0.068,0.04953533411026001,0.06
F,0.5380125641822815,0.475,0.14460846781730652,0.974,0.3260082006454468,0.23,0.285
I,0.325,0.27,0.1,0.21734681725502014,0.08,0.0435,0.065
I,0.475,0.375,0.10369732975959778,0.563,0.2525,0.1205,0.185
F,0.38,0.3,0.10665637999773026,0.3215,0.1408085972070694,0.09735781699419022,0.095
I,0.34,0.26,0.09,0.179,0.07021424919366837,0.0525,0.055
F,0.525,0.45376917719841003,0.15035267174243927,0.702,0.3335,0.20491637289524078,0.27154332399368286
F,0.548194408416748,0.415,0.145,0.8682292103767395,0.3352383077144623,0.1725,0.23779036104679108
F,0.5473924279212952,0.4302922785282135,0.135,0.8075,0.3430388271808624,0.181,0.25
M,0.3534291088581085,0.36,0.12,0.36582493782043457,0.1358446478843689,0.08528359234333038,0.17
I,0.31676262617111206,0.325,0.1,0.385,0.167,0.08,0.125
I,0.4354524314403534,0.3390481472015381,0.125,0.585,0.2755,0.12540686130523682,0.13822995126247406
F,0.5078795552253723,0.405,0.13,0.7411956787109375,0.277,0.1445,0.21
F,0.5790238380432129,0.4468841254711151,0.15844060480594635,0.813,0.39521774649620056,0.2015,0.268931120634079
M,0.44688916206359863,0.375,0.13,0.5128862261772156,0.2505,0.119,0.1471480131149292
F,0.5642550587654114,0.455,0.14933757483959198,0.9795001745223999,0.36978378891944885,0.20823536813259125,0.265
F,0.5911344289779663,0.49,0.15005400776863098,1.0323374271392822,0.4231342673301697,0.2341265231370926,0.27541252970695496
F,0.55,0.415,0.135,0.7944654226303101,0.302,0.16603229939937592,0.21112112700939178
F,0.5978032350540161,0.4703596234321594,0.154879629611969,1.1445,0.485,0.2234780639410019,0.28937435150146484
F,0.465,0.4125540852546692,0.135,0.8191719651222229,0.3100406229496002,0.129,0.23
I,0.4442233443260193,0.3374224305152893,0.11513420194387436,0.515,0.2,0.1275,0.1331399381160736
I,0.46891263127326965,0.375,0.13,0.5795,0.2145,0.13070978224277496,0.1551378220319748
F,0.435,0.35,0.11,0.384,0.143,0.1005,0.125
M,0.35,0.265,0.11,0.2965,0.1365,0.063,0.085
I,0.315,0.24,0.07,0.137,0.07069505006074905,0.0315,0.04
F,0.5956076383590698,0.46607324481010437,0.16489894688129425,1.0504558086395264,0.45568129420280457,0.1505,0.29957205057144165
F,0.5803033709526062,0.4612727761268616,0.1496608704328537,1.0094249248504639,0.391,0.21953406929969788,0.275
M,0.575,0.48048508167266846,0.15599174797534943,1.128377914428711,0.45702600479125977,0.24889737367630005,0.30167555809020996
F,0.535,0.435,0.155,0.8915,0.31844958662986755,0.1798522174358368,0.25
F,0.5265923738479614,0.42,0.1395622044801712,0.769,0.2505,0.154,0.22169823944568634
F,0.505,0.41721662878990173,0.135,0.8048227429389954,0.251,0.17223744094371796,0.2
F,0.5368171334266663,0.395,0.145,0.8987725973129272,0.3336401879787445,0.18528904020786285,0.205
I,0.3723474442958832,0.28688740730285645,0.1,0.2875,0.1145,0.07087809592485428,0.095
I,0.4664747714996338,0.3620544672012329,0.12307973206043243,0.5712153911590576,0.213,0.0925,0.16773109138011932
F,0.567356526851654,0.435,0.135,0.9499340057373047,0.3819759786128998,0.2114187777042389,0.2566204369068146
I,0.395,0.325,0.105,0.306,0.111,0.0735,0.04686093330383301
F,0.5582185387611389,0.44480252265930176,0.19,0.9797857403755188,0.5775,0.20085100829601288,0.2563434839248657
F,0.415,0.305,0.105,0.3605,0.13818545639514923,0.082,0.09311094880104065
M,0.43,0.345,0.115,0.2722378969192505,0.0925,0.055,0.12
F,0.475,0.4402030110359192,0.15508174896240234,0.9399468302726746,0.40180647373199463,0.1645,0.27003759145736694
F,0.5405252575874329,0.425,0.145,0.9108822345733643,0.3405872881412506,0.18977399170398712,0.24
I,0.48,0.36832305788993835,0.145,0.6200240850448608,0.2315,0.121,0.17326447367668152
I,0.42,0.345,0.115,0.27013924717903137,0.11755070835351944,0.0795,0.115
M,0.6169036626815796,0.4882739186286926,0.16816379129886627,0.906,0.5010128617286682,0.2588225305080414,0.32651424407958984
F,0.515,0.4406372010707855,0.135,0.8706106543540955,0.2815,0.1758369356393814,0.23380878567695618
F,0.6002839207649231,0.48011499643325806,0.15863150358200073,1.1308400630950928,0.566,0.2382480949163437,0.3129723072052002
F,0.5955991744995117,0.4659998416900635,0.16493380069732666,1.049896001815796,0.4553149342536926,0.59,0.29949259757995605
F,0.5408204197883606,0.49,0.15,0.8766065239906311,0.425,0.18336977064609528,0.36
F,0.5418326258659363,0.48,0.175,0.8762907981872559,0.3885,0.18051688373088837,0.2276744395494461
M,0.56,0.4148997366428375,0.165,0.86,0.31322136521339417,0.176911860704422,0.2392326146364212
M,0.6018924713134766,0.47258293628692627,0.163006991147995,1.62,0.44765138626098633,0.358,0.2990513741970062
F,0.566429078578949,0.4471745193004608,0.2,1.407,0.38364705443382263,0.21614447236061096,0.455
F,0.59,0.44061538577079773,0.17,0.8890460729598999,0.355,0.18032313883304596,0.23798231780529022
I,0.3368963301181793,0.24,0.09,0.2756522297859192,0.0605,0.0315,0.045
I,0.255,0.185,0.07,0.075,0.028,0.018,0.025
I,0.17,0.125,0.055,0.0235,0.009,0.0055,0.008
M,0.67,0.480485200881958,0.15599128603935242,1.1283661127090454,0.4570172429084778,0.24889416992664337,0.301672101020813
M,0.71,0.4804852306842804,0.15599122643470764,1.12836492061615,0.45701631903648376,0.2488938271999359,0.30167171359062195
F,0.5677824020385742,0.4461802542209625,0.14945487678050995,0.8025,0.313,0.20698338747024536,0.263
F,0.5480891466140747,0.4310329258441925,0.13,0.764,0.33533358573913574,0.189,0.2175
F,0.5573017001152039,0.44616901874542236,0.165,0.9873300194740295,0.376,0.21554319560527802,0.27122947573661804
I,0.45,0.36,0.105,0.4715,0.2035,0.05988137423992157,0.149
M,0.5701262950897217,0.4542597532272339,0.17,1.0323628187179565,0.42490315437316895,0.23115530610084534,0.2817387580871582
M,0.59,0.4694212079048157,0.15556371212005615,0.9455,0.4531245231628418,0.2329389601945877,0.29260608553886414
F,0.7,0.46642494201660156,0.15634505450725555,1.031869888305664,0.4254848062992096,0.233,0.28714868426322937
M,0.5892290472984314,0.4641329348087311,0.16060252487659454,1.0817722082138062,0.4290533661842346,0.23511439561843872,0.525
M,0.5548116564750671,0.495,0.1401045322418213,0.8600751757621765,0.32697680592536926,0.242,0.23934105038642883
M,0.5509706139564514,0.42459267377853394,0.1471366584300995,0.9090881943702698,0.3805,0.2105,0.2607538104057312
M,0.5487712621688843,0.42205196619033813,0.1477929651737213,0.9362975358963013,0.3478240370750427,0.1985616832971573,0.4
F,0.5809152126312256,0.455,0.15318815410137177,0.9875363707542419,0.39172449707984924,0.212,0.27488577365875244
F,0.5606312155723572,0.448849081993103,0.21,1.0014029741287231,0.535,0.2175620049238205,0.2736192047595978
F,0.5884948372840881,0.44278037548065186,0.16002632677555084,0.9675314426422119,0.40160635113716125,0.2565,0.2770552337169647
M,0.545,0.46783575415611267,0.15476177632808685,0.7745,0.4478088617324829,0.23026685416698456,0.29019859433174133
M,0.55,0.37502750754356384,0.155,0.7895,0.343,0.159,0.19124406576156616
F,0.5700218081474304,0.525,0.15357154607772827,1.3665,0.3903729021549225,0.2190067619085312,0.41
F,0.5814642310142517,0.475,0.15379153192043304,1.021135926246643,0.4032469689846039,0.22381903231143951,0.305
F,0.5884935259819031,0.44278186559677124,0.1600252240896225,0.9675410985946655,0.4016118049621582,0.2035,0.27705520391464233
F,0.573952853679657,0.505,0.1477709412574768,0.9705374240875244,0.4595,0.2038794606924057,0.25737395882606506
M,0.6169023513793945,0.48827284574508667,0.16816526651382446,1.885,0.5010045170783997,0.25881892442703247,0.3265124261379242
F,0.65,0.45531755685806274,0.15646444261074066,1.2425,0.4087867736816406,0.296,0.28291624784469604
F,0.5911344289779663,0.595,0.1500539481639862,1.032333254814148,0.4231311082839966,0.23412513732910156,0.2754114270210266
F,0.56,0.43693849444389343,0.17,0.9339221119880676,0.3545,0.20053145289421082,0.2544272243976593
I,0.42,0.325,0.115,0.354,0.1625,0.064,0.06713306903839111
M,0.18,0.125,0.05,0.023,0.08258432894945145,0.05594249069690704,0.01
F,0.405,0.325,0.11,0.3575,0.145,0.0725,0.07274952530860901
F,0.5,0.4196918308734894,0.15,0.8524134159088135,0.3408939838409424,0.126,0.23311297595500946
I,0.435,0.335,0.09658392518758774,0.383,0.1555,0.0675,0.09913205355405807
M,0.3488485515117645,0.27040112018585205,0.09,0.2065,0.0725,0.043,0.07
F,0.43,0.34,0.11,0.382,0.154,0.07253767549991608,0.109
I,0.535,0.41,0.155,0.6315,0.23024605214595795,0.1415,0.1815
I,0.4438316822052002,0.3415292203426361,0.11667081713676453,0.3285,0.21875448524951935,0.051,0.106
F,0.36,0.265,0.09,0.2165,0.096,0.037,0.0735
M,0.175,0.135,0.04,0.0305,0.011,0.0075,0.01
M,0.155,0.115,0.025,0.024,0.009,0.005,0.0075
F,0.5771921277046204,0.450968474149704,0.14850763976573944,0.7365,0.3225,0.2088821679353714,0.215
F,0.525,0.39959755539894104,0.135,0.6005,0.2265,0.15753258764743805,0.20216745138168335
I,0.44,0.345,0.105,0.287314236164093,0.165,0.083,0.132
F,0.45,0.345,0.11389768123626709,0.496,0.17584745585918427,0.1126968190073967,0.13145270943641663
F,0.485,0.365,0.14,0.6195,0.2595,0.1445,0.177
I,0.385842889547348,0.2857237160205841,0.135,0.567,0.2315,0.07858376204967499,0.1525
F,0.515,0.375,0.14560531079769135,0.9752795100212097,0.38233470916748047,0.21299158036708832,0.2215
I,0.42,0.2734586000442505,0.09150759875774384,0.4495,0.165,0.1125,0.144
F,0.455,0.35,0.11794808506965637,0.4485,0.18586616218090057,0.11787760257720947,0.13747398555278778
M,0.37,0.29,0.09029544144868851,0.241,0.10525914281606674,0.045,0.069
M,0.33,0.25,0.09,0.197,0.06840359419584274,0.041,0.0605
I,0.3,0.22,0.09,0.1425,0.057,0.0335,0.03440341353416443
F,0.5826056599617004,0.457944393157959,0.158222034573555,1.0282920598983765,0.55,0.273,0.28941625356674194
F,0.61,0.475,0.14795757830142975,0.9384661316871643,0.37060925364494324,0.241,0.2659592032432556
I,0.5092616081237793,0.465,0.1311669647693634,0.972,0.3110913932323456,0.17025944590568542,0.35
M,0.5701260566711426,0.45425909757614136,0.19,1.0323562622070312,0.42489880323410034,0.2311534881591797,0.28173795342445374
F,0.5819374322891235,0.385,0.15498071908950806,0.9936580061912537,0.3956185281276703,0.161,0.2798411250114441
F,0.53,0.4139861464500427,0.17,0.7737101912498474,0.35,0.152,0.235
I,0.445,0.33,0.1,0.437,0.163,0.0755,0.05378727614879608
F,0.585,0.415,0.13345807790756226,0.6985,0.3,0.1586855798959732,0.195
I,0.44,0.297814279794693,0.09761479496955872,0.35332930088043213,0.16443882882595062,0.105,0.14
M,0.29,0.225,0.08,0.1295,0.0535,0.026,0.045
I,0.49131280183792114,0.455,0.1260443925857544,0.8435,0.309,0.15379703044891357,0.3
F,0.5773866772651672,0.45045456290245056,0.1481064110994339,1.25,0.5265,0.20836885273456573,0.315
F,0.5493869185447693,0.4391675293445587,0.185,1.017,0.36650753021240234,0.2,0.2597663104534149
I,0.536746621131897,0.43,0.13512907922267914,0.7496303915977478,0.3211382031440735,0.297,0.226700097322464
I,0.5424318909645081,0.485,0.1343451887369156,0.7676960825920105,0.33352378010749817,0.17977219820022583,0.22547271847724915
M,0.570127546787262,0.45426255464553833,0.15,1.032390832901001,0.4249218702316284,0.23116306960582733,0.28174224495887756
F,0.505,0.375,0.13005949556827545,0.5895,0.2670803964138031,0.16039837896823883,0.167
I,0.5,0.3979741036891937,0.1291380226612091,0.537,0.2622607350349426,0.162162646651268,0.1785
M,0.31,0.2510426640510559,0.08645035326480865,0.15,0.0525,0.034,0.048
F,0.505983293056488,0.38,0.145,0.651,0.2935,0.19,0.20725880563259125
I,0.42,0.305,0.11,0.28,0.094,0.04520566761493683,0.0955
M,0.38242852687835693,0.29332342743873596,0.09778500348329544,0.287,0.1135,0.037,0.113
I,0.425,0.311512291431427,0.10686487704515457,0.3525,0.1135,0.0565,0.12067151814699173
I,0.31,0.2688177525997162,0.09015394747257233,0.12,0.0415,0.033,0.04
F,0.465,0.3166433572769165,0.13,0.494,0.1945,0.103,0.155
F,0.465,0.36,0.12,0.4765,0.192,0.1125,0.16
M,0.35,0.2865504026412964,0.085,0.3756936490535736,0.1374710351228714,0.08785291761159897,0.06
I,0.47373414039611816,0.3721714913845062,0.125087708234787,0.595,0.26065126061439514,0.142,0.26
F,0.475,0.3378467261791229,0.13,0.4805,0.1885264664888382,0.114,0.1475
F,0.3946217894554138,0.315,0.11,0.321,0.14597760140895844,0.0655,0.095
M,0.26,0.2610517144203186,0.09185970574617386,0.29639604687690735,0.044,0.027,0.03
F,0.575,0.43209466338157654,0.17,0.9177179932594299,0.3518209159374237,0.2145,0.26
F,0.565,0.44622114300727844,0.155,1.0104622840881348,0.39350032806396484,0.21611762046813965,0.285
M,0.26,0.19,0.08449473232030869,0.0945,0.0445,0.02,0.06296775490045547
F,0.494417279958725,0.3856639564037323,0.125,0.6695,0.289,0.151,0.18
I,0.40828031301498413,0.255,0.10483309626579285,0.47349876165390015,0.19589772820472717,0.034,0.07
I,0.52,0.38,0.12068592011928558,0.525,0.24909763038158417,0.115,0.17784152925014496
F,0.5676320791244507,0.45344236493110657,0.18,1.0231144428253174,0.529,0.22098572552204132,0.27595585584640503
F,0.61,0.42709025740623474,0.165,0.8748149275779724,0.4255,0.232,0.2389366775751114
F,0.6205891966819763,0.4802040159702301,0.16620303690433502,1.2668747901916504,0.5366976261138916,0.2701498866081238,0.33167779445648193
F,0.5955992341041565,0.4660002589225769,0.16493357717990875,1.0498993396759033,0.45531710982322693,0.292,0.29949307441711426
F,0.465,0.38,0.135,0.8866996169090271,0.3330070972442627,0.17960390448570251,0.22
M,0.5258870720863342,0.4,0.127568319439888,0.7305493950843811,0.2515,0.16453586518764496,0.20638057589530945
I,0.335,0.24,0.095,0.17,0.062,0.039,0.055
F,0.5410665273666382,0.43475350737571716,0.15094168484210968,0.8957434892654419,0.258,0.18553854525089264,0.28
F,0.345,0.255,0.10260901600122452,0.38468119502067566,0.071,0.051,0.10127945989370346
M,0.465,0.355,0.08498327434062958,0.5255,0.2025,0.135,0.145
F,0.54,0.415,0.17,0.8172417879104614,0.339,0.17303204536437988,0.255
M,0.475,0.3088171184062958,0.0991467759013176,0.3887881636619568,0.186,0.107,0.145
F,0.445,0.335,0.14,0.5368065237998962,0.1786494255065918,0.11270087212324142,0.14
M,0.5,0.30821430683135986,0.0998823493719101,0.528,0.2125,0.149,0.14
I,0.5,0.38,0.11779473721981049,0.5835,0.2295,0.1344538778066635,0.18
M,0.55,0.48048490285873413,0.15599225461483002,1.128390908241272,0.4570356607437134,0.248900905251503,0.3016793131828308
I,0.275,0.205,0.08,0.14275944232940674,0.036,0.04080983251333237,0.03
F,0.35,0.3061143159866333,0.09,0.385492205619812,0.0745,0.0415,0.06
F,0.37,0.285,0.105,0.2947869896888733,0.1125,0.0585,0.0835
I,0.35051095485687256,0.33,0.125,0.463,0.12328597158193588,0.11,0.145
M,0.3230164349079132,0.26,0.09,0.198,0.0725,0.056,0.058904774487018585
M,0.395,0.26105210185050964,0.08839646726846695,0.282,0.0975,0.065,0.096
I,0.325,0.2,0.08,0.10252704471349716,0.0395,0.0225,0.032
I,0.275,0.2,0.065,0.092,0.0385,0.0235,0.04701906442642212
I,0.235,0.17,0.065,0.0625,0.023,0.014,0.022
I,0.25,0.18,0.06,0.073,0.028,0.017,0.0225
I,0.3009569048881531,0.185,0.065,0.1586870551109314,0.027,0.0185,0.0225
I,0.2,0.145,0.05,0.036,0.0125,0.008,0.011
F,0.585,0.442553848028183,0.17,0.913084864616394,0.3975,0.18349622189998627,0.24040403962135315
I,0.445,0.35,0.14,0.5905,0.1503201127052307,0.158,0.19
F,0.4654771387577057,0.385,0.13,0.6660096049308777,0.2625,0.095,0.27
I,0.44,0.31355205178260803,0.10652343928813934,0.413,0.144,0.1015,0.11688145250082016
F,0.5580314993858337,0.44676339626312256,0.14,0.9903815984725952,0.312,0.21596652269363403,0.2717600464820862
F,0.52,0.405,0.14,0.6915,0.34586939215660095,0.18883837759494781,0.24420085549354553
M,0.5,0.39,0.1367364078760147,0.8521139025688171,0.3385348618030548,0.1795392781496048,0.23881876468658447
I,0.425,0.325,0.0911378413438797,0.3755,0.12634223699569702,0.1065,0.105
M,0.51,0.39427003264427185,0.14,0.8185,0.2900310158729553,0.17364880442619324,0.235
F,0.37,0.275,0.08,0.227,0.093,0.0625,0.07
M,0.5998515486717224,0.4695199131965637,0.16120551526546478,0.8245,0.43668055534362793,0.24247916042804718,0.24
F,0.5519938468933105,0.43668895959854126,0.17,0.9152228236198425,0.36120325326919556,0.2895,0.24
F,0.5588674545288086,0.4447181820869446,0.14686350524425507,0.898881196975708,0.393,0.2,0.375
F,0.645,0.410925030708313,0.175,1.6115,0.6745,0.17473824322223663,0.385
M,0.5716376900672913,0.460348516702652,0.175,1.2985,0.4235905706882477,0.2291528880596161,0.29010140895843506
F,0.5698097348213196,0.4436139166355133,0.145,0.9678887128829956,0.4077298045158386,0.3285,0.2678755223751068
M,0.6027692556381226,0.47305455803871155,0.1629353016614914,1.161,0.4486093819141388,0.2455,0.299512654542923
F,0.5766797065734863,0.45780178904533386,0.155,1.0419108867645264,0.5915,0.2228473424911499,0.277618408203125
M,0.57,0.42,0.13548971712589264,1.008,0.30725765228271484,0.193,0.22414980828762054
F,0.4674166738986969,0.355,0.12081269919872284,0.5289064049720764,0.1525,0.1165,0.1548023521900177
F,0.5,0.44,0.155,0.742,0.2025,0.2005,0.2115
F,0.52,0.425,0.145,0.7,0.3395059406757355,0.17440465092658997,0.23287396132946014
M,0.3029455542564392,0.285,0.095,0.271,0.11,0.06,0.08
F,0.521681547164917,0.4,0.165,0.8099039196968079,0.2745,0.181058868765831,0.22952552139759064
F,0.54,0.4256114661693573,0.175,0.8667706847190857,0.275,0.18341182172298431,0.275
I,0.46,0.36,0.135,0.446323424577713,0.1955,0.107,0.12452644109725952
I,0.355,0.26,0.07016512006521225,0.1925,0.077,0.038,0.065
F,0.49,0.39392611384391785,0.145,0.6635,0.21,0.1295,0.2515
F,0.5688760280609131,0.51,0.15401354432106018,1.235,0.37522679567337036,0.349,0.26845964789390564
F,0.5,0.385,0.145,0.7615,0.246,0.195,0.20524747669696808
M,0.5068963766098022,0.3748859167098999,0.135,0.592,0.28210243582725525,0.1655021756887436,0.2002277374267578
M,0.3149086833000183,0.325,0.115,0.39,0.163,0.087,0.113
F,0.515,0.39578595757484436,0.165,0.7218175530433655,0.1905,0.17,0.20253130793571472
I,0.4649478495121002,0.36094141006469727,0.145,0.6233914494514465,0.167,0.13787618279457092,0.187
I,0.39587724208831787,0.30774959921836853,0.09618634730577469,0.35155126452445984,0.115,0.0735,0.085
I,0.3455902338027954,0.305,0.13,0.2935,0.096,0.0675,0.105
M,0.45,0.36,0.16,0.567,0.18961095809936523,0.1245,0.225
F,0.52,0.4,0.13774141669273376,0.6245,0.215,0.2065,0.2106492817401886
M,0.5892308354377747,0.464135080575943,0.1606016457080841,1.0817790031433105,0.42905861139297485,0.235117107629776,0.285
M,0.495,0.4,0.14,0.616377592086792,0.2015,0.18,0.25
M,0.5332504510879517,0.4089161455631256,0.14408379793167114,0.8030708432197571,0.2815,0.213,0.23267246782779694
F,0.48,0.39,0.1426217406988144,0.8674644827842712,0.3247509300708771,0.155,0.2
F,0.41221532225608826,0.26,0.10561549663543701,0.2,0.0625,0.05,0.10594192147254944
I,0.285,0.22937169671058655,0.07,0.109,0.044,0.0265,0.033
I,0.3,0.23,0.09530642628669739,0.36026862263679504,0.052,0.08285564184188843,0.09469299018383026
I,0.31,0.24,0.105,0.2885,0.118,0.03444831073284149,0.083
I,0.34,0.255,0.075,0.18,0.0745,0.04,0.037525832653045654
I,0.375,0.3,0.0831301212310791,0.144,0.059,0.03,0.044
I,0.415,0.325,0.07512767612934113,0.15169239044189453,0.2285,0.1065,0.114
I,0.415,0.315,0.105,0.33,0.1405,0.04230496287345886,0.095
I,0.415,0.29247090220451355,0.09858941286802292,0.3625,0.175,0.0823502168059349,0.093
I,0.42,0.32,0.08490562438964844,0.34,0.13009196519851685,0.06793179363012314,0.0945
I,0.425,0.27390164136886597,0.105,0.2862352430820465,0.159,0.06863801926374435,0.105
I,0.465,0.375,0.10747547447681427,0.48750707507133484,0.21,0.11268685013055801,0.1505
F,0.5488752126693726,0.41708192229270935,0.1529053896665573,0.6265,0.3137205243110657,0.1445,0.2302655428647995
I,0.39269039034843445,0.37,0.11,0.3893885612487793,0.16037249565124512,0.115,0.163
I,0.47,0.2938096821308136,0.10295188426971436,0.6015,0.2765,0.1455,0.135
I,0.475,0.2880666255950928,0.09068753570318222,0.53,0.2505,0.0975,0.1625
I,0.5058466196060181,0.3838294446468353,0.135,0.6315,0.2925897240638733,0.1015,0.1871263086795807
M,0.5038468241691589,0.3773675560951233,0.13,0.7715,0.37,0.16,0.19563230872154236
I,0.505,0.39,0.185,0.6125,0.267,0.142,0.172
F,0.5220917463302612,0.4116863012313843,0.19,0.872,0.4625,0.1725,0.21990062296390533
M,0.54,0.42,0.12,0.8115,0.30553874373435974,0.1596127450466156,0.21084445714950562
M,0.545,0.45,0.15,0.7380280494689941,0.387,0.15504294633865356,0.2093416303396225
F,0.565,0.44,0.14950503408908844,0.9464980363845825,0.3745792806148529,0.2355,0.2695823013782501
M,0.548771321773529,0.4220518469810486,0.1477925181388855,0.936298131942749,0.3478241562843323,0.1985618621110916,0.325
M,0.5494352579116821,0.455,0.14309531450271606,0.8847378492355347,0.338581919670105,0.18514969944953918,0.292
M,0.59,0.3910121023654938,0.16,0.7935426235198975,0.5685,0.2725,0.2223268449306488
F,0.5911344289779663,0.49,0.15005400776863098,1.0323374271392822,0.4231342673301697,0.2341265231370926,0.27541252970695496
F,0.5783955454826355,0.4505738615989685,0.135,1.0405348539352417,0.4094008505344391,0.22373399138450623,0.3175
F,0.5603851675987244,0.4409998059272766,0.155,0.9605166912078857,0.3859829604625702,0.20685626566410065,0.26572680473327637
F,0.5734146237373352,0.485,0.14751310646533966,0.9815986156463623,0.587,0.20388376712799072,0.288
M,0.5694315433502197,0.45303475856781006,0.15248630940914154,1.201,0.4113880395889282,0.2213772088289261,0.28193196654319763
F,0.579106330871582,0.49,0.15165747702121735,1.33,0.6675,0.20645947754383087,0.2686300575733185
M,0.5892294049263,0.4641333222389221,0.1606023609638214,1.0817735195159912,0.4290543496608734,0.23511488735675812,0.384
M,0.6169023513793945,0.48827287554740906,0.16816522181034088,1.647,0.5010047554969788,0.25881901383399963,0.3265124559402466
F,0.5780237317085266,0.5,0.149775892496109,1.0139557123184204,0.593,0.2047921121120453,0.26905858516693115
F,0.655,0.4609520137310028,0.15660065412521362,1.0662586688995361,0.420429527759552,0.2333288937807083,0.513
F,0.5541574358940125,0.4387269616127014,0.215,1.786,0.6725,0.1978786438703537,0.24855999648571014
M,0.66,0.480485200881958,0.1559913009405136,1.1283665895462036,0.45701757073402405,0.24889428913593292,0.30167222023010254
M,0.589229166507721,0.46413305401802063,0.16060248017311096,1.0817725658416748,0.4290536642074585,0.23511454463005066,0.4535
F,0.675,0.455531507730484,0.1539495885372162,1.0125735998153687,0.3909550905227661,0.2171565443277359,0.474
M,0.69,0.4804852306842804,0.15599125623703003,1.128365397453308,0.4570167064666748,0.24889396131038666,0.3016718924045563
F,0.6205891966819763,0.4802040159702301,0.16620303690433502,1.2668747901916504,0.5366976261138916,0.2701498866081238,0.33167779445648193
F,0.7,0.4561648666858673,0.14877916872501373,1.0176303386688232,0.707,0.216177836060524,0.43
F,0.5819873213768005,0.57,0.154814213514328,0.9928520917892456,0.39510655403137207,0.418,0.27934888005256653
I,0.205,0.15,0.065,0.04,0.11797375231981277,0.065095916390419,0.07441043108701706
I,0.225,0.17,0.07,0.0565,0.024,0.013,0.016
I,0.23,0.18,0.05,0.064,0.0215,0.0135,0.02
I,0.275,0.2291492521762848,0.07,0.0875,0.0345,0.022,0.0255
I,0.28,0.21,0.055,0.106,0.0415,0.0265,0.031
I,0.28,0.2485111951828003,0.08,0.1315,0.066,0.024,0.03
I,0.2986598312854767,0.22,0.07,0.126,0.0515,0.0275,0.035
I,0.31,0.225,0.075,0.155,0.065,0.037,0.0365
I,0.34553396701812744,0.2699182629585266,0.07,0.149,0.058,0.0325,0.047
I,0.34,0.265,0.07,0.11063947528600693,0.0625,0.0395,0.07
I,0.37,0.29,0.08,0.2545,0.108,0.039411164820194244,0.07
I,0.31238824129104614,0.285,0.085,0.237,0.115,0.0405,0.07
I,0.3400609493255615,0.295,0.1,0.2419145405292511,0.1155,0.059,0.06222762167453766
I,0.405,0.31,0.065,0.3205,0.1575,0.040998004376888275,0.088
I,0.3645433783531189,0.325,0.08858264982700348,0.3335,0.1445,0.07010119408369064,0.095
I,0.44,0.2521149814128876,0.11,0.3885,0.175,0.0835,0.111
I,0.36180052161216736,0.345,0.115,0.38349610567092896,0.269,0.08451034873723984,0.0832984670996666
I,0.4323115050792694,0.3312108516693115,0.10777514427900314,0.4165,0.185,0.10573048144578934,0.12544269859790802
I,0.44,0.355,0.0751289650797844,0.495,0.231,0.11,0.125
I,0.45,0.35,0.125,0.4775,0.2235,0.089,0.118
I,0.45,0.35,0.08995550125837326,0.3067646622657776,0.2005,0.1065,0.1325
I,0.455,0.35,0.09022647887468338,0.3175857961177826,0.1945,0.1045,0.1375
I,0.46,0.35,0.09321442246437073,0.3346460461616516,0.2025,0.1115,0.1165
I,0.3712092339992523,0.345,0.12,0.29057854413986206,0.198,0.07003667950630188,0.107
I,0.46,0.3128810226917267,0.115,0.41325002908706665,0.1804557889699936,0.09171319007873535,0.111
I,0.465,0.355,0.11,0.474,0.15939882397651672,0.1005,0.10420332849025726
I,0.465,0.31961655616760254,0.105,0.4686541259288788,0.231,0.10159627348184586,0.12390583008527756
I,0.475,0.385,0.1016218438744545,0.5735,0.311,0.1025,0.136
I,0.475,0.355,0.105,0.26646026968955994,0.201,0.1115,0.07343035191297531
M,0.48,0.36532390117645264,0.12042004615068436,0.5884364247322083,0.243,0.1341821253299713,0.16989707946777344
F,0.5,0.375,0.1394089311361313,0.8732595443725586,0.274,0.19208332896232605,0.24023626744747162
I,0.3842552900314331,0.38,0.11,0.494,0.218,0.07282452285289764,0.1325
I,0.3652084171772003,0.28926071524620056,0.12,0.6005,0.14029532670974731,0.07534193247556686,0.185
M,0.515,0.395,0.12,0.6864712834358215,0.27267220616340637,0.1365,0.19373437762260437
F,0.5638660788536072,0.4425928592681885,0.135,0.7945,0.38121727108955383,0.189,0.26366913318634033
M,0.5386514663696289,0.4258493483066559,0.125,0.812,0.36243438720703125,0.19754496216773987,0.24832582473754883
F,0.53,0.42,0.17,0.828,0.34893038868904114,0.18966056406497955,0.25180837512016296
M,0.53,0.41,0.13678096234798431,0.8501898646354675,0.33676934242248535,0.1793006956577301,0.23840536177158356
F,0.5207636952400208,0.405,0.15,0.889,0.29560935497283936,0.2275,0.215
M,0.5203237533569336,0.40115535259246826,0.14,0.8184435963630676,0.2945193946361542,0.1595,0.213
F,0.55,0.425,0.125,0.8329452872276306,0.3270043730735779,0.17378005385398865,0.215
F,0.555,0.4141439199447632,0.14,0.8469951152801514,0.44,0.224,0.24
F,0.5599576830863953,0.4431842565536499,0.15,0.9505199790000916,0.3745911121368408,0.185,0.2505
F,0.57,0.44388535618782043,0.14,0.9958526492118835,0.3905,0.20288941264152527,0.2559809684753418
F,0.575,0.42541396617889404,0.155,0.883240818977356,0.429,0.206,0.2378418743610382
M,0.6030341386795044,0.4724692702293396,0.1631132960319519,0.888,0.44793328642845154,0.1815,0.30009883642196655
F,0.5816726088523865,0.45,0.15387223660945892,0.9892776608467102,0.3930017650127411,0.2215,0.27676740288734436
M,0.5881061553955078,0.46387478709220886,0.15188387036323547,1.1318128108978271,0.47329360246658325,0.24579644203186035,0.3093031048774719
F,0.5500353574752808,0.47,0.1440427005290985,0.8851756453514099,0.542,0.269,0.31
F,0.5984362363815308,0.47242918610572815,0.1634497493505478,1.0765,0.45373234152793884,0.23009495437145233,0.30047330260276794
F,0.595,0.465,0.141532763838768,1.0255,0.3191583752632141,0.2745,0.289
F,0.5388011336326599,0.46,0.1440265029668808,0.9325,0.32422304153442383,0.2245,0.248
F,0.6,0.45090726017951965,0.15,0.9718819260597229,0.4021218717098236,0.274,0.2700604796409607
F,0.6,0.45335671305656433,0.15463407337665558,1.002545952796936,0.5335,0.2735,0.2788328230381012
F,0.558778703212738,0.48,0.15,0.8998416662216187,0.35688111186027527,0.274,0.2535267174243927
F,0.5752691626548767,0.4464787542819977,0.1517278105020523,1.1575,0.5005,0.2495,0.26795896887779236
F,0.615,0.46114927530288696,0.165,1.0434356927871704,0.4208945631980896,0.22499102354049683,0.27866703271865845
M,0.5881061553955078,0.46387478709220886,0.15188387036323547,1.1318128108978271,0.47329360246658325,0.24579644203186035,0.3093031048774719
F,0.62,0.44665563106536865,0.15072275698184967,0.9370507597923279,0.3681301474571228,0.323,0.3225
F,0.5743041634559631,0.485,0.14799588918685913,0.9801108837127686,0.545,0.20592008531093597,0.345
F,0.5884945392608643,0.4427807331085205,0.16002605855464935,0.9675338864326477,0.4016076922416687,0.233,0.2770552337169647
F,0.625,0.48,0.17,1.3555,0.3603692352771759,0.19067788124084473,0.24514469504356384
F,0.625,0.4528132975101471,0.15265405178070068,0.9954634308815002,0.477,0.2365,0.27400240302085876
F,0.6205891966819763,0.4802040159702301,0.16620303690433502,1.2668747901916504,0.5366976261138916,0.2701498866081238,0.33167779445648193
F,0.5598185658454895,0.4422290623188019,0.2,0.9457173943519592,0.37227848172187805,0.336,0.38
F,0.63,0.4551578760147095,0.14634370803833008,0.9942781925201416,0.5455,0.20118750631809235,0.2885
M,0.63,0.4804851710796356,0.15599137544631958,1.1283684968948364,0.45701903104782104,0.2488948255777359,0.3016727864742279
M,0.635,0.4804851710796356,0.1559913605451584,1.1283681392669678,0.45701873302459717,0.24889470636844635,0.30167269706726074
M,0.635,0.4804851710796356,0.1559913605451584,1.1283681392669678,0.45701873302459717,0.24889470636844635,0.30167269706726074
F,0.5819593071937561,0.49,0.15522940456867218,0.9945579171180725,0.39629366993904114,0.3345,0.2805383503437042
M,0.645,0.5,0.13648445904254913,1.5105,0.3373832106590271,0.17974187433719635,0.23798508942127228
M,0.5892297029495239,0.46413370966911316,0.16060221195220947,1.0817745923995972,0.42905524373054504,0.23511534929275513,0.341
F,0.598000168800354,0.47068360447883606,0.15485088527202606,1.6385,0.8115,0.22250548005104065,0.29012036323547363
F,0.5772832632064819,0.545,0.15349608659744263,1.933,0.40713801980018616,0.2072923630475998,0.2668353319168091
M,0.5892292261123657,0.4641331136226654,0.16060246527194977,1.081772804260254,0.4290538430213928,0.23511461913585663,0.4325
M,0.695,0.4655683934688568,0.15424442291259766,1.071810007095337,0.42269057035446167,0.23541904985904694,0.4175
M,0.695,0.480485200881958,0.15599124133586884,1.1283652782440186,0.45701658725738525,0.24889393150806427,0.3016718327999115
F,0.7,0.47278305888175964,0.15510015189647675,1.1099075078964233,0.7295,0.22947224974632263,0.2975189685821533
M,0.570125937461853,0.45425891876220703,0.205,1.0323542356491089,0.4248974323272705,0.23115290701389313,0.28173771500587463
F,0.5911344289779663,0.585,0.1500539481639862,1.0323333740234375,0.4231312572956085,0.23412518203258514,0.275411456823349
M,0.6541774272918701,0.513593852519989,0.1757621467113495,2.1945,0.6013489365577698,0.29340752959251404,0.3663789927959442
I,0.31257277727127075,0.16,0.05,0.049,0.0215,0.01,0.04365251958370209
I,0.275,0.25321513414382935,0.08733344078063965,0.1055,0.495,0.019,0.0315
I,0.29,0.21,0.06,0.1045,0.0415,0.022,0.035
I,0.33,0.24,0.075,0.163,0.0745,0.033,0.048
I,0.355,0.285,0.095,0.2275,0.13361185789108276,0.0475,0.0800921693444252
I,0.375,0.29,0.07612906396389008,0.1682242453098297,0.0925,0.038,0.075
I,0.32687845826148987,0.315,0.1,0.3645,0.1765,0.05037689208984375,0.095
I,0.3985227048397064,0.33,0.10046028345823288,0.40639469027519226,0.19400554895401,0.0959470346570015,0.103
I,0.425,0.34,0.10402937978506088,0.43134111166000366,0.18365925550460815,0.082,0.094
I,0.43,0.32,0.1,0.1513192355632782,0.1635,0.08,0.09
I,0.44,0.34,0.07681140303611755,0.407,0.209,0.0735,0.103
I,0.44,0.335,0.08660031855106354,0.26263025403022766,0.173,0.0765,0.07943778485059738
I,0.46,0.345,0.11,0.3755,0.1525,0.058,0.125
I,0.46,0.37,0.12,0.36564648151397705,0.2645,0.08529778569936752,0.0920962542295456
I,0.465,0.355,0.105,0.442,0.12591201066970825,0.0975,0.08644948899745941
I,0.475,0.365,0.1,0.1315,0.2025,0.0875,0.123
I,0.4054805040359497,0.3131083846092224,0.115,0.42192018032073975,0.233,0.119,0.1455
I,0.485,0.375,0.13,0.5535,0.20902463793754578,0.112,0.157
I,0.49,0.375,0.1145993247628212,0.5329564809799194,0.279,0.115,0.1491573303937912
M,0.38879910111427307,0.3104550838470459,0.11,0.554,0.16584163904190063,0.1013759896159172,0.15
I,0.495,0.32652634382247925,0.12,0.512,0.18081636726856232,0.09692346304655075,0.136
I,0.42555105686187744,0.31543537974357605,0.125,0.4811835289001465,0.294,0.0965082049369812,0.1605
I,0.4586721360683441,0.3528977036476135,0.12271077930927277,0.5765,0.273,0.13354723155498505,0.15882714092731476
M,0.505,0.4125369191169739,0.13773579895496368,0.8729125261306763,0.377,0.18012674152851105,0.178
I,0.51,0.39417320489883423,0.12417777627706528,0.6452682018280029,0.2465,0.15201570093631744,0.19871903955936432
F,0.4897024929523468,0.385,0.15,0.625,0.3095,0.119,0.180525541305542
I,0.4663715958595276,0.3596925139427185,0.125,0.5984295010566711,0.25812649726867676,0.1175,0.168
I,0.47384998202323914,0.3684116005897522,0.135,0.6192618608474731,0.2985,0.1295,0.1642531305551529
F,0.5363151431083679,0.43,0.1384509801864624,0.8593639731407166,0.4355,0.17,0.201
M,0.545,0.43595758080482483,0.14388258755207062,0.9510029554367065,0.3745,0.19453473389148712,0.2592460811138153
M,0.5696201324462891,0.433909147977829,0.15348656475543976,0.9354568719863892,0.37718603014945984,0.185,0.26082858443260193
F,0.545,0.4,0.13587214052677155,0.7917796969413757,0.368,0.215,0.18
F,0.55,0.42,0.13,0.636,0.294,0.144,0.1755
F,0.5460724830627441,0.44,0.14262636005878448,0.8762029409408569,0.3147132992744446,0.1995,0.185
I,0.5055769085884094,0.40075334906578064,0.13,0.648,0.3010205328464508,0.1640194207429886,0.2105
F,0.5900782942771912,0.4661930501461029,0.1588987410068512,1.0311287641525269,0.4270291328430176,0.1885,0.213
F,0.5614711046218872,0.45,0.14847975969314575,0.9361546039581299,0.36168381571769714,0.217,0.255
M,0.5416656732559204,0.41492441296577454,0.135,0.8999549150466919,0.3410007357597351,0.19606268405914307,0.25
F,0.5474767088890076,0.4350268542766571,0.16,0.811,0.3875,0.19679708778858185,0.2503720223903656
F,0.575,0.4312097132205963,0.14534510672092438,0.897,0.4235,0.1905,0.2506047487258911
F,0.58,0.4533642828464508,0.15015457570552826,0.852,0.41,0.20643170177936554,0.2711274325847626
F,0.5750364661216736,0.4467543959617615,0.15468595921993256,0.9732882380485535,0.38867977261543274,0.203,0.225
F,0.585,0.4537487030029297,0.14,0.9766135215759277,0.3845977485179901,0.20226246118545532,0.2600567042827606
M,0.5462905168533325,0.4170694351196289,0.14524449408054352,0.8907349109649658,0.413,0.164,0.25323572754859924
M,0.5345870852470398,0.40949663519859314,0.14,0.8642088174819946,0.3330860137939453,0.19342218339443207,0.2428894340991974
F,0.5901525020599365,0.4662517011165619,0.15891249477863312,1.0313855409622192,0.4271673560142517,0.2615,0.2565
F,0.5476021766662598,0.465,0.14407598972320557,0.8909832239151001,0.3350069224834442,0.166,0.265
M,0.5525075197219849,0.47,0.14173711836338043,1.108,0.357612669467926,0.193858802318573,0.24698732793331146
F,0.5535148978233337,0.46,0.14,0.9099583029747009,0.3468148708343506,0.1959783285856247,0.227
M,0.5613572597503662,0.49,0.13687126338481903,0.8690668940544128,0.34704285860061646,0.18848095834255219,0.2384309023618698
F,0.605,0.48,0.15,1.079,0.32231009006500244,0.1787567138671875,0.293
F,0.615,0.475,0.13874699175357819,1.055,0.543,0.17444109916687012,0.2345
M,0.5484673380851746,0.45,0.14022058248519897,0.8736589550971985,0.33312007784843445,0.18252460658550262,0.2505
F,0.615,0.4475594758987427,0.155,1.084,0.3970937132835388,0.21027588844299316,0.26546207070350647
M,0.615,0.4466969668865204,0.1491551399230957,0.93209308385849,0.3677446246147156,0.3095,0.26505622267723083
M,0.5491440296173096,0.49,0.14196369051933289,0.8808737397193909,0.3362800180912018,0.18448492884635925,0.31
M,0.4932807385921478,0.38382965326309204,0.15,1.1015,0.4965,0.16891631484031677,0.305
F,0.600284218788147,0.4801148772239685,0.1586316078901291,1.1308403015136719,0.7105,0.238247811794281,0.31297215819358826
F,0.625,0.44910430908203125,0.14696858823299408,1.115,0.484,0.1878618597984314,0.25256189703941345
F,0.5955992937088013,0.46600082516670227,0.16493332386016846,1.0499035120010376,0.4553197920322418,0.2445,0.299493670463562
M,0.5694316029548645,0.45303502678871155,0.15248650312423706,1.3165,0.4113883972167969,0.2213772088289261,0.2819323241710663
F,0.5833821892738342,0.51,0.1565694808959961,1.3415,0.4334960877895355,0.23352929949760437,0.28685498237609863
M,0.63,0.4180813729763031,0.1360483467578888,0.8116388916969299,0.29459714889526367,0.188,0.176
F,0.645,0.4436371922492981,0.16,0.9935601353645325,0.506,0.2045699506998062,0.2574652433395386
M,0.645,0.43119919300079346,0.15,0.8920556902885437,0.3362240195274353,0.18676669895648956,0.24573834240436554
F,0.550511360168457,0.4378439486026764,0.18,0.9168026447296143,0.5775,0.352,0.2532517910003662
F,0.5775319933891296,0.4507315158843994,0.14833888411521912,1.1805,0.5235,0.20861338078975677,0.3275
M,0.6020179986953735,0.4726555049419403,0.16299283504486084,1.2655,0.4478134512901306,0.2775,0.29909229278564453
F,0.5755004286766052,0.44598203897476196,0.151485875248909,1.2895,0.6095,0.2765,0.26697641611099243
F,0.5648842453956604,0.44821134209632874,0.14677245914936066,0.9437159895896912,0.7215,0.298,0.335
M,0.5892302393913269,0.4641343653202057,0.16060194373130798,1.081776738166809,0.429056853055954,0.23511619865894318,0.3055
M,0.5892294645309448,0.4641333818435669,0.16060234606266022,1.0817736387252808,0.4290544390678406,0.2351149618625641,0.3755
F,0.5955992341041565,0.46600013971328735,0.16493365168571472,1.0498982667922974,0.4553164541721344,0.3175,0.2994929552078247
M,0.5892296433448792,0.4641335904598236,0.16060225665569305,1.0817742347717285,0.42905500531196594,0.23511521518230438,0.351
M,0.5892294049263,0.46413326263427734,0.1606023907661438,1.081773281097412,0.4290542006492615,0.23511481285095215,0.3935
F,0.5897175073623657,0.47028762102127075,0.1552807092666626,1.0832793712615967,0.7105,0.21996964514255524,0.2904631495475769
M,0.5487712621688843,0.42205196619033813,0.1477929800748825,0.9362974762916565,0.34782400727272034,0.1985616683959961,0.406
M,0.5701261758804321,0.45425936579704285,0.18,1.0323586463928223,0.4249003827571869,0.2311541587114334,0.2817382514476776
M,0.589229166507721,0.46413299441337585,0.16060249507427216,1.0817725658416748,0.42905354499816895,0.23511449992656708,0.47
F,0.5979399681091309,0.47034111618995667,0.15483826398849487,1.523,0.693,0.2229125201702118,0.28964653611183167
F,0.725,0.4598451852798462,0.1540612429380417,1.7315,0.42585989832878113,0.2142810821533203,0.2785915732383728
M,0.5881061553955078,0.46387478709220886,0.15188387036323547,1.1318128108978271,0.47329360246658325,0.24579644203186035,0.3093031048774719
M,0.735,0.4804852306842804,0.15599121153354645,1.1283643245697021,0.4570159316062927,0.24889369308948517,0.30167156457901
M,0.74,0.4804852306842804,0.15599121153354645,1.1283642053604126,0.45701584219932556,0.2488936483860016,0.30167156457901
F,0.5911344289779663,0.555,0.1500539630651474,1.0323340892791748,0.4231317341327667,0.23412540555000305,0.2754116356372833
I,0.19,0.14,0.03,0.0315,0.0125,0.005,0.0105
I,0.21,0.15,0.045,0.04,0.0135,0.043835997581481934,0.0105
I,0.25,0.175,0.06,0.0635,0.0275,0.008,0.02
I,0.29,0.215,0.065,0.0985,0.0425,0.046498119831085205,0.031
I,0.335,0.27458444237709045,0.08989112079143524,0.167,0.1399543583393097,0.0325,0.0575
I,0.34,0.245,0.085,0.10451992601156235,0.1005,0.038,0.053
I,0.3389039933681488,0.255,0.095,0.2791929841041565,0.075,0.0385,0.06
I,0.355,0.255,0.08,0.187,0.078,0.03735730051994324,0.058
I,0.32032835483551025,0.26,0.08,0.1795,0.074,0.04808589816093445,0.06
I,0.37,0.275,0.09,0.33916014432907104,0.13034090399742126,0.0395,0.058
I,0.3266103267669678,0.29,0.14,0.21186617016792297,0.14,0.0625,0.0825
I,0.375,0.275,0.095,0.2295,0.095,0.0545,0.03924773633480072
I,0.385,0.3,0.125,0.343,0.1705,0.0735,0.05438551306724548
I,0.385,0.285,0.07093100249767303,0.244,0.1215,0.0445,0.068
I,0.395,0.24098657071590424,0.1,0.3075,0.149,0.0535,0.09
I,0.4,0.305,0.07120230793952942,0.3415,0.176,0.0625,0.0865
I,0.38687053322792053,0.305,0.1,0.271,0.0965,0.08701177686452866,0.09304789453744888
I,0.3803710341453552,0.31,0.09517000615596771,0.3804020285606384,0.18182148039340973,0.08933687955141068,0.0995
I,0.3574244976043701,0.305,0.08696717023849487,0.268,0.1145,0.06721241027116776,0.085
I,0.405,0.24401837587356567,0.09,0.2885,0.138,0.0635,0.0765
I,0.41,0.3091967701911926,0.1,0.4401475787162781,0.124,0.10176041722297668,0.1088210716843605
I,0.41,0.325,0.07756312936544418,0.1783880591392517,0.1325,0.075,0.101
I,0.415,0.335,0.1,0.358,0.11695732921361923,0.067,0.07197164744138718
I,0.42,0.325,0.08778788149356842,0.3057945668697357,0.14735393226146698,0.07520844787359238,0.1
I,0.4161008596420288,0.316854327917099,0.10268428176641464,0.4202127456665039,0.1855,0.09739221632480621,0.1015
I,0.43,0.34,0.10204809159040451,0.3645,0.159,0.08618942648172379,0.10587012767791748
I,0.3937225043773651,0.36,0.11,0.38339298963546753,0.182,0.0765,0.14
M,0.45,0.325,0.115,0.29183652997016907,0.2235,0.0785,0.07782214134931564
I,0.34532615542411804,0.335,0.095,0.23201876878738403,0.1615,0.0625,0.1185
I,0.455,0.34,0.115,0.17143118381500244,0.261,0.04643314331769943,0.1315
I,0.41045963764190674,0.3137577772140503,0.10690290480852127,0.471,0.252,0.077,0.123
I,0.3915999233722687,0.345,0.105,0.3752833604812622,0.187,0.087,0.09647296369075775
I,0.475,0.3472883105278015,0.115,0.5227871537208557,0.279,0.088,0.14601822197437286
I,0.44854220747947693,0.375,0.12,0.5223426818847656,0.2535,0.1190827488899231,0.172
I,0.4889081120491028,0.38,0.12010421603918076,0.558329701423645,0.2215,0.1442548930644989,0.1694142371416092
I,0.485,0.3299643099308014,0.10622227191925049,0.4475,0.1895,0.10036265850067139,0.12712332606315613
I,0.37013229727745056,0.365,0.125,0.27638381719589233,0.252,0.126,0.1615
I,0.5254210233688354,0.385,0.1355992555618286,0.7607526779174805,0.3230752646923065,0.1748356819152832,0.21
I,0.505,0.38,0.135,0.5385,0.2294844090938568,0.12873075902462006,0.165
I,0.510822594165802,0.385,0.12760169804096222,0.7001234889030457,0.3985,0.14,0.19066660106182098
F,0.515,0.395,0.135,0.516,0.3132362365722656,0.1717139631509781,0.2213207632303238
F,0.515,0.41,0.14,0.7492367029190063,0.3065,0.137,0.20550180971622467
F,0.515,0.39,0.11,0.7965360283851624,0.3185817301273346,0.17045897245407104,0.21294578909873962
I,0.47829940915107727,0.385,0.12049758434295654,0.607,0.2355,0.125,0.1575305163860321
F,0.525,0.415,0.1376751810312271,0.8582754731178284,0.329,0.1744636595249176,0.199
M,0.525,0.4804845154285431,0.15599380433559418,1.1284301280975342,0.45706477761268616,0.24891157448291779,0.3016907572746277
I,0.525,0.41059234738349915,0.13257497549057007,0.6315,0.31824415922164917,0.16768409311771393,0.21802394092082977
M,0.49234849214553833,0.38067692518234253,0.155,0.7367933988571167,0.3285,0.169,0.245
F,0.5819848775863647,0.44,0.15488426387310028,0.9931734204292297,0.395297110080719,0.239,0.2795543670654297
I,0.4953780174255371,0.39111098647117615,0.145,0.6991623640060425,0.3025,0.15599173307418823,0.20057997107505798
I,0.55,0.4120457172393799,0.1349802017211914,0.8256698250770569,0.4325,0.17075954377651215,0.2210106998682022
M,0.55,0.4710472524166107,0.156548410654068,0.912,0.4591391086578369,0.23637954890727997,0.295663446187973
F,0.55,0.4493020176887512,0.135,0.9587535262107849,0.38778218626976013,0.17,0.26129335165023804
F,0.55,0.465,0.14902357757091522,0.9703339338302612,0.481,0.203556090593338,0.269915372133255
F,0.555,0.435,0.145,0.6975,0.3071485459804535,0.1575,0.2219080626964569
F,0.555,0.44536179304122925,0.175,1.0012677907943726,0.3874379098415375,0.2139318734407425,0.2785
I,0.5029831528663635,0.3954901099205017,0.14,0.699773371219635,0.288369745016098,0.139,0.245
I,0.56,0.435,0.135,0.5657781362533569,0.329,0.103,0.15308190882205963
I,0.5141103863716125,0.40573251247406006,0.13317851722240448,0.8215,0.3280235528945923,0.17614011466503143,0.29
F,0.57,0.445,0.155,0.7796897888183594,0.5265,0.2025,0.2039642035961151
F,0.575,0.4372931718826294,0.14820332825183868,0.8975,0.3570307195186615,0.2325,0.23
F,0.5911344289779663,0.44,0.1500541865825653,1.0323487520217896,0.42314279079437256,0.23413026332855225,0.2754155397415161
F,0.58,0.4461511969566345,0.145,0.9981603622436523,0.38730597496032715,0.2132120281457901,0.25
F,0.58,0.425,0.15,0.8475320339202881,0.3645,0.18022798001766205,0.2318834811449051
I,0.585,0.37343844771385193,0.1243525817990303,0.8465,0.339,0.1515166461467743,0.295
M,0.5632779598236084,0.4551132321357727,0.165,0.885,0.4124615490436554,0.2239263653755188,0.2816193997859955
I,0.5280503034591675,0.42,0.13326199352741241,0.7480778694152832,0.316386878490448,0.172338604927063,0.22
F,0.585,0.455,0.1469527781009674,0.9943441152572632,0.40591132640838623,0.22078722715377808,0.2702711224555969
M,0.4859899580478668,0.47,0.145,0.9235,0.2578165829181671,0.173,0.254
F,0.5631951689720154,0.475,0.15049906075000763,0.977,0.3683498501777649,0.2025,0.2578878104686737
F,0.5783457159996033,0.45091474056243896,0.14758552610874176,1.0305,0.4925,0.20711758732795715,0.278
M,0.5259228348731995,0.40664055943489075,0.13865578174591064,1.05,0.457,0.188144713640213,0.28
M,0.561357319355011,0.495,0.13687127828598022,0.8690666556358337,0.3470427095890045,0.1884809136390686,0.23843082785606384
F,0.5779958367347717,0.45419347286224365,0.15280190110206604,0.9965603947639465,0.4325,0.155,0.27937498688697815
M,0.5701261162757874,0.4542592167854309,0.185,1.0323573350906372,0.42489948868751526,0.23115375638008118,0.2817381024360657
F,0.61,0.45830583572387695,0.15329481661319733,0.9985328912734985,0.396222323179245,0.2915,0.29
F,0.5785144567489624,0.4590488076210022,0.15979327261447906,0.8725,0.39575785398483276,0.21893759071826935,0.272
F,0.5955995321273804,0.4660027325153351,0.16493241488933563,1.0499180555343628,0.4553293287754059,0.201,0.29949572682380676
F,0.5897173881530762,0.47028759121894836,0.1552806943655014,1.083278775215149,0.6005,0.2199697196483612,0.2904631495475769
F,0.6205891966819763,0.4802040159702301,0.16620303690433502,1.2668747901916504,0.5366976261138916,0.2701498866081238,0.33167779445648193
M,0.5345870852470398,0.40949663519859314,0.14,0.8642088174819946,0.3330860137939453,0.19342218339443207,0.2428894340991974
F,0.5648078322410583,0.44383031129837036,0.165,0.9572017788887024,0.37947526574134827,0.3105,0.3465
M,0.63,0.42270755767822266,0.14147616922855377,0.8792484998703003,0.32253074645996094,0.252,0.34
F,0.63,0.45134809613227844,0.1474546641111374,1.0083369016647339,0.452,0.21026505529880524,0.265
F,0.63,0.47,0.14733488857746124,0.9348157644271851,0.3688507676124573,0.2325,0.26385968923568726
M,0.5697594881057739,0.44108065962791443,0.14794480800628662,0.9834158420562744,0.4935,0.20944751799106598,0.27431195974349976
F,0.6002839207649231,0.48011499643325806,0.15863148868083954,1.1308399438858032,0.5565,0.23824813961982727,0.3129723072052002
M,0.64,0.42685776948928833,0.14233998954296112,0.9207758903503418,0.3371885120868683,0.193671315908432,0.3175
F,0.5818360447883606,0.4575587511062622,0.15843217074871063,1.0267294645309448,0.5395,0.282,0.2888043224811554
M,0.5976470708847046,0.47037139534950256,0.1548917591571808,1.2265,0.49,0.22400636970996857,0.2889961302280426
F,0.64,0.515,0.08,0.826363205909729,0.515,0.1715167760848999,0.21045100688934326
F,0.5955992341041565,0.4660002887248993,0.16493357717990875,1.0498994588851929,0.4553172290325165,0.288,0.29949310421943665
M,0.5482948422431946,0.42420732975006104,0.14874687790870667,1.446,0.35744521021842957,0.20758913457393646,0.45
F,0.5955992341041565,0.4660000503063202,0.1649336814880371,1.0498977899551392,0.45531606674194336,0.3375,0.29949286580085754
F,0.5911344289779663,0.525,0.1500539779663086,1.0323350429534912,0.4231325089931488,0.2341257482767105,0.2754119336605072
F,0.675,0.4626392722129822,0.17,1.0483778715133667,0.42170143127441406,0.2257768213748932,0.27877017855644226
M,0.7,0.54,0.13791613280773163,0.8489379286766052,0.7885,0.173808291554451,0.23856784403324127
F,0.5979887247085571,0.4704667925834656,0.15484821796417236,1.757,0.8265,0.22280766069889069,0.28981027007102966
F,0.5834673047065735,0.46361440420150757,0.14948031306266785,1.0174192190170288,0.706,0.22223788499832153,0.45
F,0.5955991744995117,0.4659998416900635,0.16493378579616547,1.0498961210250854,0.4553150236606598,0.525,0.29949262738227844
F,0.5911344289779663,0.57,0.1500539481639862,1.0323337316513062,0.42313143610954285,0.2341252714395523,0.27541154623031616
I,0.24,0.22655774652957916,0.05,0.0545,0.0205,0.016,0.0155
I,0.255,0.195,0.06923270970582962,0.0725,0.0285,0.017,0.021
I,0.29648658633232117,0.2,0.055,0.0925,0.038,0.021,0.026
I,0.32,0.235,0.09,0.183,0.0708935335278511,0.0335,0.042
I,0.325,0.24,0.075,0.1525,0.072,0.0645,0.043
I,0.33,0.225,0.075,0.34956449270248413,0.13618099689483643,0.07666034251451492,0.0425
I,0.37644675374031067,0.29224783182144165,0.09,0.232,0.12,0.0435,0.056
I,0.3063010275363922,0.265,0.095,0.196,0.085,0.042,0.0585
I,0.375,0.285,0.09,0.2545,0.07518769055604935,0.0595,0.0675
I,0.39,0.29,0.09,0.2625,0.117,0.05086082965135574,0.077
I,0.36958467960357666,0.335,0.105,0.34817561507225037,0.14692990481853485,0.0795,0.1095
I,0.455,0.29324162006378174,0.105,0.36474522948265076,0.213,0.107,0.1115
I,0.46,0.365,0.115,0.511,0.2365,0.118,0.07187134027481079
I,0.4629155695438385,0.3496467173099518,0.1208510547876358,0.589,0.2356327623128891,0.1215,0.1405
M,0.5,0.3530884385108948,0.13,0.5373318195343018,0.21184612810611725,0.1085,0.1535
I,0.5,0.3278742730617523,0.12,0.4211473762989044,0.2235,0.09325064718723297,0.16
F,0.52,0.41574475169181824,0.105,0.872,0.4515,0.17445403337478638,0.22207070887088776
I,0.48022782802581787,0.395,0.145,0.77,0.424,0.142,0.15805858373641968
F,0.525,0.43,0.1326686143875122,0.8435,0.4325,0.18,0.1815
F,0.5474384427070618,0.4181230962276459,0.13952338695526123,0.818,0.402,0.1715,0.189
F,0.54,0.4720599353313446,0.1546700894832611,1.105241298675537,0.38,0.22755171358585358,0.29538360238075256
F,0.54,0.40150967240333557,0.15,0.8115,0.3875,0.1875,0.2035
F,0.57,0.44197288155555725,0.13,0.9864007830619812,0.3695,0.197251096367836,0.24985051155090332
M,0.57,0.42,0.14,0.8745,0.416,0.14635895192623138,0.19654633104801178
F,0.5911344289779663,0.445,0.15005414187908173,1.032346487045288,0.42314115166664124,0.23412951827049255,0.27541494369506836
F,0.5597650408744812,0.445,0.14339877665042877,0.9031807780265808,0.484,0.182,0.23915211856365204
F,0.59,0.47,0.14978541433811188,0.9943667650222778,0.6245,0.20770786702632904,0.2750385105609894
F,0.59,0.455,0.15,0.7663899064064026,0.465,0.2055,0.2765
F,0.59,0.485,0.13490718603134155,1.0785,0.4535,0.2435,0.31
F,0.595,0.435,0.16,1.057,0.31707537174224854,0.224,0.22941917181015015
F,0.5955992937088013,0.46600061655044556,0.16493342816829681,1.0499019622802734,0.4553188681602478,0.256,0.2994934320449829
M,0.569431483745575,0.45303452014923096,0.1524861454963684,1.142,0.41138774156570435,0.22137722373008728,0.28193166851997375
F,0.5911344289779663,0.475,0.15005403757095337,1.0323392152786255,0.4231356382369995,0.23412711918354034,0.27541300654411316
F,0.5796319246292114,0.4570420980453491,0.15606704354286194,1.1045,0.39331114292144775,0.25,0.287
M,0.6011298298835754,0.47001099586486816,0.16109904646873474,1.3405,0.43894967436790466,0.24410781264305115,0.337
M,0.5082798004150391,0.3877197504043579,0.1343727707862854,1.082,0.5785,0.2045,0.25
F,0.625,0.4509219527244568,0.14779718220233917,1.254,0.591,0.1896032989025116,0.2557563781738281
M,0.5573206543922424,0.49,0.1412852257490158,0.8653760552406311,0.3282250165939331,0.273,0.24215902388095856
M,0.63,0.44830015301704407,0.15099820494651794,1.243,0.398038387298584,0.22131133079528809,0.3
F,0.5851189494132996,0.4610322415828705,0.15219882130622864,1.286,0.526,0.20030052959918976,0.2654793858528137
F,0.5955992341041565,0.46600013971328735,0.16493363678455353,1.049898386001587,0.4553164839744568,0.3155,0.2994929552078247
F,0.6002836227416992,0.48011514544487,0.15863136947155,1.1308397054672241,0.5015,0.23824843764305115,0.31297245621681213
F,0.65,0.4578556716442108,0.15150558948516846,1.385,0.8875,0.21097585558891296,0.2775358259677887
F,0.5972499847412109,0.4737820029258728,0.16027559340000153,1.064417839050293,0.44601184129714966,0.346,0.385
F,0.655,0.4341238737106323,0.17,0.9448522925376892,0.8485,0.19304823875427246,0.331
M,0.665,0.42654678225517273,0.1429884433746338,0.9237788915634155,0.3406701683998108,0.19519110023975372,0.371
M,0.5613576173782349,0.54,0.1368713229894638,0.869065523147583,0.3470420241355896,0.1884806901216507,0.2384304702281952
F,0.5955992341041565,0.465999960899353,0.16493374109268188,1.0498968362808228,0.4553154408931732,0.407,0.2994927167892456
F,0.72,0.55,0.18,0.9125149250030518,0.3740195631980896,0.20006993412971497,0.2498897761106491
M,0.6169024109840393,0.48827290534973145,0.16816522181034088,1.613,0.5010047554969788,0.258819043636322,0.3265124559402466
F,0.6002843976020813,0.48011481761932373,0.15863168239593506,1.1308404207229614,1.1705,0.23824761807918549,0.3129720985889435
F,0.5911344289779663,0.595,0.1500539481639862,1.032333254814148,0.4231311082839966,0.23412513732910156,0.2754114270210266
I,0.31,0.23,0.07,0.1245,0.0505,0.0265,0.038
I,0.315,0.235,0.075,0.10414334386587143,0.051,0.028,0.0405
I,0.3099435567855835,0.205,0.08,0.181,0.088,0.034,0.0495
I,0.30478084087371826,0.25,0.075,0.1585,0.075,0.0305,0.0455
I,0.335,0.26,0.09,0.1965,0.07215391844511032,0.041,0.056
I,0.33528023958206177,0.28,0.085,0.198,0.11492166668176651,0.061496853828430176,0.058
I,0.37,0.27,0.09,0.11736121028661728,0.07,0.0425,0.065
I,0.375,0.28,0.085,0.23191559314727783,0.0855,0.0485,0.072
I,0.4,0.315,0.09,0.3245,0.151,0.073,0.088
I,0.41,0.305,0.095,0.2625,0.1,0.0515,0.09
I,0.425,0.34,0.07416557520627975,0.371,0.15,0.0865,0.115
I,0.3327476680278778,0.335,0.095,0.298,0.109,0.058,0.115
I,0.445,0.31,0.09,0.336,0.0841595008969307,0.09,0.0855
I,0.46,0.36,0.14,0.447,0.161,0.08879418671131134,0.10389138013124466
F,0.399463027715683,0.35,0.11,0.4085,0.14306966960430145,0.102,0.131
I,0.48425713181495667,0.37753069400787354,0.12851066887378693,0.645818829536438,0.264,0.117,0.1901080161333084
I,0.475,0.375,0.11,0.494,0.211,0.06328179687261581,0.1545
I,0.495,0.375,0.10633573681116104,0.48284801840782166,0.2855,0.1365,0.161
I,0.5,0.39,0.1049342080950737,0.5075,0.2115,0.104,0.1287587285041809
I,0.41539016366004944,0.37,0.10360878705978394,0.5445,0.17667096853256226,0.1065,0.152
I,0.505,0.3513812720775604,0.125,0.6115,0.245,0.1375,0.1418273150920868
I,0.505,0.4,0.12036105990409851,0.5605,0.2255,0.14257417619228363,0.17
M,0.505,0.365,0.115,0.521,0.15411120653152466,0.096,0.15
I,0.51,0.3977923095226288,0.12753835320472717,0.5775,0.2703346908092499,0.143,0.20041479170322418
I,0.51,0.4,0.11748920381069183,0.5476070046424866,0.239,0.13,0.1739918291568756
I,0.37444284558296204,0.2877618670463562,0.11,0.597,0.2935,0.1155,0.16
M,0.5437554121017456,0.41800299286842346,0.15,0.9050514101982117,0.34171953797340393,0.19872598350048065,0.255
F,0.53,0.38,0.13473321497440338,0.616,0.3170852065086365,0.113,0.21645185351371765
M,0.5396431088447571,0.405,0.1384914368391037,0.8315,0.352,0.17857296764850616,0.23267251253128052
F,0.535,0.43364691734313965,0.14509068429470062,0.8725,0.417,0.199,0.24075429141521454
I,0.54,0.425,0.13,0.6415022015571594,0.3675,0.13785430788993835,0.246
I,0.54,0.415,0.119083471596241,0.5904669761657715,0.2755,0.1364186406135559,0.1765
F,0.545,0.43,0.13,0.8994140625,0.36653733253479004,0.19623757898807526,0.24217349290847778
I,0.545,0.43,0.12857624888420105,0.7008033394813538,0.3011181950569153,0.158,0.20958077907562256
I,0.4767947793006897,0.3762967586517334,0.165,0.6079651117324829,0.34,0.194,0.244
F,0.55,0.41498497128486633,0.13881318271160126,0.664,0.2695,0.17829187214374542,0.21
F,0.582699716091156,0.4580100178718567,0.15817125141620636,1.028434157371521,0.347,0.174,0.28949040174484253
I,0.56,0.39850345253944397,0.13,0.7282016277313232,0.2928819954395294,0.1598384976387024,0.2175
M,0.57016921043396,0.45435869693756104,0.13,1.0333516597747803,0.425563782453537,0.2314295768737793,0.28186193108558655
F,0.5317142605781555,0.425,0.15,0.8765,0.3198489844799042,0.18,0.22123676538467407
F,0.575,0.4346718490123749,0.14322352409362793,0.9895,0.495,0.19569380581378937,0.246
F,0.5833534598350525,0.45,0.1556069701910019,0.9655,0.4288465082645416,0.23134692013263702,0.28397178649902344
F,0.58,0.465,0.14419709146022797,0.9065,0.34073030948638916,0.1965,0.24806027114391327
M,0.58,0.40893083810806274,0.15,0.8561109900474548,0.5205,0.1798095405101776,0.2261497527360916
F,0.5758869647979736,0.45,0.15183742344379425,0.9460489749908447,0.363209068775177,0.232,0.2627069652080536
F,0.5739577412605286,0.45,0.15050016343593597,0.92,0.39220359921455383,0.20417776703834534,0.2612264156341553
M,0.58,0.4700506031513214,0.15590175986289978,0.9525,0.4552617073059082,0.23413318395614624,0.29369309544563293
F,0.58,0.4472231864929199,0.125,0.9429746270179749,0.378923624753952,0.1955,0.2558022737503052
F,0.585,0.4118228852748871,0.135,0.855,0.3142044246196747,0.187,0.26
F,0.5222755670547485,0.4072900414466858,0.15,1.142,0.485,0.265,0.345
F,0.59,0.46,0.125,0.755,0.33808356523513794,0.18506260216236115,0.23079915344715118
M,0.5701285004615784,0.4542648494243622,0.145,1.0324136018753052,0.42493706941604614,0.23116938769817352,0.2817450761795044
M,0.570127010345459,0.45426133275032043,0.155,1.0323784351348877,0.42491358518600464,0.23115962743759155,0.2817406952381134
M,0.5892318487167358,0.46413639187812805,0.16060110926628113,1.0817829370498657,0.42906180024147034,0.23511874675750732,0.265
F,0.6,0.4608857035636902,0.135,1.0402520895004272,0.4157603085041046,0.22447015345096588,0.2732444703578949
F,0.5815598368644714,0.4622817039489746,0.14960189163684845,1.0130044221878052,0.4575,0.2207862138748169,0.3135
M,0.5697598457336426,0.44108083844184875,0.1479451209306717,0.9834170937538147,0.617,0.20944735407829285,0.2743120789527893
F,0.5547441244125366,0.4346714913845062,0.15,0.9625,0.35544732213020325,0.2225,0.2453899383544922
F,0.6,0.4601556956768036,0.165,1.04169762134552,0.4192156493663788,0.2241971641778946,0.2787916958332062
F,0.5618433952331543,0.45233380794525146,0.17,1.0153827667236328,0.3917548358440399,0.21066845953464508,0.335
M,0.605,0.48048514127731323,0.15599147975444794,1.1283713579177856,0.4570210874080658,0.2488955706357956,0.30167362093925476
F,0.5955995321273804,0.4660029709339142,0.16493229568004608,1.049919843673706,0.45533058047294617,0.1985,0.29949599504470825
I,0.61,0.425,0.155,0.7079706788063049,0.507,0.14839717745780945,0.18463127315044403
F,0.6002833247184753,0.48011526465415955,0.15863126516342163,1.1308393478393555,0.469,0.23824872076511383,0.31297263503074646
M,0.61,0.4308423399925232,0.14,0.8862870931625366,0.3349623382091522,0.18591488897800446,0.24499043822288513
I,0.5404101610183716,0.49,0.13534188270568848,0.7621011734008789,0.3177148699760437,0.2385,0.22620682418346405
F,0.5646185874938965,0.43381088972091675,0.175,0.9107674360275269,0.3770627975463867,0.259,0.2600671052932739
F,0.615,0.45473918318748474,0.15113356709480286,0.9872410297393799,0.38824114203453064,0.2305,0.29
F,0.51922607421875,0.40487703680992126,0.15,0.9335,0.382,0.247,0.2615
F,0.575941264629364,0.495,0.15188290178775787,0.9461994767189026,0.36328214406967163,0.2865,0.2628013789653778
F,0.5172863602638245,0.475,0.15,0.9545,0.455,0.15761883556842804,0.277
F,0.5955992341041565,0.4660000503063202,0.1649336814880371,1.0498977899551392,0.45531612634658813,0.3365,0.29949289560317993
M,0.5345913767814636,0.409490168094635,0.175,0.8641602993011475,0.33306244015693665,0.19341282546520233,0.24288524687290192
M,0.5571500658988953,0.42753735184669495,0.14400726556777954,1.217,0.667,0.197969451546669,0.25313809514045715
F,0.625,0.5,0.1419103890657425,0.8896156549453735,0.3445555567741394,0.207,0.355
F,0.5446092486381531,0.49,0.145,0.8469923734664917,0.3263434171676636,0.1735,0.22607240080833435
M,0.625,0.3985166847705841,0.12,0.8765,0.28985199332237244,0.18,0.21302379667758942
M,0.63,0.4804851710796356,0.15599137544631958,1.1283684968948364,0.45701903104782104,0.2488948255777359,0.3016727864742279
M,0.5701261758804321,0.45425936579704285,0.18,1.0323586463928223,0.4249003827571869,0.2311541587114334,0.2817382514476776
F,0.63,0.485,0.185,1.167,0.31965386867523193,0.18052060902118683,0.34
F,0.5818946361541748,0.51,0.1543731987476349,0.9910548329353333,0.39407461881637573,0.3065,0.27810433506965637
F,0.5658397078514099,0.44668060541152954,0.19,1.3765,0.38256028294563293,0.2162424623966217,0.406
M,0.5561781525611877,0.4282870888710022,0.14363102614879608,1.292,0.6,0.19866959750652313,0.2525647282600403
M,0.597690761089325,0.4703841805458069,0.15489542484283447,1.1795,0.4785,0.2239137887954712,0.2891167998313904
F,0.635,0.5,0.14333881437778473,0.9442412853240967,0.37476256489753723,0.20510108768939972,0.2537428140640259
F,0.5818038582801819,0.4575433135032654,0.15843884646892548,1.026663899421692,0.5385,0.282,0.28877803683280945
F,0.5727807283401489,0.45086172223091125,0.18,0.9912410974502563,0.4170376658439636,0.3125,0.27453064918518066
F,0.5890443921089172,0.575,0.15417519211769104,1.0422310829162598,0.625,0.2227388322353363,0.28952986001968384
M,0.645,0.447913259267807,0.15021179616451263,1.151,0.3950306475162506,0.21977153420448303,0.293
F,0.5800403356552124,0.52,0.146320179104805,0.9897016286849976,0.3850383162498474,0.2160402238368988,0.2606303095817566
M,0.5892292261123657,0.464133083820343,0.16060246527194977,1.0817726850509644,0.42905372381210327,0.23511458933353424,0.445
F,0.5911344289779663,0.52,0.1500539779663086,1.0323354005813599,0.42313268780708313,0.23412583768367767,0.275411993265152
F,0.5810838937759399,0.460094690322876,0.15908828377723694,1.6645,0.4019048511981964,0.2210397571325302,0.43
M,0.589229166507721,0.46413305401802063,0.16060248017311096,1.0817725658416748,0.4290536642074585,0.23511454463005066,0.4535
F,0.5955992341041565,0.46600016951560974,0.16493362188339233,1.049898624420166,0.45531660318374634,0.309,0.2994930148124695
F,0.6002835631370544,0.48011514544487,0.1586313545703888,1.1308395862579346,0.4975,0.23824845254421234,0.3129724860191345
F,0.5911344289779663,0.525,0.1500539779663086,1.0323350429534912,0.4231325089931488,0.2341257482767105,0.2754119336605072
M,0.6169024705886841,0.48827293515205383,0.16816513240337372,1.3805,0.5010052919387817,0.25881925225257874,0.32651257514953613
F,0.572035551071167,0.45642781257629395,0.1497986614704132,0.9498068690299988,0.5355,0.322,0.386
F,0.562416136264801,0.44619202613830566,0.19,0.9758731126785278,0.5755,0.21069642901420593,0.44
F,0.5955992341041565,0.46600019931793213,0.16493360698223114,1.0498988628387451,0.4553167521953583,0.3025,0.2994930148124695
F,0.5744590759277344,0.525,0.14799723029136658,0.9811081290245056,0.6595,0.20667009055614471,0.425
F,0.5863226652145386,0.4599347710609436,0.175,1.068800687789917,0.4257422983646393,0.23279577493667603,0.365
M,0.5696213841438293,0.4339092969894409,0.15348844230175018,0.9354398250579834,0.3771723508834839,0.2625,0.26082882285118103
F,0.68,0.505,0.14843037724494934,0.9422473311424255,0.3722182810306549,0.297,0.2669299244880676
F,0.5914263725280762,0.505,0.15515416860580444,1.060901165008545,0.667,0.2235913872718811,0.2967202365398407
M,0.5892297029495239,0.46413370966911316,0.16060221195220947,1.0817745923995972,0.42905524373054504,0.23511534929275513,0.341
F,0.5911344289779663,0.55,0.1500539630651474,1.0323342084884644,0.4231318235397339,0.23412543535232544,0.2754116654396057
F,0.5911344289779663,0.58,0.1500539481639862,1.032333493232727,0.4231313169002533,0.23412522673606873,0.2754114866256714
F,0.6002843379974365,0.48011481761932373,0.15863166749477386,1.1308404207229614,0.909,0.23824766278266907,0.3129720985889435
M,0.5701259970664978,0.4542589783668518,0.2,1.0323548316955566,0.42489781975746155,0.23115307092666626,0.2817377746105194
I,0.32,0.23786847293376923,0.07698723673820496,0.305,0.14,0.067,0.0885
I,0.43,0.345,0.115,0.4295,0.212,0.108,0.109
I,0.409976065158844,0.3090061843395233,0.10154826194047928,0.38167521357536316,0.254,0.0825,0.097
M,0.485,0.365,0.155,1.029,0.4235,0.2285,0.18245969712734222
M,0.49,0.36977922916412354,0.155,0.981,0.465,0.2015,0.1944735199213028
I,0.35972756147384644,0.26864200830459595,0.115,0.5745,0.306,0.112,0.141
F,0.505,0.38,0.13,0.693,0.31812167167663574,0.1195,0.20079435408115387
F,0.4908546805381775,0.37,0.21,1.183,0.508,0.292,0.343
F,0.525,0.40967246890068054,0.135,0.7905,0.4065,0.198,0.22045554220676422
F,0.535,0.4717164933681488,0.15534503757953644,1.0973480939865112,0.618,0.22879323363304138,0.30039697885513306
I,0.535,0.4,0.135,0.775,0.2995947003364563,0.15558907389640808,0.20403514802455902
M,0.6169025897979736,0.4882729947566986,0.16816504299640656,1.2705,0.5010057091712952,0.25881943106651306,0.3265126645565033
F,0.555,0.405,0.14678137004375458,0.9980428814888,0.40450769662857056,0.22141745686531067,0.2696913480758667
F,0.5724210739135742,0.425,0.14480233192443848,0.9602104425430298,0.3736851215362549,0.21350443363189697,0.1965
M,0.56,0.39776191115379333,0.13776390254497528,0.9415,0.509,0.2015,0.22761785984039307
F,0.59,0.44,0.14345018565654755,1.007,0.3373796045780182,0.2105,0.2405240684747696
F,0.595599353313446,0.46600112318992615,0.16493317484855652,1.0499058961868286,0.45532137155532837,0.231,0.2994939982891083
I,0.5207571387290955,0.43,0.1310253143310547,0.9845,0.4525,0.15879739820957184,0.2005152553319931
F,0.595,0.4334908127784729,0.21,0.9283545613288879,0.653,0.1973605453968048,0.41
M,0.61,0.4224226772785187,0.175,0.8760032653808594,0.32983145117759705,0.18494166433811188,0.2448360025882721
M,0.5881061553955078,0.46387478709220886,0.15188387036323547,1.1318128108978271,0.47329360246658325,0.24579644203186035,0.3093031048774719
F,0.5791844725608826,0.5,0.1518431007862091,0.9834722876548767,0.38890984654426575,0.22,0.27169251441955566
F,0.5270962715148926,0.49,0.13739630579948425,1.136,0.5265,0.1915,0.2925
F,0.635,0.4552631676197052,0.1490078568458557,1.0128302574157715,0.532,0.21616697311401367,0.354
F,0.5310344696044922,0.525,0.18,1.3695,0.33965420722961426,0.1771814376115799,0.363
M,0.64,0.4362366497516632,0.143697589635849,1.006,0.36955565214157104,0.19670334458351135,0.2580607533454895
M,0.570126473903656,0.45426008105278015,0.165,1.032366156578064,0.42490535974502563,0.23115621507167816,0.28173917531967163
F,0.5955991744995117,0.465999960899353,0.16493374109268188,1.0498969554901123,0.45531556010246277,0.3905,0.299492746591568
F,0.5781275033950806,0.45052704215049744,0.14737363159656525,1.2905,0.6205,0.20675921440124512,0.326
F,0.562839150428772,0.45221808552742004,0.17,1.0191929340362549,0.39335790276527405,0.2114911526441574,0.37
M,0.5719148516654968,0.4604875445365906,0.21,1.7885,0.42404720187187195,0.22921694815158844,0.29017820954322815
M,0.6169024109840393,0.48827290534973145,0.16816522181034088,1.6135,0.5010048151016235,0.258819043636322,0.3265124559402466
M,0.6541774272918701,0.513593852519989,0.1757621467113495,2.2305,0.6013489365577698,0.29340749979019165,0.3663789629936218
F,0.5911344289779663,0.615,0.1500539481639862,1.0323330163955688,0.42313089966773987,0.2341250479221344,0.27541136741638184
I,0.34646451473236084,0.2704862058162689,0.065,0.074,0.0305,0.0165,0.02
I,0.375,0.26,0.08,0.2075,0.09,0.0415,0.039926037192344666
I,0.375,0.2605924606323242,0.09,0.237,0.106,0.0395,0.08
I,0.39,0.24189776182174683,0.1,0.2665,0.1105,0.059,0.084
I,0.39,0.28,0.09,0.215,0.08111955970525742,0.034,0.079
I,0.395,0.3,0.09,0.253,0.1155,0.05,0.075
I,0.42,0.32,0.11,0.158523291349411,0.115,0.0645,0.0945
I,0.435,0.335,0.105,0.3535,0.156,0.05,0.07622995227575302
I,0.435,0.325,0.08159007877111435,0.335,0.136,0.05796566605567932,0.115
I,0.44,0.32,0.105,0.3875,0.11523125320672989,0.074,0.12
I,0.45,0.26068416237831116,0.115,0.365,0.14,0.0825,0.1245
I,0.45,0.282389760017395,0.125,0.4045,0.171,0.07,0.08272211253643036
I,0.455,0.2812715172767639,0.105,0.268112450838089,0.138,0.0765,0.135
I,0.46,0.37,0.08451993763446808,0.3965,0.1485,0.0855,0.1455
I,0.425693154335022,0.3284035325050354,0.125,0.5225,0.19766461849212646,0.104,0.162
I,0.3794765770435333,0.375,0.11,0.2869327962398529,0.182,0.099,0.16
I,0.36120957136154175,0.28197425603866577,0.1,0.44,0.177,0.06571638584136963,0.15
I,0.39262792468070984,0.30566975474357605,0.115,0.3765960931777954,0.241,0.08411849290132523,0.15
F,0.48640918731689453,0.38,0.135,0.5285,0.24174316227436066,0.123,0.209
I,0.515,0.35589221119880676,0.125,0.572,0.19941851496696472,0.1435,0.165
F,0.5077106952667236,0.4069869816303253,0.14,0.6625,0.2775,0.1555,0.21420420706272125
I,0.52,0.395,0.115,0.6445,0.20389296114444733,0.1245,0.186
I,0.4899846911430359,0.4,0.11,0.6275,0.2537766098976135,0.126,0.16946415603160858
I,0.4718885123729706,0.42,0.145,0.6885,0.273,0.1418832540512085,0.237
M,0.535,0.41,0.13296660780906677,0.7865312099456787,0.3125,0.16436505317687988,0.2238410860300064
F,0.54,0.4184100925922394,0.1417928785085678,0.8134490847587585,0.293,0.163,0.38
F,0.530393660068512,0.405,0.15,0.8304325342178345,0.3015,0.17882893979549408,0.21
I,0.45881304144859314,0.3604452311992645,0.145,0.783,0.3045,0.157,0.265
M,0.56,0.4804849922657013,0.15599198639392853,1.1283842325210571,0.4570307433605194,0.24889910221099854,0.3016773760318756
I,0.5004286170005798,0.3744286596775055,0.12227492034435272,0.768,0.3305,0.1385,0.17309996485710144
F,0.5833776593208313,0.45,0.15536336600780487,0.95,0.42781752347946167,0.2308814376592636,0.28325629234313965
F,0.544066309928894,0.47,0.1452609896659851,0.871,0.385,0.211,0.23870141804218292
F,0.573104977607727,0.45609050989151,0.15,1.0311533212661743,0.4505,0.222446471452713,0.276793897151947
I,0.5094120502471924,0.43,0.13,0.6592915058135986,0.2895,0.15261755883693695,0.18559980392456055
F,0.5677207112312317,0.445,0.14,0.9557552337646484,0.3826369643211365,0.21204879879951477,0.260202020406723
M,0.5701266527175903,0.45426058769226074,0.16,1.032370924949646,0.4249086081981659,0.2311575710773468,0.2817398011684418
F,0.5431693196296692,0.43257033824920654,0.155,0.8785,0.34099823236465454,0.1685,0.241644486784935
F,0.5617967844009399,0.45,0.175,0.9702132940292358,0.38027599453926086,0.2123923897743225,0.26959386467933655
F,0.5398356914520264,0.435,0.165,0.8857908844947815,0.4525,0.18354187905788422,0.235
I,0.5215234160423279,0.41606035828590393,0.13595454394817352,0.7962072491645813,0.3316494822502136,0.17646543681621552,0.289
M,0.5602273344993591,0.405,0.14089369773864746,0.8826372623443604,0.326,0.18690885603427887,0.2484266310930252
F,0.595,0.4569442570209503,0.175,1.033764362335205,0.4166450798511505,0.2232033908367157,0.27876052260398865
M,0.5881061553955078,0.46387478709220886,0.15188387036323547,1.1318128108978271,0.47329360246658325,0.24579644203186035,0.3093031048774719
F,0.595,0.46,0.16,0.921,0.31169724464416504,0.2025,0.22022032737731934
F,0.6,0.45,0.13450658321380615,0.869,0.3425,0.195,0.291
M,0.5437554121017456,0.41800299286842346,0.15,0.9050514101982117,0.34171953797340393,0.19872598350048065,0.255
F,0.61,0.43627309799194336,0.16,0.9085599184036255,0.469,0.18409204483032227,0.384
M,0.615,0.485,0.13586196303367615,0.9615,0.3252081274986267,0.17506031692028046,0.23347824811935425
M,0.5579714179039001,0.43566450476646423,0.14900627732276917,1.145,0.37324732542037964,0.208,0.26204514503479004
I,0.5304902195930481,0.41320478916168213,0.13558954000473022,0.907,0.3498471677303314,0.167,0.2236606627702713
F,0.5558807849884033,0.4352412223815918,0.155,1.1635,0.35747531056404114,0.259,0.24605336785316467
M,0.5881061553955078,0.46387478709220886,0.15188387036323547,1.1318128108978271,0.47329360246658325,0.24579644203186035,0.3093031048774719
M,0.63,0.4804851710796356,0.15599137544631958,1.1283684968948364,0.45701903104782104,0.2488948255777359,0.3016727864742279
F,0.5627899169921875,0.4559413492679596,0.165,1.251,0.3966032564640045,0.2026544064283371,0.26860517263412476
F,0.635,0.444581538438797,0.15388616919517517,1.145,0.3736374080181122,0.3035,0.2654886841773987
F,0.5746358633041382,0.44708141684532166,0.15153276920318604,1.154,0.4405,0.2315,0.26744240522384644
M,0.64,0.4655572175979614,0.15245623886585236,1.063668966293335,0.41428932547569275,0.23276197910308838,0.3015
F,0.564934492111206,0.44788113236427307,0.15,1.0065019130706787,0.559,0.20191960036754608,0.2558635473251343
F,0.65,0.505,0.14695177972316742,0.9942952990531921,0.40579378604888916,0.22076374292373657,0.27022966742515564
F,0.65,0.4061851501464844,0.175,1.3165,0.6345,0.2605,0.21405793726444244
M,0.5881061553955078,0.46387478709220886,0.15188387036323547,1.1318128108978271,0.47329360246658325,0.24579644203186035,0.3093031048774719
F,0.5800402164459229,0.49,0.1463201940059662,0.9897027015686035,0.38503900170326233,0.2160404920578003,0.2606305181980133
M,0.655,0.480485200881958,0.1559913009405136,1.1283668279647827,0.4570177495479584,0.2488943487405777,0.3016723096370697
F,0.5554251670837402,0.4301077127456665,0.1424938142299652,1.5175,0.7765,0.302,0.401
F,0.665,0.4708559811115265,0.1537724882364273,1.0963850021362305,0.5325,0.22456270456314087,0.2919977903366089
F,0.5793236494064331,0.45831575989723206,0.15634000301361084,1.3645,0.3937702775001526,0.3405,0.385
M,0.5701261162757874,0.4542592167854309,0.185,1.0323573350906372,0.42489948868751526,0.23115375638008118,0.2817381024360657
M,0.68,0.4717504382133484,0.1571950614452362,1.664,0.46269547939300537,0.23875221610069275,0.29787176847457886
F,0.6002841591835022,0.4801148772239685,0.1586315929889679,1.1308403015136719,0.686,0.2382478266954422,0.31297218799591064
M,0.589229166507721,0.46413302421569824,0.16060249507427216,1.0817725658416748,0.42905357480049133,0.23511449992656708,0.471
F,0.5955992341041565,0.46599990129470825,0.16493374109268188,1.0498967170715332,0.45531532168388367,0.4285,0.2994926869869232
M,0.589229166507721,0.46413302421569824,0.16060248017311096,1.0817725658416748,0.4290536046028137,0.23511452972888947,0.4625
M,0.6169023513793945,0.48827284574508667,0.16816528141498566,1.908,0.5010045170783997,0.2588188946247101,0.3265124261379242
F,0.6205891966819763,0.4802040159702301,0.16620303690433502,1.2668747901916504,0.5366976261138916,0.2701498866081238,0.33167779445648193
I,0.225,0.17,0.05,0.0515,0.019,0.012,0.017
I,0.23,0.17,0.05,0.09181632846593857,0.026,0.013,0.016
I,0.255,0.185,0.06889428943395615,0.0925,0.039,0.021,0.025
I,0.355,0.27,0.075,0.21295636892318726,0.3045,0.046,0.044407591223716736
I,0.425,0.31,0.095,0.3075,0.139,0.0745,0.093
I,0.425,0.28616851568222046,0.08984173834323883,0.2898781895637512,0.1235,0.067,0.0725
I,0.455,0.35,0.11,0.304931640625,0.2,0.111,0.07276488095521927
M,0.46,0.29160213470458984,0.10277239233255386,0.491,0.1468481421470642,0.115,0.174
M,0.495,0.32905733585357666,0.10770124197006226,0.474,0.1769559532403946,0.1065,0.1545
M,0.4881279170513153,0.37039774656295776,0.12458761036396027,0.6246545314788818,0.244,0.14420990645885468,0.17052730917930603
F,0.52,0.43,0.15,0.728,0.31337255239486694,0.17955520749092102,0.235
M,0.4370044767856598,0.3343389332294464,0.11843965202569962,0.622,0.2655,0.147,0.184
M,0.5042130947113037,0.415,0.12467268854379654,0.6848763227462769,0.3355,0.14857864379882812,0.1345
F,0.53,0.395,0.115,0.5685,0.249,0.1375,0.161
M,0.5026473999023438,0.435,0.13560789823532104,0.9385,0.3685,0.16714932024478912,0.345
F,0.4929767847061157,0.43,0.1321016401052475,0.655,0.2635,0.122,0.221
M,0.5213692784309387,0.48,0.15,0.7860941886901855,0.29308316111564636,0.16970700025558472,0.2505
F,0.58,0.43,0.125,0.9115,0.2947264611721039,0.16499051451683044,0.121
F,0.595,0.455,0.14528407156467438,0.9542074799537659,0.3749406635761261,0.20814909040927887,0.277
F,0.5955992341041565,0.46600013971328735,0.16493363678455353,1.049898386001587,0.4553164839744568,0.315,0.2994929552078247
M,0.5892292261123657,0.4641331136226654,0.16060246527194977,1.081772804260254,0.42905375361442566,0.23511458933353424,0.439
F,0.5856040120124817,0.45984557271003723,0.2,1.0672032833099365,0.42424067854881287,0.23241104185581207,0.421
I,0.29,0.215,0.06,0.1115,0.09968634694814682,0.0185,0.059406667947769165
I,0.3,0.22,0.065,0.1235,0.059,0.026,0.0315
I,0.37,0.275,0.1,0.11511339992284775,0.1505,0.0505,0.068
I,0.375,0.285,0.0758255273103714,0.16536182165145874,0.0975,0.04,0.0725
I,0.38,0.29,0.085,0.2285,0.088,0.0465,0.075
I,0.395,0.24145741760730743,0.12,0.2995,0.1265,0.068,0.0895
I,0.41,0.325,0.10156837850809097,0.4183574914932251,0.1743990182876587,0.0665,0.103
I,0.415,0.32,0.115,0.3045,0.08581886440515518,0.0735,0.094
I,0.425,0.325,0.105,0.164836585521698,0.1815,0.046076662838459015,0.1175
I,0.44,0.2711838185787201,0.1,0.25296667218208313,0.1725,0.0815,0.101
I,0.37865203619003296,0.34,0.09251841902732849,0.4995,0.2965,0.0945,0.0916048064827919
M,0.45593345165252686,0.3365209698677063,0.135,0.7775,0.436,0.1715,0.1455
F,0.47,0.36,0.1,0.4705,0.1635,0.089,0.1385
F,0.5584953427314758,0.415,0.14745141565799713,0.9248176217079163,0.3484033942222595,0.1835,0.203
F,0.585081160068512,0.46483123302459717,0.14939646422863007,1.0224668979644775,0.318,0.22315405309200287,0.208
F,0.525,0.4,0.1327039897441864,0.7770273089408875,0.3115,0.131,0.223
F,0.5447653532028198,0.425,0.14,0.8972182273864746,0.4895,0.18313531577587128,0.2185
M,0.5105175375938416,0.42,0.15,0.7409218549728394,0.44,0.1965,0.2067885547876358
F,0.5955994129180908,0.46600210666656494,0.1649327129125595,1.0499132871627808,0.4553261995315552,0.209,0.29949504137039185
M,0.6169049143791199,0.4882749915122986,0.1681623011827469,0.8285,0.5010213851928711,0.25882619619369507,0.32651615142822266
F,0.5673601031303406,0.4468723237514496,0.15,1.206,0.3856206238269806,0.21674932539463043,0.323
M,0.6009573340415955,0.47196298837661743,0.16314361989498138,1.2865,0.44612306356430054,0.293,0.2985520660877228
F,0.5604108572006226,0.485,0.155,0.9427394270896912,0.3659617602825165,0.20546552538871765,0.352
F,0.5216196179389954,0.41467422246932983,0.19,0.8301824331283569,0.32388490438461304,0.2115,0.1625
F,0.63,0.46658483147621155,0.15217061340808868,1.0524295568466187,0.41018325090408325,0.22546981275081635,0.2836190164089203
F,0.5911344289779663,0.515,0.1500539779663086,1.032335638999939,0.42313289642333984,0.23412591218948364,0.27541205286979675
F,0.5955992341041565,0.4660000205039978,0.1649336963891983,1.0498974323272705,0.45531579852104187,0.357,0.29949280619621277
F,0.5980017185211182,0.47066348791122437,0.1548513025045395,1.5105,0.7385,0.22253546118736267,0.2900896668434143
F,0.485,0.39,0.1,0.5565,0.2215,0.09500572085380554,0.185
I,0.46,0.3140963315963745,0.125,0.47201982140541077,0.2165,0.09933356940746307,0.19
I,0.46,0.35,0.125,0.45278897881507874,0.18133912980556488,0.09872541576623917,0.11026554554700851
M,0.527209460735321,0.42,0.14041490852832794,0.8176656365394592,0.3097396194934845,0.1505,0.265
I,0.465,0.36,0.105,0.33852770924568176,0.188,0.0845,0.19
M,0.51,0.37555909156799316,0.14,0.6905,0.259,0.151,0.1944759637117386
I,0.335,0.26,0.09,0.11281736940145493,0.078,0.024,0.065
F,0.5148845911026001,0.4057742953300476,0.14051982760429382,0.97,0.2885,0.139,0.48
I,0.18,0.135,0.08,0.033,0.0145,0.047745175659656525,0.048900753259658813
I,0.215,0.165,0.055,0.059,0.0265,0.0125,0.0185
I,0.2,0.15,0.04,0.046,0.021,0.007,0.0065
F,0.625,0.4458887577056885,0.2,1.0049095153808594,0.38979846239089966,0.21466873586177826,0.355
F,0.5740820169448853,0.4537109434604645,0.17,1.0267794132232666,0.4043121039867401,0.2246866673231125,0.245
M,0.585,0.471047043800354,0.1565481722354889,1.047,0.4591362476348877,0.23637744784355164,0.29566195607185364
F,0.573839545249939,0.5,0.14797355234622955,0.9766343832015991,0.5345,0.2050269991159439,0.345
F,0.5955991744995117,0.46599993109703064,0.16493374109268188,1.0498967170715332,0.4553154408931732,0.4065,0.2994927167892456
M,0.5892289876937866,0.46413278579711914,0.16060258448123932,1.0817718505859375,0.42905306816101074,0.2351142317056656,0.71
F,0.565990686416626,0.505,0.1464998722076416,1.367,0.5835,0.18690279126167297,0.24041397869586945
M,0.665,0.480485200881958,0.15599128603935242,1.1283663511276245,0.4570173919200897,0.24889422953128815,0.30167216062545776
F,0.420676052570343,0.375,0.105,0.513,0.232,0.09311800450086594,0.13
M,0.3574692904949188,0.335,0.1,0.3373176157474518,0.1755,0.08483775705099106,0.09736255556344986
I,0.5080600380897522,0.38849690556526184,0.1316767930984497,0.6847904920578003,0.2375,0.16289426386356354,0.19734397530555725
M,0.505,0.378812700510025,0.125,0.7155480980873108,0.29,0.1405995935201645,0.175
F,0.535,0.43253836035728455,0.1478608250617981,0.875,0.3610042929649353,0.18,0.3
F,0.41452863812446594,0.3335253894329071,0.09,0.397,0.1575,0.089,0.10357341915369034
F,0.55,0.435139000415802,0.11,0.8886323571205139,0.3561237156391144,0.203,0.2407124638557434
I,0.34,0.255,0.085,0.204,0.097,0.04788607358932495,0.05
I,0.29399558901786804,0.2,0.065,0.1165,0.0565,0.013,0.035
I,0.335,0.22,0.07,0.17,0.076,0.04602549970149994,0.05
F,0.64,0.49,0.14693348109722137,0.9947282075881958,0.40559375286102295,0.22082677483558655,0.27020081877708435
F,0.5687395334243774,0.43570736050605774,0.15500766038894653,0.9060755372047424,0.33,0.2125,0.25497105717658997
F,0.64,0.4330776035785675,0.19,0.9281321167945862,0.35810986161231995,0.281,0.3805
F,0.545,0.41,0.115,0.6765,0.29,0.158,0.22
M,0.6169024109840393,0.48827290534973145,0.1681652069091797,1.571,0.5010048151016235,0.258819043636322,0.32651248574256897
M,0.6022784113883972,0.47280633449554443,0.1629629135131836,1.153,0.44815126061439514,0.2505,0.29917648434638977
M,0.5696215033531189,0.4339093267917633,0.15348853170871735,0.935438871383667,0.3771715760231018,0.291,0.2608288526535034
F,0.56,0.4590701162815094,0.155,1.0392630100250244,0.41798868775367737,0.223741352558136,0.2789456844329834
F,0.57,0.46336573362350464,0.15023605525493622,1.0457432270050049,0.3245,0.21778346598148346,0.27867594361305237
M,0.537778377532959,0.405,0.13774675130844116,0.792,0.316,0.17680196464061737,0.2289106696844101
F,0.505,0.405,0.11916113644838333,0.606,0.239,0.1235,0.18
I,0.35,0.265,0.09,0.2265,0.09662943333387375,0.0575,0.065
I,0.4103572964668274,0.31673529744148254,0.12,0.3955,0.147,0.0765,0.10888751596212387
I,0.51,0.405,0.12428050488233566,0.6485665440559387,0.2766598165035248,0.131,0.235
F,0.5628319978713989,0.38,0.13,0.9682283401489258,0.38164255023002625,0.21259784698486328,0.2689315676689148
F,0.5065428018569946,0.39707645773887634,0.135,0.657,0.291,0.133,0.20168618857860565
M,0.38,0.3,0.1,0.2505,0.106,0.0535,0.0775
I,0.27,0.2437802255153656,0.07,0.19537287950515747,0.045,0.0135,0.034
F,0.37,0.295,0.1,0.3449147939682007,0.1165,0.07445813715457916,0.0835
I,0.4813133776187897,0.385,0.135,0.6822710037231445,0.26042407751083374,0.0715,0.206
M,0.6169025301933289,0.4882729947566986,0.16816507279872894,1.307,0.5010055303573608,0.2588193714618683,0.3265126347541809
M,0.565,0.44,0.1353331059217453,0.9185,0.3037188649177551,0.1696508228778839,0.29
F,0.5630819797515869,0.545,0.1537800133228302,0.9866638779640198,0.3772713541984558,0.2076803296804428,0.575
F,0.5501472353935242,0.415,0.14655989408493042,0.8805,0.3645,0.234,0.24454699456691742
I,0.47,0.36,0.09738659113645554,0.4965,0.237,0.08085022866725922,0.13
F,0.51,0.3820298910140991,0.135,0.632,0.282,0.145,0.17
F,0.72,0.4733467102050781,0.1607959270477295,1.0631800889968872,0.4450329840183258,0.3985,0.3013553321361542
M,0.55,0.4712284207344055,0.1566666066646576,0.9235,0.4598545432090759,0.23681077361106873,0.2960370182991028
I,0.2,0.145,0.025,0.0345,0.011,0.0075,0.01
M,0.5701261758804321,0.45425936579704285,0.18,1.0323586463928223,0.4249003827571869,0.2311541587114334,0.2817382514476776
F,0.525,0.41867464780807495,0.115,0.8469962477684021,0.3105,0.15722721815109253,0.2
F,0.565,0.4341566562652588,0.1481258124113083,1.032,0.3618387281894684,0.2045,0.31
F,0.61,0.47,0.16,0.8909104466438293,0.3470388650894165,0.1923532336950302,0.32
F,0.545,0.405,0.175,0.9199291467666626,0.3565726578235626,0.19535624980926514,0.38
I,0.325,0.245,0.075,0.1495,0.0605,0.033,0.045
I,0.31,0.25984981656074524,0.075,0.25286850333213806,0.056,0.0315,0.061983853578567505
M,0.45,0.335,0.09212802350521088,0.32595354318618774,0.10739026218652725,0.115,0.16
F,0.49,0.38,0.155,0.578,0.2778599262237549,0.1484730988740921,0.18
F,0.5130218267440796,0.405,0.13779574632644653,0.6835,0.271,0.145,0.215
F,0.385,0.3,0.1,0.2725,0.1140637919306755,0.057,0.08
F,0.586044430732727,0.45990368723869324,0.22,1.0681748390197754,0.42514288425445557,0.23264557123184204,0.51
F,0.5718747973442078,0.4520971477031708,0.185,0.9966285824775696,0.4180010259151459,0.295,0.2762569487094879
F,0.5833799242973328,0.53,0.1563083976507187,1.3955,0.4322090744972229,0.232931986451149,0.28605151176452637
M,0.30205950140953064,0.265,0.095,0.1975,0.0795,0.0375,0.07
I,0.295,0.215,0.075,0.0992107018828392,0.037,0.0295,0.04
I,0.4096005856990814,0.38,0.10052205622196198,0.3702499270439148,0.2105,0.1045,0.175
I,0.32,0.25,0.06996601074934006,0.1565,0.057,0.034,0.06
I,0.43,0.34,0.089372418820858,0.28358176350593567,0.1375,0.061,0.0849263072013855
M,0.5978997945785522,0.4700583517551422,0.16356685757637024,1.0055,0.4410858154296875,0.244,0.29673221707344055
F,0.5652974843978882,0.48,0.1493561565876007,1.1345,0.35867175459861755,0.27,0.2474447637796402
F,0.585,0.46,0.17,0.8416041135787964,0.32056161761283875,0.326,0.325
F,0.555,0.42,0.14,0.7162151336669922,0.33,0.243,0.21
F,0.57,0.47255560755729675,0.15499207377433777,1.1086543798446655,0.452,0.22891390323638916,0.2969536781311035
M,0.6169025301933289,0.4882729947566986,0.16816504299640656,1.271,0.5010057091712952,0.25881943106651306,0.3265126347541809
F,0.6002823114395142,0.48011574149131775,0.158630833029747,1.13083815574646,0.4125,0.23824985325336456,0.31297317147254944
M,0.425,0.34,0.12,0.388,0.11731170862913132,0.087,0.08826341480016708
F,0.6205891966819763,0.4802040159702301,0.16620303690433502,1.2668747901916504,0.5366976261138916,0.2701498866081238,0.33167779445648193
M,0.675,0.480485200881958,0.15599127113819122,1.1283659934997559,0.45701709389686584,0.2488941103219986,0.3016720414161682
F,0.5,0.4,0.145,0.6470980048179626,0.216,0.138,0.21
M,0.31189775466918945,0.305,0.09,0.2775,0.109,0.0515,0.1
M,0.5487712621688843,0.42205193638801575,0.1477927714586258,0.9362977743148804,0.3478240966796875,0.19856175780296326,0.355
F,0.5464316606521606,0.43295571208000183,0.14889900386333466,0.753,0.258,0.19651363790035248,0.255
F,0.6002829074859619,0.48011544346809387,0.1586310863494873,1.1308388710021973,0.44,0.23824916779994965,0.3129728436470032
I,0.42076313495635986,0.35,0.10324554890394211,0.375,0.1425,0.09737461060285568,0.1174023449420929
I,0.42,0.32,0.13,0.24177563190460205,0.1645,0.106,0.119
F,0.4231927990913391,0.35,0.135,0.56,0.231,0.137,0.10539047420024872
I,0.3368458151817322,0.325,0.125,0.3915,0.10061053186655045,0.1025,0.115
F,0.64,0.43060579895973206,0.19,1.2765,0.35566797852516174,0.20056508481502533,0.4
M,0.57,0.455,0.15,0.7295069694519043,0.387,0.15321198105812073,0.20817779004573822
M,0.41,0.325,0.12,0.3745,0.158,0.048560917377471924,0.125
F,0.5802334547042847,0.41,0.15619978308677673,1.0291571617126465,0.40839940309524536,0.22448663413524628,0.265
F,0.61,0.4634409546852112,0.15530505776405334,1.0693458318710327,0.42227602005004883,0.2344818413257599,0.365
F,0.5757776498794556,0.485,0.1486118584871292,0.9832020401954651,0.4525,0.2048908919095993,0.2610416114330292
F,0.5900245904922485,0.535,0.15468983352184296,1.0494962930679321,0.596,0.22309215366840363,0.292086124420166
I,0.345,0.2472856640815735,0.07837602496147156,0.2225,0.0865,0.058,0.075
M,0.5415078997612,0.51,0.155,0.8129953145980835,0.315450519323349,0.17574889957904816,0.22691242396831512
F,0.5811046957969666,0.53,0.15541253983974457,1.0269062519073486,0.4070301055908203,0.22467565536499023,0.43
F,0.69,0.4560917317867279,0.1535561978816986,1.0129914283752441,0.3912743031978607,0.21733105182647705,0.47
M,0.555,0.4110047221183777,0.135,0.8584550619125366,0.377,0.17559289932250977,0.22404222190380096
M,0.5701260566711426,0.45425909757614136,0.19,1.0323562622070312,0.42489880323410034,0.2311534881591797,0.28173795342445374
F,0.5830262303352356,0.48,0.15783928334712982,1.467,0.4420654773712158,0.2368534654378891,0.2908516228199005
F,0.5583719611167908,0.51,0.16,0.899731457233429,0.35674405097961426,0.2825,0.25337836146354675
M,0.69,0.4804852306842804,0.15599125623703003,1.128365397453308,0.4570167064666748,0.24889396131038666,0.3016718924045563
F,0.57425457239151,0.55,0.14800089597702026,0.9796883463859558,0.694,0.2059733122587204,0.44
M,0.5239282250404358,0.435,0.16,0.7557299733161926,0.342,0.16629862785339355,0.21734432876110077
F,0.5635316371917725,0.495,0.15000930428504944,0.9477306604385376,0.37104272842407227,0.306,0.365
F,0.595,0.5,0.147733673453331,1.06,0.3870539367198944,0.21193081140518188,0.26264941692352295
I,0.3,0.24,0.09,0.161,0.0725,0.039,0.05
I,0.435,0.35,0.09426014125347137,0.3260793089866638,0.197,0.1145,0.08432206511497498
I,0.455,0.375,0.09250427037477493,0.533,0.233,0.106,0.09326901286840439
M,0.48,0.43108049035072327,0.14439469575881958,0.9303613305091858,0.3,0.19867129623889923,0.26448214054107666
I,0.43,0.35,0.105,0.366,0.1705,0.0855,0.06897595524787903
F,0.3806285858154297,0.35,0.105,0.4195,0.194,0.1005,0.13
I,0.3,0.23,0.075,0.15,0.0605,0.042,0.03464798629283905
F,0.5393151640892029,0.48,0.14073382318019867,0.8745,0.375,0.193,0.21636556088924408
M,0.505,0.385,0.12751173973083496,0.7301338315010071,0.3185,0.15,0.185
I,0.44347190856933594,0.375,0.11286234110593796,0.484,0.2155,0.102,0.1350191831588745
F,0.6002840399742126,0.4801149368286133,0.1586315631866455,1.1308401823043823,0.6145,0.23824796080589294,0.3129722476005554
F,0.56,0.435,0.125,0.7205806970596313,0.3345,0.2145,0.29
F,0.645,0.41338151693344116,0.19,1.3105,0.3171713948249817,0.288,0.37
M,0.595,0.48048514127731323,0.1559915542602539,1.1283729076385498,0.4570223093032837,0.2488960176706314,0.30167409777641296
M,0.565,0.45,0.115,0.7602564096450806,0.30772486329078674,0.15980729460716248,0.21386541426181793
F,0.655,0.4713922142982483,0.15411502122879028,1.100233554840088,0.5405,0.22559170424938202,0.2933295965194702
M,0.4688768684864044,0.35939356684684753,0.12092884629964828,0.5558890104293823,0.2,0.1395,0.15173910558223724
F,0.495,0.385,0.135,0.6625,0.3005,0.1635,0.19599680602550507
F,0.40754422545433044,0.335,0.115,0.4335,0.2105,0.08908328413963318,0.08865123242139816
I,0.41,0.26355060935020447,0.125,0.3595,0.1415,0.0885,0.115
F,0.5567483305931091,0.465,0.145,0.9242973327636719,0.3576483130455017,0.19524997472763062,0.24119296669960022
F,0.625,0.475,0.13847915828227997,0.8326529264450073,0.3195,0.18090346455574036,0.24
F,0.52,0.4310397505760193,0.13983434438705444,0.8778318166732788,0.297,0.123,0.23434987664222717
M,0.465,0.36,0.125,0.4365,0.169,0.1075,0.145
F,0.4869807958602905,0.38059210777282715,0.14,0.691715657711029,0.26833483576774597,0.1175,0.175
F,0.49414804577827454,0.3901606500148773,0.14,0.6735,0.265,0.124,0.25
M,0.46,0.355,0.11,0.415,0.13380566239356995,0.082,0.10819624364376068
I,0.485,0.385,0.1094210296869278,0.4775,0.2,0.11108033359050751,0.17
F,0.465,0.38730379939079285,0.1332186758518219,0.6882176399230957,0.2623178958892822,0.1075,0.215
F,0.5176403522491455,0.40445417165756226,0.14199770987033844,0.6445,0.26,0.1575,0.20734116435050964
F,0.5955992341041565,0.46600013971328735,0.16493365168571472,1.049898386001587,0.4553164541721344,0.318,0.2994929254055023
M,0.5881061553955078,0.46387478709220886,0.15188387036323547,1.1318128108978271,0.47329360246658325,0.24579644203186035,0.3093031048774719
M,0.5466078519821167,0.45,0.13493391871452332,0.8212591409683228,0.31834205985069275,0.157,0.22386933863162994
F,0.5539678335189819,0.475,0.1448376327753067,0.8746691942214966,0.414,0.26,0.2364652007818222
F,0.544668436050415,0.475,0.155,0.8779028058052063,0.371,0.1806313395500183,0.22317713499069214
F,0.565,0.44,0.1475209891796112,0.868,0.3849596381187439,0.2118423730134964,0.26184970140457153
M,0.5730541348457336,0.460988849401474,0.185,1.522,0.4253537356853485,0.22954775393009186,0.2906169295310974
F,0.570652425289154,0.4539604187011719,0.15886352956295013,1.0198431015014648,0.39049607515335083,0.2157047688961029,0.315
F,0.5631582140922546,0.4472125768661499,0.13,0.9848222732543945,0.40939703583717346,0.1455,0.2710868716239929
F,0.605,0.3921399414539337,0.145,1.0185,0.4695,0.225,0.27
M,0.5013364553451538,0.39112430810928345,0.13795533776283264,0.72,0.275,0.164,0.225
F,0.51,0.395,0.133939728140831,0.6175,0.262,0.15900813043117523,0.193
F,0.6000544428825378,0.48021137714385986,0.15854129195213318,1.1305676698684692,0.2845,0.23850086331367493,0.3131033778190613
I,0.4281602203845978,0.32512155175209045,0.10903953015804291,0.597,0.2615,0.10606283694505692,0.178
M,0.575,0.455,0.13769713044166565,0.8332023024559021,0.31080731749534607,0.243,0.23797248303890228
F,0.63,0.5,0.1451040357351303,1.22,0.3377418518066406,0.3,0.24498231709003448
F,0.5911343693733215,0.45,0.15005411207675934,1.0323446989059448,0.4231397807598114,0.2341289222240448,0.27541446685791016
F,0.605,0.45137476921081543,0.1503836065530777,0.985403299331665,0.3904520273208618,0.205,0.33
M,0.6169025897979736,0.488273024559021,0.16816501319408417,1.229,0.5010058879852295,0.2588195204734802,0.32651272416114807
F,0.5797244310379028,0.5,0.1523548811674118,0.9853284955024719,0.39026954770088196,0.23,0.2726726531982422
M,0.5688773393630981,0.4594428241252899,0.175,1.145,0.41942957043647766,0.22810009121894836,0.28821253776550293
F,0.5749323964118958,0.4468080401420593,0.15157514810562134,1.1055,0.4445,0.227,0.26752087473869324
F,0.6205891966819763,0.4802040159702301,0.16620303690433502,1.2668747901916504,0.5366976261138916,0.2701498866081238,0.33167779445648193
F,0.6205891966819763,0.4802040159702301,0.16620303690433502,1.2668747901916504,0.5366976261138916,0.2701498866081238,0.33167779445648193
F,0.565,0.45,0.1436806172132492,0.9285,0.34253808856010437,0.1805,0.24561676383018494
F,0.57,0.4411018192768097,0.15096980333328247,0.8085,0.3651356101036072,0.183,0.2594713568687439
I,0.5328306555747986,0.445,0.13421550393104553,0.7575570344924927,0.383,0.16702289879322052,0.21398815512657166
I,0.41,0.3,0.115,0.3030637502670288,0.097,0.0515,0.06995008885860443
I,0.45,0.2788906693458557,0.135,0.438,0.1805,0.1165,0.11
M,0.275,0.2,0.08,0.099,0.037,0.0398721769452095,0.03
I,0.485,0.355,0.12,0.5085,0.21,0.122,0.07918994873762131
F,0.5933188796043396,0.4707889258861542,0.1604682058095932,1.0582170486450195,0.4376903474330902,0.238,0.355
F,0.49901461601257324,0.38,0.12876646220684052,0.507,0.1915,0.13447578251361847,0.1619701385498047
F,0.505,0.41,0.13621121644973755,0.6345,0.243,0.1672043651342392,0.215
M,0.4,0.31,0.11,0.20244643092155457,0.138,0.057,0.1
I,0.3766094148159027,0.355,0.115,0.4385,0.14321283996105194,0.07650468498468399,0.1125
M,0.35,0.26,0.09,0.195,0.0745,0.041,0.0655
M,0.44,0.35,0.14,0.43818363547325134,0.14606459438800812,0.09646785259246826,0.184
M,0.265,0.2,0.065,0.084,0.034,0.05321037769317627,0.0611872673034668
M,0.165,0.125,0.04,0.0245,0.0095,0.0045,0.04190343618392944
F,0.705,0.555,0.14605684578418732,1.4685,0.3480669856071472,0.3235,0.25171518325805664
F,0.535,0.425,0.1367328017950058,0.7765,0.302,0.1565,0.2175428420305252
I,0.4325883686542511,0.3412524163722992,0.10909394919872284,0.45491546392440796,0.198,0.127,0.134258434176445
I,0.48,0.37,0.13,0.5589613914489746,0.21055035293102264,0.1505,0.1595
F,0.395,0.3,0.105,0.3880324065685272,0.1341031938791275,0.0755,0.098
I,0.375,0.28,0.07042893767356873,0.2565,0.1165,0.0585,0.0725
I,0.345,0.265,0.09,0.163,0.0615,0.037,0.0485
I,0.52418452501297,0.415,0.1356385499238968,0.7617323994636536,0.3239896595478058,0.17440322041511536,0.28
F,0.5911344289779663,0.48,0.15005402266979218,1.0323386192321777,0.4231351315975189,0.23412688076496124,0.27541279792785645
I,0.575,0.3927066922187805,0.17,0.7208287715911865,0.3775,0.15660342574119568,0.2010478973388672
F,0.545,0.4324803352355957,0.14272111654281616,0.6855,0.2905,0.17539086937904358,0.225
F,0.3762190639972687,0.305,0.125,0.314,0.146,0.0555,0.08
F,0.48563268780708313,0.3823477327823639,0.18,0.7005,0.312,0.165,0.2
I,0.416042685508728,0.34,0.10745669156312943,0.4439878761768341,0.1735,0.0875,0.12866146862506866
I,0.45,0.36,0.09986234456300735,0.3760671317577362,0.17337149381637573,0.0865,0.145
I,0.39,0.3,0.105,0.259,0.0955,0.038,0.085
F,0.4815952777862549,0.371259480714798,0.1285104751586914,0.382,0.2448878288269043,0.079,0.18320420384407043
F,0.45,0.35,0.125,0.4777297079563141,0.18530452251434326,0.09,0.145
F,0.6002840399742126,0.4801149368286133,0.15863154828548431,1.1308401823043823,0.6025,0.23824799060821533,0.3129722476005554
F,0.6002838611602783,0.48011502623558044,0.15863147377967834,1.1308399438858032,0.5415,0.23824819922447205,0.31297236680984497
F,0.585,0.475,0.185,0.8575,0.3187561631202698,0.16815447807312012,0.275
I,0.5411260724067688,0.435,0.1358506679534912,0.7625470161437988,0.31988126039505005,0.22,0.22886988520622253
F,0.49,0.39,0.12489929050207138,0.59,0.2693924307823181,0.125,0.1845
I,0.43,0.33,0.09173548221588135,0.34,0.1315,0.07041222602128983,0.112
F,0.455,0.365,0.11,0.385,0.166,0.046,0.1345
I,0.495,0.38,0.11008528620004654,0.515,0.175,0.11419347673654556,0.14614766836166382
F,0.5237151980400085,0.411724716424942,0.1441848874092102,0.59,0.31475675106048584,0.141,0.23
I,0.47,0.4,0.09736941009759903,0.51,0.1615,0.073,0.198
M,0.415,0.3040478825569153,0.10676761716604233,0.3005,0.1215,0.09740320593118668,0.11400569975376129
I,0.4085525870323181,0.3015717566013336,0.115,0.683,0.3265,0.08989935368299484,0.165
I,0.47,0.375,0.08748385310173035,0.468,0.1665,0.108,0.17
I,0.445,0.3124108612537384,0.13,0.4075,0.18382003903388977,0.1000286340713501,0.11426771432161331
F,0.51,0.38,0.13,0.8775061368942261,0.35140469670295715,0.18540672957897186,0.2356424629688263
F,0.5543495416641235,0.405,0.145,0.9335874319076538,0.3535,0.20020274817943573,0.2544929087162018
I,0.4515124261379242,0.365,0.14,0.4545,0.20761999487876892,0.12521794438362122,0.158
I,0.40574711561203003,0.31495702266693115,0.11,0.42334461212158203,0.206,0.098,0.125
I,0.435,0.2697993814945221,0.11,0.407,0.1685,0.073,0.07273269444704056
I,0.3298684060573578,0.3,0.1,0.3085,0.1385,0.0735,0.05411674082279205
I,0.375,0.285,0.1,0.239,0.105,0.03976026177406311,0.07
M,0.285,0.215,0.075,0.106,0.06568098813295364,0.023,0.035
I,0.5055161118507385,0.3827317953109741,0.12498994171619415,1.178,0.3935,0.2165,0.19093789160251617
F,0.58,0.44,0.175,0.8298705816268921,0.4005,0.1757693588733673,0.335
M,0.41,0.26371484994888306,0.095,0.28325891494750977,0.121,0.0735,0.09
M,0.3693925738334656,0.3,0.09982629120349884,0.34575149416923523,0.124,0.069,0.10445709526538849
I,0.54,0.405,0.11877363920211792,0.7585,0.307,0.13448411226272583,0.19
I,0.3419555723667145,0.245,0.085,0.171,0.11995059996843338,0.0365,0.055
I,0.44,0.31,0.08157231658697128,0.3625,0.134,0.082,0.12
M,0.28,0.21,0.065,0.0905,0.06489057093858719,0.02,0.03
F,0.537905752658844,0.43221738934516907,0.195,1.0885,0.3685,0.1933061182498932,0.24861979484558105
M,0.5989052057266235,0.4690464437007904,0.16109314560890198,1.097,0.4347655475139618,0.24148337543010712,0.335
F,0.5605176091194153,0.4487522840499878,0.17,1.000871181488037,0.41,0.2174883335828781,0.27353888750076294
M,0.455,0.345,0.125,0.30503541231155396,0.169,0.06824389100074768,0.135
M,0.31841108202934265,0.235,0.08104803413152695,0.163,0.0615,0.034,0.055
I,0.44,0.29532018303871155,0.135,0.522,0.17,0.08838238567113876,0.09877315163612366
M,0.54,0.3921574652194977,0.155,0.791185736656189,0.3225,0.1684296578168869,0.29
F,0.475,0.3278856873512268,0.125,0.588,0.237,0.1715,0.155
F,0.44188162684440613,0.32956936955451965,0.15,0.5325,0.2085,0.10752848535776138,0.125
I,0.31,0.235,0.09,0.127,0.11851879209280014,0.06569331884384155,0.07462146878242493
I,0.255,0.19,0.07,0.0815,0.028,0.016,0.031
I,0.372456818819046,0.2901938557624817,0.075,0.1635,0.0615,0.0345,0.057
I,0.295,0.21,0.08,0.1,0.038,0.026,0.031
I,0.19,0.13,0.045,0.0265,0.009,0.005,0.009
F,0.5228995680809021,0.435,0.13989287614822388,0.9955,0.3245,0.2665,0.325
M,0.495,0.3614998459815979,0.12,0.5819536447525024,0.2605,0.12195843458175659,0.16818591952323914
F,0.5,0.4494641423225403,0.13,0.9674232006072998,0.4022238254547119,0.1725,0.27047452330589294
F,0.305,0.225,0.09116660803556442,0.1485,0.0585,0.0335,0.045
I,0.475,0.30975279211997986,0.115,0.41430580615997314,0.194,0.1455,0.125
F,0.5671212077140808,0.44587820768356323,0.15336984395980835,0.955,0.341,0.2535,0.2660561800003052
M,0.5421377420425415,0.42722371220588684,0.1431432068347931,0.873,0.3035,0.1975240707397461,0.24733400344848633
M,0.548771321773529,0.42205187678337097,0.14779262244701385,0.9362980127334595,0.3478241264820099,0.19856181740760803,0.335
M,0.561356782913208,0.465,0.13687118887901306,0.8690685033798218,0.34704384207725525,0.18848124146461487,0.2384314239025116
M,0.616902768611908,0.48827317357063293,0.16816481947898865,1.1115,0.5010069012641907,0.25881993770599365,0.3265129029750824
F,0.545,0.42,0.125,0.9745,0.353,0.16640150547027588,0.21488189697265625
F,0.5955992341041565,0.46600013971328735,0.16493363678455353,1.049898386001587,0.4553164839744568,0.3155,0.2994929552078247
M,0.57016921043396,0.45435869693756104,0.13,1.0333516597747803,0.425563782453537,0.2314295768737793,0.28186193108558655
F,0.62,0.429076611995697,0.16,0.8727504014968872,0.412,0.253,0.23959627747535706
F,0.605,0.44516339898109436,0.14623896777629852,1.2225,0.357,0.18728876113891602,0.2481802999973297
F,0.571721613407135,0.4466351270675659,0.16,0.9765635132789612,0.4115377962589264,0.332,0.27015504240989685
F,0.475,0.375,0.15,0.559,0.25060412287712097,0.1215,0.18427087366580963
M,0.365,0.285,0.07725930213928223,0.2205,0.0855,0.0515,0.07
F,0.46,0.35,0.115,0.44,0.19,0.1025,0.13
M,0.5371894240379333,0.42657992243766785,0.14349821209907532,0.879,0.28,0.19714117050170898,0.2493738830089569
F,0.4969506561756134,0.395,0.13564717769622803,0.6909903287887573,0.2145,0.1405,0.2495
I,0.42191100120544434,0.345,0.15,0.5795,0.1685,0.10990799218416214,0.215
I,0.35,0.24920405447483063,0.11,0.20559239387512207,0.066,0.059,0.075
I,0.37,0.28,0.105,0.224,0.0815,0.05118340253829956,0.075
I,0.3138662874698639,0.25,0.07518822699785233,0.1765,0.0785,0.0405,0.05
I,0.3688591718673706,0.28,0.075,0.3381001353263855,0.082,0.04,0.08028025925159454
I,0.35,0.265,0.08,0.1621895432472229,0.081,0.0465,0.039784908294677734
I,0.39,0.315,0.09,0.3095,0.147,0.05,0.09
I,0.395,0.31,0.095,0.313,0.131,0.05391571670770645,0.0568649023771286
I,0.415,0.31,0.105,0.3595,0.0969078317284584,0.054224736988544464,0.0915
I,0.43,0.32,0.07989559322595596,0.3855,0.192,0.0745,0.0630902498960495
I,0.48,0.31763389706611633,0.115,0.41061368584632874,0.25,0.106,0.184
M,0.48324528336524963,0.395,0.12,0.674,0.3325,0.1235,0.1646215319633484
F,0.49,0.3585372567176819,0.11809781193733215,0.5265,0.22049222886562347,0.1005,0.148
F,0.5810757875442505,0.465,0.15565992891788483,1.0283238887786865,0.40782588720321655,0.224873349070549,0.337
F,0.5339572429656982,0.42227134108543396,0.14,0.8620461821556091,0.472,0.182,0.218
M,0.6169030070304871,0.48827335238456726,0.16816453635692596,1.0165,0.5010085105895996,0.25882065296173096,0.32651323080062866
F,0.5186598896980286,0.48,0.18,0.7942025661468506,0.4945,0.27,0.371
F,0.555652379989624,0.47,0.14354515075683594,1.1685,0.539,0.19079485535621643,0.28
F,0.595,0.45983102917671204,0.15404042601585388,1.148,0.42575007677078247,0.21422933042049408,0.2785421907901764
M,0.6,0.475,0.1339550018310547,0.796611487865448,0.29079002141952515,0.223,0.292
M,0.5694312453269958,0.45303383469581604,0.152485653758049,1.0325,0.4113868176937103,0.22137725353240967,0.2819307744503021
F,0.5674669742584229,0.430142343044281,0.15,0.8975598216056824,0.37391379475593567,0.254,0.25349846482276917
F,0.64,0.47329407930374146,0.16072344779968262,1.0630102157592773,0.4448738396167755,0.307,0.30102208256721497
F,0.6002841591835022,0.4801149070262909,0.1586315929889679,1.1308403015136719,0.6565,0.2382478564977646,0.31297218799591064
F,0.6002843379974365,0.48011481761932373,0.15863165259361267,1.1308404207229614,0.882,0.23824767768383026,0.3129720985889435
M,0.5701259970664978,0.4542589783668518,0.2,1.0323548316955566,0.42489781975746155,0.23115307092666626,0.2817377746105194
I,0.25,0.18,0.065,0.0805,0.0345,0.0185,0.0215
I,0.318220317363739,0.21,0.065,0.111,0.0425,0.0285,0.03
I,0.325,0.24,0.075,0.2559904456138611,0.065,0.05794978141784668,0.045
I,0.35,0.265,0.095,0.199,0.073,0.049,0.06
I,0.36,0.27,0.09,0.219,0.097,0.0405,0.03879266977310181
I,0.365,0.27,0.105,0.2155,0.0915,0.0475,0.063
I,0.37,0.28,0.08019328117370605,0.2565,0.1255,0.0645,0.0645
I,0.375,0.285,0.09,0.257,0.1045,0.062,0.03945794701576233
I,0.30598315596580505,0.275,0.095,0.2505,0.0945,0.0655,0.075
I,0.43381279706954956,0.33399224281311035,0.10795572400093079,0.4828629493713379,0.134,0.049,0.075
I,0.43,0.335,0.0874679833650589,0.378,0.13758063316345215,0.0720212534070015,0.09
I,0.36180800199508667,0.35,0.125,0.456,0.21,0.0955,0.0765138491988182
I,0.34278708696365356,0.2654113471508026,0.1,0.5055,0.234,0.11,0.14
F,0.465,0.355,0.11571670323610306,0.4705,0.1955,0.10668057948350906,0.1306142956018448
M,0.48,0.37,0.12579679489135742,0.643,0.349,0.1155,0.17811056971549988
I,0.3888322114944458,0.37,0.1,0.3408314287662506,0.219,0.07728420943021774,0.13
I,0.49,0.4,0.115,0.569,0.256,0.11647163331508636,0.145
I,0.5145146250724792,0.4,0.12652958929538727,0.7393153309822083,0.27684205770492554,0.1305,0.1645
I,0.41119033098220825,0.385,0.11,0.596,0.3015,0.104,0.10082212835550308
F,0.505,0.4214475154876709,0.13353118300437927,0.7506299018859863,0.2555,0.1325,0.22289936244487762
M,0.5033708810806274,0.39,0.12,0.6435,0.2885,0.15055815875530243,0.18592242896556854
F,0.52,0.4548582136631012,0.15060852468013763,0.974338173866272,0.3813696503639221,0.166,0.2
F,0.5185564756393433,0.44,0.125,0.8151841163635254,0.3205,0.16197903454303741,0.1915
M,0.5234606862068176,0.44,0.155,0.7960123419761658,0.29377415776252747,0.17389164865016937,0.25
F,0.555,0.4032929241657257,0.145,0.8815,0.43,0.1975,0.2155
F,0.555,0.3974636495113373,0.11,0.931,0.4445,0.171,0.225
F,0.5706527233123779,0.453961044549942,0.15886305272579193,1.0198456048965454,0.3904973268508911,0.2157057672739029,0.2815
F,0.5911344289779663,0.475,0.15005403757095337,1.0323392152786255,0.4231356382369995,0.23412711918354034,0.27541300654411316
M,0.61,0.4804851710796356,0.15599144995212555,1.1283706426620483,0.4570205807685852,0.24889537692070007,0.30167341232299805
F,0.61,0.495,0.14874236285686493,1.2635,0.3971389830112457,0.2149200737476349,0.26783597469329834
F,0.5695188641548157,0.45312586426734924,0.1480713188648224,0.9516933560371399,0.4925,0.236,0.29
F,0.5911344289779663,0.505,0.1500539928674698,1.0323362350463867,0.42313337326049805,0.23412612080574036,0.2754122316837311
F,0.62,0.485,0.1478157788515091,0.9630531072616577,0.5235,0.20133952796459198,0.26435384154319763
M,0.5984800457954407,0.46889668703079224,0.1610395610332489,1.1115,0.43406566977500916,0.24113236367702484,0.345
F,0.625,0.45595934987068176,0.1538185179233551,0.9753077030181885,0.392265647649765,0.2415,0.2764025628566742
F,0.5728222131729126,0.4559572637081146,0.17,1.0303258895874023,0.5855,0.22242091596126556,0.27673041820526123
F,0.5819529294967651,0.495,0.15456977486610413,0.9917774796485901,0.39450404047966003,0.2985,0.2786436378955841
M,0.64,0.480485200881958,0.1559913456439972,1.1283676624298096,0.4570184648036957,0.248894602060318,0.3016725778579712
F,0.64,0.44373849034309387,0.17,0.99558025598526,0.642,0.20663009583950043,0.2584618031978607
M,0.6169024109840393,0.48827290534973145,0.1681651771068573,1.478,0.5010049939155579,0.2588191330432892,0.32651251554489136
F,0.665,0.45711782574653625,0.15616758167743683,0.9827839732170105,0.4008135199546814,0.407,0.2819613814353943
F,0.6002842783927917,0.48011481761932373,0.15863165259361267,1.1308404207229614,0.8655,0.23824769258499146,0.31297212839126587
M,0.5892290472984314,0.4641329348087311,0.16060252487659454,1.0817722082138062,0.42905333638191223,0.23511439561843872,0.529
M,0.6169024109840393,0.48827290534973145,0.1681651771068573,1.523,0.5010049343109131,0.2588191032409668,0.32651248574256897
I,0.165,0.12,0.05,0.08662893623113632,0.0075,0.0045,0.014
I,0.21,0.15,0.055,0.0455,0.02,0.0065,0.013
I,0.355,0.265,0.085,0.2435,0.122,0.0525,0.048709750175476074
I,0.4,0.296491414308548,0.085,0.37753045558929443,0.116,0.0585,0.09412844479084015
I,0.4,0.29,0.1,0.258,0.13449662923812866,0.059,0.08105824142694473
I,0.4,0.2983684837818146,0.11,0.3858422338962555,0.17064416408538818,0.071,0.09579616785049438
I,0.435,0.31207287311553955,0.10064361244440079,0.411,0.1988796591758728,0.09903250634670258,0.11575750261545181
I,0.44,0.33,0.0806024968624115,0.20819497108459473,0.197,0.079,0.09
I,0.45,0.34,0.105,0.2810092568397522,0.11887026578187943,0.0925,0.12
I,0.36044588685035706,0.345,0.105,0.4015,0.13172662258148193,0.07024143636226654,0.109
I,0.40526750683784485,0.355,0.09801571071147919,0.37218886613845825,0.156,0.09162817895412445,0.123
I,0.36966672539711,0.355,0.115,0.4155,0.167,0.084,0.07819706201553345
F,0.5015006065368652,0.42,0.16,0.7408260703086853,0.35,0.1505,0.1845
F,0.485,0.37,0.13078178465366364,0.7499886751174927,0.38,0.14794442057609558,0.128
F,0.505,0.4182461202144623,0.16,0.8047513961791992,0.509,0.239,0.3065
I,0.4725189507007599,0.405,0.13,0.5851204991340637,0.23735158145427704,0.13155430555343628,0.1485
I,0.52,0.3892822265625,0.12920010089874268,0.5345,0.2375,0.150226429104805,0.19736029207706451
F,0.5377905964851379,0.42,0.14,0.8514389991760254,0.2905,0.17682339251041412,0.21913282573223114
M,0.5600086450576782,0.42,0.1407749354839325,0.8812628984451294,0.348,0.18672636151313782,0.24782776832580566
F,0.5852460861206055,0.4652874767780304,0.1492004245519638,1.0250009298324585,0.4645,0.2224663496017456,0.27
M,0.555,0.41980811953544617,0.13944385945796967,0.8539512753486633,0.3106321096420288,0.1685,0.23
M,0.5154760479927063,0.44,0.13428658246994019,0.838,0.4155,0.16675613820552826,0.23
F,0.5604000091552734,0.44101715087890625,0.135,0.960722029209137,0.38606899976730347,0.20689456164836884,0.26573652029037476
M,0.56,0.415,0.13537026941776276,0.8216617703437805,0.3695,0.16846434772014618,0.2300761193037033
F,0.5590452551841736,0.44,0.145,0.9406328201293945,0.3945,0.20047877728939056,0.2532041370868683
F,0.5603874921798706,0.4410025179386139,0.145,0.9605488777160645,0.38599643111228943,0.20686227083206177,0.26572829484939575
F,0.59,0.4493892192840576,0.1487203687429428,0.929,0.38,0.20470206439495087,0.2669660449028015
F,0.5706526041030884,0.4539608359336853,0.15886320173740387,1.0198447704315186,0.3904969394207001,0.21570545434951782,0.289
M,0.5345891118049622,0.4094935357570648,0.145,0.8641855120658875,0.333074688911438,0.19341769814491272,0.2428874522447586
M,0.5892297625541687,0.46413376927375793,0.16060218214988708,1.0817748308181763,0.42905545234680176,0.23511546850204468,0.335
F,0.5912072062492371,0.47,0.15516304969787598,1.0588372945785522,0.5315,0.22358635067939758,0.29571589827537537
F,0.615,0.4470946788787842,0.19,1.1345,0.36941567063331604,0.18488821387290955,0.2535046637058258
F,0.5603293180465698,0.51,0.14612241089344025,0.9681455492973328,0.592,0.19418750703334808,0.322
F,0.5364542007446289,0.495,0.18,1.0815,0.4715,0.1812230944633484,0.233344167470932
F,0.5627328157424927,0.47,0.175,0.9688041806221008,0.38158199191093445,0.21267592906951904,0.26924893260002136
F,0.64,0.45408374071121216,0.15082642436027527,0.9875457286834717,0.3884657025337219,0.239,0.32
F,0.64,0.4507735073566437,0.175,0.9632218480110168,0.38666629791259766,0.19954518973827362,0.2593957483768463
F,0.565284013748169,0.52,0.175,0.9604828953742981,0.3806643486022949,0.21189670264720917,0.2656440734863281
M,0.65,0.45033106207847595,0.1438569724559784,0.9534714818000793,0.3692176640033722,0.20373043417930603,0.26545801758766174
M,0.655,0.42521190643310547,0.18,0.8809852004051208,0.33287888765335083,0.18544229865074158,0.24486243724822998
F,0.5659809112548828,0.54,0.175,0.9593325853347778,0.38093581795692444,0.21169349551200867,0.2642284333705902
F,0.6205891966819763,0.4802040159702301,0.16620303690433502,1.2668747901916504,0.5366976261138916,0.2701498866081238,0.33167779445648193
M,0.5425950288772583,0.41426214575767517,0.18,0.8946161866188049,0.8005,0.19420841336250305,0.23884861171245575
F,0.69,0.4665849506855011,0.15217050909996033,1.0524269342422485,0.4101817011833191,0.2254694551229477,0.2836185097694397
M,0.5729705691337585,0.4609524607658386,0.2,1.7365,0.4252590239048004,0.22952280938625336,0.29058539867401123
F,0.6205891966819763,0.4802040159702301,0.16620303690433502,1.2668747901916504,0.5366976261138916,0.2701498866081238,0.33167779445648193
F,0.5955992341041565,0.46599990129470825,0.16493375599384308,1.0498965978622437,0.4553152620792389,0.4435,0.2994926869869232
M,0.5892292261123657,0.46413305401802063,0.16060246527194977,1.0817725658416748,0.4290536940097809,0.23511454463005066,0.449
F,0.72,0.45330488681793213,0.15449738502502441,1.0026999711990356,0.7925,0.401,0.2786158323287964
I,0.215,0.15,0.055,0.041,0.015,0.009,0.0125
I,0.24,0.24646447598934174,0.06,0.0655,0.10087580233812332,0.0005,0.02
I,0.26,0.205,0.07,0.097,0.0415,0.019,0.0305
I,0.32,0.24,0.085,0.131,0.0615,0.0265,0.038
I,0.33,0.23,0.085,0.1695,0.079,0.026,0.0505
I,0.335,0.26,0.085,0.192,0.097,0.03727841377258301,0.054
I,0.35,0.2670997083187103,0.09,0.2676728069782257,0.072,0.0355,0.06787377595901489
I,0.35,0.265,0.085,0.1735,0.07509853690862656,0.034,0.056
I,0.36,0.265,0.08029857277870178,0.1785,0.0785,0.035,0.054
I,0.36,0.265,0.09,0.2055,0.096,0.037,0.0585
I,0.365,0.275,0.0704767182469368,0.2345,0.108,0.051,0.0625
I,0.38,0.285,0.08078103512525558,0.2305,0.1005,0.039,0.0775
I,0.4,0.31,0.115,0.314,0.1545,0.0595,0.087
I,0.4,0.315,0.07211668789386749,0.33,0.151,0.068,0.08
I,0.4,0.265,0.1,0.2775,0.1245,0.0605,0.05076214671134949
I,0.425,0.325,0.08753509819507599,0.2715846002101898,0.1695,0.07278598845005035,0.07956276088953018
I,0.43,0.325,0.105,0.309,0.08574377745389938,0.08,0.098
M,0.36941036581993103,0.335,0.11,0.3470083475112915,0.2075,0.0715,0.09564154595136642
I,0.435,0.34,0.12,0.396,0.1775,0.081,0.125
I,0.3887806236743927,0.355,0.095,0.3615,0.1415,0.07899276912212372,0.09318950772285461
I,0.45,0.35,0.11,0.514,0.11371371895074844,0.1045,0.070168137550354
I,0.455,0.435,0.11,0.4265,0.17056606709957123,0.09,0.1205
I,0.46,0.26614123582839966,0.09,0.384,0.1795,0.05651911348104477,0.11
I,0.475,0.355,0.125,0.27591124176979065,0.2155,0.06769806891679764,0.142
I,0.475,0.28516140580177307,0.08796539902687073,0.4355,0.196,0.0925,0.125
I,0.475,0.35,0.115,0.498,0.11530683189630508,0.06054136902093887,0.14
I,0.35023799538612366,0.355,0.125,0.494,0.2385,0.0835,0.15
F,0.48024189472198486,0.37,0.12,0.6443853378295898,0.24807895720005035,0.13666875660419464,0.16559669375419617
I,0.5,0.365,0.125,0.39585423469543457,0.229,0.103,0.11160726845264435
M,0.505,0.39,0.115,0.4373863637447357,0.2575,0.119,0.1535
I,0.515,0.4082079231739044,0.13308744132518768,0.7995060086250305,0.3055,0.1638759821653366,0.21302911639213562
I,0.4742484986782074,0.39,0.11563139408826828,0.5732582211494446,0.2875,0.12467118352651596,0.16
I,0.47953492403030396,0.37351399660110474,0.13,0.6615,0.2945,0.14369790256023407,0.19
F,0.53,0.42,0.12736207246780396,0.658,0.296,0.1245,0.198
F,0.535,0.415,0.14695240557193756,0.9943657517433167,0.4059337377548218,0.22079385817050934,0.2702798843383789
F,0.5026296377182007,0.41,0.13,0.6075,0.268,0.15709705650806427,0.1975
M,0.5639181137084961,0.4559691250324249,0.135,0.7025,0.41353005170822144,0.22459429502487183,0.2824747562408447
F,0.5382663011550903,0.425,0.155,0.8725,0.33675074577331543,0.1939930021762848,0.2425
M,0.565,0.4490054249763489,0.1531997174024582,1.2365,0.40208935737609863,0.22560915350914001,0.308
M,0.57,0.44873180985450745,0.15207451581954956,1.186,0.40215328335762024,0.22371350228786469,0.277
F,0.57,0.42,0.13,0.7745,0.3535,0.1505,0.1889389306306839
F,0.6002827882766724,0.48011553287506104,0.15863102674484253,1.1308387517929077,0.4315,0.23824934661388397,0.31297293305397034
F,0.575,0.455,0.1428680121898651,0.8946540951728821,0.3444031774997711,0.2095,0.285
F,0.5817036032676697,0.44,0.15387554466724396,0.8515,0.4187762141227722,0.22861666977405548,0.27708396315574646
F,0.575,0.475,0.14741192758083344,0.9300680756568909,0.36617544293403625,0.221,0.26383429765701294
M,0.575,0.45,0.13362909853458405,0.7909175753593445,0.3605,0.16524915397167206,0.22515510022640228
F,0.58,0.4295339286327362,0.14444543421268463,0.9265,0.4135,0.1845,0.24762330949306488
I,0.58,0.37563273310661316,0.14,0.6789771914482117,0.3915,0.165,0.17356489598751068
F,0.5890350341796875,0.47,0.15417034924030304,1.042171835899353,0.444,0.2227339744567871,0.28951025009155273
M,0.5427078008651733,0.41767388582229614,0.165,0.9028342366218567,0.339456170797348,0.19827015697956085,0.279
F,0.585,0.465,0.165,0.9355,0.4035,0.15906883776187897,0.259
F,0.585,0.42035114765167236,0.13986940681934357,1.058,0.486,0.25,0.294
F,0.5611730813980103,0.44374141097068787,0.145,0.9529345035552979,0.376129686832428,0.1795,0.2425
F,0.6,0.44947290420532227,0.17,0.9586604833602905,0.38483548164367676,0.19868755340576172,0.25992467999458313
F,0.6,0.47,0.144904226064682,0.9502917528152466,0.3739680349826813,0.20747244358062744,0.275
F,0.5191023945808411,0.475,0.155,1.059,0.441,0.19,0.2045624554157257
M,0.6169027090072632,0.48827311396598816,0.1681649088859558,1.157,0.5010064840316772,0.2588197588920593,0.32651281356811523
F,0.5636909008026123,0.475,0.17,0.9652879238128662,0.38114607334136963,0.2122296690940857,0.26791688799858093
F,0.5771761536598206,0.485,0.14987973868846893,0.776,0.3987712562084198,0.22081948816776276,0.2627290189266205
M,0.62,0.4804851710796356,0.15599140524864197,1.1283694505691528,0.45701971650123596,0.248895063996315,0.3016730844974518
F,0.625,0.48,0.1388358622789383,1.1415,0.31904691457748413,0.2145,0.29
F,0.5866203904151917,0.4599692225456238,0.16,1.0694749355316162,0.42643800377845764,0.23297849297523499,0.319
F,0.5456288456916809,0.427326500415802,0.175,0.8471408486366272,0.564,0.302,0.23117871582508087
M,0.570126473903656,0.45426008105278015,0.165,1.032366156578064,0.42490535974502563,0.23115621507167816,0.28173917531967163
M,0.5701266527175903,0.45426058769226074,0.16,1.032370924949646,0.4249086081981659,0.2311575710773468,0.2817398011684418
I,0.5036913752555847,0.3999866247177124,0.15,0.7287992835044861,0.4265,0.1655389666557312,0.325
F,0.5911344289779663,0.495,0.15005400776863098,1.032336950302124,0.423133909702301,0.23412635922431946,0.2754124104976654
F,0.563912034034729,0.515,0.185,0.9644754528999329,0.3810476064682007,0.21217185258865356,0.2676435112953186
M,0.5486965179443359,0.42626386880874634,0.14896884560585022,1.463,0.35989677906036377,0.20965351164340973,0.4115
M,0.5892292261123657,0.4641331136226654,0.16060245037078857,1.0817729234695435,0.42905381321907043,0.23511461913585663,0.432
F,0.65,0.4665848910808563,0.1521705687046051,1.0524283647537231,0.41018256545066833,0.2254696488380432,0.2836187779903412
F,0.655,0.525,0.16,0.908742368221283,0.371793270111084,0.19897238910198212,0.24748775362968445
F,0.5911344289779663,0.53,0.1500539779663086,1.0323349237442017,0.42313235998153687,0.23412568867206573,0.27541184425354004
F,0.66,0.4577663540840149,0.15097728371620178,1.0106570720672607,0.3874756693840027,0.21598666906356812,0.335
M,0.5701259970664978,0.4542589783668518,0.2,1.0323548316955566,0.42489781975746155,0.23115307092666626,0.2817377746105194
M,0.675,0.480485200881958,0.15599127113819122,1.1283659934997559,0.45701709389686584,0.2488941103219986,0.3016720414161682
F,0.5911344289779663,0.53,0.1500539779663086,1.0323349237442017,0.42313235998153687,0.23412568867206573,0.27541184425354004
F,0.5911344289779663,0.52,0.1500539779663086,1.0323354005813599,0.42313268780708313,0.23412583768367767,0.275411993265152
M,0.5892289876937866,0.4641328454017639,0.16060255467891693,1.081771969795227,0.4290531575679779,0.23511427640914917,0.6195
I,0.175,0.125,0.04,0.028,0.0095,0.008,0.009
I,0.37,0.285,0.08621609210968018,0.2715637683868408,0.1257132887840271,0.0515,0.0675
I,0.395,0.3,0.09,0.2855,0.1385,0.0625,0.077
I,0.42,0.325,0.11,0.325,0.1245,0.0755,0.1025
I,0.455,0.37,0.08717893809080124,0.514,0.2385,0.1235,0.07882069796323776
I,0.4899134635925293,0.375,0.12168758362531662,0.5755,0.24854488670825958,0.14404979348182678,0.17204783856868744
F,0.51,0.375,0.12924422323703766,0.5805,0.2865,0.118,0.19267790019512177
I,0.515,0.38010743260383606,0.12464632838964462,0.6754427552223206,0.27727895975112915,0.1325,0.119
F,0.5415748357772827,0.4294241666793823,0.155,0.8922243118286133,0.409,0.144,0.24017223715782166
F,0.542572021484375,0.42647603154182434,0.12,0.9011203646659851,0.4585,0.196,0.23823922872543335
M,0.5638659596443176,0.4558956027030945,0.16,0.8675,0.41341450810432434,0.22452610731124878,0.28242263197898865
F,0.5300462245941162,0.465,0.17,0.7859646677970886,0.4635,0.24,0.20658715069293976
M,0.5892295241355896,0.46413347125053406,0.16060231626033783,1.0817739963531494,0.4290546774864197,0.23511506617069244,0.365
F,0.61,0.4498154819011688,0.17,0.9777028560638428,0.4055697023868561,0.25,0.26975274085998535
M,0.615,0.4804851710796356,0.15599143505096436,1.1283700466156006,0.4570201337337494,0.24889522790908813,0.3016732633113861
M,0.615,0.456269234418869,0.15632227063179016,1.4335,0.412780225276947,0.305,0.28519466519355774
M,0.615,0.47171294689178467,0.15712274610996246,1.304,0.4622928500175476,0.23846429586410522,0.29760023951530457
F,0.62,0.46,0.14544206857681274,0.9201192855834961,0.3636970520019531,0.2,0.25748950242996216
M,0.63,0.4503309428691864,0.14385691285133362,0.9534716010093689,0.3692178428173065,0.20373037457466125,0.2654581069946289
F,0.5577872395515442,0.5,0.17,0.9347733855247498,0.4955,0.2002055048942566,0.2529568076133728
F,0.64,0.41083890199661255,0.17,1.2645,0.565,0.1735638976097107,0.315
F,0.5897173285484314,0.47028759121894836,0.1552806943655014,1.0832786560058594,0.583,0.2199697345495224,0.2904631495475769
M,0.5417462587356567,0.41378602385520935,0.165,0.8903241753578186,0.6035,0.19395700097084045,0.238726407289505
M,0.5701262354850769,0.4542595148086548,0.175,1.0323604345321655,0.4249015748500824,0.2311546355485916,0.2817384600639343
F,0.5800402760505676,0.5,0.1463201940059662,0.9897022843360901,0.38503873348236084,0.21604038774967194,0.26063042879104614
F,0.6205891966819763,0.4802040159702301,0.16620303690433502,1.2668747901916504,0.5366976261138916,0.2701498866081238,0.33167779445648193
M,0.6169023513793945,0.48827290534973145,0.16816522181034088,1.5955,0.5010048151016235,0.25881901383399963,0.3265124559402466
F,0.6002843379974365,0.48011481761932373,0.15863166749477386,1.1308404207229614,0.95,0.23824767768383026,0.3129720985889435
F,0.735,0.565,0.14694051444530487,0.9945623874664307,0.4056675136089325,0.22080238163471222,0.2702110707759857
I,0.27,0.205,0.05,0.084,0.03,0.0185,0.029
I,0.285,0.225,0.07,0.1005,0.0425,0.0185,0.035
I,0.295,0.22,0.085,0.1285,0.0585,0.027,0.0344804972410202
I,0.3,0.225,0.075,0.1345,0.057,0.028,0.034930139780044556
I,0.3,0.22,0.065,0.1195,0.07072561234235764,0.0155,0.035
I,0.32304561138153076,0.265,0.085,0.1895,0.0725,0.04905536025762558,0.055
I,0.37,0.275,0.095,0.257,0.09948914498090744,0.055,0.0825
I,0.39,0.29,0.09,0.2745,0.135,0.038733236491680145,0.078
I,0.435,0.2525556683540344,0.1,0.342,0.1335,0.0835,0.105
I,0.39451831579208374,0.34,0.105,0.34933435916900635,0.123,0.08781849592924118,0.09860597550868988
I,0.3467344045639038,0.2708786129951477,0.095,0.3275,0.1495,0.059,0.1
I,0.445,0.345,0.12,0.22602123022079468,0.169,0.058088257908821106,0.13
I,0.465,0.37,0.115,0.4075,0.1515,0.08317356556653976,0.10094977915287018
I,0.465,0.355,0.12,0.4975,0.17167910933494568,0.099,0.11365726590156555
I,0.47,0.345,0.09627192467451096,0.3685,0.172531858086586,0.0907120406627655,0.1103864312171936
I,0.4157763123512268,0.365,0.10002656280994415,0.3973536491394043,0.1645,0.09728926420211792,0.127
I,0.3420087993144989,0.335,0.1,0.4425,0.1895,0.086,0.06242720037698746
I,0.3663930892944336,0.35,0.125,0.2834675908088684,0.1905,0.079,0.1355
I,0.485,0.3096385598182678,0.09356563538312912,0.3397524356842041,0.163,0.0965,0.151
F,0.49,0.39,0.12,0.690875768661499,0.29165056347846985,0.103,0.18772044777870178
I,0.49110379815101624,0.405,0.13,0.6326175928115845,0.2526686489582062,0.134,0.195
I,0.47556358575820923,0.35579609870910645,0.12534727156162262,0.6385,0.2945,0.1405,0.171
I,0.4481700360774994,0.3379390835762024,0.125,0.657,0.22456039488315582,0.11065343767404556,0.168
F,0.525,0.4515823423862457,0.15172912180423737,0.996088445186615,0.4205,0.182,0.275148868560791
I,0.53,0.425,0.12511266767978668,0.781,0.26406192779541016,0.2005,0.215
I,0.5193988084793091,0.42,0.1274924874305725,0.6696171760559082,0.256,0.16007426381111145,0.19917581975460052
F,0.5686252117156982,0.45203670859336853,0.14843827486038208,0.9514056444168091,0.346,0.173,0.215
F,0.5504904985427856,0.395,0.125,0.8898122906684875,0.3452149033546448,0.19143061339855194,0.195
M,0.5139943361282349,0.405,0.14,0.7315,0.336,0.16012811660766602,0.20656587183475494
I,0.5045163035392761,0.39876556396484375,0.155,0.7051152586936951,0.2882394790649414,0.148,0.2595
M,0.5570642948150635,0.4349208176136017,0.1491483598947525,0.737,0.3728836476802826,0.15,0.26205119490623474
F,0.5044229626655579,0.41,0.125,0.732725203037262,0.2945,0.1315,0.205
I,0.5173397660255432,0.415,0.13107579946517944,0.7242969870567322,0.30420827865600586,0.176,0.236
F,0.55,0.43143561482429504,0.14,0.919554591178894,0.3445,0.19472180306911469,0.24
I,0.4957253634929657,0.4,0.135,0.6744378805160522,0.3315,0.15038540959358215,0.221
F,0.555,0.4602161943912506,0.15,1.041794776916504,0.4193061888217926,0.2242414653301239,0.27877873182296753
F,0.575,0.43096038699150085,0.145,0.872,0.3508125841617584,0.18,0.2441776990890503
F,0.575,0.44,0.14390979707241058,0.9440503716468811,0.3695617914199829,0.20642749965190887,0.239
F,0.585,0.42,0.155,0.88066166639328,0.35593295097351074,0.18617133796215057,0.23780347406864166
F,0.585,0.465,0.14637139439582825,0.9461095333099365,0.4325,0.19868598878383636,0.25904449820518494
I,0.5215211510658264,0.4160589575767517,0.13595318794250488,0.7962002158164978,0.3316482901573181,0.1764644980430603,0.265
M,0.5487714409828186,0.42205163836479187,0.14779163897037506,0.9362996220588684,0.347824364900589,0.19856221973896027,0.28
I,0.595,0.47,0.1295873522758484,0.7103618383407593,0.434,0.15215860307216644,0.19809068739414215
F,0.5234363675117493,0.44,0.135,0.964,0.5005,0.1715,0.2044927328824997
F,0.595,0.4300200641155243,0.155,1.0455,0.3552783727645874,0.20019952952861786,0.3085
F,0.595,0.4334395229816437,0.144698828458786,1.081,0.49,0.2525,0.23900184035301208
F,0.6,0.4268885552883148,0.16,1.012,0.441,0.1822138875722885,0.23297803103923798
F,0.582459032535553,0.4578659236431122,0.15827186405658722,1.0280258655548096,0.5095,0.256,0.289303719997406
F,0.605,0.49,0.14270123839378357,0.8954069018363953,0.34763503074645996,0.222,0.3555
F,0.567578136920929,0.49,0.15,0.9561315178871155,0.3824673593044281,0.21198204159736633,0.26058050990104675
M,0.5429964065551758,0.4238470792770386,0.1404893398284912,0.9131633639335632,0.517,0.20002907514572144,0.2935
F,0.61,0.495,0.14220087230205536,0.8649471402168274,0.3272218704223633,0.273,0.317
M,0.5694315433502197,0.4530348777770996,0.1524863839149475,1.242,0.4113881587982178,0.22137722373008728,0.28193211555480957
M,0.5881061553955078,0.46387478709220886,0.15188387036323547,1.1318128108978271,0.47329360246658325,0.24579644203186035,0.3093031048774719
M,0.6169028282165527,0.4882732033729553,0.16816475987434387,1.085,0.5010072588920593,0.258820116519928,0.3265129625797272
F,0.5844188928604126,0.46427589654922485,0.14941221475601196,1.0195754766464233,0.447,0.22299253940582275,0.284
M,0.62,0.4804851710796356,0.15599140524864197,1.1283694505691528,0.45701971650123596,0.248895063996315,0.3016730844974518
F,0.625,0.485,0.14695104956626892,0.9943125247955322,0.4057858884334564,0.22076626121997833,0.2702285349369049
I,0.5294666290283203,0.425950288772583,0.1334843635559082,0.8917147517204285,0.4263076186180115,0.1999320089817047,0.24679133296012878
F,0.5648898482322693,0.4482309818267822,0.17,0.9879339933395386,0.4112117290496826,0.212,0.27235957980155945
F,0.6205891966819763,0.4802040159702301,0.16620303690433502,1.2668747901916504,0.5366976261138916,0.2701498866081238,0.33167779445648193
F,0.64,0.4495185613632202,0.15363290905952454,1.273,0.39863571524620056,0.22425328195095062,0.405
M,0.645,0.480485200881958,0.155991330742836,1.1283674240112305,0.45701825618743896,0.24889451265335083,0.30167248845100403
M,0.65,0.4550509750843048,0.15583622455596924,1.3655,0.4119992256164551,0.2885,0.28285059332847595
F,0.65,0.495,0.1469271332025528,0.994877815246582,0.40552839636802673,0.22084887325763702,0.27019190788269043
F,0.5911344289779663,0.495,0.15005400776863098,1.032336950302124,0.423133909702301,0.23412635922431946,0.2754124104976654
F,0.5675950050354004,0.4534246623516083,0.195,1.0230849981307983,0.5985,0.22097264230251312,0.2759535312652588
M,0.65,0.480485200881958,0.1559913158416748,1.1283671855926514,0.4570179581642151,0.24889443814754486,0.30167239904403687
M,0.5197209119796753,0.40716585516929626,0.175,1.155,0.3045235574245453,0.2025,0.2323165237903595
F,0.5955992341041565,0.46600013971328735,0.16493363678455353,1.049898386001587,0.4553164839744568,0.3155,0.2994929552078247
M,0.65,0.42583388090133667,0.14436812698841095,1.3685,0.34486067295074463,0.296,0.2504628896713257
F,0.66,0.4533005952835083,0.15408937633037567,1.0021634101867676,0.622,0.309,0.27765703201293945
F,0.6002836227416992,0.48011514544487,0.15863136947155,1.1308397054672241,0.5,0.23824843764305115,0.3129724860191345
F,0.5955992341041565,0.4660000205039978,0.1649337112903595,1.049897313117981,0.45531579852104187,0.3615,0.2994927763938904
M,0.570127010345459,0.45426133275032043,0.155,1.0323784351348877,0.42491358518600464,0.23115962743759155,0.2817406952381134
M,0.6169025897979736,0.488273024559021,0.16816499829292297,1.217,0.5010059475898743,0.2588195502758026,0.32651272416114807
M,0.67,0.480485200881958,0.15599128603935242,1.1283661127090454,0.4570172429084778,0.24889416992664337,0.301672101020813
F,0.5911344289779663,0.535,0.1500539779663086,1.0323346853256226,0.4231322109699249,0.23412561416625977,0.27541181445121765
F,0.5955992341041565,0.46600013971328735,0.16493365168571472,1.049898386001587,0.4553164541721344,0.318,0.2994929254055023
F,0.5911344289779663,0.53,0.1500539779663086,1.0323349237442017,0.42313235998153687,0.23412568867206573,0.27541184425354004
F,0.5979887843132019,0.470467209815979,0.15484823286533356,1.885,0.89,0.2228071540594101,0.28981080651283264
M,0.6031167507171631,0.4711267054080963,0.1632983386516571,1.432,0.4471190273761749,0.247,0.30066826939582825
F,0.5955992341041565,0.46600010991096497,0.16493366658687592,1.0498981475830078,0.45531630516052246,0.3255,0.2994929254055023
F,0.5810819864273071,0.53,0.15562178194522858,1.0280965566635132,0.4077032804489136,0.22484254837036133,0.44
M,0.5892292261123657,0.4641331136226654,0.16060246527194977,1.081772804260254,0.42905381321907043,0.23511461913585663,0.434
M,0.6169023513793945,0.48827287554740906,0.16816525161266327,1.792,0.5010045766830444,0.25881895422935486,0.3265124559402466
M,0.5892289876937866,0.46413281559944153,0.16060256958007812,1.0817718505859375,0.4290531277656555,0.23511426150798798,0.6745
I,0.33548176288604736,0.13,0.08369185775518417,0.27387484908103943,0.0685,0.037,0.0465
I,0.35,0.25,0.1,0.4015,0.1725,0.063,0.1255
I,0.36,0.25,0.115,0.1655605137348175,0.21,0.1055,0.035753488540649414
I,0.38,0.2685195505619049,0.095,0.2885,0.165,0.06453367322683334,0.067
F,0.38,0.3060109615325928,0.11066900193691254,0.6475,0.323,0.09990359097719193,0.164
M,0.43,0.31,0.08664070814847946,0.6485,0.2735,0.07326771318912506,0.08170345425605774
I,0.465,0.26757800579071045,0.105,0.452,0.22,0.06007067859172821,0.1035
I,0.47,0.355,0.09548152983188629,0.3769393265247345,0.1765,0.1125,0.1325
F,0.5555169582366943,0.365,0.14697040617465973,0.9145,0.3550634980201721,0.199,0.23679043352603912
F,0.495,0.41531968116760254,0.13877372443675995,0.976,0.45,0.2285,0.2475
F,0.5,0.395,0.145,0.7865,0.35451313853263855,0.19120490550994873,0.2516871988773346
M,0.5192617177963257,0.4,0.15,0.775,0.2982631027698517,0.1716516762971878,0.22960111498832703
F,0.5395030379295349,0.375,0.14534352719783783,0.8415,0.3426502048969269,0.156,0.255
F,0.51,0.38,0.13847018778324127,0.8745588064193726,0.3435,0.17711098492145538,0.17
M,0.515,0.37,0.115,0.7257236242294312,0.3415,0.14586789906024933,0.19077830016613007
F,0.5501567125320435,0.43863925337791443,0.18,0.9145210981369019,0.502,0.301,0.2536389231681824
F,0.575,0.4714514911174774,0.1552838534116745,1.0954208374023438,0.914,0.22847527265548706,0.30028235912323
F,0.5819539427757263,0.455,0.15513746440410614,0.9942819476127625,0.39601340889930725,0.273,0.2802742123603821
F,0.6002835035324097,0.4801151752471924,0.1586313396692276,1.1308395862579346,0.4895,0.2382485270500183,0.3129725158214569
M,0.5892308950424194,0.46413519978523254,0.16060160100460052,1.0817792415618896,0.42905887961387634,0.23511724174022675,0.283
M,0.5605019927024841,0.43525782227516174,0.1493263989686966,1.223,0.3704952597618103,0.2975,0.2607981860637665
M,0.5881061553955078,0.46387478709220886,0.15188387036323547,1.1318128108978271,0.47329360246658325,0.24579644203186035,0.3093031048774719
F,0.5819823741912842,0.505,0.1547391414642334,0.9925158619880676,0.39491337537765503,0.322,0.2791307866573334
F,0.5780265927314758,0.525,0.14979462325572968,1.0132195949554443,0.647,0.20484702289104462,0.26886194944381714
F,0.65,0.45093026757240295,0.17,0.9758452773094177,0.40512144565582275,0.318,0.27087679505348206
F,0.5897173881530762,0.47028759121894836,0.1552806943655014,1.083278775215149,0.6065,0.2199697047472,0.2904631197452545
F,0.5955992341041565,0.46599993109703064,0.16493374109268188,1.0498968362808228,0.4553154408931732,0.4025,0.2994927167892456
F,0.5706520080566406,0.45395973324775696,0.15886403620243073,1.0198402404785156,0.3904946744441986,0.21570369601249695,0.516
I,0.275,0.205,0.065,0.101,0.041,0.021,0.034
I,0.285,0.205,0.06922735273838043,0.106,0.039,0.0285,0.034
I,0.36,0.2511863112449646,0.085,0.1865,0.0675,0.051370322704315186,0.0615
I,0.39442184567451477,0.308350145816803,0.09624335169792175,0.35126444697380066,0.1,0.061,0.086
I,0.3186878561973572,0.315,0.1,0.3225,0.143,0.0735,0.091
I,0.43,0.25179630517959595,0.095,0.32,0.118,0.065,0.123
I,0.435,0.375,0.08853000402450562,0.4155,0.17,0.07223296165466309,0.145
I,0.45,0.3043913245201111,0.115,0.388384610414505,0.16952629387378693,0.08773953467607498,0.11
I,0.475,0.355,0.09934066981077194,0.36621975898742676,0.2145,0.09185091406106949,0.11149699985980988
I,0.3605071008205414,0.36,0.11,0.452,0.191,0.06256671994924545,0.13
I,0.485,0.36742284893989563,0.14,0.5065,0.2560422420501709,0.13653899729251862,0.1706235408782959
I,0.51,0.395,0.11917223781347275,0.5525,0.234,0.13997069001197815,0.165
I,0.515,0.39,0.11842850595712662,0.6040316820144653,0.2557906210422516,0.135,0.179
I,0.52,0.381672739982605,0.14,0.6350213885307312,0.2610848844051361,0.129,0.1945
I,0.525,0.4,0.11949077993631363,0.6051744222640991,0.2624845802783966,0.108,0.21
M,0.5613543391227722,0.425,0.13687080144882202,0.8690770864486694,0.3470490276813507,0.18848277628421783,0.23843421041965485
F,0.5706371068954468,0.4407274127006531,0.1468929648399353,0.702,0.2975,0.1395,0.25111812353134155
F,0.53,0.42,0.13824252784252167,0.675,0.3240080177783966,0.1876419484615326,0.1825
I,0.43607237935066223,0.395,0.10495329648256302,0.475,0.2025,0.101,0.1209416389465332
I,0.4179546535015106,0.3256465196609497,0.15,0.612,0.2435,0.1525,0.1895
F,0.535,0.4087556004524231,0.145,0.8024395108222961,0.3065,0.1365,0.22
I,0.535,0.3992953598499298,0.135,0.761172890663147,0.31339430809020996,0.16662360727787018,0.265
F,0.5706529021263123,0.4539613127708435,0.1588628590106964,1.019846796989441,0.3904978930950165,0.21570619940757751,0.2735
M,0.555,0.46,0.16,0.7623689770698547,0.2848789095878601,0.1935,0.22001071274280548
F,0.56,0.4383014142513275,0.14606046676635742,0.8925861716270447,0.3345,0.22,0.2695
F,0.5617827773094177,0.43,0.1496000438928604,0.9393011927604675,0.36248838901519775,0.2325,0.245
F,0.5098316669464111,0.43,0.125,0.6545,0.2815,0.15981021523475647,0.21
F,0.5793301463127136,0.45,0.15161043405532837,0.795,0.4082203805446625,0.22448834776878357,0.2689448297023773
M,0.598978579044342,0.4680863320827484,0.16009709239006042,1.0535,0.43920615315437317,0.24224953353405,0.235
F,0.5813179612159729,0.46,0.15438175201416016,1.0225666761398315,0.40433287620544434,0.2240159809589386,0.2985
F,0.5330342650413513,0.42,0.1375013291835785,0.701,0.3285,0.102,0.21498733758926392
M,0.5964303612709045,0.4691658616065979,0.16368520259857178,0.8275,0.4389477074146271,0.1975,0.29597944021224976
F,0.5634340643882751,0.4364027678966522,0.14853322505950928,0.9845,0.442,0.2155,0.2446632832288742
F,0.585,0.4526830315589905,0.14852236211299896,1.0083110332489014,0.4025,0.21349720656871796,0.265
F,0.5611155033111572,0.45,0.125,0.9490630626678467,0.437,0.1997365653514862,0.25195205211639404
F,0.5625905394554138,0.48,0.14982454478740692,0.9436570405960083,0.3667685091495514,0.2975,0.314
F,0.615,0.47175735235214233,0.15446531772613525,1.1031405925750732,0.4985,0.2267586886882782,0.29442501068115234
M,0.5160945653915405,0.455,0.13,0.9685,0.49,0.16111847758293152,0.2050984650850296
F,0.5381581783294678,0.5,0.175,1.107,0.4895,0.18166454136371613,0.2331419438123703
F,0.6002838015556335,0.48011505603790283,0.15863144397735596,1.1308398246765137,0.5285,0.23824825882911682,0.31297239661216736
F,0.62,0.47225770354270935,0.16192924976348877,1.0599234104156494,0.4478994309902191,0.374,0.3040230870246887
M,0.570127010345459,0.45426133275032043,0.155,1.0323784351348877,0.42491358518600464,0.23115962743759155,0.2817406952381134
F,0.625,0.5,0.14348502457141876,0.8799282312393188,0.5995,0.248,0.24272488057613373
F,0.5618472695350647,0.44503068923950195,0.16,0.9690820574760437,0.407,0.20896130800247192,0.354
F,0.5784976482391357,0.45887491106987,0.15630793571472168,1.072,0.39258527755737305,0.2975,0.315
M,0.570127010345459,0.45426133275032043,0.155,1.0323784351348877,0.42491358518600464,0.23115962743759155,0.2817406952381134
F,0.5495047569274902,0.43780288100242615,0.175,0.9190395474433899,0.5105,0.262,0.25279849767684937
F,0.65,0.495,0.14501731097698212,1.227,0.528,0.18561337888240814,0.24575312435626984
F,0.6205891966819763,0.4802040159702301,0.16620303690433502,1.2668747901916504,0.5366976261138916,0.2701498866081238,0.33167779445648193
F,0.5734270215034485,0.4562423527240753,0.18,1.0320959091186523,0.678,0.2224755585193634,0.27686572074890137
M,0.5892294645309448,0.4641333818435669,0.16060233116149902,1.0817736387252808,0.42905449867248535,0.23511499166488647,0.374
M,0.5978632569313049,0.4686421751976013,0.16094517707824707,1.5545,0.4329987168312073,0.2406020313501358,0.512
F,0.5682235360145569,0.45372867584228516,0.21,1.0235885381698608,0.686,0.22118854522705078,0.2759999632835388
F,0.5955991744995117,0.46599987149238586,0.16493377089500427,1.0498963594436646,0.45531517267227173,0.478,0.29949265718460083
F,0.5820791125297546,0.45767825841903687,0.15837803483009338,1.027236819267273,0.5465,0.2815,0.2890014946460724
F,0.6205891966819763,0.4802040159702301,0.16620303690433502,1.2668747901916504,0.5366976261138916,0.2701498866081238,0.33167779445648193
F,0.74,0.4728133976459503,0.15511131286621094,1.1100363731384277,0.8155,0.22954055666923523,0.2975877821445465
I,0.205,0.155,0.045,0.0495,0.0235,0.011,0.014
I,0.305,0.23,0.075,0.1455,0.1426939070224762,0.0798131600022316,0.09247655421495438
I,0.3229343593120575,0.23,0.06,0.129,0.0615,0.0275,0.050556257367134094
I,0.3055357038974762,0.27,0.1,0.2255,0.11,0.042,0.064
I,0.41105735301971436,0.3166328966617584,0.11,0.4270203709602356,0.173,0.0875,0.0975
I,0.37556537985801697,0.31,0.095,0.3505,0.16127917170524597,0.09556350857019424,0.10228964686393738
F,0.45,0.365,0.115,0.5885,0.15909026563167572,0.121,0.10088507831096649
M,0.515,0.385,0.12303069978952408,0.6804442405700684,0.2556094229221344,0.1285,0.175
I,0.4471208155155182,0.375,0.10981737822294235,0.5375,0.221,0.11145900189876556,0.17
I,0.525,0.4,0.125,0.5655,0.2435,0.119,0.16243623197078705
F,0.5664591193199158,0.445,0.14845632016658783,0.925075352191925,0.4225,0.155,0.258627712726593
F,0.5631914734840393,0.49,0.1496652215719223,0.9455053210258484,0.36945077776908875,0.2825,0.344
I,0.35,0.26,0.08023691177368164,0.20863500237464905,0.0985,0.043,0.05923520028591156
I,0.300985187292099,0.275,0.095,0.18162411451339722,0.106,0.0485,0.21
I,0.46,0.34,0.1,0.386,0.1805,0.062064945697784424,0.0965
I,0.465,0.355,0.10379950702190399,0.5315,0.1834433525800705,0.0999426618218422,0.12287387251853943
M,0.475,0.385,0.12,0.562,0.1812574416399002,0.0905,0.153
M,0.5443503856658936,0.42429471015930176,0.14039719104766846,0.913154125213623,0.406,0.19799737632274628,0.2245
M,0.57,0.4368938207626343,0.1454547494649887,0.9642905592918396,0.477,0.20031477510929108,0.263640820980072
F,0.5637739896774292,0.44439998269081116,0.145,0.8815,0.3800397217273712,0.1955,0.2661345303058624
M,0.5051523447036743,0.39229342341423035,0.155,1.03,0.2855224311351776,0.207,0.3305
F,0.5603839755058289,0.4409984350204468,0.175,0.960500180721283,0.38597604632377625,0.20685319602489471,0.2657260000705719
F,0.615,0.455,0.14040210843086243,1.059,0.4735,0.263,0.22719119489192963
F,0.62,0.4604562222957611,0.17,1.0421953201293945,0.4196842312812805,0.22442659735679626,0.2787594497203827
M,0.625,0.4804851710796356,0.15599139034748077,1.1283689737319946,0.4570193588733673,0.24889492988586426,0.30167293548583984
F,0.6002840399742126,0.48011496663093567,0.15863154828548431,1.1308400630950928,0.5985,0.23824799060821533,0.3129722476005554
M,0.68,0.480485200881958,0.15599125623703003,1.1283656358718872,0.4570169746875763,0.24889405071735382,0.30167198181152344
M,0.5892294645309448,0.4641333818435669,0.16060233116149902,1.0817736387252808,0.42905449867248535,0.23511499166488647,0.374
F,0.71,0.44714120030403137,0.14640377461910248,1.47,0.5375,0.1865483969449997,0.24988895654678345
M,0.5,0.385,0.12,0.7383972406387329,0.29611048102378845,0.15518037974834442,0.20922161638736725
F,0.545,0.40748026967048645,0.175,0.7781407833099365,0.256,0.1775,0.275
I,0.46,0.365,0.115,0.4485,0.165,0.083,0.17
M,0.535,0.41,0.15,0.7734041213989258,0.28400468826293945,0.16175472736358643,0.24
M,0.296161025762558,0.26,0.075,0.22,0.0855,0.04,0.085
I,0.425,0.35,0.1,0.4425,0.12672577798366547,0.0755,0.175
M,0.41,0.325,0.1,0.3555,0.146,0.072,0.105
I,0.17,0.23593083024024963,0.035,0.17951777577400208,0.012,0.0085,0.005
I,0.335,0.2523958384990692,0.095,0.185,0.0795,0.0495,0.05729430913925171
F,0.52,0.4356859028339386,0.14802971482276917,0.79,0.3476961851119995,0.205,0.19
F,0.53,0.41,0.13863837718963623,0.8180675506591797,0.375,0.204,0.245
F,0.5108659267425537,0.42,0.13333170115947723,0.62,0.255,0.15,0.205
F,0.5604873895645142,0.448738157749176,0.145,1.0091298818588257,0.3876208961009979,0.2088954895734787,0.32
F,0.575,0.45032304525375366,0.14910508692264557,0.9876778721809387,0.44,0.1685,0.26741090416908264
F,0.6002702713012695,0.48012104630470276,0.15862593054771423,1.1308249235153198,0.326,0.23826274275779724,0.3129795789718628
I,0.455,0.35,0.105,0.416,0.1625,0.097,0.07666099816560745
I,0.37,0.275,0.08941233903169632,0.2045,0.12493322044610977,0.056,0.08
M,0.445,0.37,0.09482584148645401,0.515,0.2495,0.087,0.159
F,0.675,0.535,0.22,0.8745239973068237,0.3455720543861389,0.4255,0.24476924538612366
I,0.3436049520969391,0.3,0.115,0.3435,0.1645,0.06275046616792679,0.1025
F,0.3839220106601715,0.295,0.11,0.35786938667297363,0.1255,0.0575,0.1035
F,0.56,0.44,0.14035871624946594,0.8255,0.2425,0.18365345895290375,0.23505449295043945
M,0.5243179202079773,0.41,0.15,0.8102346658706665,0.30513960123062134,0.17508713901042938,0.275
F,0.5705676674842834,0.4548666179180145,0.155,1.0254095792770386,0.446,0.22204157710075378,0.27642154693603516
F,0.485,0.4,0.14585761725902557,0.731,0.3769019842147827,0.19407552480697632,0.2556840479373932
M,0.348380446434021,0.335,0.115,0.4405,0.11319340020418167,0.085,0.135
I,0.335,0.24922330677509308,0.07900246232748032,0.1785,0.071,0.0405,0.055
M,0.5947827100753784,0.46830955147743225,0.1550455391407013,1.373,0.443,0.22433792054653168,0.28715431690216064
F,0.565,0.45,0.1449258178472519,0.9765,0.37600183486938477,0.19452112913131714,0.25296589732170105
F,0.5649673938751221,0.44,0.1483420729637146,1.018,0.36276909708976746,0.207,0.24456848204135895
F,0.55,0.45647767186164856,0.15416309237480164,0.9770510792732239,0.3936404585838318,0.194,0.2773911952972412
M,0.6169024705886841,0.48827293515205383,0.1681651622056961,1.423,0.5010051131248474,0.25881919264793396,0.32651257514953613
M,0.49696558713912964,0.381675660610199,0.125,0.7382798194885254,0.2598634660243988,0.1725,0.185
F,0.655,0.4665849208831787,0.1521705538034439,1.0524282455444336,0.4101824164390564,0.22546960413455963,0.2836187481880188
I,0.32,0.235,0.065,0.1385,0.058,0.0225,0.03694988787174225
F,0.564022958278656,0.395,0.15337593853473663,0.782,0.37913426756858826,0.21418079733848572,0.285
F,0.5268521904945374,0.43,0.165,0.717,0.3066084682941437,0.18247263133525848,0.195
F,0.5341525077819824,0.39,0.14418627321720123,0.6355,0.30186381936073303,0.1635,0.195
F,0.44,0.34,0.135,0.3975,0.1505,0.0945,0.135
F,0.47435349225997925,0.3770827651023865,0.16,0.656,0.2455,0.171,0.205
M,0.5034300088882446,0.3905113637447357,0.165,0.788735568523407,0.2875,0.17205289006233215,0.25
F,0.42917147278785706,0.33318760991096497,0.11087053269147873,0.447,0.203,0.082,0.13
F,0.515,0.4,0.115,0.6171960234642029,0.191,0.1445,0.1769721955060959
I,0.33,0.25,0.075,0.1405,0.056,0.035,0.050884559750556946
F,0.525,0.41,0.15,0.7328250408172607,0.274,0.151,0.21011848747730255
I,0.295,0.225,0.08747586607933044,0.1385,0.11840619891881943,0.046,0.05
M,0.545,0.3886166214942932,0.13957133889198303,0.8615,0.28945159912109375,0.1545,0.365
F,0.5911344289779663,0.5,0.1500539928674698,1.0323365926742554,0.42313361167907715,0.2341262400150299,0.27541229128837585
M,0.3767506182193756,0.29370924830436707,0.115,0.478,0.18,0.08438880741596222,0.155
F,0.5720915198326111,0.45560866594314575,0.17,1.0281285047531128,0.5655,0.22234225273132324,0.2765582203865051
I,0.38,0.3,0.1,0.286,0.1305,0.056,0.09
F,0.5578263998031616,0.455,0.13,0.8926998376846313,0.350552499294281,0.2645,0.24861861765384674
F,0.5884948372840881,0.44278037548065186,0.16002632677555084,0.9675314426422119,0.40160635113716125,0.2565,0.2770552337169647
F,0.54,0.420318603515625,0.12,0.817,0.350189208984375,0.153,0.2305811494588852
I,0.29,0.225,0.075,0.152,0.071,0.059,0.045
I,0.42583492398262024,0.3309459388256073,0.105,0.4653373062610626,0.1525,0.074,0.12345283478498459
I,0.46,0.375,0.11901826411485672,0.4986281096935272,0.2205,0.088,0.14771828055381775
F,0.5221590399742126,0.44,0.155,0.9705,0.4315,0.263,0.1917363554239273
F,0.5167404413223267,0.45,0.1,0.9315,0.2983730733394623,0.222,0.235
M,0.5663685202598572,0.45828360319137573,0.2,1.221,0.41702112555503845,0.2267853319644928,0.2859320044517517
M,0.515,0.4,0.14,0.7143083810806274,0.2955,0.1529759019613266,0.21169348061084747
F,0.56,0.46,0.1405150592327118,0.8381736278533936,0.342,0.196,0.23695774376392365
F,0.5,0.4,0.15,0.7931239008903503,0.273,0.1728345900774002,0.22717510163784027
I,0.435,0.355,0.125,0.3523731827735901,0.14346377551555634,0.074,0.165
F,0.5612629652023315,0.4402691423892975,0.135,0.9462546706199646,0.37258076667785645,0.1425,0.215
F,0.5911344289779663,0.5,0.1500539928674698,1.0323365926742554,0.42313361167907715,0.2341262400150299,0.27541229128837585
M,0.6169023513793945,0.48827287554740906,0.16816526651382446,1.829,0.5010045170783997,0.25881892442703247,0.3265124261379242
F,0.615,0.5,0.1452101469039917,1.1765,0.488,0.18556180596351624,0.24640442430973053
F,0.579020619392395,0.46,0.1481035351753235,0.9815043210983276,0.3455,0.21371401846408844,0.2690352499485016
I,0.14,0.105,0.035,0.0145,0.005,0.0035,0.005
I,0.445,0.345,0.14,0.4734916687011719,0.18068328499794006,0.1015,0.1085
F,0.525,0.43,0.125,0.813,0.3315,0.166,0.19407570362091064
I,0.16,0.12,0.02,0.1324692666530609,0.0075,0.03886636346578598,0.005
M,0.5213757753372192,0.40179768204689026,0.235,0.8094515800476074,0.30285587906837463,0.228,0.22524592280387878
F,0.5771380662918091,0.4585975110530853,0.15734326839447021,1.0095458030700684,0.4053036570549011,0.179,0.35
M,0.38,0.27,0.095,0.219,0.07233410328626633,0.0515,0.07
M,0.245,0.18,0.065,0.0635,0.0245,0.0135,0.02
I,0.48073187470436096,0.39,0.15,0.6275,0.2429089993238449,0.14156939089298248,0.185
I,0.4000419080257416,0.365,0.135,0.441,0.1515,0.1165,0.09719076007604599
F,0.455,0.3515644371509552,0.12094826251268387,0.583594024181366,0.22569599747657776,0.111,0.12
I,0.43248239159584045,0.355,0.135,0.4745,0.1865,0.11201168596744537,0.12622378766536713
I,0.355,0.27,0.1,0.22358334064483643,0.083,0.037,0.075
F,0.5492473840713501,0.4376927316188812,0.14,0.926563560962677,0.2865,0.1998894065618515,0.205
F,0.54,0.4131243824958801,0.14002202451229095,0.757,0.315,0.181,0.215
I,0.52,0.38964593410491943,0.14,0.7325,0.29403743147850037,0.15795555710792542,0.26
F,0.5512123107910156,0.445,0.165,1.0285,0.3848381042480469,0.21030764281749725,0.2684766948223114
F,0.52,0.41,0.14078344404697418,0.712,0.32634708285331726,0.153,0.23606623709201813
F,0.615,0.46,0.19,0.8539796471595764,0.4335,0.1835087090730667,0.2374342381954193
F,0.645,0.44297659397125244,0.19,0.9196823835372925,0.479,0.18369410932064056,0.2403727024793625
I,0.5151100754737854,0.4071597456932068,0.135,0.7470189332962036,0.3142525851726532,0.17126716673374176,0.21890224516391754
M,0.295,0.26545149087905884,0.09299052506685257,0.3063831031322479,0.042,0.0285,0.043
M,0.375,0.28,0.095,0.18387159705162048,0.0875,0.043,0.08
I,0.525,0.4,0.14,0.6955,0.26660898327827454,0.16,0.1973591446876526
M,0.395,0.28,0.08,0.266,0.0995,0.066,0.09
F,0.5,0.45916610956192017,0.1535065770149231,0.7105,0.4218158423900604,0.21237684786319733,0.2772304117679596
I,0.47,0.35,0.115,0.487,0.13021628558635712,0.127,0.07962789386510849
M,0.58,0.45929351449012756,0.1464209258556366,1.0153577327728271,0.3914087116718292,0.22416706383228302,0.19
I,0.5,0.37491703033447266,0.155,0.6384313702583313,0.2745,0.14507178962230682,0.1853245496749878
F,0.6002842783927917,0.4801148772239685,0.15863163769245148,1.1308404207229614,0.7735,0.23824773728847504,0.31297215819358826
F,0.5955992341041565,0.46600013971328735,0.16493365168571472,1.0498981475830078,0.45531633496284485,0.323,0.2994929254055023
F,0.5595905780792236,0.535,0.185,0.9462949633598328,0.6275,0.2012237161397934,0.25493717193603516
F,0.55,0.430183082818985,0.14672857522964478,0.8605,0.35602158308029175,0.169,0.3
F,0.4804655909538269,0.37053146958351135,0.12833420932292938,0.541,0.2426268607378006,0.1175,0.18252502381801605
I,0.30133312940597534,0.18,0.06,0.159438818693161,0.022,0.0145,0.018
I,0.235,0.175,0.08,0.0645,0.0215,0.0175,0.0215
M,0.52,0.41,0.115,0.7033700942993164,0.25680628418922424,0.157,0.26
F,0.5328270196914673,0.4,0.13709048926830292,0.7483574748039246,0.186,0.17199532687664032,0.21025343239307404
F,0.5487407445907593,0.425,0.11,0.8684576153755188,0.3443741798400879,0.1918381154537201,0.2236577421426773
F,0.35,0.275,0.065,0.205,0.0745,0.0622367188334465,0.07
F,0.5858938694000244,0.45988354086875916,0.145,1.0678473711013794,0.4248378872871399,0.23256662487983704,0.25
M,0.4027089774608612,0.39,0.105,0.6555,0.2595,0.09553896635770798,0.19
F,0.5489240884780884,0.43106406927108765,0.1452493518590927,1.0905,0.391,0.2295,0.355
F,0.525,0.4,0.1305590122938156,0.6295,0.2555,0.15672802925109863,0.18
M,0.55,0.418398380279541,0.14590802788734436,0.9128535985946655,0.33364880084991455,0.19280044734477997,0.4
M,0.55,0.4503289759159088,0.1438559591770172,0.9534739851951599,0.36922043561935425,0.20372959971427917,0.2654593586921692
I,0.235,0.175,0.065,0.0615,0.0205,0.02,0.019
F,0.5362207889556885,0.42742615938186646,0.14570024609565735,0.8005,0.2635,0.1985,0.25
M,0.3796515166759491,0.365,0.10257697850465775,0.6175,0.1580439656972885,0.10573031008243561,0.11840733885765076
F,0.5352935791015625,0.4,0.165,0.772,0.3263188302516937,0.1914018839597702,0.23
F,0.5469081997871399,0.415,0.15,0.7155,0.3606834411621094,0.20209325850009918,0.2598777711391449
F,0.5027416348457336,0.425,0.13,0.717,0.2115,0.166,0.19416022300720215
F,0.465,0.39,0.11,0.6355,0.1815,0.157,0.225
I,0.315,0.235,0.08,0.18,0.08,0.045,0.03438945114612579
I,0.3658347725868225,0.355,0.12,0.3157444894313812,0.255,0.0915,0.184
M,0.485,0.3017171323299408,0.105,0.556,0.15049445629119873,0.104,0.133
I,0.49,0.3601064383983612,0.12,0.577170729637146,0.271,0.1125,0.15926174819469452
F,0.515,0.44926339387893677,0.15187706053256989,0.686,0.3901790380477905,0.21954745054244995,0.22
F,0.5728851556777954,0.4448913335800171,0.1504685878753662,0.949190616607666,0.4935,0.1855,0.2646743357181549
F,0.5437623858451843,0.44172027707099915,0.18,0.9527227282524109,0.5185,0.19092115759849548,0.3345
F,0.5728762745857239,0.44998034834861755,0.19,0.9875680804252625,0.4161597788333893,0.3655,0.2732420265674591
M,0.69,0.4253729581832886,0.1436634361743927,0.9237061738967896,0.34074750542640686,0.19521963596343994,0.4305
M,0.5881061553955078,0.46387478709220886,0.15188387036323547,1.1318128108978271,0.47329360246658325,0.24579644203186035,0.3093031048774719
M,0.6275861263275146,0.491895467042923,0.16313503682613373,2.1505,1.0745,0.25687605142593384,0.338225394487381
I,0.27,0.205,0.06907369941473007,0.118,0.059,0.031,0.0305
I,0.27,0.19,0.06,0.099,0.0445,0.017,0.03
I,0.295,0.22,0.07,0.15827655792236328,0.0575,0.0295,0.03808867931365967
I,0.3094138503074646,0.22,0.07414470613002777,0.1295,0.052,0.028,0.035
I,0.315,0.23,0.07371443510055542,0.14403101801872253,0.0625,0.04,0.045
I,0.375,0.29,0.095,0.2875,0.123,0.0605,0.03855803608894348
I,0.38,0.3,0.09,0.277,0.11988259106874466,0.06462900340557098,0.07602614909410477
I,0.35128816962242126,0.285,0.08552530407905579,0.248,0.0935,0.06430987268686295,0.07
I,0.4,0.295,0.095,0.252,0.1105,0.0575,0.066
I,0.415,0.315,0.12,0.2735377550125122,0.199,0.06268662959337234,0.097
I,0.415,0.33,0.1,0.3905,0.1925,0.04120241850614548,0.1025
I,0.43753284215927124,0.34169673919677734,0.115,0.4933668076992035,0.21248698234558105,0.0935,0.12791793048381805
I,0.38954389095306396,0.33,0.135,0.4095,0.15963205695152283,0.09493362903594971,0.10485927760601044
I,0.45,0.30451729893684387,0.135,0.3829830586910248,0.2205,0.0945,0.09782808274030685
I,0.475,0.35,0.08503984659910202,0.4905,0.1207982674241066,0.13,0.135
F,0.485,0.39,0.12,0.7431280016899109,0.29591304063796997,0.1345,0.19581466913223267
I,0.4534924626350403,0.375,0.115,0.5603899359703064,0.21758873760700226,0.143,0.155
F,0.525,0.40866750478744507,0.115,0.7745,0.416,0.15091624855995178,0.18
M,0.570127546787262,0.45426255464553833,0.15,1.032390832901001,0.4249218702316284,0.23116306960582733,0.28174224495887756
I,0.5017081499099731,0.3994441330432892,0.15,0.7252416610717773,0.363,0.16358745098114014,0.2515
F,0.5522835850715637,0.45,0.14386193454265594,0.8675019145011902,0.3545,0.2075,0.23460063338279724
F,0.5630813241004944,0.465,0.149991974234581,0.9480535984039307,0.37130534648895264,0.2455,0.33
M,0.6169026494026184,0.488273024559021,0.16816498339176178,1.21,0.501006007194519,0.258819580078125,0.32651272416114807
F,0.5376660823822021,0.525,0.17,0.8650034666061401,0.3260992169380188,0.283,0.34
F,0.5853173732757568,0.45809730887413025,0.185,1.0637595653533936,0.4249632954597473,0.2312954217195511,0.547
F,0.581527829170227,0.515,0.15354378521442413,1.0204780101776123,0.4027726650238037,0.22372832894325256,0.3445
M,0.5701259970664978,0.4542590081691742,0.195,1.0323554277420044,0.424898236989975,0.23115324974060059,0.2817378342151642
F,0.67,0.4297947883605957,0.2,1.5945,0.3544393479824066,0.20079737901687622,0.4505
M,0.6169024109840393,0.48827293515205383,0.1681651771068573,1.4545,0.5010050535202026,0.2588191628456116,0.32651254534721375
M,0.5881061553955078,0.46387478709220886,0.15188387036323547,1.1318128108978271,0.47329360246658325,0.24579644203186035,0.3093031048774719
M,0.5881061553955078,0.46387478709220886,0.15188387036323547,1.1318128108978271,0.47329360246658325,0.24579644203186035,0.3093031048774719
I,0.28718286752700806,0.135,0.045,0.032,0.011,0.0065,0.01
I,0.245,0.175,0.07278653979301453,0.13615116477012634,0.04,0.018,0.02
I,0.315,0.23,0.0,0.134,0.08460050076246262,0.0285,0.3505
I,0.36,0.27,0.0791843831539154,0.20729392766952515,0.098,0.054028287529945374,0.062
I,0.375,0.2805691957473755,0.08,0.2235,0.1462385654449463,0.07675700634717941,0.09418892860412598
I,0.415,0.28532639145851135,0.095,0.34812700748443604,0.181,0.057,0.083
I,0.455,0.35,0.09544440358877182,0.3727778494358063,0.2855,0.08325457572937012,0.1325
I,0.48,0.35,0.105,0.3037211000919342,0.352,0.127,0.135
I,0.4094614088535309,0.3076939284801483,0.125,0.562,0.2505,0.09307447075843811,0.1525
F,0.51,0.40691298246383667,0.13697391748428345,0.597,0.293,0.1265,0.21748360991477966
M,0.52,0.3788473904132843,0.125,0.5815,0.2365248203277588,0.14256423711776733,0.17
F,0.555,0.43,0.138632670044899,0.7545,0.3525,0.1835,0.21583233773708344
F,0.585,0.47332748770713806,0.1608460694551468,1.063151478767395,0.44514885544776917,0.2545,0.3014791011810303
F,0.585,0.46,0.14184996485710144,0.8862813115119934,0.33623039722442627,0.2105,0.2515
M,0.5592353343963623,0.43664494156837463,0.14867858588695526,1.133,0.3735940158367157,0.223,0.2616816759109497
F,0.5955992937088013,0.4660007953643799,0.16493333876132965,1.0499032735824585,0.4553196430206299,0.246,0.2994936406612396
M,0.61,0.4710342586040497,0.15653984248638153,1.142,0.4590855836868286,0.23634685575962067,0.29563555121421814
M,0.5345912575721741,0.40949031710624695,0.17,0.8641613721847534,0.3330629765987396,0.19341301918029785,0.24288535118103027
F,0.5581571459770203,0.4383552670478821,0.14,1.011,0.479,0.1768522411584854,0.22869674861431122
M,0.532889723777771,0.4102765619754791,0.175,0.8502945303916931,0.3200107216835022,0.2265,0.2342456877231598
M,0.625,0.4202002286911011,0.175,0.848544180393219,0.31784647703170776,0.259,0.2393912374973297
F,0.635,0.48,0.145,0.9030578136444092,0.36795762181282043,0.19759827852249146,0.2446238398551941
F,0.5955992341041565,0.46600016951560974,0.16493363678455353,1.0498985052108765,0.45531654357910156,0.3115,0.2994929850101471
M,0.5881061553955078,0.46387478709220886,0.15188387036323547,1.1318128108978271,0.47329360246658325,0.24579644203186035,0.3093031048774719
M,0.5881061553955078,0.46387478709220886,0.15188387036323547,1.1318128108978271,0.47329360246658325,0.24579644203186035,0.3093031048774719
M,0.5881061553955078,0.46387478709220886,0.15188387036323547,1.1318128108978271,0.47329360246658325,0.24579644203186035,0.3093031048774719
F,0.6205891966819763,0.4802040159702301,0.16620303690433502,1.2668747901916504,0.5366976261138916,0.2701498866081238,0.33167779445648193
M,0.6169023513793945,0.48827287554740906,0.16816523671150208,1.658,0.5010047554969788,0.25881901383399963,0.3265124559402466
F,0.6002842783927917,0.48011481761932373,0.15863165259361267,1.1308404207229614,0.8215,0.23824772238731384,0.31297212839126587
I,0.275,0.22870884835720062,0.07,0.096,0.037,0.0225,0.03
I,0.32685890793800354,0.245,0.065,0.1445,0.058,0.032,0.052922919392585754
I,0.33,0.26,0.085,0.2790490984916687,0.11872119456529617,0.0425,0.06864601373672485
I,0.365,0.28,0.0711430087685585,0.196,0.0865,0.036,0.0605
I,0.365,0.23737433552742004,0.09,0.2155,0.1005,0.049,0.0655
I,0.42,0.31,0.1,0.2805,0.1125,0.0615,0.0925
I,0.435,0.2907862961292267,0.11,0.334,0.1456565111875534,0.0775,0.0958762839436531
I,0.40080681443214417,0.3149091899394989,0.1,0.41176527738571167,0.17150451242923737,0.0725,0.109
I,0.44,0.2791712284088135,0.11,0.4965,0.14555734395980835,0.07643400877714157,0.09333188831806183
I,0.485,0.365,0.09,0.651,0.3165,0.132,0.06880003213882446
I,0.495,0.3350198566913605,0.125,0.43141379952430725,0.2075,0.10279799997806549,0.172
M,0.51,0.405,0.125,0.6838392615318298,0.327,0.14036321640014648,0.1805
F,0.52,0.41,0.14,0.5995,0.29731714725494385,0.1375,0.2137080430984497
I,0.54,0.3902933597564697,0.14,0.74,0.28441452980041504,0.159,0.20452195405960083
F,0.569151759147644,0.415,0.1502220779657364,0.702,0.322,0.20065197348594666,0.263601690530777
F,0.5752852559089661,0.445,0.14641840755939484,0.9739254117012024,0.38062235713005066,0.2160770148038864,0.21
I,0.56,0.44,0.155,0.6710842847824097,0.2843148410320282,0.1548779010772705,0.235
M,0.575,0.4659004211425781,0.1535937637090683,1.0696098804473877,0.4205417037010193,0.23476821184158325,0.275
F,0.575,0.45,0.15,0.858,0.3106960952281952,0.166,0.22222308814525604
F,0.5409403443336487,0.46,0.165,0.9575,0.4815,0.181701198220253,0.23338717222213745
F,0.58,0.46,0.14317940175533295,0.926,0.33314794301986694,0.208,0.24131548404693604
F,0.5762935280799866,0.425,0.148843452334404,0.9869276285171509,0.3615,0.20508258044719696,0.2621390223503113
M,0.59,0.4149625599384308,0.1390545815229416,0.998,0.445,0.18244436383247375,0.23830488324165344
F,0.5661883354187012,0.4459918439388275,0.155,0.6655,0.38072270154953003,0.2113991379737854,0.269
F,0.595599353313446,0.4660015404224396,0.164932981133461,1.049908995628357,0.4553234279155731,0.2195,0.2994944155216217
F,0.57904452085495,0.4544368386268616,0.1533982902765274,1.0020322799682617,0.6335,0.192,0.2814766764640808
F,0.5955995917320251,0.4660034477710724,0.16493207216262817,1.0499235391616821,0.45533287525177,0.1945,0.29949650168418884
M,0.5411542654037476,0.42253613471984863,0.14041101932525635,0.9108761548995972,0.5805,0.20030255615711212,0.355
F,0.582071840763092,0.5,0.15417076647281647,1.0565,0.42042315006256104,0.22910581529140472,0.27848124504089355
M,0.5255628228187561,0.47,0.145,0.7979722619056702,0.305157333612442,0.17282894253730774,0.3245
M,0.5999283790588379,0.4695608913898468,0.16121572256088257,1.2255,0.43683117628097534,0.24255353212356567,0.36
F,0.5603838562965393,0.44099828600883484,0.18,0.9604986310005188,0.38597536087036133,0.20685289800167084,0.2657259404659271
F,0.5653644800186157,0.4488189220428467,0.15,0.9871388673782349,0.4675,0.2130356878042221,0.31
F,0.6002839803695679,0.48011499643325806,0.15863151848316193,1.1308400630950928,0.5755,0.2382480651140213,0.3129722774028778
F,0.5911344289779663,0.535,0.1500539779663086,1.0323346853256226,0.4231322109699249,0.23412561416625977,0.27541181445121765
M,0.6169023513793945,0.48827287554740906,0.16816525161266327,1.7715,0.5010046362876892,0.25881898403167725,0.3265124261379242
M,0.515,0.41367965936660767,0.13873594999313354,0.6125,0.302,0.17108339071273804,0.23203878104686737
F,0.545,0.39181774854660034,0.13124892115592957,0.658,0.327,0.1445,0.174
F,0.5546287298202515,0.465,0.145,0.9146175980567932,0.375,0.19707316160202026,0.24635878205299377
F,0.5955992937088013,0.46600061655044556,0.16493342816829681,1.0499018430709839,0.45531877875328064,0.257,0.2994934320449829
M,0.5892296433448792,0.4641335904598236,0.16060225665569305,1.0817742347717285,0.42905500531196594,0.23511524498462677,0.35
F,0.5851978659629822,0.4614005386829376,0.15213355422019958,1.36,0.653,0.1996806561946869,0.2667893171310425
I,0.37,0.275,0.08,0.2325,0.093,0.056,0.072
I,0.395,0.2741774618625641,0.08772855997085571,0.2614094018936157,0.153,0.0505,0.0935
I,0.4,0.2613598704338074,0.115,0.318,0.111041359603405,0.0725,0.0935
I,0.41,0.305,0.1,0.2645,0.08123768121004105,0.0655,0.085
I,0.455,0.335,0.105,0.4055,0.175,0.092,0.06789373606443405
I,0.48,0.3609408140182495,0.125,0.6219359636306763,0.2660441994667053,0.1411922574043274,0.145
I,0.485,0.3514780104160309,0.1110636368393898,0.5320744514465332,0.2015,0.12334321439266205,0.149
I,0.5,0.3452904522418976,0.11053682863712311,0.439,0.20446595549583435,0.1055,0.14773929119110107
I,0.515,0.38101810216903687,0.1261930614709854,0.5805,0.2365,0.1428585797548294,0.19
I,0.52,0.36122265458106995,0.14,0.622,0.22217541933059692,0.1455,0.169
F,0.545,0.44889095425605774,0.15,0.7805,0.38810399174690247,0.20731276273727417,0.2666417956352234
M,0.5701305866241455,0.45426976680755615,0.14,1.0324627161026,0.4249699115753174,0.2311830222606659,0.28175118565559387
M,0.55,0.4624343514442444,0.1490074247121811,1.0394515991210938,0.3982113301753998,0.2263849973678589,0.206
F,0.55,0.43,0.1427064836025238,0.8265,0.3512663245201111,0.19724398851394653,0.225
M,0.5163946151733398,0.385,0.13475152850151062,0.7275,0.2883894741535187,0.1625,0.19
F,0.555,0.43,0.125,0.7005,0.27305856347084045,0.1355,0.2095
M,0.56,0.3756314218044281,0.1304938644170761,0.9355,0.425,0.1645,0.2725
F,0.5576050877571106,0.465,0.15,0.8986944556236267,0.35683608055114746,0.2215,0.25294119119644165
F,0.5357608795166016,0.445,0.16,0.8431686162948608,0.516,0.164,0.22530744969844818
F,0.538981556892395,0.48,0.14486849308013916,1.1,0.32961300015449524,0.2485,0.31
F,0.5799269676208496,0.51,0.15252666175365448,0.9859636425971985,0.3907315731048584,0.241,0.2730344831943512
M,0.59,0.45,0.1367873102426529,0.8505395650863647,0.3365587592124939,0.17943423986434937,0.23850184679031372
I,0.502665102481842,0.3969408869743347,0.155,0.984,0.30053579807281494,0.16693034768104553,0.2755
F,0.5911344289779663,0.47,0.15005405247211456,1.0323400497436523,0.42313623428344727,0.23412737250328064,0.2754132151603699
M,0.61,0.43798068165779114,0.14447163045406342,1.0765,0.37726470828056335,0.20095233619213104,0.26021862030029297
F,0.615,0.4528312385082245,0.205,1.0218501091003418,0.4141998887062073,0.22299766540527344,0.2785627543926239
M,0.5892294645309448,0.4641334116458893,0.16060233116149902,1.0817737579345703,0.4290545582771301,0.23511502146720886,0.3705
M,0.5701260566711426,0.45425909757614136,0.19,1.0323562622070312,0.42489880323410034,0.2311534881591797,0.28173795342445374
M,0.6169025897979736,0.4882729947566986,0.16816501319408417,1.2435,0.5010058283805847,0.25881949067115784,0.3265126943588257
M,0.5892295837402344,0.46413353085517883,0.16060227155685425,1.0817742347717285,0.429054856300354,0.2351151704788208,0.3555
M,0.570127010345459,0.45426133275032043,0.155,1.0323784351348877,0.42491358518600464,0.23115962743759155,0.2817406952381134
M,0.635,0.4804851710796356,0.1559913605451584,1.1283681392669678,0.45701873302459717,0.24889470636844635,0.30167269706726074
M,0.5881061553955078,0.46387478709220886,0.15188387036323547,1.1318128108978271,0.47329360246658325,0.24579644203186035,0.3093031048774719
F,0.5969445109367371,0.47284743189811707,0.15999886393547058,1.0605347156524658,0.4440595209598541,0.3315,0.355
M,0.5696215629577637,0.4339093267917633,0.1534886360168457,0.9354380965232849,0.3771708905696869,0.343,0.2608288526535034
F,0.5670799612998962,0.52,0.1466643363237381,1.494,0.7365,0.1869329810142517,0.24177074432373047
F,0.5498079061508179,0.43660688400268555,0.15,0.9108828902244568,0.475,0.304,0.25161483883857727
F,0.5911344289779663,0.545,0.1500539630651474,1.032334327697754,0.42313194274902344,0.2341255098581314,0.2754117250442505
F,0.5955992341041565,0.46599990129470825,0.16493375599384308,1.0498965978622437,0.4553152918815613,0.4385,0.2994926869869232
F,0.6002843379974365,0.48011481761932373,0.15863165259361267,1.1308404207229614,0.8725,0.23824769258499146,0.3129720985889435
F,0.5936694741249084,0.4711303114891052,0.16047951579093933,1.0591562986373901,0.43864694237709045,0.3535,0.5385
F,0.5833732485771179,0.59,0.15659186244010925,1.7495,0.43360164761543274,0.2335776537656784,0.28691965341567993
I,0.3248201608657837,0.305,0.1,0.3415,0.1645,0.04965788125991821,0.086
I,0.38680601119995117,0.35,0.1,0.4195495843887329,0.18113261461257935,0.09179752320051193,0.1010260358452797
I,0.48,0.33922168612480164,0.11443962156772614,0.5305,0.20847958326339722,0.127,0.139
M,0.51,0.41,0.1402682363986969,0.8337684273719788,0.3076693117618561,0.17105773091316223,0.3795
I,0.47997573018074036,0.366538405418396,0.14,0.7165,0.3495,0.1595,0.1717735230922699
F,0.6205891966819763,0.4802040159702301,0.16620303690433502,1.2668747901916504,0.5366976261138916,0.2701498866081238,0.33167779445648193
I,0.48446857929229736,0.42,0.1200873926281929,0.837,0.414,0.214,0.2
F,0.5800682306289673,0.4552052617073059,0.15395498275756836,1.0065854787826538,0.531,0.189,0.28326213359832764
F,0.605,0.465,0.14836524426937103,1.1,0.39467042684555054,0.21416066586971283,0.2661835551261902
M,0.5892310738563538,0.46413543820381165,0.16060151159763336,1.081779956817627,0.4290594160556793,0.23511753976345062,0.2785
F,0.5955992341041565,0.46600019931793213,0.16493360698223114,1.0498989820480347,0.45531681180000305,0.302,0.2994930148124695
M,0.6169025301933289,0.4882729649543762,0.16816511750221252,1.3455,0.5010053515434265,0.2588193118572235,0.3265126347541809
I,0.3,0.215,0.05,0.1185,0.048,0.0225,0.042
M,0.3619920611381531,0.265,0.0952184721827507,0.197,0.12159331887960434,0.0365,0.077
I,0.455,0.35,0.09125444293022156,0.4725,0.14416559040546417,0.0745,0.15
I,0.46,0.365,0.09195049852132797,0.4495,0.1755,0.102,0.15
I,0.35343363881111145,0.2767571210861206,0.115,0.557,0.11546660214662552,0.1335,0.1765
I,0.5,0.3570958077907562,0.12,0.516,0.21047917008399963,0.11977826803922653,0.15344977378845215
F,0.54,0.415,0.14279116690158844,0.709,0.3195,0.18089424073696136,0.23797214031219482
M,0.55,0.46545231342315674,0.15385158360004425,0.7385,0.43815159797668457,0.22827117145061493,0.285928338766098
I,0.5294666290283203,0.425950288772583,0.1334843635559082,0.8917147517204285,0.4263076186180115,0.1999320089817047,0.24679133296012878
M,0.5347691774368286,0.435,0.13767683506011963,0.8566416501998901,0.404,0.17783883213996887,0.255
F,0.5831975340843201,0.425,0.15015146136283875,1.0022715330123901,0.331,0.21750980615615845,0.27554669976234436
M,0.5127844214439392,0.45,0.14,0.824,0.3465,0.15891747176647186,0.20290695130825043
I,0.49668750166893005,0.425,0.12616576254367828,0.83,0.379,0.15245525538921356,0.2575
I,0.585,0.47,0.12975870072841644,0.985,0.2953092157840729,0.2395,0.21101051568984985
F,0.585,0.45,0.14087137579917908,0.8233430981636047,0.4055,0.283,0.251
F,0.5331770181655884,0.4163123667240143,0.14,0.914,0.3895,0.2225,0.2071399688720703
F,0.6,0.5,0.17,0.9114189743995667,0.3729061484336853,0.20015254616737366,0.2510247528553009
F,0.5110023021697998,0.495,0.155,0.7868670225143433,0.52,0.19,0.32
M,0.6029198169708252,0.47287869453430176,0.1629651039838791,1.105,0.44828397035598755,0.226,0.29980379343032837
M,0.6169025897979736,0.488273024559021,0.16816501319408417,1.229,0.5010058879852295,0.2588195204734802,0.32651272416114807
F,0.547321081161499,0.495,0.14764754474163055,1.2355,0.3456169366836548,0.3085,0.347
F,0.5746393799781799,0.4468543529510498,0.15131518244743347,1.2395,0.468,0.2385,0.26660096645355225
M,0.5984085202217102,0.4688700735569,0.16102907061576843,1.357,0.4339450001716614,0.24107353389263153,0.43
M,0.655,0.46587133407592773,0.15397681295871735,1.071574330329895,0.4223852753639221,0.23540809750556946,0.365
M,0.6169025301933289,0.48827293515205383,0.16816511750221252,1.359,0.5010052919387817,0.25881925225257874,0.3265126049518585
M,0.67,0.480485200881958,0.15599128603935242,1.1283661127090454,0.4570172429084778,0.24889416992664337,0.301672101020813
F,0.67,0.47220084071159363,0.154768168926239,1.1062451601028442,0.6205,0.22793535888195038,0.2958403527736664
F,0.5624370574951172,0.53,0.21,0.9696442484855652,0.38147586584091187,0.212751105427742,0.2695647180080414
F,0.5825725793838501,0.4579237103462219,0.15823566913604736,1.0282357931137085,0.727,0.36,0.28939056396484375
M,0.77,0.4804852306842804,0.15599118173122406,1.1283639669418335,0.4570155441761017,0.24889354407787323,0.30167144536972046
I,0.28,0.215,0.07,0.124,0.063,0.0215,0.03
I,0.33,0.23,0.08,0.14,0.0565,0.0365,0.046
I,0.35,0.25,0.075,0.1115395650267601,0.0835,0.0355,0.041
I,0.37,0.28,0.09,0.218,0.0995,0.0545,0.0615
I,0.43,0.28494560718536377,0.09062956273555756,0.384,0.1885,0.0715,0.09063678234815598
I,0.435,0.24760450422763824,0.095,0.393,0.219,0.075,0.0885
I,0.44,0.2765725255012512,0.11,0.3805,0.1311434656381607,0.07015165686607361,0.115
I,0.43103718757629395,0.3254368007183075,0.10947060585021973,0.4895,0.2185,0.10595487058162689,0.146
I,0.475,0.36,0.14,0.44340020418167114,0.241,0.1045,0.155
I,0.48,0.355,0.08308741450309753,0.4495,0.201,0.089,0.14
F,0.5690924525260925,0.44,0.1507032960653305,0.8025,0.35,0.20191827416419983,0.2652185261249542
F,0.5342303514480591,0.41906431317329407,0.165,1.053,0.458,0.217,0.22782878577709198
F,0.5354066491127014,0.455,0.17,0.9945,0.4255,0.18073086440563202,0.23308545351028442
M,0.385,0.255,0.1,0.3175,0.137,0.068,0.092
I,0.39,0.31,0.0770210474729538,0.344,0.181,0.04919559508562088,0.079
I,0.39,0.24005214869976044,0.1,0.2845,0.1255,0.0635,0.081
I,0.4121752679347992,0.3147198259830475,0.10275185108184814,0.3035,0.17468126118183136,0.0505,0.088
I,0.475,0.2933652997016907,0.09339578449726105,0.499,0.232,0.0776728019118309,0.156
I,0.451372891664505,0.3374202847480774,0.1141626164317131,0.5268158912658691,0.269,0.1265,0.1535
F,0.515,0.4,0.125,0.615,0.2593468725681305,0.123,0.1765
F,0.5655439496040344,0.44325798749923706,0.15101823210716248,0.791,0.37099146842956543,0.18,0.1815
M,0.5697442293167114,0.4410732090473175,0.14793194830417633,0.9833657741546631,0.3155,0.20945395529270172,0.27430662512779236
M,0.5286166071891785,0.43,0.13870373368263245,0.8675,0.31894782185554504,0.17835265398025513,0.229
F,0.5638808012008667,0.45,0.14815497398376465,0.9768245220184326,0.3681212067604065,0.20697197318077087,0.249
M,0.5604395270347595,0.4363636374473572,0.1487518846988678,0.966,0.37271028757095337,0.2145,0.261121928691864
F,0.5525283813476562,0.475,0.205,0.9140957593917847,0.36682021617889404,0.2875,0.25952354073524475
F,0.5566166043281555,0.485,0.15,0.9242467880249023,0.35753870010375977,0.19524087011814117,0.24147017300128937
M,0.5892291069030762,0.46413296461105347,0.16060250997543335,1.0817723274230957,0.4290534555912018,0.2351144403219223,0.495
